/*--------------------------------*- C++ -*----------------------------------*\
  =========                 |
  \\      /  F ield         | OpenFOAM: The Open Source CFD Toolbox
   \\    /   O peration     | Website:  https://openfoam.org
    \\  /    A nd           | Version:  12
     \\/     M anipulation  |
\*---------------------------------------------------------------------------*/
FoamFile
{
    format      ascii;
    class       surfaceScalarField;
    location    "0.14";
    object      phi;
}
// * * * * * * * * * * * * * * * * * * * * * * * * * * * * * * * * * * * * * //

dimensions      [0 3 -1 0 0 0 0];

internalField   nonuniform List<scalar> 
6438
(
-2.28587e-08
2.84072e-06
-2.81786e-06
-2.50082e-08
3.29999e-06
-3.27498e-06
-3.09432e-06
-5.23193e-07
3.61752e-06
2.93618e-06
-3.2216e-06
2.85415e-07
4.51341e-06
-3.52528e-06
-9.88129e-07
1.02699e-06
3.48642e-06
-3.51487e-06
4.20548e-07
-3.04968e-06
3.02467e-06
3.29312e-06
-3.93269e-06
6.39564e-07
3.06326e-06
-3.59096e-06
5.27696e-07
-2.96283e-06
3.60094e-06
-6.38111e-07
7.11595e-07
-3.24845e-06
2.53685e-06
-3.66503e-06
7.02204e-07
2.81529e-06
1.29278e-06
-4.10807e-06
2.64411e-06
-2.66697e-06
-1.49364e-07
3.09896e-06
-2.94959e-06
-3.90441e-06
3.78579e-06
1.1862e-07
-2.95654e-06
3.5885e-06
-6.31956e-07
-3.66177e-06
7.05227e-07
1.16273e-06
2.45979e-06
-3.62252e-06
-8.47575e-07
-5.54665e-07
1.40224e-06
-1.80848e-07
3.24638e-06
-3.06553e-06
-3.00974e-06
-4.87694e-07
3.49744e-06
-3.68301e-06
1.61662e-06
2.06639e-06
-3.19853e-06
3.01769e-06
-2.84064e-06
3.4532e-06
-6.12559e-07
-3.46992e-06
4.60178e-07
3.29141e-06
-2.57981e-06
-2.98927e-06
-5.57978e-07
3.54725e-06
-3.61383e-06
7.73186e-07
2.7722e-06
-3.47973e-06
7.07529e-07
1.56147e-08
-3.38988e-06
3.37427e-06
3.31693e-06
-3.33529e-06
1.83587e-08
-3.28611e-06
5.53365e-07
2.73275e-06
-4.43931e-06
7.17722e-07
3.72158e-06
3.1209e-06
-3.10528e-06
3.14814e-06
-2.11958e-07
2.04291e-06
2.86037e-06
-4.90328e-06
-1.00752e-06
3.82281e-06
-2.93097e-06
3.21957e-06
-2.88595e-07
-3.39623e-06
3.36468e-06
3.1547e-08
-1.41222e-06
2.57495e-06
3.03678e-06
2.64793e-08
-3.65007e-06
3.57607e-06
7.40023e-08
3.27254e-06
-5.00345e-07
-2.45249e-06
2.30312e-06
-4.242e-06
7.1672e-07
3.22387e-06
3.10888e-07
-3.53476e-06
-2.50771e-06
-7.78399e-07
-4.59145e-07
-3.01659e-06
3.42274e-06
-4.06156e-07
-2.2504e-06
3.24545e-06
-9.9505e-07
3.25576e-06
-3.25576e-06
1.02214e-06
2.46925e-06
3.24975e-07
-2.79422e-06
1.44917e-06
7.02859e-07
-2.15203e-06
2.75811e-06
5.76483e-07
-3.33459e-06
2.66208e-06
-1.04546e-06
-1.54379e-06
-2.69821e-06
-3.20317e-08
2.87003e-06
-2.838e-06
-3.54048e-06
3.54048e-06
-3.6664e-06
3.70309e-06
-3.66825e-08
1.47349e-07
2.72791e-06
-2.87526e-06
1.03333e-08
-3.34148e-06
3.33115e-06
3.10048e-06
-3.09015e-06
-3.38051e-06
3.91236e-07
-3.38956e-06
-2.60509e-07
-2.91497e-06
3.20254e-06
-2.87563e-07
3.22308e-07
2.79083e-06
-3.11314e-06
-3.42724e-06
3.29631e-06
1.30923e-07
3.34139e-06
-3.34139e-06
3.10658e-06
1.86539e-07
-2.0406e-06
-1.55036e-06
2.90932e-06
6.13682e-07
-3.523e-06
-2.85503e-06
-5.41199e-07
2.53558e-06
1.96046e-06
-4.49604e-06
-3.92841e-06
2.51619e-06
-2.50925e-06
-1.41916e-06
3.45644e-06
-5.47125e-07
2.06155e-06
-6.12377e-07
2.8019e-06
3.18515e-07
-3.12041e-06
-3.45423e-06
-2.12177e-07
-4.90335e-07
-8.40364e-07
-2.70012e-06
3.74403e-06
-3.74403e-06
-2.47699e-06
-9.50241e-07
-2.248e-07
-4.21451e-06
-3.23042e-06
3.21765e-06
1.27666e-08
1.16312e-07
-3.27342e-06
3.15711e-06
-3.59978e-07
3.16187e-06
3.23448e-06
8.24507e-08
-3.3786e-06
-5.25814e-07
-3.41052e-06
3.49657e-06
-8.60506e-08
3.56384e-06
-1.99412e-06
-1.56972e-06
3.19525e-06
-3.07894e-06
6.58935e-08
3.58609e-06
-1.82502e-06
-1.76107e-06
2.03897e-06
1.52488e-06
3.2888e-06
-3.2888e-06
-2.52294e-06
3.61837e-06
-1.09543e-06
-3.16972e-06
1.53135e-07
-4.34033e-07
-2.56661e-06
3.00064e-06
-2.97145e-06
1.16414e-07
-3.18341e-06
6.60468e-07
2.74577e-06
6.03327e-07
-3.3491e-06
-1.95184e-07
2.94096e-06
-2.86849e-06
3.31394e-06
-4.45456e-07
-3.04694e-06
1.15974e-07
2.10631e-06
1.47978e-06
3.17583e-06
-6.38978e-07
1.36575e-07
3.11919e-06
-2.74048e-06
-2.30966e-07
2.86434e-06
6.09953e-07
-3.47429e-06
-1.58418e-06
-1.36638e-06
2.95057e-06
2.0857e-06
-2.64935e-07
-1.82077e-06
-3.38988e-06
6.88863e-07
3.39544e-06
-4.0843e-06
-1.57528e-06
7.27703e-07
3.38917e-06
6.40289e-08
3.67824e-06
-1.9028e-06
-1.77545e-06
1.23187e-06
2.44637e-06
3.42792e-06
-5.63579e-07
4.18508e-06
-2.14217e-06
-3.1009e-06
9.81682e-09
3.09109e-06
-4.43556e-06
4.51137e-07
3.98442e-06
-5.12774e-08
-3.07971e-06
3.13099e-06
3.38646e-06
1.8961e-07
-2.61304e-06
2.581e-06
-3.11713e-06
3.17957e-06
-6.24334e-08
3.15653e-06
-3.20781e-06
3.25772e-06
-3.25772e-06
3.20665e-06
9.33385e-08
3.21293e-06
-7.43683e-07
3.16915e-06
-3.0218e-06
-2.79218e-06
2.35815e-06
2.89884e-08
3.07748e-06
-3.10647e-06
3.62375e-06
-2.53837e-06
-1.08538e-06
-3.34148e-06
-4.84961e-08
3.77417e-08
-3.08742e-06
-3.09297e-06
1.77996e-07
3.53e-08
3.0856e-06
2.98613e-06
-2.66382e-06
-3.07943e-06
2.1094e-07
3.12366e-06
-8.68798e-08
-1.11914e-07
2.719e-06
-2.60708e-06
2.14168e-06
1.48207e-06
-3.20142e-06
6.88564e-07
2.51286e-06
3.26441e-06
-1.89639e-08
-4.31689e-06
3.91309e-07
3.92558e-06
-4.39768e-08
-3.06356e-06
3.10754e-06
2.03614e-06
4.95647e-08
1.95363e-07
3.06905e-06
3.03672e-06
2.5469e-07
3.1383e-06
-3.18228e-06
-3.27023e-06
-1.08366e-07
3.33662e-06
-3.58666e-06
2.50039e-07
-2.98202e-06
-1.18888e-07
-3.62983e-06
1.57347e-06
2.05636e-06
-3.90101e-10
3.13746e-06
1.08922e-07
-2.95396e-06
3.43536e-06
-4.81398e-07
-3.25282e-06
2.80356e-06
4.49264e-07
-4.40296e-07
1.13775e-06
-6.97456e-07
-1.02075e-06
-2.59308e-06
-3.27342e-06
-2.58614e-08
3.12634e-06
9.60361e-07
2.65801e-06
-5.26845e-08
-3.18333e-06
-1.52035e-08
-6.77712e-08
-3.47927e-06
2.93939e-06
5.39885e-07
-2.03863e-07
2.59496e-06
5.11619e-07
5.08704e-06
-2.22668e-06
-1.0758e-06
-2.58596e-06
3.19027e-06
4.42027e-08
-2.73751e-06
1.15332e-06
-1.23098e-06
-1.94092e-06
3.1719e-06
-1.09816e-06
-2.56687e-06
-1.78458e-06
4.32016e-06
-3.2918e-06
1.08474e-07
-3.10717e-06
3.11898e-06
-1.18064e-08
-2.5649e-06
2.45298e-06
-3.75627e-08
-3.04513e-06
3.08269e-06
-3.34898e-06
5.71773e-08
2.79187e-06
-3.32204e-06
5.30175e-07
3.11096e-06
-3.14852e-06
2.77969e-06
-1.05188e-06
-1.72781e-06
-4.2057e-06
1.49043e-06
2.71528e-06
2.84973e-06
2.73937e-07
2.35329e-06
1.4325e-06
6.87085e-07
3.05694e-06
-8.17499e-07
-2.92653e-06
-3.39069e-06
3.35998e-06
3.07185e-08
-3.38121e-06
-9.48229e-09
-3.36448e-06
-1.67325e-08
1.09948e-08
8.75982e-07
-4.89627e-06
4.02029e-06
-3.63386e-06
4.32273e-06
2.86958e-06
-2.8406e-06
3.06722e-06
1.28037e-07
2.50039e-07
2.52965e-06
-3.07971e-06
-2.79219e-06
2.77946e-06
3.45618e-07
-3.12508e-06
-1.57043e-08
-6.64069e-07
4.88654e-06
-4.22247e-06
4.6348e-06
-3.34202e-06
-1.40724e-06
2.1101e-06
-8.92662e-07
-2.73717e-06
-2.43026e-06
-1.77544e-06
-3.07858e-06
-1.91649e-07
-3.10085e-06
3.10032e-06
5.31229e-10
-4.88697e-07
2.90958e-06
-2.42088e-06
-3.3309e-06
3.35428e-06
-2.33836e-08
-3.29596e-06
-3.49385e-08
-4.2341e-06
2.65121e-07
3.96898e-06
-2.95727e-06
-1.9184e-07
3.14912e-06
3.3192e-06
3.50795e-08
-5.89679e-07
-3.62607e-06
1.32371e-06
2.30236e-06
2.03262e-08
-1.91888e-06
-1.70719e-06
-4.52792e-08
-3.40306e-08
-3.02726e-06
3.06129e-06
-3.11235e-06
1.55077e-07
2.81287e-06
3.77403e-07
3.24163e-06
-3.10505e-06
3.08096e-06
-3.11499e-06
3.0685e-06
8.80308e-08
1.50933e-06
3.12547e-06
3.19526e-06
-6.00295e-07
-2.51652e-07
-4.18391e-06
-1.81943e-07
2.52876e-06
-2.34681e-06
-3.28021e-06
-1.57447e-08
-3.27968e-06
-5.37062e-10
3.30553e-06
-3.2818e-06
-2.37277e-08
3.27015e-06
3.53784e-08
-3.06356e-06
7.57162e-07
-1.03945e-06
2.82289e-07
-3.70451e-06
2.16962e-06
1.53489e-06
1.65646e-06
-3.32201e-06
1.66555e-06
-2.90015e-06
-2.69574e-07
-3.09043e-06
3.07507e-06
1.53617e-08
-3.21379e-06
3.09973e-06
1.14061e-07
-2.56755e-07
3.28898e-06
-3.03223e-06
-3.19073e-06
7.83734e-08
-3.54326e-06
4.41924e-06
-3.27305e-07
-2.87412e-06
-3.33119e-06
3.07443e-06
-2.60978e-06
-2.39656e-07
2.84943e-06
-2.44226e-06
3.2493e-06
2.08534e-08
-2.22255e-06
-5.95482e-07
6.60173e-07
-6.46911e-08
-3.0381e-08
1.19809e-07
-4.2272e-06
4.10739e-06
-2.36713e-06
-1.14774e-06
-3.29376e-06
3.22735e-06
6.64085e-08
-3.2434e-06
-5.0358e-08
-1.16528e-06
7.24985e-07
3.0628e-06
7.55022e-08
3.26822e-06
-5.40315e-07
3.24087e-06
-3.23759e-06
-3.27764e-09
-8.58691e-09
-3.00385e-06
3.01244e-06
3.39401e-06
-2.43365e-06
-4.09294e-08
3.35996e-06
1.90026e-06
-5.26022e-06
3.32883e-06
-3.32883e-06
5.17003e-07
3.02348e-06
-1.175e-06
-2.08076e-06
-2.65488e-06
3.20049e-06
-5.45614e-07
-3.51904e-07
-2.86189e-06
3.06551e-06
-3.07409e-06
-2.9357e-06
4.87793e-08
2.88692e-06
5.6342e-07
-2.97583e-06
2.41241e-06
-3.08135e-06
3.04905e-06
3.22958e-08
1.96941e-06
1.42461e-06
-9.6265e-08
-4.99217e-07
-1.8538e-06
-1.8507e-06
-7.12626e-07
-3.29043e-06
3.36469e-07
-3.04513e-06
2.75961e-06
5.77013e-07
-2.55967e-06
-2.87765e-06
2.6787e-07
-2.93605e-06
1.70507e-06
3.33142e-06
-2.70804e-06
-6.23374e-07
5.68473e-07
2.67316e-06
-2.3541e-06
-1.11582e-06
-3.25793e-06
3.25793e-06
3.26052e-06
-3.13599e-06
-1.24538e-07
1.87247e-07
-3.0874e-06
-2.60881e-06
2.94971e-06
-3.40897e-07
-1.03248e-06
4.77816e-07
3.03681e-06
-3.0517e-06
1.48967e-08
3.19308e-06
3.42713e-08
3.22434e-06
3.61862e-08
4.86929e-06
-3.10713e-06
-8.35905e-08
-2.72668e-06
2.23798e-06
3.05822e-06
5.27408e-08
3.21514e-06
-3.1976e-06
-1.75408e-08
-2.82659e-08
-4.45096e-08
3.3652e-07
-2.75746e-06
2.42094e-06
-9.59295e-08
-4.22096e-06
1.00967e-06
2.25308e-07
-2.83412e-06
-3.07409e-06
3.02709e-06
4.70023e-08
3.06654e-06
-2.74675e-07
-1.43075e-06
-1.90454e-06
-4.29793e-06
3.18285e-07
-1.72553e-06
-5.10968e-07
1.40073e-08
3.15845e-06
-2.81283e-06
-3.02726e-06
-3.03191e-06
7.91259e-08
2.95279e-06
4.27951e-06
6.07027e-07
2.46827e-06
1.23481e-06
2.98564e-06
-1.32918e-06
3.11642e-06
-1.77027e-07
7.15712e-06
-5.25686e-06
-4.89627e-06
-1.5697e-06
-1.68312e-06
-3.99574e-08
3.32436e-06
-3.11481e-06
-2.0955e-07
3.15247e-06
7.18716e-08
3.64413e-07
-3.01929e-06
-2.24049e-06
2.57701e-06
3.0542e-06
2.67596e-08
2.39597e-06
1.06047e-06
3.20477e-06
1.19591e-07
3.20256e-06
-3.15671e-06
-4.58443e-08
-1.44416e-06
-2.03557e-06
-1.44613e-07
2.94817e-06
5.4834e-08
-3.39622e-06
2.65527e-06
-2.09185e-06
-4.51299e-08
6.65714e-08
2.59313e-06
-2.81339e-06
2.2026e-07
4.74348e-07
2.72615e-06
4.3436e-06
-4.2238e-06
1.51153e-06
1.91121e-06
-3.06566e-06
3.03029e-06
3.5376e-08
-7.03277e-08
-1.78394e-06
9.79027e-07
8.04917e-07
-3.23505e-08
3.33033e-06
-3.33033e-06
3.76966e-06
-2.18714e-06
-1.58253e-06
-2.75516e-06
-4.66434e-07
2.32601e-06
1.10191e-06
3.18727e-06
1.74932e-08
-3.00385e-06
2.98025e-06
1.91164e-08
-2.99937e-06
2.43875e-06
3.39622e-06
-3.37427e-06
8.54707e-08
3.96431e-06
-3.51317e-06
3.06832e-06
-3.2648e-06
3.04925e-06
-6.89955e-08
2.75229e-06
-2.97914e-06
2.96368e-06
1.54539e-08
1.38178e-07
2.39181e-06
-2.52999e-06
-2.70906e-06
2.23873e-06
-2.02595e-07
2.83221e-06
3.87355e-07
-2.76362e-08
-2.62229e-06
-4.57139e-07
-3.92952e-06
2.48536e-06
5.5319e-09
-2.98755e-06
-3.18025e-06
-1.50937e-07
4.2577e-06
-2.29724e-06
3.05605e-08
-5.51055e-07
3.38635e-06
-2.83529e-06
-1.44676e-06
-3.37181e-07
2.96703e-06
-2.99855e-06
3.1516e-08
-3.06832e-06
3.04576e-06
1.32109e-06
1.8852e-06
-3.20629e-06
3.18885e-06
-5.95715e-07
2.63873e-07
2.83508e-06
3.12847e-06
3.0689e-07
3.41537e-07
4.15625e-07
-3.33115e-06
7.3434e-08
-2.6428e-06
3.00721e-06
-1.53154e-06
1.84983e-06
2.82282e-07
-2.77687e-06
2.49459e-06
-2.31304e-08
5.66333e-08
-2.76864e-06
-3.15218e-06
3.09405e-06
5.81308e-08
-3.02219e-06
3.14149e-07
1.97512e-06
1.79455e-06
-1.70113e-06
3.48634e-06
-1.78521e-06
3.49606e-06
-3.26348e-06
-2.32585e-07
8.8233e-08
2.1505e-06
-2.99999e-06
-3.19214e-08
3.04489e-06
4.35875e-09
1.50399e-06
-5.24964e-07
3.87551e-06
-3.4842e-06
2.77376e-06
4.28776e-07
1.74173e-07
-3.0911e-06
4.68811e-07
4.64639e-08
-2.68926e-06
3.4511e-06
-2.79063e-06
2.81363e-06
-1.71156e-07
-2.67898e-06
2.85014e-06
-3.03036e-06
3.15642e-06
-3.74423e-08
-4.59081e-06
3.68342e-07
-1.98856e-08
2.97282e-06
5.74716e-08
-2.80504e-06
-3.08073e-06
3.06822e-06
1.25172e-08
3.69161e-06
-2.14632e-06
-1.54529e-06
-2.58458e-06
-2.32515e-07
2.81709e-06
-6.81519e-09
-3.04372e-06
6.55169e-08
-3.30123e-07
3.25359e-06
-2.92347e-06
-2.98249e-06
2.99739e-06
-4.33003e-06
-6.31306e-07
-4.18724e-06
4.08209e-06
1.05155e-07
2.38834e-06
1.2126e-06
2.79507e-06
2.51398e-07
-3.04646e-06
2.97145e-06
-1.21719e-07
2.39433e-06
1.19417e-06
-2.12304e-06
6.76279e-07
-3.005e-06
2.60919e-06
-2.96917e-06
-4.03348e-06
4.0189e-06
1.458e-08
3.6408e-06
-2.92308e-06
2.97273e-06
-9.04734e-09
1.82995e-07
-2.7725e-06
2.58951e-06
-4.48167e-08
-3.98866e-06
3.602e-06
-3.602e-06
-1.6408e-06
3.09078e-06
-1.44998e-06
-2.97429e-06
2.97429e-06
3.04273e-06
-2.68967e-06
-3.5306e-07
2.82488e-06
6.71682e-07
3.16941e-06
-2.60093e-06
3.13539e-06
-3.50717e-08
-2.45233e-06
-3.92871e-07
2.8452e-06
-3.98449e-06
3.99815e-06
-1.36578e-08
3.68105e-06
-2.2165e-06
-1.46455e-06
5.3702e-07
2.63239e-06
-4.02619e-06
4.00598e-06
2.02131e-08
-1.10017e-09
-2.94744e-08
3.97306e-06
-3.94359e-06
-4.0111e-06
4.0111e-06
-4.76722e-08
3.01471e-06
4.30525e-06
-4.01281e-06
-2.92441e-07
-4.02876e-06
3.99929e-06
4.02508e-06
-4.00467e-06
-2.0413e-08
-2.93234e-06
-6.62121e-08
3.43111e-06
-4.59772e-08
3.99857e-06
-3.95259e-06
3.99979e-06
-4.00735e-06
7.55965e-09
-3.02414e-06
3.97888e-06
-5.82466e-09
-3.07737e-06
3.05002e-06
2.73546e-08
-3.97816e-06
3.99261e-06
-1.44547e-08
3.04704e-06
-2.96791e-06
-4.01811e-06
3.97213e-06
3.08224e-06
-9.80711e-07
1.46778e-06
1.91857e-06
-2.22688e-06
-1.70264e-06
-4.0042e-06
4.0042e-06
-4.02254e-06
-6.22657e-09
3.72352e-06
-6.82866e-07
-3.04066e-06
-2.62256e-06
1.7822e-06
1.00238e-07
3.98534e-06
-3.99774e-06
1.23985e-08
2.93312e-06
-2.93135e-06
-1.76983e-09
4.1095e-06
-4.00267e-06
-1.06828e-07
3.96446e-06
2.08771e-08
3.95718e-06
4.13889e-08
-8.25131e-09
-2.96604e-06
-3.66865e-06
2.01874e-06
1.6499e-06
-2.96187e-06
2.98098e-06
3.97712e-06
-1.26598e-08
4.17153e-07
2.69926e-06
2.13934e-06
-8.18254e-07
-4.01238e-06
-5.72588e-09
3.27188e-06
1.94106e-06
-3.30744e-06
-5.04786e-07
-4.08602e-06
2.98667e-06
-3.00473e-06
1.80602e-08
-1.38579e-07
-4.04867e-06
3.10985e-06
-3.47747e-08
3.45623e-06
-2.3637e-06
-1.09253e-06
-2.9927e-06
3.98324e-06
-3.98324e-06
2.85231e-06
3.87854e-08
-2.8911e-06
3.06875e-06
-3.99163e-06
3.98636e-06
5.2656e-09
3.96321e-06
-4.00156e-06
3.83529e-08
2.5196e-06
-3.33709e-06
-1.07025e-08
-3.96352e-06
3.97422e-06
3.95435e-06
-3.96506e-06
-1.31754e-07
4.21384e-06
-3.16286e-06
3.42798e-06
-3.58584e-06
2.48768e-06
-6.30052e-08
4.0819e-06
3.42894e-07
1.76721e-06
3.5975e-08
3.68755e-06
-1.10739e-08
3.19113e-06
-3.18006e-06
-2.73075e-08
-4.00112e-06
-2.50731e-08
3.28614e-06
-3.29825e-07
-2.95631e-06
-3.97456e-06
3.97456e-06
2.33156e-06
-2.00658e-06
-4.00748e-06
3.99693e-06
1.05485e-08
3.06097e-06
-3.06097e-06
2.97878e-06
-4.56595e-08
3.97999e-06
-3.98639e-06
6.39972e-09
-3.8433e-06
1.05111e-06
3.30794e-09
-2.95645e-06
2.95314e-06
3.20631e-06
-2.6746e-08
3.98819e-06
3.68873e-08
2.4197e-06
4.12668e-07
-2.83236e-06
4.00052e-06
-2.1632e-08
3.10928e-06
-3.10928e-06
3.97513e-06
-3.96124e-06
-1.38873e-08
-3.04058e-06
3.01739e-06
2.3191e-08
4.00542e-06
-3.99332e-06
-1.21054e-08
-3.9812e-06
3.9812e-06
5.95267e-07
2.78859e-06
9.43363e-08
-2.88292e-06
-4.0078e-06
3.99733e-06
1.04734e-08
-1.49478e-08
-3.00187e-06
2.98431e-06
2.36022e-09
3.72454e-06
-7.01936e-07
-3.02261e-06
2.57377e-06
3.96502e-06
-3.976e-06
1.09746e-08
3.06538e-06
3.27249e-06
4.61325e-08
2.80618e-06
4.06584e-06
-7.76423e-08
3.95188e-06
1.31377e-08
2.90902e-06
-2.90902e-06
-1.53154e-06
4.02102e-06
-3.98934e-06
-1.22203e-08
3.9874e-06
-3.97242e-06
-1.49829e-08
7.82849e-08
-4.06315e-06
3.98487e-06
4.18293e-07
-4.02029e-06
-4.00055e-06
3.99362e-06
6.92704e-09
2.88844e-06
-2.88659e-06
-1.85161e-09
3.04273e-06
-2.68521e-06
2.68521e-06
3.95996e-06
-8.07226e-09
-2.96876e-06
-2.7725e-06
2.79507e-06
3.08135e-06
-3.22978e-08
-9.07959e-09
3.15807e-07
-3.93281e-06
3.98666e-06
-3.98801e-06
1.35496e-09
9.46526e-08
2.79379e-06
9.23012e-08
3.19384e-06
3.00114e-06
-2.236e-08
-3.99173e-06
3.98702e-06
4.7174e-09
3.95648e-06
-3.96772e-06
1.12358e-08
-3.98799e-06
-1.94921e-08
3.97727e-06
-3.96674e-06
-1.05252e-08
3.00348e-06
5.74994e-08
3.97959e-06
1.73402e-08
-5.07896e-09
3.97081e-06
1.62106e-08
-6.09148e-10
-2.94242e-06
-4.03129e-06
4.26317e-08
-2.9834e-06
2.9834e-06
3.81489e-08
3.68639e-06
-3.0319e-06
5.79578e-07
2.104e-08
3.97875e-06
1.66403e-07
-2.87052e-06
2.70411e-06
2.79403e-08
3.98316e-06
3.80046e-06
-4.14456e-06
3.00158e-06
1.07702e-07
3.95435e-06
-3.0375e-08
2.81896e-06
-2.90035e-06
1.37609e-08
2.85862e-06
-4.38923e-07
-3.96425e-06
3.96425e-06
-3.98542e-06
-2.23836e-08
2.68967e-06
-2.78624e-06
9.6568e-08
-3.98316e-06
2.93495e-06
-2.93164e-06
3.97763e-06
1.96987e-08
-3.97941e-06
-3.54118e-06
2.46537e-06
-3.99657e-06
3.98988e-06
6.69007e-09
2.71527e-06
2.56176e-07
2.95645e-06
1.78445e-08
-3.95131e-06
3.97856e-06
-2.72479e-08
-3.00359e-06
2.9771e-06
2.64961e-08
-3.96395e-06
1.26393e-08
2.98983e-06
-5.52261e-09
1.64372e-07
-3.09003e-06
2.92565e-06
3.96311e-06
-3.98074e-06
1.76345e-08
3.2238e-06
-3.37474e-06
3.96265e-06
-3.96221e-06
-4.39263e-10
-2.53055e-06
2.53055e-06
-3.11751e-06
3.11751e-06
-3.95806e-06
-5.8885e-09
-1.84983e-06
2.19272e-06
-3.96947e-06
3.96362e-06
5.85301e-09
3.11609e-08
3.97303e-06
2.475e-06
-2.19272e-06
-2.475e-06
2.61318e-06
2.6262e-06
-3.01907e-06
3.62939e-06
-2.14925e-06
-1.48014e-06
-3.98363e-06
-1.69209e-08
-5.72789e-07
-2.61318e-06
3.18597e-06
3.97861e-06
1.5017e-08
-3.01484e-06
2.7926e-06
3.99011e-06
-3.98203e-06
-8.08479e-09
-3.96658e-06
-2.98784e-06
3.00301e-06
-9.39903e-08
-1.06742e-08
3.9878e-06
3.97092e-06
-2.95314e-06
-4.06568e-06
-2.38706e-06
3.04646e-06
-6.59408e-07
-3.94916e-06
-1.43591e-08
3.96592e-06
4.88495e-09
2.31256e-06
-2.36329e-06
5.07286e-08
4.58405e-09
2.78624e-06
-2.89868e-06
1.12441e-07
1.83463e-06
1.85698e-06
-3.98185e-06
-1.47266e-08
-3.01698e-06
3.94848e-06
-3.94515e-06
-3.32463e-09
3.97704e-06
1.28447e-08
-3.98862e-06
3.98431e-06
4.30669e-09
3.04968e-06
3.00348e-06
-3.95864e-06
3.94991e-06
8.73102e-09
3.98657e-06
-3.98479e-06
-1.77955e-09
-2.96545e-06
3.00158e-06
3.95677e-06
-3.95677e-06
1.5844e-08
3.99013e-06
-2.49823e-06
-5.33678e-07
3.965e-06
-1.897e-09
-5.08468e-07
2.70764e-06
-2.19917e-06
3.95487e-06
-3.95145e-06
-3.42073e-09
1.2147e-08
3.97109e-06
3.94766e-06
-3.95121e-06
3.55153e-09
-3.99391e-06
-3.97948e-06
-2.39781e-06
3.46847e-09
3.98289e-06
-4.27579e-09
-3.96904e-06
3.97332e-06
-3.95702e-06
3.94835e-06
8.67157e-09
-3.98168e-06
-6.93778e-09
-3.01378e-06
-2.91137e-06
1.10147e-08
3.97758e-06
6.73834e-09
-3.95342e-06
3.95175e-06
1.67265e-09
-3.95612e-06
1.49452e-08
3.94118e-06
3.98051e-06
9.60507e-09
-3.96816e-06
-1.38643e-08
-2.89531e-06
-1.3712e-08
3.97857e-06
-3.981e-06
2.43084e-09
3.95524e-06
-3.95952e-06
-3.96311e-06
3.95764e-06
5.47618e-09
3.95322e-06
-3.95002e-06
-3.20095e-09
2.9809e-06
2.50525e-09
3.97986e-06
6.71402e-09
-3.97428e-06
-1.0516e-08
-3.98882e-06
3.00301e-06
-3.95536e-06
3.94744e-06
7.91661e-09
2.62554e-06
-2.7967e-06
-3.9442e-06
3.95903e-06
-1.48322e-08
3.95647e-06
-3.96239e-06
5.92591e-09
-9.75514e-09
-3.97784e-06
-3.84419e-09
-1.03558e-08
-3.51236e-06
2.49162e-06
-6.81211e-09
3.95524e-06
-6.5903e-09
-4.27073e-09
-3.9812e-06
3.35848e-09
1.52402e-06
3.34371e-06
-4.86773e-06
-8.23744e-07
3.97855e-06
1.54755e-11
-3.97109e-06
7.39035e-09
3.96717e-06
-3.97343e-06
-7.56732e-09
-2.99074e-06
-3.98516e-06
3.966e-09
1.4032e-08
3.96596e-06
-6.00066e-10
1.89199e-08
-3.91781e-06
3.89889e-06
3.98408e-06
-3.98206e-06
-2.01827e-09
-3.04416e-06
5.45931e-07
3.97641e-06
-3.96945e-06
-6.95652e-09
-3.979e-06
-2.9508e-06
-1.55666e-07
3.95239e-06
-3.94926e-06
-3.13166e-09
2.08368e-08
-3.92153e-06
3.90069e-06
-3.98307e-06
3.97564e-06
7.42843e-09
-3.01167e-06
2.9865e-06
2.51762e-08
3.45928e-09
-3.98301e-06
-2.15077e-09
-3.02996e-06
6.28772e-07
2.40119e-06
-3.97784e-06
-5.22986e-09
3.98274e-06
1.34007e-09
-3.97621e-06
-5.85414e-09
-1.59346e-08
-3.98329e-06
2.79153e-10
-2.86482e-06
-3.31626e-07
3.19644e-06
2.29037e-06
1.67606e-08
-3.96717e-06
2.9875e-06
-1.04045e-08
-3.95222e-06
3.95222e-06
-7.6493e-09
3.98084e-06
1.89646e-09
-3.16208e-09
6.23255e-09
6.42832e-09
3.98234e-06
-1.49984e-09
2.34219e-09
3.9813e-06
-3.98134e-06
3.72705e-11
2.87347e-06
-2.87347e-06
-3.97309e-06
3.96453e-06
8.56123e-09
3.95885e-06
-3.9548e-06
-4.04847e-09
-5.61101e-09
3.97986e-06
2.48411e-09
3.98004e-06
1.26077e-09
-1.47772e-09
3.98035e-06
3.97656e-06
-3.97874e-06
2.18402e-09
-4.01495e-06
-3.96384e-06
-9.25435e-09
3.06464e-06
-3.75543e-08
3.97301e-06
3.54572e-09
3.32387e-08
3.97602e-06
-3.97166e-06
-4.36273e-09
-2.84004e-06
2.84004e-06
2.2394e-08
3.95881e-06
-3.95153e-06
3.9579e-06
-6.36923e-09
3.97518e-06
8.389e-10
2.80399e-08
2.9731e-06
3.97048e-06
-3.96895e-06
-1.5277e-09
-3.93912e-06
-1.24086e-08
3.95937e-06
-3.96261e-06
3.23646e-09
3.9679e-06
2.57724e-09
3.97522e-06
4.81561e-09
-3.93604e-08
-3.92968e-06
-5.99856e-09
-3.50338e-07
-2.66895e-06
3.95306e-06
-3.95689e-06
3.8365e-09
1.17896e-07
2.75557e-06
3.96998e-06
-3.96624e-06
-3.74404e-09
-3.51791e-09
-6.85072e-08
-3.29954e-06
3.36805e-06
-2.87547e-06
2.90841e-06
-3.29333e-08
-3.93447e-06
3.93574e-06
-1.27823e-09
3.96538e-06
4.60399e-09
-3.9536e-06
-2.47022e-06
3.99424e-06
3.96696e-06
-3.9613e-06
-5.65452e-09
-3.97078e-06
3.97088e-06
-9.552e-11
3.95947e-06
-3.95589e-06
-3.57899e-09
-3.85546e-07
-3.39619e-06
3.78174e-06
3.96286e-06
4.10061e-09
-3.93753e-06
3.06044e-09
3.96754e-06
-3.96246e-06
-5.07403e-09
2.9809e-06
-3.05266e-06
3.05266e-06
3.96605e-06
-3.95856e-06
-7.4918e-09
-7.69866e-09
3.96766e-06
-6.25386e-09
-2.98491e-06
3.96042e-06
5.63018e-09
-3.97041e-06
-7.43506e-09
-3.93143e-06
3.93355e-06
-2.11528e-09
3.97085e-06
2.15795e-09
6.73808e-08
3.93076e-06
-8.02134e-10
3.96719e-06
1.00788e-08
2.97191e-06
1.55916e-08
4.71197e-10
-3.93536e-06
3.92995e-09
3.0279e-07
1.1066e-08
1.27819e-07
3.95578e-06
-3.95948e-06
3.70295e-09
-3.92726e-06
3.93185e-06
-4.59257e-09
7.11474e-08
-2.97639e-06
2.90524e-06
5.31967e-07
-3.09974e-06
2.56777e-06
1.13392e-06
2.81144e-06
-2.81144e-06
3.953e-06
-3.953e-06
-3.24974e-06
1.81063e-09
-3.96045e-06
3.0335e-06
3.96624e-06
8.94516e-09
-7.47116e-07
-1.39129e-06
2.1384e-06
-3.93304e-06
5.7757e-09
-3.93512e-06
-1.28035e-07
1.68169e-06
-2.77423e-06
1.09254e-06
-2.71356e-09
2.69707e-08
3.93206e-06
9.05757e-09
2.98078e-06
-3.97194e-06
8.37423e-09
3.95587e-06
2.52354e-06
-3.07926e-06
5.55724e-07
2.56732e-06
-8.85632e-07
-4.96079e-09
-3.95206e-06
3.97257e-06
-3.9456e-06
-3.9611e-06
-3.92207e-06
3.91834e-06
3.73252e-09
9.02877e-10
3.96272e-06
3.94888e-06
4.11794e-09
3.60843e-06
-2.39562e-06
-1.2128e-06
-1.32598e-08
3.01484e-06
3.96161e-06
6.29232e-09
3.60732e-06
-3.99287e-06
2.69125e-08
3.93194e-06
-4.68219e-09
-3.95067e-06
-3.92671e-06
4.63536e-09
-2.88363e-06
8.15336e-09
3.03071e-06
-2.43027e-06
-6.0044e-07
3.94181e-06
-3.94213e-06
3.26762e-10
-4.6288e-09
1.13775e-06
-1.5989e-06
-1.49718e-06
3.09609e-06
3.9492e-06
-3.95527e-06
6.06164e-09
3.14233e-06
-3.10355e-06
-1.03046e-08
3.01378e-06
-2.58778e-06
1.84067e-06
3.9452e-06
-3.94915e-06
3.95071e-09
3.96794e-06
-3.94102e-06
-2.97269e-06
9.92205e-08
-2.98405e-06
2.97995e-06
4.10153e-09
2.89868e-06
-2.96719e-06
6.31752e-08
3.92944e-06
-3.01262e-06
2.91926e-06
-1.06388e-07
3.96172e-06
-3.95692e-06
-4.80442e-09
3.08413e-06
-2.94564e-06
-1.3849e-07
3.94888e-06
-2.39103e-09
-3.95103e-06
-2.92086e-06
9.49272e-09
3.66442e-07
2.24352e-06
-2.60997e-06
-3.91706e-06
3.9128e-06
4.26096e-09
3.94258e-06
1.38842e-08
-2.49641e-06
-5.22658e-07
2.88305e-08
3.93064e-06
3.95508e-06
-3.96437e-06
9.28878e-09
3.95029e-06
-7.28216e-09
-3.93787e-06
-3.08499e-06
-5.20621e-07
3.95713e-06
8.24202e-09
4.20835e-06
-8.64641e-07
-2.4128e-08
3.95331e-06
-3.92918e-06
3.95143e-06
3.65538e-09
-3.92269e-06
5.62812e-09
-3.93386e-06
-2.83501e-08
-7.51518e-09
3.9004e-06
-3.89288e-06
5.14885e-09
3.95163e-06
3.96846e-06
-3.93963e-06
-3.95587e-06
-1.39746e-08
3.01698e-06
-4.17103e-09
2.99175e-06
-1.53166e-07
-2.83858e-06
4.04894e-08
2.95126e-06
-3.906e-06
3.89848e-06
-3.95525e-06
-8.58542e-09
2.5108e-06
5.19913e-07
-1.48593e-08
3.05894e-06
-3.04408e-06
-2.53472e-06
-2.11965e-06
2.48609e-06
-3.30526e-06
4.09698e-07
2.89556e-06
3.94991e-06
3.03019e-09
-3.95448e-06
3.94293e-08
3.93314e-06
3.94402e-06
-3.94461e-06
5.91131e-10
3.95264e-06
-3.94086e-06
-1.17851e-08
-3.95796e-06
2.64577e-09
-5.68657e-09
-2.98695e-06
2.99264e-06
5.93586e-10
3.95704e-06
-2.74487e-06
8.03948e-07
-3.95285e-06
3.9506e-06
2.25015e-09
-3.91156e-06
3.90687e-06
4.68097e-09
3.89333e-08
3.22963e-06
-3.1353e-06
2.36998e-06
-5.7425e-08
-2.06689e-08
3.95553e-06
-3.93486e-06
-3.52615e-06
1.92724e-06
3.94854e-06
3.49771e-09
-3.95352e-06
3.95263e-06
1.02333e-08
-3.69352e-06
3.66045e-08
3.65691e-06
6.22998e-09
-3.91779e-06
3.94486e-06
-3.94072e-06
-4.14289e-09
-1.25639e-07
3.96823e-06
-3.84259e-06
-5.93522e-09
-8.12161e-07
3.71387e-06
-2.90171e-06
-2.97269e-06
-3.2879e-06
3.94734e-06
-2.14129e-09
3.48101e-08
3.93313e-06
3.8494e-06
3.98486e-06
-3.98216e-06
-2.69838e-09
6.90546e-10
-2.99294e-06
2.99225e-06
-3.94964e-06
3.94695e-06
2.68848e-09
7.99791e-08
-2.97529e-06
2.89531e-06
3.95485e-06
-3.95323e-06
-1.61644e-09
-3.0621e-06
3.04724e-06
3.94323e-06
-3.94018e-06
-3.0454e-09
1.10822e-08
3.94156e-06
-4.49717e-08
3.96419e-06
-3.95211e-06
3.90314e-08
-2.91429e-06
3.95198e-06
-3.95128e-06
-6.98083e-10
3.95e-06
2.30483e-09
-3.95156e-06
3.92976e-06
8.31393e-09
-3.93807e-06
9.47914e-10
3.95246e-06
-3.94138e-06
-9.52292e-09
-2.9929e-06
3.00242e-06
2.12298e-06
-3.12297e-06
9.99989e-07
-6.6228e-07
-3.03124e-06
-2.90435e-06
-6.51251e-07
-2.54729e-06
-3.94762e-06
2.28616e-08
3.92476e-06
-3.01103e-06
2.9929e-06
1.81296e-08
-9.16208e-07
-2.42089e-06
-3.94551e-06
3.52224e-06
-3.93736e-06
3.94433e-06
-6.96525e-09
-3.29011e-06
3.26421e-07
2.96369e-06
3.14393e-06
-2.41547e-06
-7.2846e-07
-3.95122e-06
7.96145e-09
3.94326e-06
2.99809e-06
-2.96035e-06
8.30123e-09
3.93656e-06
-3.95163e-06
4.02989e-09
3.94819e-06
3.94754e-06
1.2878e-08
-6.63168e-10
-3.95054e-06
-1.28874e-08
-3.93996e-06
-3.94134e-06
2.99471e-06
-2.9581e-06
-1.68276e-08
8.44478e-07
2.61175e-06
-2.70065e-06
2.70065e-06
3.44003e-08
3.93406e-06
-4.47885e-06
-3.64372e-06
3.64441e-06
3.95294e-06
2.99241e-06
-2.97029e-06
-3.94693e-06
3.93405e-06
-3.3368e-06
3.41678e-06
3.94414e-06
-3.94069e-06
-3.45062e-09
4.81141e-09
3.94825e-06
-3.99441e-06
3.00525e-06
-3.01477e-06
-3.94576e-06
6.64617e-09
1.48687e-06
3.95545e-06
-3.95064e-06
-4.80614e-09
-3.95287e-06
3.94434e-06
-3.94105e-06
-3.28972e-09
-3.94368e-06
-3.93566e-09
3.93524e-06
-3.92318e-06
-3.01695e-06
3.62691e-06
3.94092e-06
-3.93964e-06
-1.2758e-09
-6.9692e-09
3.93673e-06
-3.01103e-06
2.6101e-06
-2.82837e-06
2.18268e-07
-4.85751e-06
4.85751e-06
3.95108e-06
3.95184e-06
-1.00206e-08
6.65729e-09
-3.9506e-06
3.96447e-06
-1.38684e-08
3.94314e-06
-3.93983e-06
-3.30846e-09
-3.27188e-06
3.11621e-06
1.22525e-08
3.94106e-06
-3.95115e-06
1.07019e-08
3.94045e-06
-3.93953e-06
3.94805e-06
-3.94277e-06
-3.02591e-06
-3.94788e-06
1.32324e-08
3.93465e-06
-3.03004e-06
-8.56779e-09
2.9569e-06
-2.97893e-06
2.20303e-08
3.93796e-06
-3.94128e-06
3.31899e-09
7.32699e-08
-3.94782e-06
3.94126e-06
6.56552e-09
3.9455e-06
-2.89323e-06
-2.87317e-06
-4.76875e-08
3.9504e-06
-3.9504e-06
-2.0053e-08
3.00095e-06
-3.94819e-06
3.9424e-06
-3.9391e-06
-3.30239e-09
3.94975e-06
-2.20661e-08
-3.94467e-06
-2.93717e-06
-3.62375e-07
-3.01355e-06
2.35919e-06
-2.63528e-06
2.76091e-07
-5.90153e-07
-2.54889e-06
3.13905e-06
3.93511e-06
-3.92467e-06
2.55377e-06
-2.97639e-06
-8.547e-09
-3.94268e-06
3.94453e-06
-3.94126e-06
-3.27378e-09
3.03051e-06
-3.04572e-06
-8.32469e-07
-5.51173e-07
1.38364e-06
-3.14317e-06
3.16965e-06
3.04144e-06
-3.00095e-06
-1.18473e-08
-2.94952e-06
2.96137e-06
-1.47176e-08
-2.92664e-06
2.94136e-06
9.88877e-09
-3.06846e-06
3.05857e-06
2.80871e-08
-3.08065e-06
3.05257e-06
1.43025e-08
-3.01797e-06
3.00367e-06
-5.55209e-09
-2.95411e-06
2.95966e-06
-6.08602e-09
-2.95169e-06
2.95778e-06
1.77563e-06
-1.19659e-06
-5.79036e-07
2.62002e-06
1.93421e-08
3.93619e-06
2.88732e-06
-2.90508e-06
1.7757e-08
9.27344e-09
-3.94296e-06
3.93369e-06
3.95321e-06
-3.95321e-06
3.90085e-06
-7.76878e-10
-3.90007e-06
-1.32422e-08
-3.93369e-06
3.94211e-06
-3.93867e-06
-3.43727e-09
-2.45038e-06
-3.21702e-06
-7.30896e-08
2.58348e-06
5.00654e-07
3.95008e-06
-3.94469e-06
-5.39057e-09
-3.00674e-06
3.12536e-06
1.31283e-08
3.93933e-06
-2.16794e-06
-1.35821e-06
2.99775e-08
2.82954e-06
-2.85952e-06
-2.02058e-06
-3.42709e-07
-6.7796e-07
-4.19213e-07
1.09717e-06
2.96673e-06
2.96718e-06
3.09655e-06
3.09684e-06
3.07527e-06
3.03496e-06
-1.38951e-08
-2.97395e-06
2.98785e-06
2.97608e-06
-4.1724e-09
-1.1714e-06
3.94339e-06
-3.93411e-06
-9.76962e-08
3.17213e-06
-3.95516e-06
-2.6997e-06
3.33927e-06
3.89586e-06
3.09054e-09
-3.89895e-06
3.95843e-06
-8.02538e-09
-3.94988e-06
1.42249e-08
3.93566e-06
-2.97884e-06
-2.98695e-06
2.98619e-06
-3.00009e-06
-2.71777e-06
3.28154e-06
-5.63769e-07
-7.07339e-09
-3.94081e-06
2.06039e-06
-2.56886e-06
6.50893e-09
-3.94722e-06
-3.94255e-06
-1.04852e-06
-1.53926e-06
-3.9355e-06
-7.46244e-09
3.02165e-06
9.43157e-07
2.29961e-06
3.93828e-06
-3.93524e-06
-3.0398e-09
3.00134e-06
-1.9871e-06
-1.01424e-06
-1.42962e-06
7.51664e-07
-1.65743e-06
3.58467e-06
-1.43653e-06
2.98592e-06
-1.5494e-06
1.30829e-09
3.9479e-06
-3.92087e-06
3.94102e-06
-3.94332e-06
2.29869e-09
-2.23187e-06
9.51416e-07
1.28045e-06
-1.31456e-08
-2.97313e-06
2.98628e-06
4.12765e-06
-1.82647e-06
-2.30117e-06
2.8751e-09
3.89797e-06
-8.58112e-07
-1.37376e-06
-2.88005e-06
2.91002e-06
2.45761e-06
1.6241e-07
-2.86667e-06
-6.04982e-09
-2.97701e-06
2.98306e-06
3.0746e-06
-2.97995e-06
-1.83037e-06
-6.94481e-07
2.52485e-06
-3.93504e-06
3.93618e-06
-1.13656e-09
-2.90921e-06
2.94824e-06
3.93934e-06
-3.9419e-06
-2.63391e-06
-6.67394e-08
-3.96871e-06
3.95373e-06
-2.0547e-06
2.96951e-09
3.94136e-06
3.4371e-06
-1.89955e-06
-1.53756e-06
2.9087e-06
-5.4951e-07
3.25079e-06
-4.21246e-07
2.98162e-06
-2.99476e-06
3.93403e-06
-3.93417e-06
1.39298e-10
2.98444e-06
-2.99049e-06
3.61666e-09
-3.93196e-06
3.92835e-06
-1.65838e-06
-3.96325e-07
8.50684e-09
-3.02546e-06
-3.94311e-06
5.58129e-09
2.63391e-06
-2.78696e-06
1.53055e-07
-4.278e-07
3.22159e-06
-1.47003e-08
-2.92247e-06
2.9647e-06
3.00062e-08
3.93836e-06
-3.93581e-06
-2.55315e-09
4.7783e-09
3.9441e-06
2.00058e-06
-2.97778e-06
2.98629e-06
1.9374e-06
-1.13166e-08
-3.93857e-06
-1.50415e-06
-1.15109e-06
2.65525e-06
-2.84726e-06
-2.59101e-08
2.6813e-06
-2.41713e-06
-2.64161e-07
-5.36971e-07
3.12035e-06
-2.58338e-06
3.94091e-06
-3.93786e-06
-3.04663e-09
5.27767e-09
3.93886e-06
2.60119e-08
3.00275e-06
-3.02876e-06
2.57719e-09
-3.94326e-06
-2.94865e-06
2.95814e-06
3.93948e-06
-3.94386e-06
4.38401e-09
3.95843e-06
-1.66975e-08
-2.75294e-06
-1.20891e-07
2.87383e-06
-3.96619e-06
-1.533e-09
3.83332e-08
-3.02238e-06
-4.04172e-06
3.93786e-06
-3.93425e-06
-2.52763e-06
5.42089e-09
-9.56068e-09
-3.93655e-06
3.93855e-06
4.58972e-09
-4.1078e-06
6.28857e-10
-3.94046e-06
-1.77674e-07
-2.21512e-06
8.2383e-07
-3.94895e-06
3.94895e-06
-2.48875e-06
3.0385e-06
-5.49753e-07
3.9565e-06
-2.36005e-06
2.94228e-06
-5.82225e-07
-2.54467e-06
3.08e-06
-5.35328e-07
-2.95547e-06
-4.35889e-08
3.04539e-06
-3.0018e-06
-2.56812e-06
2.49378e-06
-6.53109e-07
3.94377e-06
-3.94896e-06
5.19239e-09
3.94312e-06
-3.94831e-06
5.19187e-09
3.94041e-06
-3.94599e-06
5.58019e-09
-4.31538e-09
-3.94351e-06
-2.36891e-06
2.99026e-06
-6.2135e-07
3.94164e-06
-3.9386e-06
-3.03648e-09
3.94049e-06
5.56547e-07
-3.15748e-06
3.93821e-06
4.19262e-09
-3.94001e-06
9.13281e-10
9.25931e-07
3.93985e-06
-3.94314e-06
3.29718e-09
8.15284e-08
2.95991e-06
-3.04144e-06
-2.89495e-06
-1.42597e-08
2.90921e-06
-3.94835e-06
-3.93975e-06
3.93467e-06
5.08096e-09
3.0023e-06
-2.96397e-06
-3.94271e-06
3.9378e-06
4.91291e-09
-2.91807e-06
2.79759e-06
1.2048e-07
-3.94317e-06
3.93839e-06
4.7797e-09
3.94936e-06
-3.94457e-06
-4.79235e-09
-2.95425e-06
2.98027e-06
-3.18524e-06
-1.71804e-06
-3.23667e-06
-6.72275e-07
3.25295e-06
-2.58068e-06
3.93468e-06
-1.10266e-08
-3.92916e-06
-2.97529e-06
3.12999e-09
-3.94451e-06
3.94138e-06
-3.14859e-06
2.99542e-06
6.29701e-09
3.94568e-06
3.93726e-06
4.84669e-09
-3.93968e-06
1.00795e-09
-3.11404e-07
-1.11822e-06
-3.0122e-06
2.96861e-06
-3.13568e-06
5.44032e-07
2.59165e-06
-1.05372e-06
-1.1614e-06
-2.99294e-06
3.12476e-06
4.83668e-07
9.63868e-10
3.93598e-06
-3.93694e-06
2.96719e-06
-2.98189e-06
-3.9465e-06
3.96545e-06
-3.95422e-06
-9.87248e-07
-8.31555e-07
1.8188e-06
-2.8091e-06
-1.05191e-07
-3.96761e-06
6.36637e-09
-1.04443e-07
-2.97835e-06
2.97313e-06
5.22137e-09
3.2616e-06
-3.10338e-07
3.94204e-06
-3.93843e-06
-3.60936e-09
3.93682e-06
1.4594e-09
-3.93915e-06
3.91101e-09
3.9398e-06
-3.9411e-06
1.29955e-09
-3.26257e-09
2.06945e-09
-3.95629e-06
-2.91002e-06
-6.26625e-08
1.1305e-07
-3.25536e-06
-2.06803e-08
3.95471e-06
-3.99441e-06
-1.16671e-09
-3.9308e-06
-3.2238e-06
3.1261e-06
4.50325e-10
2.88687e-06
-2.97955e-06
2.97701e-06
2.53782e-09
-2.56733e-06
-5.32408e-07
3.01309e-06
2.83013e-06
-2.95102e-06
3.93853e-06
-3.9378e-06
-3.04907e-06
2.9813e-06
-2.64719e-06
-1.39452e-06
3.93726e-06
-2.5624e-09
-3.93848e-06
3.60732e-06
-3.00501e-06
3.9825e-07
2.60676e-06
6.19559e-07
-3.01518e-06
4.732e-07
3.85489e-08
5.1264e-07
-3.12803e-06
2.61539e-06
5.98082e-07
-3.67858e-06
3.08049e-06
3.93749e-06
3.41788e-09
-3.79426e-09
-3.93834e-06
4.8936e-07
-3.08839e-06
2.59903e-06
-3.939e-06
1.13182e-09
4.12185e-08
2.93873e-06
-3.3453e-06
-3.3069e-06
4.59641e-07
-2.72573e-06
2.97395e-06
-2.98376e-06
9.81197e-09
-1.26817e-08
-3.93647e-06
1.38172e-08
3.92957e-06
-2.29865e-06
-2.19738e-06
2.9918e-06
-2.9918e-06
-2.89495e-06
-2.82336e-06
-3.00674e-06
-3.91802e-06
-8.99543e-09
3.92702e-06
-2.7403e-06
-2.72313e-07
5.57429e-07
2.59172e-06
-3.14915e-06
5.89552e-07
2.46488e-06
-3.05443e-06
5.39913e-07
-3.20721e-06
2.66729e-06
2.88276e-06
3.12689e-06
-2.57034e-06
3.11621e-06
3.27258e-06
-2.88135e-06
2.89933e-06
-3.00377e-06
3.94148e-06
-3.93839e-06
-3.09291e-09
-3.81545e-06
-2.98138e-06
3.93691e-06
4.73516e-09
-3.93906e-06
4.60172e-10
3.93684e-06
-1.74341e-07
3.93774e-06
-3.94177e-06
4.0272e-09
3.94447e-06
-3.92815e-06
6.48595e-08
-2.44349e-06
2.37863e-06
2.68781e-09
3.02782e-06
2.81699e-08
3.24441e-06
3.34313e-06
-2.84461e-06
-2.38644e-06
-6.18572e-07
2.00112e-07
2.70859e-06
-3.05037e-06
-3.9405e-06
3.94084e-06
-3.3897e-10
3.0621e-06
-3.1261e-06
6.40027e-08
-3.12088e-06
5.53551e-07
-4.2685e-06
5.94607e-07
3.6739e-06
3.94238e-06
1.87817e-06
2.61872e-06
3.94515e-06
-3.94515e-06
-1.37492e-06
4.85615e-09
2.95991e-06
-3.01663e-06
1.31353e-08
3.00349e-06
-3.9387e-06
-3.9441e-06
3.93689e-06
5.15137e-09
-3.93852e-06
9.10896e-11
3.93321e-06
-1.07693e-10
-3.94115e-06
-3.07675e-06
2.76804e-08
3.06861e-06
-2.57925e-06
-2.35286e-06
2.88782e-06
-3.94921e-06
3.19776e-06
-2.5782e-06
3.08156e-06
-2.56892e-06
3.16828e-06
-2.5702e-06
-4.27376e-09
3.93935e-06
-3.95511e-06
3.00906e-06
-2.96784e-06
-2.89607e-06
2.89652e-06
-3.93039e-06
-1.83295e-09
3.93222e-06
6.49093e-07
2.99532e-06
-8.08067e-09
-3.93653e-06
5.24869e-08
2.93992e-06
-1.89457e-06
1.45213e-06
4.42441e-07
-2.97835e-06
3.09773e-06
-2.5403e-06
3.12018e-06
-2.53063e-06
3.12262e-06
-2.5827e-06
2.98771e-06
3.56652e-08
-3.34257e-06
3.99287e-06
-3.82703e-06
-4.41479e-07
2.99447e-06
-2.99447e-06
2.64505e-06
-4.01527e-07
-1.8343e-06
1.43797e-06
2.59836e-06
5.2199e-07
3.93762e-06
3.86406e-09
3.97622e-06
-3.94915e-06
-2.70762e-08
-3.93879e-06
4.07688e-10
-3.94156e-06
3.93639e-06
-3.93961e-06
3.21295e-09
-2.98629e-06
3.67716e-08
-2.98213e-06
5.54836e-08
-2.98743e-06
-8.1029e-08
-2.96302e-06
-1.17628e-07
-3.07676e-06
5.87909e-08
-3.03217e-06
7.80557e-08
-3.02512e-06
7.34292e-08
-5.42123e-09
3.9351e-06
-3.92968e-06
-3.94166e-06
6.29508e-09
-8.53789e-09
3.96696e-06
3.93675e-06
-3.9415e-06
4.74798e-09
-3.58695e-06
6.82599e-07
-4.53105e-09
2.52072e-06
1.02458e-07
-3.16941e-06
3.06696e-06
-3.4356e-06
2.18584e-07
3.9436e-06
-3.94035e-06
-2.66343e-06
2.82584e-06
2.62219e-09
-3.94312e-06
3.93215e-06
5.71589e-09
2.98558e-06
-2.98558e-06
-2.88005e-06
1.84209e-06
2.6605e-06
7.6133e-10
-3.93493e-06
-2.97955e-06
-1.75832e-08
-1.91888e-06
7.12295e-06
-5.20407e-06
-2.33205e-06
-2.88827e-06
5.22032e-06
-3.9345e-06
3.93448e-06
1.45106e-11
2.99563e-06
-2.99295e-06
2.90434e-06
-2.87617e-06
-2.98306e-06
2.98355e-06
-4.92207e-10
2.7444e-06
-2.67954e-06
1.01424e-06
-9.71132e-07
-4.3105e-08
-3.22458e-06
2.54289e-07
-5.52198e-07
2.94135e-06
-2.60051e-07
5.24727e-10
-3.43613e-06
3.93405e-06
1.09196e-09
-3.9369e-06
3.04506e-06
3.07716e-06
2.98292e-06
-2.12153e-06
1.8566e-06
-2.71327e-06
3.94011e-06
-3.93858e-06
-5.51452e-07
-2.56943e-06
-9.80212e-09
-4.05003e-06
4.64464e-06
2.50388e-06
5.46957e-07
-3.05084e-06
-5.10412e-06
3.94355e-06
2.98108e-06
-2.90158e-06
-3.93198e-06
-3.93519e-06
3.94034e-06
-5.15115e-09
3.12536e-06
2.77869e-06
-2.83612e-06
-2.55862e-06
3.00505e-06
-4.46433e-07
-1.7722e-08
3.91358e-06
3.93618e-06
-3.93933e-06
3.14747e-09
-7.88959e-09
-3.21782e-06
3.24589e-07
-2.96113e-06
-1.77952e-08
-1.90584e-09
-1.59776e-09
-1.46434e-09
-1.46905e-09
-1.88642e-09
-2.18017e-09
-1.57053e-09
-1.61689e-09
-1.90553e-09
3.118e-09
3.95342e-06
2.2798e-08
-3.0518e-06
3.82472e-08
-2.98376e-06
2.95102e-06
-3.02915e-06
-3.93935e-06
3.93844e-06
-9.45229e-09
3.93791e-06
2.73529e-06
5.17658e-07
-7.0462e-08
3.08815e-06
-2.32224e-06
-3.04724e-06
3.62167e-08
6.20941e-07
-3.726e-06
4.35249e-07
-2.5965e-06
2.16125e-06
4.57751e-07
-3.0447e-06
2.58695e-06
4.37221e-07
-2.94626e-06
2.50904e-06
7.41924e-07
-3.54697e-06
3.65332e-07
-2.78708e-06
2.42175e-06
1.12955e-06
-3.16512e-06
1.91886e-08
-3.03229e-06
5.43548e-07
-8.85117e-10
3.94465e-06
-2.91898e-06
5.58924e-07
-1.16894e-09
3.94429e-06
-3.93964e-06
-3.07877e-06
5.34103e-07
-3.94023e-06
1.28229e-09
3.93913e-06
-3.93808e-06
5.41829e-07
-3.09072e-06
-2.96111e-06
-2.95894e-06
-2.96007e-06
-2.95051e-06
-3.01863e-06
-3.01671e-06
-2.98975e-06
3.39979e-06
-2.3998e-06
3.94076e-06
-3.93855e-06
2.98044e-06
7.72642e-07
-3.2149e-06
2.90471e-06
-2.90924e-06
-3.93179e-06
-6.33554e-07
2.95957e-06
-6.26337e-07
3.28434e-06
-3.36438e-08
-3.86744e-08
-4.68899e-08
-5.1383e-08
9.60835e-08
-3.17502e-06
8.57063e-08
-3.17585e-06
1.2281e-07
-3.22809e-06
-3.92948e-06
-3.92895e-06
1.04295e-10
3.93456e-06
4.02893e-09
3.93377e-06
-2.59298e-06
-3.00132e-06
1.64071e-08
-3.03659e-06
4.87588e-08
-3.04995e-06
4.80753e-08
-3.04516e-06
5.24585e-08
-3.06326e-06
3.9121e-08
-3.05244e-06
4.74364e-08
-3.06154e-06
3.11768e-08
3.00962e-06
7.97449e-08
-3.08936e-06
3.93463e-06
-3.93783e-06
6.75472e-09
3.93164e-06
-1.07676e-07
3.00115e-10
-3.04602e-06
-2.93023e-06
-3.93814e-06
2.95117e-09
3.93554e-06
4.79768e-09
9.09405e-09
2.98884e-06
-2.99793e-06
1.04785e-07
-1.03897e-07
2.90149e-06
3.62747e-06
-5.65064e-10
-2.89591e-06
-9.1721e-09
-2.9435e-06
-4.29674e-08
2.98647e-06
3.34234e-06
-6.07975e-08
3.93249e-06
-3.94447e-06
1.19848e-08
5.95024e-07
-2.26334e-06
-6.07178e-07
-3.11007e-06
-3.13026e-06
5.50442e-07
-2.91111e-06
5.42203e-07
1.86223e-06
4.18817e-07
-3.36841e-06
-7.36439e-09
2.53654e-06
5.6565e-07
-3.10219e-06
-3.11425e-06
4.23439e-07
2.69081e-06
2.49603e-06
5.42474e-07
2.57454e-06
5.48074e-07
2.57796e-06
5.42221e-07
2.38611e-06
5.56169e-07
2.55364e-06
5.44084e-07
2.54902e-06
5.30973e-07
2.53053e-06
5.38078e-07
5.43832e-07
-3.12308e-06
-3.94211e-06
-2.3973e-09
-3.9446e-06
-5.99905e-09
-2.9811e-06
4.6438e-07
2.51672e-06
-2.52546e-06
-2.42198e-06
4.94744e-06
3.93907e-06
-3.52992e-09
-3.99748e-09
-3.93565e-06
3.93887e-06
-3.96372e-06
5.08393e-08
3.91288e-06
-2.47264e-06
-3.59722e-07
3.94081e-06
-3.93691e-06
2.85844e-07
-4.33588e-06
2.46403e-06
5.26228e-07
2.95736e-06
2.79754e-06
4.46872e-07
3.08083e-06
-4.82474e-07
9.06887e-08
-2.82031e-06
2.72962e-06
-3.01523e-06
4.7e-07
-3.07795e-06
2.60795e-06
-4.04334e-08
2.99628e-06
-5.49215e-08
2.97657e-06
8.19925e-08
2.97821e-06
7.43529e-08
2.93839e-06
6.52724e-08
3.02814e-06
-6.84738e-08
3.02336e-06
-6.55799e-08
2.99992e-06
9.13399e-09
2.91257e-06
-4.16002e-09
-2.98305e-06
2.19229e-08
3.44627e-08
3.94621e-06
-3.94414e-06
-2.9799e-06
2.56454e-08
1.79788e-08
2.52582e-06
-3.0451e-06
5.19286e-07
-2.61193e-06
2.88802e-06
-5.98874e-09
-3.48758e-06
4.70958e-07
2.78596e-06
4.05168e-07
3.93519e-06
-3.93844e-06
3.24108e-09
-3.9376e-06
3.9376e-06
3.09179e-06
-5.87902e-07
-3.01269e-06
5.15762e-08
-3.02533e-06
6.63958e-08
-3.02629e-06
6.62161e-08
-2.99085e-06
4.03457e-08
-3.06726e-06
4.86274e-08
-3.0708e-06
5.40831e-08
-3.0311e-06
4.1354e-08
-2.99231e-06
2.83424e-08
-7.13173e-09
-3.94915e-06
1.533e-08
3.93441e-06
4.6557e-09
-3.95768e-06
2.93127e-06
-2.87207e-06
2.21896e-06
-5.48239e-07
2.95537e-06
2.48915e-08
-2.69996e-06
2.58608e-06
-2.92879e-06
3.9407e-06
2.74417e-06
-2.23452e-07
1.98101e-06
-2.67124e-06
-2.85864e-06
4.53872e-06
-4.25287e-06
2.57511e-06
-3.10094e-06
5.25831e-07
-3.08351e-06
5.43215e-07
3.92331e-06
-3.94103e-06
-3.07369e-06
5.43064e-07
-3.1337e-06
5.50994e-07
2.56228e-06
5.18547e-07
2.63037e-06
5.37911e-07
2.54349e-06
5.38067e-07
2.65003e-06
5.4773e-07
2.56381e-06
5.75239e-07
-4.36523e-06
3.94165e-06
-3.93692e-06
-3.85293e-07
2.99392e-06
3.93758e-06
-3.93844e-06
-1.28254e-06
4.34217e-09
-7.27585e-07
4.40148e-06
3.93253e-06
-3.93709e-06
4.55737e-09
-2.14865e-06
1.24068e-06
-2.79104e-06
-1.94978e-06
-6.90519e-08
3.99463e-06
5.55423e-07
-3.12485e-06
1.07288e-06
1.58236e-06
3.08034e-06
-2.9272e-06
-3.93293e-06
3.92751e-06
3.93753e-06
-3.93815e-06
-1.51974e-08
-3.94548e-06
3.94222e-06
-3.03541e-06
3.93494e-06
-2.41039e-09
-4.81379e-07
-1.54494e-06
-2.18105e-06
2.87755e-06
-3.02217e-06
-2.67305e-09
-2.80401e-06
3.93771e-06
-3.92768e-06
-2.97778e-06
2.33476e-06
2.12649e-06
-2.89933e-06
2.79543e-06
2.98572e-06
-2.98629e-06
2.79999e-06
-2.79543e-06
-4.55979e-09
-2.90524e-06
2.89607e-06
2.85355e-06
-2.89652e-06
2.99265e-06
-2.98355e-06
-2.77138e-06
2.87617e-06
-2.99265e-06
2.99295e-06
-2.8929e-06
2.67954e-06
2.1336e-07
-2.94794e-06
-3.94631e-07
3.93421e-06
-3.93732e-06
3.11388e-09
2.57305e-06
5.53836e-07
7.68569e-09
-3.65641e-07
1.63217e-06
3.94139e-06
-3.93682e-06
-4.56883e-09
5.35134e-09
-3.94995e-06
-7.2075e-10
3.94379e-06
-3.94307e-06
3.93454e-06
-2.91642e-06
-3.41835e-06
3.41887e-06
-3.94275e-06
8.89209e-09
-3.13889e-06
7.08618e-07
3.03848e-06
-3.08617e-06
3.93726e-06
4.00348e-06
-3.91717e-06
-8.63041e-08
3.93664e-06
-3.93591e-06
-3.24538e-06
-2.42202e-07
-3.94875e-06
-2.85679e-06
-2.87483e-06
1.61937e-08
-4.53146e-07
2.922e-06
4.20342e-07
3.92866e-06
-5.30204e-07
3.93696e-06
-9.84329e-10
-3.79433e-06
-4.96524e-09
3.9587e-06
2.90471e-06
2.98785e-06
2.87755e-06
2.99225e-06
2.90434e-06
2.94824e-06
-2.90924e-06
-2.77138e-06
3.00242e-06
2.99563e-06
3.08034e-06
-2.8929e-06
2.98628e-06
2.83013e-06
-3.00377e-06
2.7444e-06
2.75557e-06
2.79999e-06
-2.98189e-06
2.85355e-06
2.98572e-06
2.44415e-06
-2.44415e-06
2.99264e-06
-3.94653e-06
-3.10358e-06
3.11671e-06
-2.57063e-06
3.12605e-06
3.9326e-06
-3.93725e-06
4.65513e-09
-1.23377e-07
-3.65362e-09
-3.04403e-06
8.62562e-09
-3.05094e-07
2.97825e-06
3.59987e-09
-3.9083e-06
3.9047e-06
3.82865e-09
9.38934e-09
-3.89423e-06
1.66779e-09
3.89257e-06
1.76238e-07
-4.05918e-06
3.88294e-06
3.92986e-06
5.24318e-09
-3.9351e-06
3.9295e-06
5.43456e-09
-2.82001e-06
2.57477e-06
5.17019e-07
-3.91384e-06
-2.25487e-08
3.93639e-06
3.96005e-06
8.31576e-09
3.90673e-06
9.67474e-08
3.93529e-06
-3.9337e-06
-3.93758e-06
3.93175e-06
3.95985e-09
1.87267e-07
-3.60561e-06
-4.30533e-09
3.11054e-06
-2.54489e-06
3.02392e-06
-2.97901e-06
-4.49054e-08
3.58139e-06
-2.41133e-06
-1.17005e-06
3.39399e-06
-2.97055e-06
3.11932e-06
-2.57685e-06
3.11866e-06
-2.57512e-06
3.12165e-06
-2.57357e-06
3.12115e-06
-2.57893e-06
3.06403e-06
-2.50786e-06
3.0671e-06
-2.50818e-06
-3.18518e-07
-4.01736e-06
3.10722e-06
-2.56314e-06
3.10516e-06
-2.57418e-06
3.11044e-06
-2.57634e-06
3.11373e-06
-2.57565e-06
3.11679e-06
-2.57296e-06
-1.73326e-09
2.47177e-09
-3.91041e-06
3.90794e-06
-8.54239e-09
4.10869e-06
-7.71639e-08
-4.03153e-06
3.08053e-06
-2.50529e-06
3.12299e-06
-2.572e-06
3.94642e-06
3.58192e-06
-2.50852e-06
-1.0734e-06
3.12217e-06
-2.57911e-06
3.10682e-06
-2.5636e-06
3.03379e-06
-2.56941e-06
3.12156e-06
-2.57752e-06
3.04944e-06
3.09937e-06
-2.58082e-06
3.93523e-06
-5.37584e-09
-3.18812e-06
2.72387e-06
4.64256e-07
-3.58792e-06
2.5804e-06
3.89155e-09
3.93239e-06
-3.93554e-06
3.1544e-09
4.53872e-06
-5.40615e-08
4.00749e-06
3.10712e-06
-2.58089e-06
-3.89021e-06
3.91105e-06
-7.37306e-09
-2.04252e-08
-3.94484e-06
6.99513e-10
-2.22399e-09
-3.9853e-06
4.16154e-06
-2.83934e-06
-2.9272e-06
-2.96351e-06
2.92683e-06
2.96771e-06
-3.66303e-06
4.1765e-07
3.11991e-06
-2.5777e-06
9.49778e-09
-5.31437e-07
-3.9258e-06
-2.51655e-09
3.92831e-06
2.27917e-07
-3.02217e-06
-2.99309e-06
3.00673e-06
-1.36347e-08
3.47925e-06
-2.95478e-06
-7.06836e-08
-4.14554e-06
3.16032e-06
-3.5414e-07
3.04435e-06
3.93462e-06
-3.93217e-06
3.93675e-06
3.93445e-06
-3.93346e-06
-2.96119e-06
2.9555e-06
5.69451e-09
-2.80693e-06
-1.64274e-08
3.19213e-06
-2.67284e-06
3.05444e-06
6.72977e-09
-2.57102e-06
3.19824e-06
-2.65641e-06
-2.76883e-06
3.12801e-06
-2.58028e-06
3.12387e-06
-2.5858e-06
3.10601e-06
-2.5681e-06
3.12663e-06
-2.62598e-06
-2.99406e-06
3.0374e-06
-4.33372e-08
2.46585e-08
1.46622e-10
2.87232e-06
-5.33628e-08
3.15424e-06
-2.62841e-06
3.10594e-06
-2.58395e-06
-3.93098e-06
3.93622e-06
-3.95466e-06
3.95938e-06
6.55823e-09
5.25686e-06
-4.64984e-06
2.91426e-06
-2.80121e-06
3.24342e-06
-3.28385e-06
2.92643e-06
-2.88965e-06
2.97503e-06
-2.92345e-06
3.21311e-06
-3.26803e-06
2.81761e-06
-2.76213e-06
2.95685e-06
-2.89045e-06
3.11905e-06
-3.03706e-06
3.56025e-06
-3.64128e-06
2.9686e-06
-2.90238e-06
3.12316e-06
-3.0488e-06
3.5365e-06
-3.65412e-06
2.81983e-06
-2.77948e-06
2.86961e-06
-2.80434e-06
3.03685e-06
-2.97806e-06
3.18957e-06
-3.14094e-06
3.42954e-06
-3.49801e-06
2.93416e-06
-2.8561e-06
3.17979e-06
-3.12571e-06
3.41327e-06
-3.47885e-06
2.92439e-06
-2.85096e-06
3.13518e-06
-3.09382e-06
3.17988e-06
-3.17074e-06
3.0774e-06
-3.04294e-06
3.11161e-06
-3.08327e-06
3.1457e-06
-3.14986e-06
3.04094e-06
-3.03279e-06
2.98431e-06
-2.96228e-06
2.9799e-06
-2.95798e-06
-5.59438e-09
2.97817e-06
-2.95328e-06
-3.93271e-06
-3.31453e-10
2.97738e-06
-2.95174e-06
3.93555e-06
-3.93154e-06
2.97695e-06
-2.94694e-06
2.97109e-06
-2.95311e-06
4.10869e-06
4.7527e-09
2.97197e-06
-2.95638e-06
-3.9307e-06
-1.37795e-08
-3.93309e-06
3.93309e-06
-3.95324e-06
2.25433e-08
-2.98638e-06
2.97761e-06
-2.95111e-06
3.93524e-06
-3.47576e-06
-1.52445e-07
4.17717e-09
3.9324e-06
-3.93168e-06
-4.06247e-06
3.98976e-06
-3.96696e-06
-3.89993e-06
-5.33133e-08
3.17667e-06
2.97439e-06
-2.95906e-06
1.1029e-08
-2.19748e-08
-1.89227e-08
3.13938e-06
-2.62172e-06
1.86551e-08
-3.93088e-06
3.93544e-06
3.20267e-06
-2.66279e-06
2.9623e-06
-2.96782e-06
3.94383e-06
-3.94545e-06
-3.97929e-06
-1.12483e-06
-3.93175e-06
3.93159e-06
-4.25287e-06
3.94778e-06
2.84198e-06
5.01141e-07
-4.01528e-06
4.04852e-06
1.17018e-06
1.92591e-06
4.64984e-06
-4.28149e-06
3.98976e-06
3.47065e-09
2.42348e-09
-3.94787e-06
9.44197e-09
3.93844e-06
3.9291e-06
5.99522e-09
-4.04852e-06
4.15367e-06
-2.16318e-09
3.92991e-06
5.32109e-09
2.97946e-06
-2.9614e-06
-2.62606e-07
-4.01528e-06
1.87146e-09
-3.90257e-06
3.9007e-06
4.0007e-06
-3.95807e-06
-3.97124e-06
-4.0007e-06
3.13227e-06
-2.57655e-06
3.94993e-06
-1.48547e-08
-6.61442e-09
3.95655e-06
-3.95279e-06
5.15808e-07
-3.94273e-06
3.94213e-06
4.15367e-06
4.28149e-06
3.94273e-06
-3.94856e-06
-3.96572e-06
-1.28211e-08
2.22172e-08
-3.93606e-06
-3.95688e-06
3.94299e-06
3.94213e-06
-3.943e-06
-3.96234e-06
3.95807e-06
-3.93106e-06
3.93586e-06
3.9312e-06
3.96234e-06
3.94884e-06
-3.94856e-06
-3.96138e-06
-2.31527e-08
3.97503e-06
-3.93365e-06
3.93585e-06
3.55421e-09
-3.9394e-06
4.90385e-09
3.94393e-06
3.95385e-06
-8.16661e-09
-3.97503e-06
3.96138e-06
3.93493e-06
9.17573e-10
3.94646e-06
3.93857e-06
-3.93365e-06
-3.9568e-06
6.4324e-09
-3.93611e-06
4.89789e-09
-3.93588e-06
-3.97194e-06
3.94077e-06
-5.04048e-09
3.91153e-06
-3.90649e-06
3.93781e-06
7.60797e-10
3.93367e-06
4.81483e-09
-3.93569e-06
3.93578e-06
-2.1052e-09
4.48921e-09
-2.71546e-09
3.937e-06
-3.93429e-06
3.9358e-06
-2.66244e-11
-3.93497e-06
3.92982e-06
3.93134e-06
-3.93345e-06
5.46478e-09
-3.40228e-10
3.90571e-06
-3.90537e-06
3.93757e-06
-3.94153e-06
-1.68898e-09
3.93749e-06
-3.93589e-06
3.93411e-06
-5.74735e-09
3.93389e-06
-3.92814e-06
-3.93986e-06
-3.93053e-06
3.93335e-06
-2.81932e-09
3.93808e-06
6.2045e-09
3.42692e-09
3.93999e-06
-1.90562e-09
3.93302e-06
-3.94435e-06
3.94449e-06
-3.93021e-06
3.93333e-06
3.9322e-06
-3.9357e-06
5.17647e-09
3.93162e-06
-3.93134e-06
3.93162e-06
-3.92914e-06
3.93863e-06
5.20915e-09
3.92805e-06
-3.93114e-06
-2.96053e-09
3.93598e-06
-3.93567e-06
3.9381e-06
-2.1616e-09
3.92905e-06
-3.93096e-06
3.93408e-06
-3.93134e-06
3.93134e-06
-3.93144e-06
2.499e-09
3.92871e-06
-3.93232e-06
4.81949e-09
-1.59778e-09
3.93641e-06
-2.33578e-09
3.93022e-06
-3.93184e-06
5.08594e-09
3.92976e-06
-3.9328e-06
3.93296e-06
-2.08851e-09
3.93073e-06
-3.93231e-06
3.93576e-06
-2.25183e-09
8.66296e-09
3.93007e-06
-3.93311e-06
3.93539e-06
-2.42392e-09
3.93112e-06
-3.9333e-06
3.93811e-06
-2.0943e-09
-2.0765e-09
3.93379e-06
3.93103e-06
-3.93407e-06
-3.93568e-06
3.93366e-06
3.93227e-06
-3.93416e-06
-2.06469e-09
-2.23831e-09
3.44645e-09
3.93169e-06
-3.93514e-06
1.08272e-08
3.93324e-06
-3.93668e-06
3.93606e-06
-2.27021e-09
3.93275e-06
-3.93474e-06
3.93327e-06
8.36391e-09
-3.9356e-06
3.93229e-06
-1.99006e-09
-2.27154e-09
-3.93516e-06
3.93369e-06
-3.92763e-06
3.92763e-06
-3.92876e-06
-3.29875e-11
3.93582e-06
-3.93579e-06
-2.40457e-09
1.11458e-08
-1.79869e-09
-9.16966e-10
3.93139e-06
-2.84744e-11
-1.90534e-09
-2.44353e-09
-3.411e-09
-9.95643e-09
3.93528e-06
-3.92532e-06
-3.95556e-06
-3.9231e-06
3.9231e-06
-3.92493e-06
-3.93382e-06
3.9328e-06
1.01376e-09
1.20996e-08
-5.41784e-10
-3.93859e-06
4.77009e-09
3.91856e-06
-3.92108e-06
3.91856e-06
7.48265e-09
-3.93692e-06
2.21587e-09
6.20873e-09
3.92723e-06
-3.92465e-06
-2.57756e-09
3.92723e-06
-3.92673e-06
3.92834e-06
-1.60908e-09
3.92673e-06
5.02055e-10
-3.92465e-06
-3.92557e-06
9.19623e-10
3.9388e-06
-3.93187e-06
3.9388e-06
-5.20407e-06
3.94265e-06
-3.93211e-06
-3.93177e-06
3.93177e-06
3.97125e-06
-3.9329e-06
3.94265e-06
3.97125e-06
-3.9312e-06
3.9312e-06
3.93146e-06
-3.93146e-06
3.9329e-06
-3.99391e-06
-3.93281e-06
3.93174e-06
-3.93174e-06
-3.9313e-06
3.9313e-06
-3.92108e-06
3.89638e-06
-3.89638e-06
3.92834e-06
3.92688e-06
-3.92688e-06
3.93159e-06
3.93199e-06
-3.93199e-06
-3.96506e-06
-3.9314e-06
3.9314e-06
-3.9568e-06
-3.93144e-06
-3.92493e-06
-3.92876e-06
3.9227e-06
-3.9227e-06
3.93777e-06
-3.93777e-06
-3.93143e-06
3.93143e-06
-3.93127e-06
3.93127e-06
-4.03153e-06
-3.95511e-06
-3.93137e-06
3.93137e-06
-3.92557e-06
-3.93211e-06
3.93187e-06
-3.93846e-06
-3.93134e-06
3.93119e-06
-3.93119e-06
-3.9309e-06
3.9309e-06
3.94246e-06
-3.93604e-06
-3.94246e-06
3.93604e-06
-3.93846e-06
-4.1965e-09
6.84294e-09
-3.93499e-06
-3.93218e-06
3.93737e-06
-3.60293e-09
3.9447e-06
-3.97058e-09
-3.94073e-06
-3.93202e-06
3.93823e-06
3.94051e-06
3.94735e-06
-3.93714e-06
4.95615e-09
3.94393e-06
5.35527e-09
-3.92715e-06
3.93273e-06
3.94725e-06
1.10715e-08
3.94365e-06
3.13003e-09
-3.02721e-09
-3.9218e-06
3.92402e-06
3.94678e-06
3.94358e-06
-3.9207e-06
3.92547e-06
1.09325e-08
3.94626e-06
3.94324e-06
-3.31649e-09
3.90984e-06
-3.90653e-06
3.94234e-06
8.96826e-10
6.07442e-09
-3.94643e-06
3.93921e-06
-3.92473e-06
3.93222e-06
-5.44297e-10
7.38697e-10
3.94528e-06
-3.92074e-06
3.93284e-06
3.94474e-06
-3.9298e-06
3.93303e-06
1.14781e-08
5.01496e-09
3.94704e-06
-3.0398e-09
3.91592e-06
-3.91288e-06
3.95059e-06
3.9556e-06
-3.93337e-06
3.93146e-06
3.94077e-06
-1.143e-08
3.94349e-06
-3.933e-06
3.93246e-06
3.94516e-06
3.58376e-11
1.55214e-09
-3.92204e-06
3.93319e-06
3.93373e-06
-3.9299e-06
3.9336e-06
1.04164e-08
3.93528e-06
-3.28537e-09
3.92128e-06
-3.918e-06
-3.93387e-06
3.93046e-06
3.94018e-06
-4.90113e-09
-1.02767e-08
3.94221e-06
3.8524e-09
3.94348e-06
3.93943e-06
-3.93283e-06
3.93281e-06
3.94328e-06
7.68297e-10
3.933e-06
-3.92298e-06
3.93381e-06
-3.93389e-06
3.93209e-06
3.9343e-06
-3.92918e-06
3.93524e-06
9.8252e-09
3.89024e-09
-4.63116e-09
3.92792e-06
-3.92329e-06
3.93823e-06
-3.93093e-09
3.94212e-06
-7.43536e-09
3.93854e-06
-3.9344e-06
3.93241e-06
-3.80104e-09
-3.92963e-06
3.938e-06
3.94257e-06
5.60623e-09
3.50213e-09
3.93514e-06
-3.9341e-06
3.94002e-06
5.01741e-09
4.64644e-09
-3.9338e-06
3.93864e-06
-3.89804e-09
3.93339e-06
-3.9295e-06
3.93167e-06
-3.93494e-06
3.93287e-06
-3.93212e-06
-3.93715e-06
3.92858e-06
3.93488e-06
1.61654e-09
2.87894e-09
3.92951e-06
5.36836e-09
-3.92401e-06
3.93267e-06
-3.92758e-06
3.93266e-06
3.93113e-06
-4.56556e-09
3.93521e-06
-3.93064e-06
3.93578e-06
-3.92835e-06
3.93343e-06
-3.93529e-06
3.9332e-06
5.09891e-09
2.93927e-09
3.93892e-06
3.93588e-06
4.3106e-09
3.93882e-06
-3.92857e-06
3.93348e-06
3.93502e-06
-3.88803e-09
3.93766e-06
-3.93335e-06
3.93826e-06
-3.93553e-06
3.93344e-06
4.86261e-09
-3.92974e-06
3.93456e-06
3.11229e-09
3.93497e-06
-3.93081e-06
3.93559e-06
-3.6876e-09
3.74621e-09
3.9365e-06
-3.93276e-06
3.93808e-06
3.93419e-06
3.74381e-09
-3.92977e-06
3.93227e-06
-3.93506e-06
2.93873e-09
3.93731e-06
-3.93666e-06
-3.92824e-06
3.93342e-06
3.93403e-06
5.82341e-09
3.93697e-06
3.93328e-06
-3.942e-06
3.94403e-06
-2.02637e-09
1.02593e-09
3.93138e-06
4.02729e-09
3.93506e-06
-3.93103e-06
3.93644e-06
-3.91598e-06
3.92724e-06
-1.12576e-08
3.93389e-06
-3.92817e-06
3.93338e-06
-1.59927e-09
5.2484e-09
3.92983e-06
-3.93479e-06
4.96507e-09
3.93491e-06
-3.92884e-06
3.93505e-06
-3.93245e-06
3.92558e-06
6.86835e-09
3.93331e-06
-3.9314e-06
3.93615e-06
-3.95643e-06
3.95609e-06
4.53642e-09
-5.45886e-09
-3.91052e-06
3.93576e-06
-2.45121e-09
-3.64194e-09
-3.92982e-06
3.757e-09
3.92971e-06
-3.93346e-06
3.93449e-06
-1.21726e-08
3.93453e-06
-5.43085e-09
3.93956e-06
-5.07659e-09
9.07263e-10
-3.93336e-06
3.9321e-06
-5.79057e-09
3.93948e-06
-3.92929e-06
-5.67655e-09
-3.93158e-06
3.93501e-06
-3.94343e-06
3.92907e-06
1.43568e-08
3.93586e-06
-3.93739e-06
3.92794e-06
9.44628e-09
-5.48594e-09
3.93107e-06
-3.93321e-06
3.92917e-06
4.03184e-09
-3.93163e-06
3.93709e-06
3.93007e-06
-3.40826e-09
3.93323e-06
-6.93603e-09
3.93528e-06
-3.38149e-09
3.93098e-06
-3.9323e-06
3.93696e-06
-3.65415e-09
3.9313e-06
-3.24926e-10
3.92581e-06
3.92465e-06
3.9172e-06
7.45267e-09
-3.93379e-06
3.93828e-06
3.91026e-06
-3.93347e-06
3.93829e-06
-4.82075e-09
-3.93307e-06
3.93402e-06
-9.58053e-10
-3.16445e-09
-3.94557e-06
3.93899e-06
6.5776e-09
3.92203e-06
-1.17753e-08
1.60281e-08
3.88464e-06
-3.90067e-06
-3.93492e-06
3.93974e-06
-3.93092e-06
3.92514e-06
5.78055e-09
-3.9373e-06
5.17634e-09
3.9346e-06
-3.94774e-06
1.31452e-08
3.91636e-06
-5.74113e-09
-3.9273e-06
3.93304e-06
3.97303e-06
3.37151e-09
-2.00072e-09
-3.92849e-06
3.93049e-06
3.93239e-06
-3.93128e-06
3.92878e-06
2.49793e-09
3.92898e-06
-3.94042e-06
3.93538e-06
-3.93493e-06
3.93993e-06
-4.9936e-09
3.93104e-06
-2.05904e-09
-4.46134e-09
-3.92516e-06
3.92962e-06
3.92958e-06
1.46162e-09
-3.9365e-06
3.9414e-06
-3.93632e-06
3.94176e-06
-5.43538e-09
-3.9317e-06
3.92599e-06
5.70413e-09
3.92511e-06
3.89875e-06
-1.41142e-08
-3.42792e-09
-1.23579e-08
3.92311e-06
3.93096e-06
-4.03271e-09
-3.93769e-06
3.94413e-06
3.89669e-06
3.91628e-06
6.82822e-09
-2.84649e-08
-3.92268e-06
-2.89791e-09
-3.92268e-06
-3.90672e-06
3.90672e-06
-1.03414e-08
3.91147e-06
4.81481e-09
4.06377e-09
1.50602e-08
3.88913e-06
-3.90419e-06
-3.9312e-06
3.92622e-06
4.97998e-09
-3.93717e-06
3.94317e-06
-3.92776e-06
-3.51845e-09
-2.67448e-09
3.93072e-06
-3.92805e-06
2.95478e-06
-3.93124e-06
3.92572e-06
5.51744e-09
-3.93185e-06
3.92649e-06
5.35697e-09
3.92261e-06
-1.1139e-08
3.91687e-06
-3.94541e-06
3.93193e-06
-3.92862e-06
3.93029e-06
-1.67328e-09
9.44282e-10
-3.65542e-09
3.93243e-06
3.92852e-06
3.40507e-09
-3.92319e-06
3.92319e-06
3.44626e-09
-3.93255e-06
3.92911e-06
-3.9321e-06
3.93241e-06
-3.88502e-09
1.45451e-08
3.97873e-06
-3.94487e-06
3.95089e-06
-6.02064e-09
3.92973e-06
-3.9304e-06
3.92588e-06
4.51781e-09
-3.9371e-06
4.99924e-09
3.93318e-06
3.94582e-06
2.9633e-09
3.93192e-06
-3.92808e-06
-3.84148e-09
3.93616e-06
-3.94037e-06
4.21311e-09
-1.64679e-08
5.14868e-10
3.92966e-06
-1.45754e-08
3.91198e-06
-2.28537e-08
-3.94516e-06
3.95404e-06
-8.87307e-09
-3.92639e-06
3.92337e-06
3.0194e-09
3.9081e-06
3.93293e-06
-3.27003e-09
3.52924e-09
-3.93272e-06
3.92919e-06
-2.44537e-08
3.92783e-06
4.09625e-09
-3.92972e-06
3.92634e-06
3.37589e-09
3.92928e-06
3.93104e-06
-3.92783e-06
3.93048e-06
-2.65171e-09
3.93274e-06
-3.634e-09
-3.92591e-06
3.93047e-06
-4.55084e-09
-2.62096e-08
3.99834e-06
-3.92338e-06
-4.78575e-08
3.93281e-06
3.92894e-06
3.43426e-09
-3.93238e-06
3.92947e-06
-3.92702e-06
3.91657e-06
1.04477e-08
4.35451e-09
1.08858e-06
2.91041e-06
-3.99899e-06
-3.92159e-06
-5.42969e-09
-3.25107e-09
3.92896e-06
-3.31857e-06
-4.00464e-09
3.93183e-06
3.93203e-06
-3.08627e-09
-3.92919e-06
3.92934e-06
-1.54671e-10
-2.57491e-06
3.9324e-06
3.44745e-09
3.92858e-06
-3.94636e-06
3.95467e-06
-8.31539e-09
-4.67819e-11
-1.58779e-08
-3.60216e-06
-4.82147e-07
3.92839e-06
-3.94845e-06
3.9637e-06
-1.52531e-08
-3.94804e-06
3.95328e-06
-5.24253e-09
-3.94406e-06
3.93184e-06
3.93716e-06
3.93716e-06
3.9483e-06
-3.9483e-06
-3.9405e-06
-3.18474e-09
3.9482e-06
-3.93088e-06
4.96895e-09
3.9293e-06
-3.91771e-06
-1.15924e-08
7.24756e-09
-3.94512e-06
3.25203e-09
-3.92982e-06
3.92656e-06
3.92743e-06
4.41159e-09
-5.81716e-09
-3.92864e-06
3.93363e-06
-4.99098e-09
-3.92547e-06
3.93723e-06
-1.17672e-08
3.92647e-06
5.35772e-09
-1.44181e-07
3.93091e-06
-3.48559e-09
1.56599e-08
3.93558e-06
-3.93558e-06
3.93329e-06
-3.93089e-06
8.87802e-09
-3.94118e-06
3.95631e-06
-1.51348e-08
-3.11696e-06
-3.92537e-06
3.95045e-06
-2.50824e-08
3.92481e-06
2.6969e-09
-3.92751e-06
3.92636e-06
-3.9445e-06
1.42647e-09
3.92377e-06
1.04071e-09
3.93105e-06
-2.46874e-09
-7.36125e-09
3.92393e-06
3.92962e-06
-3.92757e-06
-2.25123e-09
3.93209e-06
-3.93209e-06
-3.94784e-06
3.97005e-06
3.95371e-06
1.45707e-08
-3.95924e-06
3.92419e-06
2.97484e-06
-2.97049e-06
3.93715e-06
-3.9349e-06
3.95881e-06
3.96094e-06
-3.93808e-09
-3.95701e-06
2.98781e-06
-8.47551e-09
3.93326e-06
-3.93689e-06
3.63106e-09
1.30636e-09
3.92247e-06
2.99241e-06
-1.1876e-06
-1.40538e-06
-4.17669e-08
1.18622e-08
3.92688e-06
-3.95232e-06
3.93612e-06
-3.94964e-06
3.98787e-06
-3.82313e-08
3.93286e-06
4.97469e-07
-4.09963e-06
-9.47191e-10
3.91952e-06
-7.78943e-09
3.90339e-06
-3.8956e-06
-3.92824e-06
-1.04274e-07
-1.79777e-06
1.90204e-06
2.46755e-06
-2.86908e-06
3.92083e-06
3.91447e-06
6.35992e-09
3.00636e-06
3.9297e-06
-3.93116e-06
3.89446e-06
-3.89198e-06
2.61354e-10
-4.53672e-09
-3.90912e-06
3.91366e-06
3.91328e-06
1.18531e-09
5.40199e-07
4.79029e-07
6.02376e-07
9.82653e-07
5.4441e-07
5.41814e-07
5.46533e-07
5.42953e-07
1.09986e-07
4.95109e-07
5.59241e-07
5.99046e-07
-3.94849e-06
5.4942e-07
5.34961e-07
5.3626e-07
5.3739e-07
5.43239e-07
5.41139e-07
-3.93133e-06
-1.37836e-08
5.4368e-07
5.48597e-07
3.90811e-06
5.17745e-09
6.36276e-07
-3.91023e-06
3.9587e-06
-4.84729e-08
5.25265e-07
6.08223e-09
-3.94604e-06
5.29962e-07
-3.9288e-06
5.66377e-10
3.91771e-06
4.75379e-09
-3.88468e-06
3.9036e-06
3.90357e-06
3.93011e-06
-3.93011e-06
-4.03073e-06
3.58925e-06
6.9295e-07
-3.91405e-06
3.99626e-06
-8.22107e-08
5.56014e-07
5.44758e-07
5.42413e-07
5.49109e-07
5.23745e-07
-3.93178e-06
3.9189e-06
3.09712e-06
-2.5801e-06
-4.46559e-08
3.89578e-06
-3.94425e-06
-5.70376e-09
-9.34669e-07
9.77882e-09
3.93666e-06
-3.8024e-09
3.8555e-06
-1.09979e-08
-3.8445e-06
5.39015e-07
-3.91423e-06
5.25123e-07
-3.9432e-06
-5.54937e-09
-3.02048e-09
-3.93816e-06
3.26442e-09
-3.79195e-06
-1.29477e-08
3.8049e-06
3.93044e-06
-3.9114e-06
-2.20663e-08
-3.93107e-06
-2.17221e-08
-3.86782e-06
3.88954e-06
-3.92513e-06
1.0895e-08
3.88497e-06
1.0814e-08
-3.94661e-06
-3.94568e-06
2.55671e-09
-3.59719e-06
8.83914e-07
3.87554e-06
9.42549e-09
3.95506e-06
-3.95832e-06
3.85382e-06
3.87518e-06
2.82189e-08
-6.69398e-07
6.14426e-07
-3.84725e-06
4.06104e-06
-2.13782e-07
3.93064e-06
6.35544e-08
3.88943e-06
3.9315e-06
-3.92906e-06
-3.93208e-06
-3.59027e-06
1.54142e-07
3.84282e-06
4.0209e-06
-1.31467e-07
-3.93197e-06
-3.93289e-06
3.92808e-06
-3.93602e-06
3.89265e-06
2.1004e-08
-3.8846e-06
4.00971e-08
-6.61195e-08
-3.75528e-06
3.8214e-06
2.82309e-06
-3.91568e-06
3.91568e-06
-3.95279e-06
3.0001e-06
2.95372e-06
-2.97608e-06
5.3187e-07
-3.07916e-06
3.07492e-06
-3.07492e-06
-3.00109e-07
-3.59398e-06
3.89409e-06
-1.73643e-07
3.90347e-06
4.42208e-07
-3.57427e-07
8.53754e-08
2.89661e-07
-4.5042e-07
1.9472e-07
2.28598e-07
-6.72684e-07
2.20773e-07
-8.34299e-07
9.01282e-08
2.11511e-07
-5.63853e-07
3.2369e-07
-5.54461e-07
2.84215e-07
-1.47956e-08
-3.59082e-06
6.86708e-08
-4.84769e-08
3.80386e-06
3.8963e-08
1.76187e-08
3.93535e-06
-4.70701e-09
2.01981e-08
2.41014e-08
2.52059e-08
-3.93594e-06
-8.38049e-11
3.56519e-08
2.41528e-08
3.93079e-06
-3.92785e-06
3.92785e-06
-6.65355e-07
1.88604e-08
-3.91647e-06
-2.96721e-06
-3.60507e-06
-3.9438e-06
2.1224e-08
3.91444e-06
-3.91257e-06
2.71829e-06
-2.71829e-06
-1.0686e-08
-3.94027e-06
3.94434e-06
-4.07285e-09
3.79091e-06
3.92647e-06
3.82449e-06
6.50479e-08
3.71188e-06
9.30184e-08
-3.77587e-06
2.32755e-08
-3.71035e-06
1.05279e-07
3.92766e-06
3.76859e-06
-3.93107e-06
2.84019e-06
-7.73795e-07
3.72479e-06
1.44431e-08
-3.48048e-06
5.01637e-07
3.93265e-06
-3.93173e-06
3.24058e-09
3.93277e-06
-6.29655e-09
3.31032e-07
-3.92501e-06
-4.65647e-07
3.86345e-06
3.32621e-06
-4.05379e-06
1.08173e-07
-3.27665e-06
-3.95729e-06
1.1526e-07
3.92983e-06
-3.95745e-06
3.9503e-06
2.0755e-07
-4.15785e-06
-3.72632e-06
1.35502e-07
3.48666e-06
-3.75101e-06
2.64355e-07
3.89961e-06
-3.89961e-06
-3.21499e-06
1.1642e-08
-3.92743e-06
-3.64037e-06
-3.26189e-06
3.93012e-06
3.93059e-06
-3.93059e-06
1.26558e-08
3.6408e-06
3.64573e-06
1.75667e-07
3.78905e-07
2.13915e-07
-8.68943e-07
3.90626e-06
1.36994e-08
-3.91996e-06
2.9692e-06
-2.97096e-06
3.91144e-06
3.04931e-06
3.9521e-06
-3.94745e-06
2.84785e-06
-2.84785e-06
-3.94048e-06
3.93444e-06
-3.93211e-06
1.34344e-08
-3.84125e-06
2.00883e-07
-3.41194e-06
3.82959e-06
-2.87421e-06
2.87421e-06
-2.33987e-06
2.33987e-06
3.01244e-06
-2.96604e-06
-2.48241e-06
2.48241e-06
3.19289e-06
-3.19289e-06
-2.70012e-06
-2.90182e-06
2.90182e-06
3.11919e-06
-2.83892e-06
2.83892e-06
-2.78197e-06
2.78197e-06
-2.7488e-06
2.7488e-06
3.27017e-06
-3.27017e-06
2.58951e-06
3.05645e-06
-3.05645e-06
3.06129e-06
3.1706e-06
-3.1706e-06
3.10754e-06
3.05694e-06
-2.81202e-06
2.81202e-06
-3.2648e-06
-2.92653e-06
-2.78696e-06
3.18989e-06
-3.18989e-06
2.85585e-06
-2.85585e-06
3.13099e-06
3.04576e-06
3.08269e-06
3.15711e-06
3.92773e-06
-3.92545e-06
3.08545e-06
-2.53849e-06
3.93592e-06
-5.80475e-09
-4.02245e-06
8.36382e-08
3.93881e-06
3.92761e-06
3.93977e-06
-3.45729e-09
3.72413e-06
-3.93791e-06
3.94154e-06
-3.09555e-06
-3.94425e-06
-3.9489e-06
3.92391e-06
-3.92391e-06
5.16439e-07
3.89017e-06
-3.88657e-06
-1.01257e-08
-2.9179e-06
2.92803e-06
3.92792e-06
3.89135e-06
-3.89135e-06
3.94447e-06
-3.94582e-06
-3.93508e-06
-3.92498e-06
3.90243e-06
-3.94015e-06
4.21045e-09
-2.89199e-06
2.62782e-06
3.92872e-06
-3.92872e-06
-3.11661e-06
5.45587e-07
-3.20203e-06
-3.1211e-06
5.40816e-07
-3.13586e-06
5.5006e-07
-3.10579e-06
5.37684e-07
-3.17993e-06
5.53946e-07
3.93473e-06
-7.11739e-09
-3.93835e-06
1.37973e-06
-3.74824e-06
-3.10871e-06
5.2476e-07
-3.03009e-06
-1.67721e-08
3.91947e-06
2.57929e-06
7.98064e-07
-3.37735e-06
-2.87089e-06
2.63992e-06
1.01341e-06
-3.6057e-06
2.59229e-06
3.02225e-06
-3.14114e-06
-3.92295e-06
3.95271e-06
-2.9752e-08
3.93088e-06
-3.92864e-06
-3.94978e-06
-3.00527e-09
3.95324e-06
-3.96356e-06
3.62781e-06
-1.87179e-06
-1.75602e-06
-2.56167e-06
3.11768e-06
-2.55485e-06
3.09726e-06
-5.59603e-07
3.92863e-06
-9.15182e-09
-3.13023e-06
-3.92547e-06
-2.95541e-06
5.05352e-07
-1.75574e-07
-2.65279e-06
-3.95952e-06
3.92338e-06
-7.0983e-07
-3.93056e-06
7.35049e-07
3.93634e-06
-1.29525e-08
-2.57873e-06
2.77884e-06
3.92667e-06
-3.92667e-06
-3.08241e-06
-4.88226e-07
-2.35639e-06
-1.33745e-09
3.95164e-06
3.9212e-06
3.93047e-06
-3.94049e-06
-3.80771e-06
-1.30195e-07
-6.86772e-08
-3.07563e-06
3.07347e-06
-2.57641e-06
2.83011e-06
-2.22774e-06
-2.65762e-06
-2.37143e-06
2.91797e-06
-2.57815e-06
-3.5679e-06
2.12778e-06
1.44012e-06
-2.64075e-06
-2.38506e-06
2.9841e-06
-2.57083e-06
3.02249e-06
-2.4851e-06
3.11279e-06
-2.56419e-06
-2.54365e-06
-1.03285e-08
-3.91581e-06
3.92614e-06
2.94744e-06
-2.96787e-06
-2.41975e-06
2.94971e-06
3.4191e-06
-2.48035e-06
3.02511e-06
3.9136e-06
-3.8149e-06
3.92913e-06
-3.92705e-06
-3.93918e-06
-6.88589e-09
-2.58497e-06
2.99253e-06
7.21345e-07
2.5709e-06
4.36557e-07
-3.00746e-06
2.60879e-06
3.08006e-07
-2.9168e-06
2.5868e-06
2.26778e-07
-2.81358e-06
2.58465e-06
9.49352e-07
-3.534e-06
2.58944e-06
5.02336e-07
-3.09177e-06
3.92504e-06
3.7429e-06
1.58351e-08
2.82585e-06
-3.00142e-06
-6.7278e-07
3.93392e-06
-3.89816e-06
-3.57623e-08
-5.35601e-07
3.55785e-06
3.92097e-06
-3.92097e-06
-3.94271e-06
-2.49636e-06
2.58174e-06
3.20577e-06
-3.01105e-06
-3.03982e-06
-3.1884e-06
3.09745e-06
3.1091e-06
1.5086e-08
-3.9502e-06
3.91183e-06
-3.91429e-06
2.45943e-09
-3.11401e-06
3.052e-10
-3.94455e-06
3.88545e-06
2.97692e-06
-2.95672e-06
-3.76833e-06
2.98738e-06
-2.96218e-06
2.59094e-06
3.87992e-06
-3.93324e-06
3.94456e-06
-3.942e-06
-3.91128e-06
3.92754e-06
2.98867e-06
-2.96745e-06
3.92725e-06
-3.9271e-06
3.9271e-06
-3.85667e-06
-8.25088e-08
4.85805e-07
-3.10753e-06
3.92449e-06
-3.93888e-06
-3.87843e-06
3.12761e-06
3.10859e-06
3.16274e-06
3.95157e-06
-3.95426e-06
4.2065e-07
3.04267e-06
-2.34077e-06
3.13883e-06
-2.19439e-06
3.2078e-06
3.1142e-06
3.13831e-06
-2.58825e-06
3.92374e-06
2.63928e-06
3.04859e-07
-2.94414e-06
2.991e-06
-2.97935e-06
3.92754e-06
-3.92529e-06
8.93162e-09
3.07694e-09
-3.99449e-06
3.73188e-06
3.92912e-06
-4.35928e-09
-1.93857e-06
3.98402e-06
3.92809e-06
-3.94599e-06
-2.91329e-09
-2.428e-06
-2.80513e-06
2.04797e-07
-2.86862e-06
-2.6388e-06
-3.9159e-06
3.92527e-06
-3.92527e-06
3.92338e-06
3.92288e-06
-3.92288e-06
-5.6595e-07
3.20587e-06
-5.53738e-07
3.14603e-06
-3.05483e-06
6.04449e-07
3.949e-06
-1.01814e-08
-3.81043e-06
-1.84059e-07
-3.81488e-06
-1.39256e-08
-3.88864e-06
3.92748e-06
3.93922e-06
1.34869e-08
-3.89738e-06
3.92595e-06
-3.92378e-06
2.52561e-06
-2.3523e-08
-2.59109e-06
6.57962e-07
-2.77755e-06
3.92118e-06
-3.93913e-06
3.85282e-06
-2.5786e-06
3.10372e-06
-2.982e-06
2.87432e-06
2.98968e-06
-2.99656e-06
1.13799e-06
-1.13799e-06
-2.94706e-06
3.49648e-06
3.09288e-07
-2.36752e-06
2.91076e-06
-2.47268e-06
3.01636e-06
-2.57049e-06
3.04951e-06
-2.47686e-06
3.01312e-06
-2.49298e-06
3.03412e-06
2.8898e-06
-2.36454e-06
-5.34356e-08
3.10021e-06
-2.56119e-06
-3.9095e-06
-6.40244e-09
3.91407e-06
-1.50311e-09
-3.9423e-06
3.92654e-06
3.92525e-06
-3.93011e-06
1.86805e-06
-1.86805e-06
2.90556e-06
-2.96636e-06
-3.85729e-06
-2.86351e-09
-3.94296e-06
-3.96287e-06
3.92074e-06
-3.91773e-06
3.92571e-06
-2.13495e-06
2.81831e-07
-2.81831e-07
-3.92864e-06
1.93167e-09
-3.38943e-06
3.91859e-06
3.94486e-06
-3.94456e-06
3.00554e-06
-2.98792e-06
-3.92407e-07
3.02251e-06
-2.6301e-06
-3.87616e-06
-6.2968e-08
3.8825e-06
-3.91827e-06
-4.8192e-07
3.00224e-06
-2.52032e-06
-3.90899e-06
3.92046e-06
8.205e-09
3.92747e-06
3.02041e-06
-2.55071e-06
-4.697e-07
-7.6892e-07
-3.93783e-06
3.93783e-06
1.70621e-07
6.24577e-07
3.91832e-06
-3.93816e-06
3.91072e-06
-3.92474e-06
3.92876e-06
-4.24437e-07
3.5772e-09
-3.94587e-06
6.57584e-07
6.83972e-07
1.12504e-06
3.32617e-07
2.59626e-07
4.73107e-07
6.19809e-07
5.45634e-07
4.42292e-07
5.49015e-07
1.22097e-06
3.46151e-07
5.85174e-07
-1.48585e-08
3.96072e-06
5.15237e-07
1.1817e-06
-6.23051e-08
-2.48096e-06
-2.56517e-06
-2.57065e-06
-3.06089e-06
-2.57654e-06
-3.94606e-06
4.49393e-09
-3.89873e-06
1.91762e-06
-3.91289e-06
3.89476e-09
-2.38706e-06
-3.53788e-07
-2.59035e-06
3.93827e-06
-3.94337e-06
3.18597e-06
-3.93551e-07
-3.93099e-06
-2.56291e-07
3.19764e-06
2.10251e-06
-2.59074e-06
-1.48995e-08
-2.85177e-06
4.3907e-07
2.62747e-06
-3.92402e-06
2.94487e-06
-2.43952e-06
1.83381e-06
1.794e-06
-3.30545e-07
3.14339e-06
-2.81285e-06
-3.91547e-06
2.90908e-06
-2.81259e-07
3.93246e-06
-3.93246e-06
3.94933e-06
-3.95067e-06
-2.16351e-06
2.79229e-06
9.20348e-08
-3.04111e-06
2.94907e-06
-4.50939e-07
2.89498e-06
-2.44404e-06
-1.56151e-07
3.00165e-06
-2.6034e-06
-3.95271e-06
-5.10121e-08
-3.91271e-06
-3.91078e-06
-4.68352e-09
-3.91406e-06
3.88898e-06
3.95371e-06
3.93732e-06
-3.9402e-06
1.89299e-06
6.80775e-07
3.93279e-06
-1.10048e-07
-2.4196e-07
-2.0206e-06
-5.89362e-07
2.95287e-06
-3.89558e-06
-1.84812e-08
5.62716e-07
-3.90986e-06
3.929e-06
-3.929e-06
-2.786e-06
-3.92916e-06
1.65913e-08
-1.00869e-06
-7.16838e-07
2.71159e-06
1.52204e-07
-2.86379e-06
1.2239e-09
-3.02179e-06
2.83014e-06
-3.50381e-08
3.90338e-06
-9.27455e-08
-3.81064e-06
-3.90735e-06
-3.91186e-06
2.0018e-09
-2.98853e-07
3.93369e-06
-3.9393e-06
-2.76153e-06
-2.39893e-07
4.19109e-07
-2.23411e-06
-6.34966e-07
3.55727e-07
-2.98583e-06
-2.50347e-07
3.74665e-07
-2.48625e-06
-3.91476e-06
-3.04279e-06
3.91407e-06
3.9273e-06
-3.9273e-06
-3.90838e-06
3.89873e-06
-3.90372e-06
-4.48246e-07
-5.91206e-07
3.91773e-06
-8.61698e-09
4.64541e-07
-3.85397e-06
2.82991e-06
-3.36277e-06
-3.90707e-06
-7.69533e-09
-3.91982e-06
2.87487e-06
-3.90056e-06
-3.16602e-09
2.9035e-06
3.06732e-06
3.90659e-06
-2.67654e-06
-2.25742e-08
-3.90071e-06
-2.97391e-06
-3.94572e-06
3.98771e-06
-4.19991e-08
2.46614e-06
4.51823e-07
-3.00796e-06
-3.90655e-06
-3.2695e-06
3.92592e-06
3.89141e-06
8.19301e-09
-2.82991e-06
-2.45007e-07
-3.9248e-06
2.10723e-09
3.84837e-08
3.8649e-06
-2.82347e-06
-3.90111e-06
4.0233e-10
-3.88393e-06
-2.26214e-08
3.92503e-06
-3.92503e-06
-3.02658e-06
-3.90346e-06
-3.89809e-06
3.51508e-09
2.48315e-06
-3.11812e-06
2.57306e-06
3.88779e-06
3.56162e-09
-2.18892e-06
3.90902e-06
-3.90592e-06
-3.91442e-06
-3.90047e-06
2.37667e-09
-3.12217e-06
-3.89709e-06
1.91974e-06
1.62751e-06
-2.96621e-06
2.94211e-06
2.56506e-06
-2.61003e-06
3.92155e-06
3.94146e-06
4.41111e-09
-3.94897e-06
-3.90022e-06
3.12573e-09
3.96072e-06
-3.8957e-06
-3.91595e-06
3.90203e-06
-3.58961e-06
3.57275e-10
3.92067e-06
-3.92067e-06
-3.89955e-06
3.84503e-09
-3.97103e-06
2.98052e-06
-3.90543e-06
-3.96378e-06
-3.90937e-06
-3.89457e-06
-2.43088e-06
-3.52844e-07
-7.16828e-10
3.9164e-06
4.01145e-07
-3.21399e-06
-3.06608e-06
2.64164e-06
-3.89887e-06
4.30261e-09
3.91607e-06
-3.05555e-06
6.1151e-07
2.84075e-06
1.97727e-07
-2.63644e-06
-3.89335e-06
-4.66123e-07
-2.55607e-06
2.96869e-06
-3.9164e-06
-3.9185e-06
-3.89768e-06
4.32932e-09
-4.30872e-07
3.26101e-06
2.88103e-06
-2.66712e-06
-3.89232e-06
2.35334e-06
-2.5089e-06
-5.98339e-09
-3.90055e-06
3.93221e-06
2.10021e-07
-4.14223e-06
-2.96582e-06
-3.9457e-06
-3.89689e-06
4.56352e-09
-3.74064e-06
-5.82929e-07
-3.89118e-06
-2.0449e-07
-2.6593e-06
-1.44227e-06
-3.8994e-06
8.21147e-09
3.0432e-06
-2.98556e-06
-3.88847e-06
-3.89361e-06
-3.90727e-06
1.3655e-08
3.88779e-06
3.89141e-06
-7.39271e-09
-3.8968e-06
3.7128e-06
-3.89686e-06
2.96258e-06
2.0775e-07
2.72573e-06
-2.50844e-08
2.75254e-06
3.14427e-09
1.68394e-06
-3.90358e-06
3.90188e-06
-2.9429e-06
3.9128e-06
5.4008e-09
-2.97144e-06
-3.78868e-06
-3.37474e-06
-8.02313e-07
2.43504e-06
-2.44994e-06
-3.90999e-06
2.95829e-06
-7.74217e-09
-3.89292e-06
-3.90239e-06
3.90143e-06
-3.92669e-06
-3.90085e-06
-3.90507e-06
2.67781e-09
-3.89873e-06
-2.72263e-06
-2.99169e-07
-3.90104e-06
-3.83369e-06
-3.03413e-06
-3.89665e-06
2.92477e-06
-3.90834e-06
7.30025e-09
-3.90776e-06
2.98052e-06
1.56489e-06
-1.26916e-07
-3.861e-06
2.45982e-06
-3.11715e-06
1.85833e-06
1.82272e-06
2.95601e-06
-3.89471e-06
2.2569e-09
-3.85968e-06
-9.85856e-07
-3.89062e-07
-5.70267e-07
-3.89604e-06
-3.89673e-06
-3.904e-06
-3.87504e-06
1.13238e-06
-3.47315e-06
-3.89352e-06
-3.90161e-06
3.89958e-06
-3.92159e-06
-2.93207e-06
-3.88696e-06
2.87992e-06
-2.87992e-06
-3.90892e-06
7.31329e-09
-3.90396e-06
-3.88374e-06
-3.90864e-06
4.68623e-09
3.9199e-06
-7.022e-09
2.28835e-06
-3.89235e-06
-3.8876e-06
-4.97645e-07
1.7403e-07
2.70589e-06
-1.66389e-06
-1.32672e-06
-1.571e-06
-1.50808e-06
3.14688e-06
-3.85286e-06
-2.96141e-06
-3.89077e-06
2.94649e-06
-3.8976e-06
3.53973e-08
2.49425e-06
-3.89789e-06
3.74531e-07
-3.88973e-06
3.90519e-06
-1.51978e-06
-1.58723e-06
-1.28668e-06
-1.72732e-06
-3.91681e-06
3.876e-06
-3.88932e-06
-1.56294e-06
-1.54303e-06
-1.67592e-06
-1.38701e-06
-1.65161e-06
-1.44635e-06
-1.57307e-06
-1.36971e-06
-1.54714e-06
-1.53928e-06
-1.18957e-06
-1.84322e-06
2.97144e-06
-3.89027e-06
-3.88789e-06
-2.8141e-06
9.58088e-08
-3.89015e-06
1.95023e-06
-7.2569e-07
-2.51931e-06
3.245e-06
-2.127e-06
-3.88702e-06
2.8141e-06
-8.7969e-07
-3.88949e-06
-2.91295e-06
-2.67372e-06
1.10402e-06
2.58015e-06
-3.88564e-06
-3.88961e-06
-3.89242e-06
-3.30136e-09
3.89471e-06
-3.88873e-06
-8.94375e-09
3.89673e-06
-3.91122e-06
-2.97715e-06
-3.93037e-07
-3.88715e-06
-3.88443e-06
-2.92152e-06
-3.87608e-06
-3.88761e-06
-3.09864e-06
-3.88328e-06
5.18265e-07
-3.88248e-06
-3.88653e-06
3.07767e-06
-3.87713e-06
-3.88197e-06
2.94455e-06
-3.8856e-06
-2.96038e-06
-3.87323e-06
-4.04302e-07
-3.87739e-06
-3.90185e-06
-3.86828e-06
-3.88819e-06
2.97964e-06
-3.87296e-06
2.78612e-06
1.38643e-08
2.93457e-07
2.6258e-06
2.77984e-06
-3.86779e-06
2.20735e-06
1.41017e-06
-3.90236e-06
-3.86578e-06
-5.05331e-09
-2.532e-06
3.66438e-06
3.91609e-06
2.60384e-08
-3.86078e-06
-3.86848e-06
2.41274e-06
-2.82024e-06
-3.86832e-06
3.871e-06
-3.86427e-06
-5.78801e-09
-3.89679e-06
2.88309e-06
-2.88309e-06
-3.234e-06
1.5932e-06
-3.88949e-06
-3.88689e-06
1.90261e-07
-2.98089e-06
-3.0799e-06
-8.7324e-07
3.02244e-08
-3.90323e-06
-2.9088e-06
-3.11511e-06
3.11511e-06
-2.61536e-06
-2.96957e-06
-3.85482e-06
3.86213e-06
2.96957e-06
2.7242e-06
-9.78797e-09
-3.84795e-06
-1.91976e-06
-1.66608e-06
-3.84326e-06
3.84692e-06
-3.85394e-06
3.14557e-06
2.02526e-07
-2.93969e-06
-2.78612e-06
3.02348e-06
1.21714e-07
-9.01763e-08
2.97802e-06
-2.88784e-06
3.92101e-06
-2.94973e-06
3.51079e-06
-3.85286e-06
-3.05956e-06
2.20835e-06
-3.62326e-06
1.41491e-06
3.92443e-06
-3.7464e-08
-2.70589e-06
2.2348e-07
6.97074e-07
-2.85014e-06
1.23125e-07
2.87329e-06
-3.04141e-06
-2.89951e-06
-3.13438e-06
-2.91689e-06
2.27364e-06
-3.89704e-06
1.07384e-06
-3.21455e-06
-3.24899e-06
-2.97222e-06
1.06592e-08
-3.1474e-06
3.031e-06
-2.92778e-06
2.91733e-06
-3.89235e-06
-2.9839e-06
-7.30298e-07
-2.22532e-06
2.90929e-06
-8.7224e-09
3.79925e-06
-3.79925e-06
3.788e-06
-3.788e-06
2.91841e-06
-2.91841e-06
-3.04141e-06
-2.67898e-06
-7.60847e-07
-2.7123e-06
-2.7352e-06
3.34671e-06
-3.33309e-06
2.75016e-06
-2.10294e-06
-1.43824e-06
1.81626e-06
3.22145e-07
2.77984e-06
-2.99794e-06
-2.73996e-06
-3.05956e-06
-2.82782e-06
2.73996e-06
-6.97456e-07
-5.73486e-07
-1.24728e-06
-2.07831e-06
-1.43405e-06
-3.81207e-07
-2.00585e-06
-3.09422e-06
-3.0799e-06
1.80093e-06
1.82846e-06
2.0004e-06
-3.78301e-07
-3.93792e-08
-2.45297e-07
2.87277e-06
-2.42764e-06
2.04643e-06
6.60173e-07
-3.09864e-06
2.54781e-06
5.21243e-07
2.92527e-06
-2.45557e-06
2.719e-06
-4.63826e-07
3.27659e-06
-2.93726e-06
2.49083e-06
-2.23148e-06
1.81902e-06
-9.95189e-07
-8.23614e-07
-1.46532e-06
-1.6239e-06
-1.49267e-06
-1.49707e-06
-3.11715e-06
-2.71994e-06
3.00835e-06
-1.8246e-06
-1.18375e-06
8.19762e-08
2.58996e-06
-2.80261e-06
9.60958e-07
-2.42599e-07
4.77466e-07
2.24673e-06
1.91762e-06
-2.64502e-06
1.51216e-06
-2.83888e-06
1.46631e-06
-2.97439e-06
-2.87969e-06
2.99137e-06
-7.47581e-08
4.64105e-07
-2.40792e-06
3.48176e-06
-1.50745e-06
-1.6269e-06
2.52697e-06
-3.08621e-06
3.04696e-06
1.7782e-07
2.56658e-06
-2.56658e-06
2.86413e-06
2.37052e-06
3.4709e-06
2.71528e-06
3.48745e-06
1.33253e-06
2.78059e-06
-8.97825e-07
-3.11417e-06
-2.95844e-06
2.19784e-06
-1.98647e-06
-2.35761e-06
-1.09378e-07
2.8804e-06
6.9183e-07
1.12719e-06
-2.65847e-07
-2.33065e-06
-2.9455e-06
-9.6265e-08
-2.55278e-06
2.50351e-06
-2.86434e-06
-1.88126e-06
-2.97222e-06
2.48084e-06
2.85581e-06
2.40295e-06
2.37425e-06
6.84159e-07
2.22513e-06
-4.4486e-06
2.00585e-06
-2.84063e-06
-1.47298e-06
-1.85735e-06
1.25016e-06
-1.37708e-06
6.48691e-08
-3.10847e-06
2.39139e-06
1.0045e-06
2.13784e-06
-2.02805e-06
-1.53985e-06
3.08876e-06
-7.01202e-07
-3.5124e-07
2.74524e-07
2.62697e-06
-1.99106e-06
-2.52452e-06
-3.033e-07
3.02086e-06
1.28253e-07
-1.14486e-06
1.48089e-07
-2.8733e-06
-2.34829e-07
-2.94056e-06
2.42658e-06
-1.5722e-06
-1.7624e-06
-3.13756e-06
-3.04876e-07
-2.66467e-06
-2.42322e-06
1.88126e-06
1.30466e-06
1.78642e-06
2.43687e-06
-2.20896e-06
-3.16104e-06
5.50951e-08
-1.16219e-06
-1.18841e-06
-2.25417e-06
2.88177e-06
1.05893e-06
2.17071e-06
2.72201e-06
2.81484e-07
-2.3515e-06
-2.6465e-06
2.82432e-06
-2.96912e-06
-2.54951e-06
3.19978e-06
-8.79954e-07
-2.33495e-06
-2.11384e-06
-2.58233e-06
-2.34278e-06
3.19073e-06
-2.34182e-06
2.43533e-06
5.05257e-07
2.31658e-06
-2.34901e-06
3.3034e-06
1.35007e-06
3.33083e-06
1.3211e-06
-2.35236e-06
3.3034e-06
3.33083e-06
-2.52683e-06
-2.50876e-06
-2.67337e-06
2.76918e-06
2.40147e-06
2.16387e-06
-2.21455e-07
1.47162e-06
3.25178e-06
7.00723e-07
2.45216e-06
-2.26721e-06
-2.64355e-06
2.42696e-07
2.34681e-06
2.07731e-06
-2.83074e-06
-2.47606e-07
2.73844e-06
2.43595e-06
2.64432e-06
-2.36979e-06
6.41107e-07
2.37132e-06
2.41745e-06
1.05497e-06
-2.17888e-06
2.60196e-06
-2.14086e-06
3.17107e-06
-2.532e-06
-3.55131e-07
-2.50072e-06
2.0433e-06
-2.60708e-06
3.22854e-06
5.78799e-07
8.04843e-07
2.48536e-06
-1.39411e-07
2.30066e-06
7.43344e-07
2.30152e-06
-2.30152e-06
-2.54095e-06
2.34699e-06
-4.43706e-07
-1.99978e-06
-1.91815e-06
-1.76477e-06
1.91815e-06
-2.54157e-06
6.1901e-07
2.08958e-06
-4.39555e-09
-2.65491e-06
1.79526e-07
-2.40726e-06
2.66378e-06
-2.19349e-06
-2.50668e-06
-9.01393e-07
-2.00784e-06
3.7626e-07
-2.93233e-06
1.09229e-06
2.07831e-06
-2.40792e-06
2.52876e-06
-2.43026e-06
-3.55875e-06
1.73415e-06
1.85735e-06
2.49162e-06
1.08695e-06
2.10294e-06
2.48768e-06
2.46537e-06
-2.38008e-06
2.38008e-06
-2.54552e-06
-7.91901e-07
-2.29427e-06
4.20109e-07
1.91976e-06
2.08076e-06
7.27293e-07
2.47847e-06
-2.32367e-06
-2.55032e-06
-2.13343e-06
-8.32492e-07
-2.24314e-06
-9.58068e-08
3.78096e-07
9.98461e-08
1.19177e-07
-2.60014e-06
2.53294e-06
-2.81031e-06
-5.51174e-07
1.837e-06
1.408e-06
2.62481e-06
2.683e-06
1.40163e-06
1.94508e-06
1.30378e-06
-2.78705e-09
2.39418e-06
1.41953e-06
2.28946e-06
8.11225e-07
2.1168e-06
1.82703e-07
-2.85581e-06
2.60085e-06
2.21686e-06
-2.21686e-06
2.14696e-06
-2.14696e-06
2.98154e-07
2.17577e-06
-2.17577e-06
2.21251e-06
-2.21251e-06
-2.84499e-06
-2.77092e-07
-2.17284e-06
2.14086e-06
3.04429e-06
-7.42775e-07
-3.70094e-07
-5.90094e-07
-2.54779e-06
-2.36116e-06
-1.7837e-06
-1.83956e-06
6.64218e-07
-2.6372e-06
-2.54095e-06
-8.09942e-07
-2.35947e-06
-2.43351e-06
-4.49392e-07
2.06211e-06
-2.41517e-06
2.3947e-06
2.11241e-06
1.55197e-06
1.49664e-06
-2.27504e-06
-2.26208e-06
2.7139e-06
1.549e-06
-2.6554e-06
1.57088e-06
2.52158e-06
-8.90462e-07
-9.28499e-07
-2.42467e-06
2.41466e-06
-2.42044e-06
2.66887e-06
-2.62241e-06
2.47883e-06
2.59282e-06
-2.5032e-06
-9.36123e-07
-9.06746e-07
-9.20657e-07
-2.22793e-06
2.31357e-06
3.05391e-06
2.37871e-06
2.19784e-06
-2.3187e-06
2.68273e-06
2.09879e-06
-2.30126e-06
-1.23407e-07
-9.1743e-07
-2.77133e-07
1.86434e-06
1.62207e-06
2.50351e-06
2.49904e-06
-4.43019e-08
-2.76849e-06
-2.36661e-06
-1.74335e-07
2.79027e-06
-8.52409e-07
2.28646e-06
-8.57282e-07
-2.5422e-06
2.22688e-06
2.55521e-07
1.67708e-06
2.29955e-06
-2.25967e-06
-8.61313e-07
2.58912e-06
-2.10411e-07
1.30634e-06
1.86556e-06
2.9563e-06
-2.32055e-06
2.31058e-06
2.4805e-06
-8.14412e-07
8.46636e-07
2.34611e-06
-2.0494e-07
-1.91378e-06
2.1422e-06
-2.622e-06
-7.90867e-07
2.17888e-06
2.1502e-06
2.00784e-06
1.47391e-06
2.4529e-06
-1.76357e-06
2.50072e-06
7.23033e-07
-4.49478e-08
-2.29704e-06
-2.37443e-06
5.38253e-07
8.25873e-07
-2.44716e-06
-2.41757e-06
2.04313e-06
-2.38904e-06
2.60731e-06
-2.42398e-07
-1.91634e-06
2.15874e-06
-1.57334e-06
1.6504e-06
1.40351e-06
-2.51758e-06
-2.67818e-06
3.30745e-07
-2.22913e-06
-2.11241e-06
-3.31738e-07
2.87035e-06
-2.63787e-07
2.41399e-06
9.04999e-07
3.54783e-07
8.08594e-07
1.82262e-06
-2.06502e-06
2.51751e-06
2.24249e-06
9.43932e-08
-2.42012e-06
2.32573e-06
-8.72418e-08
1.89739e-07
-5.751e-07
2.21174e-06
-2.11734e-06
-1.2375e-06
5.17444e-07
-2.96734e-06
5.46452e-07
-2.07299e-06
-7.8919e-08
8.7162e-07
4.68585e-07
1.44934e-06
-1.97885e-06
-2.35523e-06
7.85705e-07
-2.50725e-06
3.21545e-07
2.17271e-06
2.39554e-06
1.54117e-06
-2.12313e-06
5.32517e-07
-4.68426e-07
-4.84591e-07
-2.24732e-06
-1.47101e-06
-1.6494e-06
-3.1966e-07
3.96879e-06
-1.42606e-06
3.98159e-06
-2.31975e-06
2.13176e-06
7.50643e-08
-2.39076e-06
-2.40079e-06
-6.02357e-07
1.79753e-06
-1.94255e-06
2.19909e-06
4.08662e-07
-1.34511e-07
2.4935e-06
2.03905e-06
2.40381e-06
2.56002e-06
-8.37308e-07
-2.06596e-06
-2.20355e-06
-2.01381e-06
-6.34311e-07
2.39791e-06
2.55539e-06
2.48071e-07
7.02695e-07
1.55156e-06
-2.42359e-06
2.33347e-06
2.49078e-06
-1.02335e-07
)
;

boundaryField
{
    front
    {
        type            empty;
    }
    back
    {
        type            empty;
    }
    wall
    {
        type            calculated;
        value           uniform 0;
    }
    inlet
    {
        type            calculated;
        value           nonuniform List<scalar> 
12
(
-4.49689e-06
-4.50259e-06
-4.50647e-06
-4.46125e-06
-4.6307e-06
-4.52044e-06
-4.61937e-06
-4.65347e-06
-4.65192e-06
-4.69617e-06
-4.6918e-06
-4.69418e-06
)
;
    }
    outletLeft
    {
        type            calculated;
        value           nonuniform List<scalar> 9(3.07908e-06 3.10702e-06 3.10597e-06 3.09797e-06 3.08642e-06 3.08922e-06 3.09321e-06 3.14101e-06 3.15298e-06);
    }
    aneurysm
    {
        type            calculated;
        value           uniform 0;
    }
    outletRight
    {
        type            calculated;
        value           nonuniform List<scalar> 9(2.99061e-06 3.014e-06 3.06293e-06 2.94278e-06 3.03279e-06 2.98974e-06 3.01962e-06 3.06623e-06 3.0537e-06);
    }
}


// ************************************************************************* //
