/*--------------------------------*- C++ -*----------------------------------*\
  =========                 |
  \\      /  F ield         | OpenFOAM: The Open Source CFD Toolbox
   \\    /   O peration     | Website:  https://openfoam.org
    \\  /    A nd           | Version:  12
     \\/     M anipulation  |
\*---------------------------------------------------------------------------*/
FoamFile
{
    format      ascii;
    class       surfaceScalarField;
    location    "0.2";
    object      phi;
}
// * * * * * * * * * * * * * * * * * * * * * * * * * * * * * * * * * * * * * //

dimensions      [0 3 -1 0 0 0 0];

internalField   nonuniform List<scalar> 
6438
(
-3.25461e-08
4.05787e-06
-4.02533e-06
-3.5318e-08
4.71409e-06
-4.67878e-06
-4.42234e-06
-7.51412e-07
5.17375e-06
4.19556e-06
-4.6054e-06
4.09836e-07
6.44571e-06
-5.03585e-06
-1.40986e-06
1.4595e-06
4.98621e-06
-5.02762e-06
6.05287e-07
-4.35686e-06
4.32154e-06
4.70879e-06
-5.62047e-06
9.11672e-07
4.37523e-06
-5.13164e-06
7.56409e-07
-4.23066e-06
5.14779e-06
-9.17135e-07
1.01509e-06
-4.63612e-06
3.62103e-06
-5.2417e-06
1.01104e-06
4.0207e-06
1.84642e-06
-5.86711e-06
3.77808e-06
-3.81063e-06
-2.13672e-07
4.42806e-06
-4.21438e-06
-5.57873e-06
5.41062e-06
1.68106e-07
-4.22377e-06
5.13073e-06
-9.06955e-07
-5.23971e-06
1.01593e-06
1.66314e-06
3.51381e-06
-5.17696e-06
-1.21117e-06
-7.91476e-07
2.00264e-06
-2.57643e-07
4.63724e-06
-4.37959e-06
-4.30203e-06
-6.96654e-07
4.99868e-06
-5.26789e-06
2.30989e-06
2.958e-06
-4.5684e-06
4.31076e-06
-4.0571e-06
4.93161e-06
-8.7451e-07
-4.96407e-06
6.62041e-07
4.70151e-06
-3.68643e-06
-4.27085e-06
-8.0142e-07
5.07227e-06
-5.16818e-06
1.11107e-06
3.95481e-06
-4.97387e-06
1.01906e-06
2.19641e-08
-4.84202e-06
4.82005e-06
4.73891e-06
-4.76758e-06
2.86683e-08
-4.69523e-06
7.88717e-07
3.90651e-06
-6.33954e-06
1.0263e-06
5.31324e-06
4.4584e-06
-4.43644e-06
4.49906e-06
-3.03499e-07
2.91872e-06
4.08856e-06
-7.00728e-06
-1.44723e-06
5.46792e-06
-4.18719e-06
4.60067e-06
-4.13476e-07
-4.85159e-06
4.80752e-06
4.40785e-08
-2.01433e-06
3.67747e-06
4.3375e-06
3.77235e-08
-5.21451e-06
5.10817e-06
1.06344e-07
4.66912e-06
-7.1431e-07
-3.51347e-06
3.2998e-06
-6.06194e-06
1.02609e-06
4.60961e-06
4.43288e-07
-5.0529e-06
-3.57803e-06
-1.11719e-06
-6.58283e-07
-4.31134e-06
4.89182e-06
-5.80478e-07
-3.20702e-06
4.63102e-06
-1.42401e-06
4.65131e-06
-4.65131e-06
1.4621e-06
3.52736e-06
4.63856e-07
-3.99121e-06
2.07042e-06
1.00724e-06
-3.07765e-06
3.93846e-06
8.30181e-07
-4.76864e-06
3.80352e-06
-1.49363e-06
-2.2053e-06
-3.85664e-06
-4.5976e-08
4.10086e-06
-4.05489e-06
-5.05746e-06
5.05746e-06
-5.23971e-06
5.29394e-06
-5.42273e-08
2.11742e-07
3.89465e-06
-4.10639e-06
1.44387e-08
-4.77214e-06
4.7577e-06
4.42872e-06
-4.41428e-06
-4.82915e-06
5.58304e-07
-4.84155e-06
-3.72961e-07
-4.16477e-06
4.57791e-06
-4.13138e-07
4.60493e-07
3.98717e-06
-4.44766e-06
-4.89697e-06
4.70939e-06
1.87573e-07
4.77339e-06
-4.77339e-06
4.43554e-06
2.73258e-07
-2.91453e-06
-2.2171e-06
4.15761e-06
8.76287e-07
-5.03389e-06
-4.07814e-06
-7.7345e-07
3.62291e-06
2.799e-06
-6.4219e-06
-5.61033e-06
3.596e-06
-3.57996e-06
-2.03036e-06
4.94404e-06
-7.86434e-07
2.94532e-06
-8.74898e-07
4.00206e-06
4.58035e-07
-4.46009e-06
-4.93494e-06
-3.04771e-07
-6.97662e-07
-1.20178e-06
-3.85568e-06
5.34994e-06
-5.34994e-06
-3.53621e-06
-1.36076e-06
-3.20412e-07
-6.01913e-06
-4.61609e-06
4.59745e-06
1.86396e-08
1.66173e-07
-4.675e-06
4.50882e-06
-5.13937e-07
4.51599e-06
4.62075e-06
1.18162e-07
-4.82676e-06
-7.51969e-07
-4.87423e-06
4.99878e-06
-1.24554e-07
5.08642e-06
-2.84684e-06
-2.23958e-06
4.56406e-06
-4.39789e-06
9.3303e-08
5.11798e-06
-2.60464e-06
-2.51334e-06
2.91191e-06
2.17451e-06
4.69765e-06
-4.69765e-06
-3.60302e-06
5.16916e-06
-1.56614e-06
-4.52833e-06
2.16985e-07
-6.19243e-07
-3.66781e-06
4.28705e-06
-4.24404e-06
1.65899e-07
-4.54803e-06
9.45007e-07
3.92428e-06
8.65749e-07
-4.79003e-06
-2.73252e-07
4.19753e-06
-4.09839e-06
4.73525e-06
-6.36861e-07
-4.35484e-06
1.67644e-07
3.00225e-06
2.11574e-06
4.53533e-06
-9.14295e-07
1.94894e-07
4.45642e-06
-3.91461e-06
-3.29431e-07
4.09299e-06
8.70825e-07
-4.96382e-06
-2.26266e-06
-1.95227e-06
4.21494e-06
2.9794e-06
-3.75501e-07
-2.6039e-06
-4.84202e-06
9.82294e-07
4.85483e-06
-5.83712e-06
-2.25031e-06
1.03914e-06
4.84304e-06
8.85723e-08
5.24969e-06
-2.71654e-06
-2.53315e-06
1.75735e-06
3.49234e-06
4.90221e-06
-8.09216e-07
5.97973e-06
-3.06101e-06
-4.43094e-06
1.23312e-08
4.41861e-06
-6.33666e-06
6.47341e-07
5.68931e-06
-7.25113e-08
-4.39886e-06
4.47137e-06
4.83876e-06
2.69406e-07
-3.73202e-06
3.68604e-06
-4.45287e-06
4.54241e-06
-8.95481e-08
4.50884e-06
-4.58135e-06
4.65256e-06
-4.65256e-06
4.58227e-06
1.31828e-07
4.59099e-06
-1.06363e-06
4.5289e-06
-4.31716e-06
-3.98952e-06
3.37028e-06
4.09645e-08
4.39641e-06
-4.43737e-06
5.17013e-06
-3.62332e-06
-1.54681e-06
-4.77214e-06
-6.86276e-08
5.35563e-08
-4.41041e-06
-4.42039e-06
2.55627e-07
5.08776e-08
4.40753e-06
4.26539e-06
-3.80489e-06
-4.39889e-06
3.00501e-07
4.46302e-06
-1.25518e-07
-1.59211e-07
3.88377e-06
-3.72456e-06
3.05551e-06
2.11463e-06
-4.57423e-06
9.81954e-07
3.59228e-06
4.66259e-06
-3.1568e-08
-6.16626e-06
5.61154e-07
5.60511e-06
-6.22532e-08
-4.37567e-06
4.43793e-06
2.90858e-06
7.08215e-08
2.7806e-07
4.38453e-06
4.33943e-06
3.62079e-07
4.4825e-06
-4.54476e-06
-4.67126e-06
-1.55503e-07
4.76461e-06
-5.11904e-06
3.54425e-07
-4.26027e-06
-1.70669e-07
-5.18478e-06
2.24778e-06
2.937e-06
1.49327e-09
4.4825e-06
1.54732e-07
-4.21871e-06
4.90592e-06
-6.87208e-07
-4.65079e-06
4.00571e-06
6.45081e-07
-6.28785e-07
1.62516e-06
-9.96374e-07
-1.45783e-06
-3.71035e-06
-4.675e-06
-3.68631e-08
4.46559e-06
1.3687e-06
3.80046e-06
-7.44945e-08
-4.54684e-06
-2.15562e-08
-9.61793e-08
-4.97084e-06
4.20055e-06
7.70292e-07
-2.91966e-07
3.70484e-06
7.30699e-07
7.26701e-06
-3.17845e-06
-1.53781e-06
-3.7019e-06
4.55819e-06
6.25635e-08
-3.91373e-06
1.65106e-06
-1.75657e-06
-2.77386e-06
4.53043e-06
-1.56875e-06
-3.67295e-06
-2.55217e-06
6.17508e-06
-4.70066e-06
1.53814e-07
-4.43784e-06
4.45481e-06
-1.69771e-08
-3.66678e-06
3.50757e-06
-5.33101e-08
-4.34951e-06
4.40282e-06
-4.78216e-06
8.14983e-08
3.98827e-06
-4.7456e-06
7.57331e-07
4.44346e-06
-4.49677e-06
3.971e-06
-1.50346e-06
-2.46754e-06
-6.00601e-06
2.12659e-06
3.87942e-06
4.07181e-06
3.91215e-07
3.36321e-06
2.04741e-06
9.82682e-07
4.36726e-06
-1.1662e-06
-4.18375e-06
-4.8398e-06
4.79671e-06
4.30941e-08
-4.82661e-06
-1.31892e-08
-4.80205e-06
-2.45624e-08
1.45518e-08
1.24946e-06
-6.99185e-06
5.74239e-06
-5.1924e-06
6.17469e-06
4.10012e-06
-4.05915e-06
4.38118e-06
1.82878e-07
3.57245e-07
3.61375e-06
-4.39886e-06
-3.98816e-06
3.96948e-06
4.94692e-07
-4.46418e-06
-2.24324e-08
-9.46864e-07
6.98008e-06
-6.03322e-06
6.62126e-06
-4.77485e-06
-2.00881e-06
3.01605e-06
-1.27363e-06
-3.91115e-06
-3.47464e-06
-2.53138e-06
-4.39768e-06
-2.73581e-07
-4.42849e-06
4.42783e-06
6.68214e-10
-6.9944e-07
4.15739e-06
-3.45795e-06
-4.75467e-06
4.78818e-06
-3.35041e-08
-4.70497e-06
-4.9701e-08
-6.04651e-06
3.76915e-07
5.66959e-06
-4.2256e-06
-2.74113e-07
4.49971e-06
4.73733e-06
5.08424e-08
-8.41979e-07
-5.17662e-06
1.88657e-06
3.29005e-06
2.96381e-08
-2.7405e-06
-2.43612e-06
-6.47176e-08
-4.82882e-08
-4.32464e-06
4.37293e-06
-4.44726e-06
2.21661e-07
4.01922e-06
5.38967e-07
4.63214e-06
-4.43725e-06
4.4014e-06
-4.44969e-06
4.38278e-06
1.26062e-07
2.15459e-06
4.46667e-06
4.57277e-06
-8.67937e-07
-3.59315e-07
-5.97734e-06
-2.61541e-07
3.61254e-06
-3.35099e-06
-4.6825e-06
-2.2475e-08
-4.68181e-06
-6.89811e-10
4.71927e-06
-4.68556e-06
-3.37149e-08
4.66806e-06
5.12163e-08
-4.37567e-06
1.08099e-06
-1.48449e-06
4.035e-07
-5.28725e-06
3.09419e-06
2.19307e-06
2.36696e-06
-4.74581e-06
2.37885e-06
-4.14295e-06
-3.85376e-07
-4.41369e-06
4.39183e-06
2.18693e-08
-4.59158e-06
4.42858e-06
1.63004e-07
-3.66711e-07
4.69887e-06
-4.33216e-06
-4.5587e-06
1.11445e-07
-5.06171e-06
6.31117e-06
-4.69426e-07
-4.10481e-06
-4.75886e-06
4.39215e-06
-3.72857e-06
-3.43042e-07
4.07161e-06
-3.49387e-06
4.63803e-06
3.00287e-08
-3.17607e-06
-8.50151e-07
9.42569e-07
-9.24182e-08
-4.37775e-08
1.70532e-07
-6.03887e-06
5.86834e-06
-3.38485e-06
-1.64277e-06
-4.70361e-06
4.60765e-06
9.59612e-08
-4.6315e-06
-7.21119e-08
-1.66524e-06
1.03645e-06
4.37477e-06
1.07739e-07
4.67134e-06
-7.76695e-07
4.6272e-06
-4.62195e-06
-5.2543e-09
-1.24563e-08
-4.29133e-06
4.30379e-06
4.84399e-06
-3.47529e-06
-5.83577e-08
4.8027e-06
2.71173e-06
-7.51443e-06
4.7588e-06
-4.7588e-06
7.36534e-07
4.32092e-06
-1.67943e-06
-2.97189e-06
-3.79361e-06
4.57269e-06
-7.79086e-07
-5.05324e-07
-4.08626e-06
4.37922e-06
-4.39168e-06
-4.19388e-06
7.09675e-08
4.12291e-06
8.04781e-07
-4.2506e-06
3.44582e-06
-4.40102e-06
4.35543e-06
4.55889e-08
2.81147e-06
2.03252e-06
-1.37695e-07
-7.12456e-07
-2.64448e-06
-2.64277e-06
-1.01228e-06
-4.69896e-06
4.80247e-07
-4.34951e-06
3.94149e-06
8.23119e-07
-3.65953e-06
-4.1109e-06
3.82328e-07
-4.19437e-06
2.4378e-06
4.759e-06
-3.8689e-06
-8.90103e-07
8.12851e-07
3.81929e-06
-3.36807e-06
-1.596e-06
-4.65524e-06
4.65524e-06
4.65739e-06
-4.47882e-06
-1.78567e-07
2.68316e-07
-4.41127e-06
-3.72642e-06
4.21313e-06
-4.86713e-07
-1.47609e-06
6.84618e-07
4.33857e-06
-4.35973e-06
2.11694e-08
4.55848e-06
4.91708e-08
4.60523e-06
5.21578e-08
6.95729e-06
-4.43935e-06
-1.19351e-07
-3.89547e-06
3.19603e-06
4.36865e-06
7.48126e-08
4.5916e-06
-4.56581e-06
-2.57853e-08
-3.99007e-08
-6.34676e-08
4.79586e-07
-3.93748e-06
3.45789e-06
-1.37887e-07
-6.02837e-06
1.44185e-06
3.2381e-07
-4.05023e-06
-4.39138e-06
4.32441e-06
6.6978e-08
4.38145e-06
-3.93182e-07
-2.0459e-06
-2.72168e-06
-6.13926e-06
4.54959e-07
-2.46377e-06
-7.29478e-07
1.9253e-08
4.513e-06
-4.01831e-06
-4.32464e-06
-4.33145e-06
1.12868e-07
4.21858e-06
6.11459e-06
8.65497e-07
3.52519e-06
1.76875e-06
4.26483e-06
-1.89787e-06
4.45344e-06
-2.52892e-07
1.02187e-05
-7.507e-06
-6.99185e-06
-2.24073e-06
-2.41006e-06
-5.66522e-08
4.74868e-06
-4.44914e-06
-2.99541e-07
4.5019e-06
1.03325e-07
5.20509e-07
-4.31412e-06
-3.20146e-06
3.68104e-06
4.36342e-06
3.7982e-08
3.42645e-06
1.51759e-06
4.5781e-06
1.7058e-07
4.57436e-06
-4.50879e-06
-6.55739e-08
-2.06073e-06
-2.91314e-06
-2.06345e-07
4.21205e-06
7.83811e-08
-4.85177e-06
3.79282e-06
-2.98804e-06
-6.39075e-08
9.55434e-08
3.70152e-06
-4.0178e-06
3.16277e-07
6.76434e-07
3.89626e-06
6.20629e-06
-6.03575e-06
2.15935e-06
2.73247e-06
-4.37973e-06
4.32859e-06
5.11405e-08
-1.00788e-07
-2.54681e-06
1.39573e-06
1.15108e-06
-4.5716e-08
4.75847e-06
-4.75847e-06
5.37953e-06
-3.11961e-06
-2.25992e-06
-3.94179e-06
-6.63612e-07
3.32583e-06
1.57638e-06
4.55249e-06
2.56133e-08
-4.29133e-06
4.25771e-06
2.71314e-08
-4.28485e-06
3.48537e-06
4.85177e-06
-4.82005e-06
1.22406e-07
5.66442e-06
-5.01708e-06
4.38584e-06
-4.67023e-06
4.35615e-06
-9.84311e-08
3.93252e-06
-4.25545e-06
4.2331e-06
2.23471e-08
1.98662e-07
3.4153e-06
-3.61396e-06
-3.8716e-06
3.19856e-06
-2.89984e-07
4.04894e-06
5.51732e-07
-3.89286e-08
-3.74533e-06
-6.53563e-07
-5.60945e-06
3.54872e-06
6.52869e-09
-4.2668e-06
-4.54327e-06
-2.15591e-07
6.08454e-06
-3.28555e-06
4.37014e-08
-7.86934e-07
4.83859e-06
-4.05165e-06
-2.06747e-06
-4.79339e-07
4.23858e-06
-4.28406e-06
4.548e-08
-4.38584e-06
4.35047e-06
1.88688e-06
2.69475e-06
-4.58163e-06
4.55932e-06
-8.57796e-07
3.78426e-07
4.04963e-06
4.47097e-06
4.34948e-07
4.88008e-07
5.92985e-07
-4.7577e-06
1.05138e-07
-3.77627e-06
4.29677e-06
-2.18755e-06
2.64251e-06
4.03296e-07
-3.96761e-06
3.56432e-06
-3.23658e-08
8.30644e-08
-3.95709e-06
-4.50219e-06
4.41955e-06
8.26351e-08
-4.3184e-06
4.49502e-07
2.81951e-06
2.56002e-06
-2.43068e-06
4.98275e-06
-2.55207e-06
4.99422e-06
-4.66227e-06
-3.31956e-07
1.24947e-07
3.07361e-06
-4.28566e-06
-4.5789e-08
4.34986e-06
6.2877e-09
2.15037e-06
-7.54643e-07
5.53683e-06
-4.97568e-06
3.96815e-06
6.09754e-07
2.49728e-07
-4.41626e-06
6.70935e-07
6.70485e-08
-3.84331e-06
4.93122e-06
-3.98621e-06
4.02058e-06
-2.44667e-07
-3.82766e-06
4.07232e-06
-4.32885e-06
4.50812e-06
-5.3309e-08
-6.55804e-06
5.24819e-07
-2.79638e-08
4.24662e-06
8.19668e-08
-4.00907e-06
-4.40048e-06
4.38228e-06
1.81997e-08
5.26915e-06
-3.0612e-06
-2.20795e-06
-3.69268e-06
-3.31985e-07
4.02467e-06
-9.87682e-09
-4.35097e-06
9.35658e-08
-4.70823e-07
4.64801e-06
-4.17718e-06
-4.26092e-06
4.28208e-06
-6.18439e-06
-9.0245e-07
-5.98177e-06
5.83181e-06
1.49968e-07
3.41378e-06
1.73401e-06
3.99522e-06
3.58639e-07
-4.35386e-06
4.24619e-06
-1.74379e-07
3.42315e-06
1.70758e-06
-3.03241e-06
9.64936e-07
-4.29231e-06
3.72839e-06
-4.24233e-06
-5.76245e-06
5.74156e-06
2.08902e-08
5.20411e-06
-4.17781e-06
4.24602e-06
-1.29161e-08
2.61131e-07
-3.95985e-06
3.69872e-06
-6.40174e-08
-5.69843e-06
5.14538e-06
-5.14538e-06
-2.34233e-06
4.41474e-06
-2.07241e-06
-4.24908e-06
4.24908e-06
4.34594e-06
-3.84197e-06
-5.0397e-07
4.03925e-06
9.59531e-07
4.52781e-06
-3.71496e-06
4.47781e-06
-4.99841e-08
-3.50473e-06
-5.61318e-07
4.06605e-06
-5.69229e-06
5.71166e-06
-1.93689e-08
5.25402e-06
-3.16308e-06
-2.09093e-06
7.67398e-07
3.76041e-06
-5.75187e-06
5.72306e-06
2.88161e-08
-1.27001e-09
-4.19455e-08
5.67604e-06
-5.63409e-06
-5.73009e-06
5.73009e-06
-6.8154e-08
4.30673e-06
6.1494e-06
-5.73226e-06
-4.17141e-07
-5.75548e-06
5.71353e-06
5.75042e-06
-5.72116e-06
-2.92646e-08
-4.18958e-06
-9.4481e-08
4.90131e-06
-6.54742e-08
5.71232e-06
-5.64685e-06
5.71409e-06
-5.72486e-06
1.07674e-08
-4.31931e-06
5.68434e-06
-8.29777e-09
-4.39548e-06
4.35627e-06
3.92027e-08
-5.68327e-06
5.7038e-06
-2.05272e-08
4.353e-06
-4.24013e-06
-5.74027e-06
5.67479e-06
4.40258e-06
-1.39984e-06
2.09706e-06
2.74153e-06
-3.18259e-06
-2.42687e-06
-5.72036e-06
5.72036e-06
-5.74656e-06
-8.91829e-09
5.31962e-06
-9.75129e-07
-4.34449e-06
-3.74902e-06
2.54724e-06
1.43261e-07
5.69351e-06
-5.71115e-06
1.76471e-08
4.19042e-06
-4.18697e-06
-3.4546e-09
5.87089e-06
-5.71838e-06
-1.52513e-07
5.66385e-06
2.96546e-08
5.65343e-06
5.88915e-08
-1.16679e-08
-4.23741e-06
-5.24383e-06
2.88529e-06
2.35854e-06
-4.23147e-06
4.2586e-06
5.68184e-06
-1.79821e-08
5.96326e-07
3.85712e-06
3.05608e-06
-1.1692e-06
-5.73202e-06
-8.2456e-09
4.67456e-06
2.7739e-06
-4.72617e-06
-7.20285e-07
-5.83775e-06
4.26532e-06
-4.29039e-06
2.50651e-08
-1.97776e-07
-5.784e-06
4.44132e-06
-4.94923e-08
4.93759e-06
-3.37771e-06
-1.55988e-06
-4.27442e-06
5.69052e-06
-5.69052e-06
4.0727e-06
5.35579e-08
-4.12626e-06
4.38295e-06
-5.70248e-06
5.69499e-06
7.48975e-09
5.66209e-06
-5.7167e-06
5.46115e-08
3.60303e-06
-4.76922e-06
-1.52169e-08
-5.66234e-06
5.67756e-06
5.64927e-06
-5.66449e-06
-1.8882e-07
6.02063e-06
-4.52201e-06
4.89892e-06
-5.11991e-06
3.55116e-06
-9.00022e-08
5.83156e-06
4.90287e-07
2.52576e-06
4.88005e-08
5.27082e-06
-1.56798e-08
4.56177e-06
-4.54609e-06
-3.88618e-08
-5.71611e-06
-3.57659e-08
4.69273e-06
-4.70017e-07
-4.22271e-06
-5.67812e-06
5.67812e-06
3.33341e-06
-2.86955e-06
-5.72515e-06
5.71014e-06
1.5015e-08
4.37246e-06
-4.37246e-06
4.25636e-06
-6.59388e-08
5.68588e-06
-5.69501e-06
9.13437e-09
-5.48959e-06
1.50143e-06
5.40428e-09
-4.22346e-06
4.21805e-06
4.58068e-06
-3.8268e-08
5.69776e-06
5.26618e-08
3.45657e-06
5.89867e-07
-4.04643e-06
5.71523e-06
-3.08894e-08
4.44038e-06
-4.44038e-06
5.67891e-06
-5.65915e-06
-1.97648e-08
-4.34281e-06
4.31039e-06
3.24156e-08
5.72229e-06
-5.70495e-06
-1.73351e-08
-5.68755e-06
5.68755e-06
8.48187e-07
3.98268e-06
1.34568e-07
-4.11725e-06
-5.72561e-06
5.7107e-06
1.49123e-08
-2.11839e-08
-4.28774e-06
4.26284e-06
2.48177e-09
5.32153e-06
-1.00507e-06
-4.31646e-06
3.6767e-06
5.66449e-06
-5.68013e-06
1.56429e-08
4.37814e-06
4.67583e-06
6.5916e-08
4.00678e-06
5.80844e-06
-1.10677e-07
5.64584e-06
1.86484e-08
4.155e-06
-4.155e-06
-2.18755e-06
5.74442e-06
-5.69925e-06
-1.74445e-08
5.69636e-06
-5.67492e-06
-2.14408e-08
1.1151e-07
-5.80447e-06
5.69296e-06
5.97015e-07
-5.74239e-06
-5.71526e-06
5.7054e-06
9.86137e-09
4.1263e-06
-4.12383e-06
-2.46618e-09
4.34594e-06
-3.83526e-06
3.83526e-06
5.65732e-06
-1.14773e-08
-4.24159e-06
-3.95985e-06
3.99522e-06
4.40124e-06
-4.58097e-08
-1.28938e-08
4.50952e-07
-5.61858e-06
5.69538e-06
-5.69722e-06
1.8449e-09
1.36045e-07
3.99025e-06
1.31486e-07
4.56124e-06
4.28926e-06
-3.29011e-08
-5.70255e-06
5.6959e-06
6.6499e-09
5.65227e-06
-5.66812e-06
1.58515e-08
-5.69738e-06
-2.7774e-08
5.68195e-06
-5.66699e-06
-1.49599e-08
4.2904e-06
8.20607e-08
5.68542e-06
2.47134e-08
-7.17631e-09
5.67274e-06
2.31668e-08
-8.61601e-10
-4.20265e-06
-5.75917e-06
6.07424e-08
-4.26224e-06
4.26224e-06
5.31823e-08
5.26834e-06
-4.33138e-06
8.26646e-07
2.98874e-08
5.68421e-06
2.37023e-07
-4.09745e-06
3.86042e-06
3.96152e-08
5.69047e-06
5.42912e-06
-5.92108e-06
4.28673e-06
1.5365e-07
5.64927e-06
-4.36535e-08
4.02634e-06
-4.14424e-06
2.04066e-08
4.08375e-06
-6.27181e-07
-5.66339e-06
5.66339e-06
-5.6937e-06
-3.19102e-08
3.84197e-06
-3.98081e-06
1.38834e-07
-5.69047e-06
4.19376e-06
-4.18835e-06
5.68263e-06
2.80683e-08
-5.68525e-06
-5.05724e-06
3.51943e-06
-5.70958e-06
5.70007e-06
9.51616e-09
3.88099e-06
3.65191e-07
4.22346e-06
2.5621e-08
-5.64502e-06
5.68379e-06
-3.87664e-08
-4.28893e-06
4.25091e-06
3.80221e-08
-5.66309e-06
1.80674e-08
4.27131e-06
-8.46929e-09
2.36037e-07
-4.41542e-06
4.17938e-06
5.6618e-06
-5.6869e-06
2.50978e-08
4.60554e-06
-4.82114e-06
5.66117e-06
-5.66055e-06
-6.21006e-10
-3.61714e-06
3.61714e-06
-4.45409e-06
4.45409e-06
-5.65465e-06
-8.43977e-09
-2.64251e-06
3.1328e-06
-5.67086e-06
5.66251e-06
8.34773e-09
4.43033e-08
5.67606e-06
3.53609e-06
-3.1328e-06
-3.53609e-06
3.73476e-06
3.75374e-06
-4.31506e-06
5.17978e-06
-3.06884e-06
-2.11094e-06
-5.69114e-06
-2.41197e-08
-8.19763e-07
-3.73476e-06
4.55452e-06
5.684e-06
2.13984e-08
-4.30655e-06
3.99076e-06
5.70034e-06
-5.68882e-06
-1.15262e-08
-5.66685e-06
-4.26799e-06
4.28797e-06
-1.3297e-07
-1.51982e-08
5.69703e-06
5.67311e-06
-4.21805e-06
-5.80838e-06
-3.40878e-06
4.35386e-06
-9.45085e-07
-5.64191e-06
-2.04334e-08
5.66581e-06
6.92325e-09
3.30413e-06
-3.37569e-06
7.15642e-08
6.51702e-09
3.98081e-06
-4.14104e-06
1.60237e-07
2.61448e-06
2.65467e-06
-5.68858e-06
-2.10021e-08
-4.3089e-06
5.6409e-06
-5.63618e-06
-4.72048e-09
5.68176e-06
1.83036e-08
-5.69823e-06
5.69211e-06
6.12895e-09
4.35598e-06
4.2904e-06
-5.65538e-06
5.64298e-06
1.2399e-08
5.69529e-06
-5.69277e-06
-2.5167e-09
-4.23575e-06
4.28673e-06
5.65271e-06
-5.65271e-06
2.2533e-08
5.70052e-06
-3.5692e-06
-7.62172e-07
5.66454e-06
-2.74074e-09
-7.27647e-07
3.86902e-06
-3.14137e-06
5.65003e-06
-5.64514e-06
-4.88992e-09
1.73086e-08
5.67321e-06
5.63975e-06
-5.64478e-06
5.03083e-09
-5.70571e-06
-5.68517e-06
-3.4244e-06
4.91026e-09
5.69008e-06
-5.99869e-09
-5.66992e-06
5.67592e-06
-5.65308e-06
5.64073e-06
1.23495e-08
-5.68835e-06
-9.88848e-09
-4.30589e-06
-4.15866e-06
1.44226e-08
5.68253e-06
9.57705e-09
-5.64795e-06
5.64556e-06
2.38671e-09
-5.65182e-06
2.12725e-08
5.63055e-06
5.68666e-06
1.36867e-08
-5.66905e-06
-1.97654e-08
-4.13541e-06
-1.95927e-08
5.68387e-06
-5.68736e-06
3.49245e-09
5.65025e-06
-5.65625e-06
-5.66178e-06
5.65397e-06
7.81346e-09
5.64767e-06
-5.6431e-06
-4.57485e-09
4.25854e-06
3.6992e-09
5.68574e-06
9.54852e-09
-5.6778e-06
-1.49759e-08
-5.69863e-06
4.28797e-06
-5.65071e-06
5.63943e-06
1.12763e-08
3.75066e-06
-3.99533e-06
-5.63477e-06
5.65591e-06
-2.11465e-08
5.65225e-06
-5.66069e-06
8.44231e-09
-1.38307e-08
-5.68288e-06
-5.46979e-09
-1.47438e-08
-5.01698e-06
3.55915e-06
-9.70128e-09
5.65025e-06
-9.37836e-09
-6.05166e-09
-5.68766e-06
4.78421e-09
2.17557e-06
4.77788e-06
-6.95345e-06
-1.17723e-06
5.68389e-06
-2.20749e-11
-5.67321e-06
1.04938e-08
5.66762e-06
-5.67661e-06
-1.07558e-08
-4.27258e-06
-5.69332e-06
5.65691e-09
1.99225e-08
5.66596e-06
-8.79638e-10
2.69371e-08
-5.59702e-06
5.57009e-06
5.69174e-06
-5.68885e-06
-2.89609e-09
-4.34895e-06
7.79743e-07
5.68078e-06
-5.67084e-06
-9.94563e-09
-5.68452e-06
-4.21512e-06
-2.22254e-07
5.64648e-06
-5.64201e-06
-4.46432e-09
2.9688e-08
-5.60234e-06
5.57265e-06
-5.69032e-06
5.67972e-06
1.06015e-08
-4.30243e-06
4.26678e-06
3.56414e-08
4.98222e-09
-5.69026e-06
-3.06158e-09
-4.32706e-06
8.97769e-07
3.42929e-06
-5.68284e-06
-7.47734e-09
5.68986e-06
1.88161e-09
-5.68055e-06
-8.30101e-09
-2.26518e-08
-5.69064e-06
3.79676e-10
-4.09222e-06
-4.76342e-07
4.56856e-06
3.27055e-06
2.39032e-08
-5.66762e-06
4.26773e-06
-1.68245e-08
-5.6462e-06
5.6462e-06
-1.09193e-08
5.68714e-06
2.72239e-09
-4.50958e-09
8.86118e-09
9.134e-09
5.68929e-06
-2.14973e-09
3.34674e-09
5.6878e-06
-5.68785e-06
5.18771e-11
4.10528e-06
-4.10528e-06
-5.67606e-06
5.66386e-06
1.22026e-08
5.65565e-06
-5.64985e-06
-5.797e-09
-7.98635e-09
5.68573e-06
3.55528e-09
5.686e-06
1.80103e-09
-2.12138e-09
5.68652e-06
5.68101e-06
-5.68415e-06
3.13757e-09
-5.73584e-06
-5.66285e-06
-1.32129e-08
4.37804e-06
-5.36339e-08
5.67593e-06
5.07577e-09
4.75632e-08
5.68024e-06
-5.67402e-06
-6.22221e-09
-4.05718e-06
4.05718e-06
3.18461e-08
5.6557e-06
-5.64526e-06
5.65433e-06
-9.07501e-09
5.67904e-06
1.20044e-09
4.30681e-08
4.24619e-06
5.67232e-06
-5.67017e-06
-2.15146e-09
-5.62757e-06
-1.76845e-08
5.65633e-06
-5.66096e-06
4.62702e-09
5.66865e-06
3.67013e-09
5.67913e-06
6.87341e-09
-5.62867e-08
-5.61363e-06
-9.10424e-09
-5.00298e-07
-3.81382e-06
5.64742e-06
-5.65289e-06
5.47673e-09
1.69077e-07
3.9362e-06
5.6716e-06
-5.66627e-06
-5.32397e-09
-5.01969e-09
-9.7213e-08
-4.71688e-06
4.81409e-06
-4.1081e-06
4.15492e-06
-4.68182e-08
-5.62091e-06
5.62272e-06
-1.80996e-09
5.66505e-06
6.54698e-09
-5.64829e-06
-3.53047e-06
5.70604e-06
5.66728e-06
-5.65923e-06
-8.05437e-09
-5.67277e-06
5.67291e-06
-1.41971e-10
5.6565e-06
-5.65138e-06
-5.12264e-09
-5.50177e-07
-4.8517e-06
5.40187e-06
5.66145e-06
5.82936e-09
-5.62523e-06
4.32068e-09
5.6681e-06
-5.66084e-06
-7.25747e-09
4.25854e-06
-4.36134e-06
4.36134e-06
5.66599e-06
-5.65532e-06
-1.06718e-08
-1.09555e-08
5.66828e-06
-8.91274e-09
-4.26444e-06
5.65799e-06
7.99941e-09
-5.67225e-06
-1.05951e-08
-5.61658e-06
5.61958e-06
-2.99378e-09
5.67285e-06
3.08204e-09
9.59055e-08
5.61575e-06
-1.16508e-09
5.66756e-06
1.43839e-08
4.2451e-06
2.26348e-08
6.65534e-10
-5.62215e-06
5.5627e-09
4.3289e-07
1.5742e-08
1.82874e-07
5.65121e-06
-5.65651e-06
5.2977e-09
-5.61063e-06
5.61716e-06
-6.53515e-09
1.00787e-07
-4.25128e-06
4.15049e-06
7.59908e-07
-4.42818e-06
3.66827e-06
1.6229e-06
4.01504e-06
-4.01504e-06
5.6473e-06
-5.6473e-06
-4.64807e-06
2.59455e-09
-5.65798e-06
4.33376e-06
5.66629e-06
1.27489e-08
-1.06846e-06
-1.98738e-06
3.05584e-06
-5.61883e-06
8.20157e-09
-5.62196e-06
-1.82509e-07
2.40261e-06
-3.9642e-06
1.56159e-06
-3.87495e-09
3.8418e-08
5.6175e-06
1.4504e-08
4.25681e-06
-5.67435e-06
1.19428e-08
5.65145e-06
3.60513e-06
-4.39889e-06
7.93765e-07
3.66829e-06
-1.26568e-06
-7.06784e-09
-5.64601e-06
5.67519e-06
-5.63677e-06
-5.65892e-06
-5.60322e-06
5.5979e-06
5.32134e-09
1.2606e-09
5.66125e-06
5.64143e-06
5.86619e-09
5.155e-06
-3.42151e-06
-1.73349e-06
-1.98141e-08
4.30655e-06
5.6597e-06
8.94982e-09
5.15309e-06
-5.70327e-06
3.83039e-08
5.61734e-06
-6.6771e-09
-5.64403e-06
-5.60978e-06
6.5665e-09
-4.12057e-06
1.24712e-08
4.32975e-06
-3.47165e-06
-8.58097e-07
5.63136e-06
-5.63184e-06
4.83621e-10
-6.57639e-09
1.62516e-06
-2.28407e-06
-2.13962e-06
4.42369e-06
5.64186e-06
-5.65054e-06
8.67823e-09
4.49379e-06
-4.44023e-06
-1.54889e-08
4.30589e-06
-3.69758e-06
2.62912e-06
5.63617e-06
-5.64183e-06
5.66186e-09
5.66858e-06
-5.63028e-06
-4.24638e-06
1.41102e-07
-4.26274e-06
4.25734e-06
5.40542e-09
4.14104e-06
-4.23826e-06
8.99051e-08
5.61389e-06
-4.30143e-06
4.17118e-06
-1.51964e-07
5.65979e-06
-5.65293e-06
-6.8594e-09
4.40666e-06
-4.20915e-06
-1.97511e-07
5.64143e-06
-3.4082e-09
-5.64454e-06
-4.17239e-06
1.37302e-08
5.23225e-07
3.20514e-06
-3.72836e-06
-5.59606e-06
5.58999e-06
6.073e-09
5.63251e-06
1.97393e-08
-3.56704e-06
-7.48016e-07
4.10302e-08
5.61547e-06
5.65041e-06
-5.66361e-06
1.32043e-08
5.64349e-06
-1.04213e-08
-5.62575e-06
-4.41181e-06
-7.4382e-07
5.65331e-06
1.17451e-08
6.01083e-06
-1.23295e-06
-3.42717e-08
5.64772e-06
-5.61345e-06
5.64519e-06
5.22311e-09
-5.60404e-06
7.98132e-09
-5.62025e-06
-4.02958e-08
-1.07729e-08
5.57224e-06
-5.56146e-06
7.3362e-09
5.64537e-06
5.66933e-06
-5.6283e-06
-5.65145e-06
-2.09291e-08
4.3089e-06
-5.92132e-09
4.27376e-06
-2.20245e-07
-4.05352e-06
5.75854e-08
4.21618e-06
-5.5802e-06
5.56942e-06
-5.65061e-06
-1.22355e-08
3.58702e-06
7.4273e-07
-2.13949e-08
4.37047e-06
-4.34908e-06
-3.62093e-06
-3.02861e-06
3.55184e-06
-4.72297e-06
5.84246e-07
4.13873e-06
5.64296e-06
4.3102e-09
-5.64945e-06
5.6122e-08
5.61907e-06
5.6345e-06
-5.63534e-06
8.34119e-10
5.64682e-06
-5.63001e-06
-1.68116e-08
-5.65445e-06
3.72234e-09
-8.14124e-09
-4.26681e-06
4.27495e-06
8.28598e-10
5.65314e-06
-3.92206e-06
1.1482e-06
-5.64706e-06
5.64389e-06
3.171e-09
-5.5882e-06
5.58153e-06
6.66346e-09
5.51915e-08
4.61798e-06
-4.48341e-06
3.38544e-06
-8.1319e-08
-2.93577e-08
5.65088e-06
-5.62153e-06
-5.0386e-06
2.75453e-06
5.64099e-06
4.99612e-09
-5.64809e-06
5.64687e-06
1.45856e-08
-5.27762e-06
5.28422e-08
5.22478e-06
8.84722e-09
-5.59704e-06
5.63571e-06
-5.62979e-06
-5.92223e-09
-1.78716e-07
5.66905e-06
-5.49033e-06
-8.45034e-09
-1.15913e-06
5.30529e-06
-4.14616e-06
-4.24638e-06
-4.70696e-06
5.63927e-06
-3.09939e-09
4.9542e-08
5.61904e-06
5.49832e-06
5.69257e-06
-5.68832e-06
-4.25409e-09
1.80572e-10
-4.27394e-06
4.27376e-06
-5.64252e-06
5.63868e-06
3.83193e-09
1.14007e-07
-4.24941e-06
4.13541e-06
5.64997e-06
-5.64763e-06
-2.34801e-09
-4.37469e-06
4.3533e-06
5.63336e-06
-5.62902e-06
-4.33922e-09
1.581e-08
5.63101e-06
-6.19579e-08
5.66334e-06
-5.64612e-06
5.80941e-08
-4.16448e-06
5.64584e-06
-5.64487e-06
-9.74301e-10
5.64307e-06
3.29598e-09
-5.64531e-06
5.61418e-06
1.19153e-08
-5.62609e-06
1.34704e-09
5.64656e-06
-5.63075e-06
-1.34394e-08
-4.2757e-06
4.28914e-06
3.03205e-06
-4.4613e-06
1.42924e-06
-9.49732e-07
-4.32789e-06
-4.14607e-06
-9.32144e-07
-3.63898e-06
-5.63963e-06
3.25324e-08
5.6071e-06
-4.30175e-06
4.2757e-06
2.60463e-08
-1.30913e-06
-3.46009e-06
-5.6367e-06
5.03201e-06
-5.62504e-06
5.63496e-06
-9.91376e-09
-4.70116e-06
4.67144e-07
4.23401e-06
4.48847e-06
-3.44903e-06
-1.03944e-06
-5.64476e-06
1.1324e-08
5.63344e-06
4.28268e-06
-4.22913e-06
1.18136e-08
5.6239e-06
-5.64537e-06
5.73632e-09
5.64047e-06
5.63964e-06
1.83506e-08
-9.37829e-10
-5.64384e-06
-1.82744e-08
-5.62879e-06
-5.6307e-06
4.27765e-06
-4.22481e-06
-2.39747e-08
1.20581e-06
3.73179e-06
-3.86255e-06
3.86255e-06
4.89945e-08
5.62033e-06
-6.39819e-06
-5.20527e-06
5.20545e-06
5.64729e-06
4.27454e-06
-4.24364e-06
-5.63862e-06
5.62035e-06
-4.766e-06
4.88001e-06
5.63468e-06
-5.62976e-06
-4.92304e-09
6.82906e-09
5.64059e-06
-5.70651e-06
4.29381e-06
-4.30725e-06
-5.63702e-06
9.44748e-09
2.12309e-06
5.65083e-06
-5.64397e-06
-6.86421e-09
-5.64716e-06
5.63496e-06
-5.63026e-06
-4.69974e-09
-5.634e-06
-5.6251e-09
5.62206e-06
-5.60483e-06
-4.31034e-06
5.18117e-06
5.63009e-06
-5.62825e-06
-1.8446e-09
-9.93829e-09
5.62412e-06
-4.30175e-06
3.72839e-06
-4.04066e-06
3.12263e-07
-6.93622e-06
6.93622e-06
5.64462e-06
5.64572e-06
-1.43006e-08
9.45942e-09
-5.64411e-06
5.66372e-06
-1.96107e-08
5.63325e-06
-5.62854e-06
-4.71488e-09
-4.67456e-06
4.4523e-06
1.74007e-08
5.63032e-06
-5.64469e-06
1.52438e-08
5.62944e-06
-5.62816e-06
5.64032e-06
-5.63277e-06
-4.32271e-06
-5.64001e-06
1.88386e-08
5.62117e-06
-4.32898e-06
-1.21779e-08
4.22475e-06
-4.25672e-06
3.19639e-08
5.62586e-06
-5.6306e-06
4.74196e-09
1.0418e-07
-5.63992e-06
5.63057e-06
9.35203e-09
5.63629e-06
-4.13274e-06
-4.10372e-06
-6.86723e-08
5.64358e-06
-5.64358e-06
-2.88147e-08
4.28736e-06
-5.64047e-06
5.6322e-06
-5.6275e-06
-4.70478e-09
5.64273e-06
-3.14428e-08
-5.63555e-06
-4.19549e-06
-5.21386e-07
-4.30196e-06
3.37118e-06
-3.76544e-06
3.94258e-07
-8.44165e-07
-3.64103e-06
4.48519e-06
5.62185e-06
-5.60697e-06
3.64431e-06
-4.25128e-06
-1.21505e-08
-5.63261e-06
5.63523e-06
-5.63056e-06
-4.67455e-09
4.3293e-06
-4.35085e-06
-1.19054e-06
-7.86393e-07
1.97693e-06
-4.49087e-06
4.52859e-06
4.34494e-06
-4.28736e-06
-1.70004e-08
-4.2135e-06
4.2305e-06
-2.02051e-08
-4.18124e-06
4.20145e-06
1.41248e-08
-4.3816e-06
4.36747e-06
4.00856e-08
-4.39923e-06
4.35915e-06
2.02703e-08
-4.31074e-06
4.29047e-06
-8.29881e-09
-4.21901e-06
4.22731e-06
-9.57016e-09
-4.21548e-06
4.22505e-06
2.53749e-06
-1.70979e-06
-8.27692e-07
3.74269e-06
2.7477e-08
5.62341e-06
4.12586e-06
-4.14959e-06
2.37361e-08
1.32513e-08
-5.63301e-06
5.61976e-06
5.64759e-06
-5.64759e-06
5.5728e-06
-1.32545e-09
-5.57147e-06
-1.87804e-08
-5.61984e-06
5.63179e-06
-5.62688e-06
-4.90436e-09
-3.50042e-06
-4.59604e-06
-1.05114e-07
3.69058e-06
7.16077e-07
5.64308e-06
-5.63549e-06
-7.59581e-09
-4.29553e-06
4.46364e-06
1.86946e-08
5.62787e-06
-3.09618e-06
-1.94242e-06
4.18819e-08
4.04324e-06
-4.08512e-06
-2.88708e-06
-4.88609e-07
-9.68699e-07
-5.99814e-07
1.56851e-06
4.23705e-06
4.23772e-06
4.42285e-06
4.42304e-06
4.39227e-06
4.33577e-06
-1.97631e-08
-4.24835e-06
4.26811e-06
4.2508e-06
-5.70559e-09
-1.67428e-06
5.6336e-06
-5.62035e-06
-1.39191e-07
4.53134e-06
-5.65066e-06
-3.85762e-06
4.76929e-06
5.56539e-06
4.80416e-09
-5.57019e-06
5.65501e-06
-1.14306e-08
-5.64285e-06
2.02449e-08
5.6226e-06
-4.25583e-06
-4.26681e-06
4.26612e-06
-4.28588e-06
-3.88285e-06
4.69041e-06
-8.07564e-07
-1.00789e-08
-5.62993e-06
2.94179e-06
-3.66943e-06
9.30193e-09
-5.63909e-06
-5.63245e-06
-1.4983e-06
-2.19928e-06
-5.62236e-06
-1.0648e-08
4.31676e-06
1.34695e-06
3.28251e-06
5.62633e-06
-5.62199e-06
-4.33566e-09
4.289e-06
-2.84062e-06
-1.44838e-06
-2.04218e-06
1.07348e-06
-2.36697e-06
5.1215e-06
-2.05239e-06
4.26655e-06
-2.21416e-06
1.75855e-09
5.6401e-06
-5.60154e-06
5.63024e-06
-5.63353e-06
3.28688e-09
-3.18893e-06
1.36011e-06
1.82882e-06
-1.88232e-08
-4.24712e-06
4.26594e-06
5.89744e-06
-2.61109e-06
-3.28634e-06
4.18779e-09
5.56861e-06
-1.22575e-06
-1.96318e-06
-4.11475e-06
4.15663e-06
3.5102e-06
2.32493e-07
-4.09469e-06
-8.66071e-09
-4.25302e-06
4.26168e-06
4.39342e-06
-4.25737e-06
-2.61592e-06
-9.91655e-07
3.60758e-06
-5.62165e-06
5.62328e-06
-1.62941e-09
-4.15681e-06
4.21491e-06
5.62788e-06
-5.63153e-06
-3.76256e-06
-9.9985e-08
-5.66971e-06
5.64827e-06
-2.93554e-06
4.25044e-09
5.63071e-06
4.91133e-06
-2.71435e-06
-2.19698e-06
4.1576e-06
-7.86417e-07
4.64433e-06
-6.0109e-07
4.25935e-06
-4.27817e-06
5.62021e-06
-5.62047e-06
2.60306e-10
4.26406e-06
-4.27272e-06
5.16863e-09
-5.61733e-06
5.61216e-06
-2.3696e-06
-5.65936e-07
1.04944e-08
-4.32084e-06
-5.63319e-06
7.95892e-09
3.76256e-06
-3.98171e-06
2.19149e-07
-6.11474e-07
4.60173e-06
-2.20139e-08
-4.17348e-06
4.23404e-06
4.36073e-08
5.62644e-06
-5.62279e-06
-3.65821e-09
6.80877e-09
5.63462e-06
2.85895e-06
-4.25394e-06
4.26443e-06
2.76825e-06
-1.61197e-08
-5.62673e-06
-2.14939e-06
-1.64439e-06
3.79378e-06
-4.0664e-06
-3.7322e-08
3.83236e-06
-3.45517e-06
-3.77189e-07
-7.65646e-07
4.45625e-06
-3.6906e-06
5.63008e-06
-5.62573e-06
-4.34647e-09
7.52654e-09
5.62716e-06
3.7658e-08
4.29017e-06
-4.32782e-06
3.68322e-09
-5.63344e-06
-4.21258e-06
4.22631e-06
5.62803e-06
-5.6343e-06
6.26576e-09
5.65501e-06
-2.37585e-08
-3.93609e-06
-1.72595e-07
4.10868e-06
-5.66598e-06
-2.14282e-09
5.57827e-08
-4.31853e-06
-5.77536e-06
5.62573e-06
-5.62056e-06
-3.61228e-06
7.73043e-09
-1.36123e-08
-5.6239e-06
5.62671e-06
6.53867e-09
-5.86704e-06
9.11491e-10
-5.62945e-06
-2.55245e-07
-3.16536e-06
1.17798e-06
-5.64152e-06
5.64152e-06
-3.5557e-06
4.33972e-06
-7.84023e-07
5.65235e-06
-3.37155e-06
4.20278e-06
-8.31223e-07
-3.63469e-06
4.39952e-06
-7.6483e-07
-4.22246e-06
-6.20752e-08
4.35065e-06
-4.28858e-06
-3.67094e-06
3.56204e-06
-9.32928e-07
5.63417e-06
-5.64158e-06
7.41479e-09
5.63323e-06
-5.64064e-06
7.41367e-09
5.62937e-06
-5.63734e-06
7.97026e-09
-6.14776e-09
-5.63377e-06
-3.38379e-06
4.27171e-06
-8.8792e-07
5.63111e-06
-5.62679e-06
-4.32725e-09
5.62954e-06
7.95919e-07
-4.51088e-06
5.62622e-06
5.97817e-09
-5.62881e-06
1.31867e-09
1.32114e-06
5.62856e-06
-5.63326e-06
4.7005e-09
1.16174e-07
4.22877e-06
-4.34494e-06
-4.13658e-06
-2.02344e-08
4.15681e-06
-5.6407e-06
-5.62843e-06
5.62116e-06
7.26777e-09
4.28936e-06
-4.23358e-06
-5.63261e-06
5.6256e-06
7.0117e-09
-4.16805e-06
3.99697e-06
1.7108e-07
-5.63326e-06
5.62644e-06
6.82153e-09
5.64215e-06
-5.63528e-06
-6.87056e-09
-4.22066e-06
4.25832e-06
-4.55295e-06
-2.45434e-06
-4.62326e-06
-9.59089e-07
4.64646e-06
-3.68737e-06
5.62121e-06
-1.56672e-08
-5.61335e-06
-4.24941e-06
4.56373e-09
-5.63527e-06
5.6307e-06
-4.50268e-06
4.28243e-06
8.95634e-09
5.63689e-06
5.62487e-06
6.91902e-09
-5.62834e-06
1.4544e-09
-4.4436e-07
-1.59782e-06
-4.30312e-06
4.24105e-06
-4.47882e-06
7.7771e-07
3.70111e-06
-1.50554e-06
-1.65982e-06
-4.27394e-06
4.46437e-06
6.90624e-07
1.406e-09
5.62303e-06
-5.62444e-06
4.23826e-06
-4.26027e-06
-5.63806e-06
5.66485e-06
-5.649e-06
-1.41074e-06
-1.18817e-06
2.59892e-06
-4.01268e-06
-1.51805e-07
-5.6682e-06
9.04823e-09
-1.47467e-07
-4.25446e-06
4.24712e-06
7.34083e-09
4.66197e-06
-4.4579e-07
5.63168e-06
-5.62655e-06
-5.13503e-09
5.62424e-06
2.09267e-09
-5.62757e-06
5.57959e-09
5.62849e-06
-5.63035e-06
1.86185e-09
-4.8661e-09
2.71439e-09
-5.65171e-06
-4.15663e-06
-8.97526e-08
1.61077e-07
-4.66008e-06
-2.95131e-08
5.64972e-06
-5.70728e-06
-1.67915e-09
-5.61565e-06
-4.60554e-06
4.46635e-06
5.1941e-10
4.12534e-06
-4.2565e-06
4.25302e-06
3.48776e-09
-3.66764e-06
-7.60545e-07
4.3049e-06
4.04197e-06
-4.21457e-06
5.62671e-06
-5.62566e-06
-4.35657e-06
4.26039e-06
-3.78284e-06
-1.99252e-06
5.62488e-06
-3.6285e-09
-5.62663e-06
5.15309e-06
-4.29135e-06
5.69427e-07
3.72193e-06
8.85017e-07
-4.30652e-06
6.74963e-07
5.5416e-08
7.32445e-07
-4.46858e-06
3.73613e-06
8.53107e-07
-5.25383e-06
4.40073e-06
5.6252e-06
4.87165e-09
-5.42064e-09
-5.62642e-06
6.99356e-07
-4.41202e-06
3.71267e-06
-5.62735e-06
1.62179e-09
5.96168e-08
4.19772e-06
-4.78304e-06
-4.72652e-06
6.60127e-07
-3.8904e-06
4.24835e-06
-4.26241e-06
1.40553e-08
-1.8078e-08
-5.62375e-06
1.96895e-08
5.61391e-06
-3.28455e-06
-3.13735e-06
4.27384e-06
-4.27384e-06
-4.13658e-06
-4.03291e-06
-4.29553e-06
-5.59731e-06
-1.28108e-08
5.61012e-06
-3.91493e-06
-3.86491e-07
7.95044e-07
3.7051e-06
-4.50014e-06
8.41142e-07
3.52251e-06
-4.36366e-06
7.71733e-07
-4.58254e-06
3.8108e-06
4.11931e-06
4.46699e-06
-3.67107e-06
4.4523e-06
4.67515e-06
-4.11685e-06
4.14198e-06
-4.28944e-06
5.63087e-06
-5.62648e-06
-4.39409e-09
-5.44996e-06
-4.25978e-06
5.62437e-06
6.74862e-09
-5.62745e-06
6.66455e-10
5.6243e-06
-2.49069e-07
5.62555e-06
-5.63131e-06
5.76337e-09
5.63516e-06
-5.61191e-06
9.28171e-08
-3.49107e-06
3.39826e-06
4.19503e-09
4.3251e-06
4.09352e-08
4.63421e-06
4.77814e-06
-4.06431e-06
-3.40886e-06
-8.82492e-07
2.85346e-07
3.87225e-06
-4.35821e-06
-5.62947e-06
5.63012e-06
-6.55121e-10
4.37469e-06
-4.46635e-06
9.16598e-08
-4.45855e-06
7.90908e-07
-6.09778e-06
8.48539e-07
5.24924e-06
5.63225e-06
2.69167e-06
3.75143e-06
5.63609e-06
-5.63609e-06
-1.96362e-06
7.03827e-09
4.22877e-06
-4.30979e-06
1.90359e-08
4.29076e-06
-5.62682e-06
-5.63462e-06
5.62434e-06
7.33712e-09
-5.62668e-06
1.36338e-10
5.61911e-06
-1.3368e-10
-5.63042e-06
-4.39651e-06
3.99354e-08
4.3834e-06
-3.68405e-06
-3.36126e-06
4.12552e-06
-5.64211e-06
4.56806e-06
-3.68304e-06
4.40196e-06
-3.66951e-06
4.52531e-06
-3.6722e-06
-5.98985e-09
5.62783e-06
-5.65034e-06
4.29904e-06
-4.23943e-06
-4.13845e-06
4.13897e-06
-5.61501e-06
-2.61341e-09
5.61762e-06
9.27655e-07
4.27779e-06
-1.14801e-08
-5.62386e-06
7.46919e-08
4.19985e-06
-2.70706e-06
2.07326e-06
6.33795e-07
-4.25446e-06
4.42495e-06
-3.6299e-06
4.45639e-06
-3.61524e-06
4.46114e-06
-3.6894e-06
4.26803e-06
5.14782e-08
-4.778e-06
5.70327e-06
-5.46757e-06
-6.30215e-07
4.27802e-06
-4.27802e-06
3.77797e-06
-5.72828e-07
-2.62082e-06
2.05489e-06
3.71196e-06
7.4429e-07
5.62538e-06
5.49706e-09
5.68043e-06
-5.6418e-06
-3.8631e-08
-5.62707e-06
5.88973e-10
-5.63092e-06
5.62364e-06
-5.62822e-06
4.58688e-09
-4.26658e-06
5.30775e-08
-4.25922e-06
7.79813e-08
-4.26722e-06
-1.14378e-07
-4.2319e-06
-1.67335e-07
-4.39433e-06
8.35951e-08
-4.33085e-06
1.11848e-07
-4.3215e-06
1.06013e-07
-7.74624e-09
5.62179e-06
-5.61405e-06
-5.63111e-06
8.96584e-09
-1.22024e-08
5.66721e-06
5.62412e-06
-5.6309e-06
6.78512e-09
-5.12473e-06
9.78658e-07
-3.2983e-09
3.59929e-06
1.46475e-07
-4.53095e-06
4.38447e-06
-4.90821e-06
3.12165e-07
5.63393e-06
-5.62928e-06
-3.80424e-06
4.03674e-06
3.98412e-09
-5.63345e-06
5.61758e-06
8.15128e-09
4.26505e-06
-4.26505e-06
-4.11475e-06
2.64015e-06
3.81086e-06
1.03141e-09
-5.6215e-06
-4.2565e-06
-2.50168e-08
-2.73908e-06
1.01703e-05
-7.43122e-06
-3.32837e-06
-4.13499e-06
7.46336e-06
-5.62091e-06
5.62089e-06
2.0052e-11
4.27911e-06
-4.27492e-06
4.14912e-06
-4.10819e-06
-4.26168e-06
4.26221e-06
-5.35087e-10
3.91994e-06
-3.82712e-06
1.44985e-06
-1.3875e-06
-6.23532e-08
-4.60666e-06
3.63021e-07
-7.88233e-07
4.20454e-06
-3.72183e-07
9.66039e-10
-4.90917e-06
5.6203e-06
1.58838e-09
-5.62437e-06
4.3541e-06
4.39623e-06
4.26086e-06
-3.02938e-06
2.65387e-06
-3.87705e-06
5.62894e-06
-5.62677e-06
-7.87982e-07
-3.67056e-06
-1.39492e-08
-5.78602e-06
6.63456e-06
3.57708e-06
7.80782e-07
-4.35786e-06
-7.29203e-06
5.63385e-06
4.25866e-06
-4.14593e-06
-5.61737e-06
-5.6219e-06
5.62926e-06
-7.35515e-09
4.46364e-06
3.96842e-06
-4.04974e-06
-3.65507e-06
4.29305e-06
-6.37975e-07
-2.56795e-08
5.59107e-06
5.62332e-06
-5.62781e-06
4.48933e-09
-1.12286e-08
-4.59871e-06
4.6597e-07
-4.23041e-06
-2.63055e-08
-2.73731e-09
-2.29027e-09
-2.10146e-09
-2.11434e-09
-2.70521e-09
-3.11532e-09
-2.24863e-09
-2.31581e-09
-2.72519e-09
4.46135e-09
5.64791e-06
3.25236e-08
-4.35617e-06
5.42123e-08
-4.2624e-06
4.21457e-06
-4.32633e-06
-5.62783e-06
5.62654e-06
-1.36409e-08
5.62581e-06
3.90723e-06
7.39226e-07
-1.00136e-07
4.41089e-06
-3.3186e-06
-4.3533e-06
5.15532e-08
8.86944e-07
-5.32419e-06
6.2155e-07
-3.70958e-06
3.08803e-06
6.53598e-07
-4.34977e-06
3.69617e-06
6.24724e-07
-4.21051e-06
3.58578e-06
1.06005e-06
-5.06912e-06
5.22088e-07
-3.98316e-06
3.46107e-06
1.61348e-06
-4.52662e-06
2.86102e-08
-4.33185e-06
7.76149e-07
-1.28253e-09
5.63545e-06
-4.17013e-06
7.98571e-07
-1.69169e-09
5.63492e-06
-5.62829e-06
-4.39789e-06
7.63203e-07
-5.62918e-06
1.81242e-09
5.62755e-06
-5.62606e-06
7.74124e-07
-4.41515e-06
-4.23094e-06
-4.22681e-06
-4.22801e-06
-4.2137e-06
-4.3117e-06
-4.30851e-06
-4.27036e-06
4.85743e-06
-3.42819e-06
5.62988e-06
-5.62672e-06
4.25814e-06
1.10339e-06
-4.59726e-06
4.15252e-06
-4.15582e-06
-5.6171e-06
-9.06116e-07
4.23194e-06
-8.94456e-07
4.69492e-06
-4.84538e-08
-5.54545e-08
-6.6948e-08
-7.32286e-08
1.37486e-07
-4.53538e-06
1.23122e-07
-4.53741e-06
1.76168e-07
-4.61261e-06
-5.61378e-06
-5.61302e-06
1.19807e-10
5.62104e-06
5.69378e-09
5.61991e-06
-3.70482e-06
-4.28732e-06
2.28749e-08
-4.33681e-06
6.88218e-08
-4.35609e-06
6.83494e-08
-4.34962e-06
7.51989e-08
-4.3752e-06
5.58911e-08
-4.36017e-06
6.78614e-08
-4.37389e-06
4.50394e-08
4.29989e-06
1.13889e-07
-4.41377e-06
5.62115e-06
-5.6257e-06
9.57838e-09
5.61686e-06
-1.54457e-07
4.5642e-10
-4.35131e-06
-4.18714e-06
-5.62613e-06
4.23241e-09
5.6224e-06
6.85468e-09
1.22491e-08
4.26981e-06
-4.28206e-06
1.48541e-07
-1.48571e-07
4.14554e-06
5.18123e-06
-6.51365e-11
-4.13755e-06
-1.20429e-08
-4.2084e-06
-6.0418e-08
4.26882e-06
4.77777e-06
-8.73562e-08
5.61764e-06
-5.63552e-06
1.78821e-08
8.50039e-07
-3.23331e-06
-8.64134e-07
-4.44305e-06
-4.47449e-06
7.88062e-07
-4.15868e-06
7.74885e-07
2.66044e-06
5.97518e-07
-4.8119e-06
-8.8879e-09
3.62393e-06
8.06831e-07
-4.43076e-06
-4.45125e-06
6.06697e-07
3.84456e-06
3.56509e-06
7.74637e-07
3.67825e-06
7.82882e-07
3.6818e-06
7.74585e-07
3.40852e-06
7.94256e-07
3.64804e-06
7.76908e-07
3.64035e-06
7.59166e-07
3.61464e-06
7.68767e-07
7.77397e-07
-4.46145e-06
-5.6317e-06
-3.5655e-09
-5.6355e-06
-8.60867e-09
-4.25918e-06
6.63829e-07
3.59535e-06
-3.61454e-06
-3.45964e-06
7.07418e-06
5.62745e-06
-5.04821e-09
-5.66858e-09
-5.62258e-06
5.6272e-06
-5.66258e-06
7.25288e-08
5.59005e-06
-3.5325e-06
-5.13932e-07
5.62994e-06
-5.62437e-06
4.07726e-07
-6.19374e-06
3.51987e-06
7.51839e-07
4.22497e-06
3.99793e-06
6.36288e-07
4.40005e-06
-6.88086e-07
1.28954e-07
-4.02931e-06
3.90036e-06
-4.30771e-06
6.70961e-07
-4.39724e-06
3.72627e-06
-5.80743e-08
4.28066e-06
-7.92085e-08
4.2514e-06
1.16072e-07
4.25428e-06
1.04869e-07
4.19753e-06
9.29347e-08
4.32502e-06
-9.77115e-08
4.31821e-06
-9.31621e-08
4.285e-06
1.40438e-08
4.16048e-06
-5.55739e-09
-4.2622e-06
3.17854e-08
4.99339e-08
5.63739e-06
-5.63467e-06
-4.25798e-06
3.73239e-08
2.59957e-08
3.60836e-06
-4.34992e-06
7.4156e-07
-3.73105e-06
4.1253e-06
-8.55308e-09
-4.98282e-06
6.73029e-07
3.98087e-06
5.809e-07
5.62192e-06
-5.62654e-06
4.62332e-09
-5.62531e-06
5.62531e-06
4.41562e-06
-8.3854e-07
-4.30353e-06
7.259e-08
-4.32022e-06
9.34118e-08
-4.32263e-06
9.46119e-08
-4.27273e-06
5.90341e-08
-4.38091e-06
6.92113e-08
-4.38608e-06
7.75688e-08
-4.33004e-06
5.96836e-08
-4.27437e-06
4.07876e-08
-9.94206e-09
-5.64177e-06
2.1059e-08
5.6208e-06
6.6457e-09
-5.654e-06
4.18664e-06
-4.10366e-06
3.17073e-06
-7.83253e-07
4.22226e-06
3.6054e-08
-3.85625e-06
3.69531e-06
-4.18392e-06
5.62981e-06
3.91839e-06
-3.19098e-07
2.84141e-06
-3.8157e-06
-4.08233e-06
6.48289e-06
-6.07516e-06
3.67896e-06
-4.4298e-06
7.50841e-07
-4.40554e-06
7.75636e-07
5.60486e-06
-5.63054e-06
-4.39086e-06
7.75613e-07
-4.47636e-06
7.8696e-07
3.66166e-06
7.38385e-07
3.75716e-06
7.68151e-07
3.63347e-06
7.6849e-07
3.78574e-06
7.82321e-07
3.66319e-06
8.22e-07
-6.23717e-06
5.63113e-06
-5.62439e-06
-5.50312e-07
4.27512e-06
5.62533e-06
-5.62654e-06
-1.83186e-06
4.60653e-09
-1.03885e-06
6.2881e-06
5.61811e-06
-5.62462e-06
6.51576e-09
-3.07056e-06
1.77333e-06
-3.99044e-06
-2.78599e-06
-1.00155e-07
5.70526e-06
7.93626e-07
-4.46419e-06
1.533e-06
2.26078e-06
4.39945e-06
-4.18247e-06
-5.61869e-06
5.61094e-06
5.62526e-06
-5.62613e-06
-2.39407e-08
-5.63666e-06
5.63179e-06
-4.3336e-06
5.62155e-06
-3.44677e-09
-6.87995e-07
-2.20772e-06
-3.11647e-06
4.11173e-06
-4.31807e-06
-3.81894e-09
-4.00602e-06
5.62552e-06
-5.61121e-06
-4.25394e-06
3.34704e-06
3.04936e-06
-4.14198e-06
3.9934e-06
4.26437e-06
-4.26443e-06
4.0002e-06
-3.9934e-06
-6.79952e-09
-4.15049e-06
4.13845e-06
4.07855e-06
-4.13897e-06
4.27446e-06
-4.26221e-06
-3.95965e-06
4.10819e-06
-4.27446e-06
4.27492e-06
-4.13059e-06
3.82712e-06
3.0346e-07
-4.21063e-06
-5.67369e-07
5.6205e-06
-5.62494e-06
4.44304e-09
3.67566e-06
7.91336e-07
1.0865e-08
-5.22571e-07
2.34167e-06
5.63076e-06
-5.62423e-06
-6.53137e-09
7.90529e-09
-5.64341e-06
-7.32095e-10
5.63404e-06
-5.63331e-06
5.62103e-06
-4.16515e-06
-4.88352e-06
4.88449e-06
-5.63294e-06
1.26839e-08
-4.48515e-06
1.0135e-06
4.34416e-06
-4.41283e-06
5.6249e-06
5.71931e-06
-5.59615e-06
-1.2316e-07
5.62399e-06
-5.62294e-06
-4.63684e-06
-3.4598e-07
-5.64154e-06
-4.0812e-06
-4.10881e-06
2.64721e-08
-6.48379e-07
4.17344e-06
6.04334e-07
5.61277e-06
-7.57389e-07
5.62445e-06
-1.41814e-09
-5.42071e-06
-7.18827e-09
5.65546e-06
4.15252e-06
4.26811e-06
4.11173e-06
4.27376e-06
4.14912e-06
4.21491e-06
-4.15582e-06
-3.95965e-06
4.28914e-06
4.27911e-06
4.39945e-06
-4.13059e-06
4.26594e-06
4.04197e-06
-4.28944e-06
3.91994e-06
3.9362e-06
4.0002e-06
-4.26027e-06
4.07855e-06
4.26437e-06
3.49377e-06
-3.49377e-06
4.27495e-06
-5.63811e-06
-4.43339e-06
4.45243e-06
-3.67237e-06
4.46599e-06
5.6182e-06
-5.62486e-06
6.66012e-09
-1.7772e-07
-5.48234e-09
-4.34456e-06
1.09664e-08
-4.36021e-07
4.25531e-06
5.20511e-09
-5.58353e-06
5.57832e-06
5.26902e-09
1.25445e-08
-5.56345e-06
2.42942e-09
5.56102e-06
2.51513e-07
-5.79881e-06
5.5473e-06
5.61429e-06
7.49396e-09
-5.62179e-06
5.6138e-06
7.75478e-09
-4.027e-06
3.67662e-06
7.38992e-07
-5.59144e-06
-3.22445e-08
5.62368e-06
5.65731e-06
1.18616e-08
5.58124e-06
1.38068e-07
5.62205e-06
-5.61979e-06
-5.62533e-06
5.61701e-06
5.62275e-09
2.67873e-07
-5.15139e-06
-6.32202e-09
4.44198e-06
-3.63515e-06
4.31845e-06
-4.25746e-06
-6.09899e-08
5.11775e-06
-3.44427e-06
-1.67348e-06
4.8521e-06
-4.24541e-06
4.45534e-06
-3.68071e-06
4.45466e-06
-3.67851e-06
4.45942e-06
-3.67653e-06
4.45839e-06
-3.6838e-06
4.37669e-06
-3.58244e-06
4.38154e-06
-3.58297e-06
-4.54554e-07
-5.73919e-06
4.43878e-06
-3.66187e-06
4.43611e-06
-3.67694e-06
4.44313e-06
-3.67993e-06
4.44763e-06
-3.67886e-06
4.452e-06
-3.67461e-06
-2.48743e-09
3.57438e-09
-5.58653e-06
5.58295e-06
-1.29026e-08
5.86944e-06
-1.10115e-07
-5.75933e-06
4.40132e-06
-3.57932e-06
4.46122e-06
-3.67426e-06
5.63802e-06
5.11822e-06
-3.58056e-06
-1.53766e-06
4.45984e-06
-3.68422e-06
4.43813e-06
-3.66249e-06
4.33221e-06
-3.66838e-06
4.45912e-06
-3.68141e-06
4.35369e-06
4.42505e-06
-3.68667e-06
5.62196e-06
-7.66853e-09
-4.55458e-06
3.89229e-06
6.62288e-07
-5.13158e-06
3.68435e-06
5.56066e-09
5.61789e-06
-5.6224e-06
4.50822e-09
6.48289e-06
-7.71309e-08
5.72504e-06
4.43847e-06
-3.68663e-06
-5.55766e-06
5.58735e-06
-1.05271e-08
-2.92108e-08
-5.63529e-06
6.2078e-10
-4.2663e-09
-5.6934e-06
5.94491e-06
-4.05438e-06
-4.18247e-06
-4.23409e-06
4.17986e-06
4.2395e-06
-5.23337e-06
5.96524e-07
4.45731e-06
-3.68242e-06
1.36531e-08
-7.60337e-07
-5.60845e-06
-3.5882e-09
5.61204e-06
3.228e-07
-4.31807e-06
-4.27353e-06
4.2941e-06
-2.05788e-08
4.97108e-06
-4.22086e-06
-9.99802e-08
-5.92212e-06
4.51665e-06
-5.09869e-07
4.35027e-06
5.62109e-06
-5.61761e-06
5.62419e-06
5.62087e-06
-5.61945e-06
-4.23024e-06
4.22209e-06
8.14898e-09
-4.01047e-06
-2.24407e-08
4.55996e-06
-3.8184e-06
4.36139e-06
9.43924e-09
-3.67285e-06
4.56858e-06
-3.79445e-06
-3.95617e-06
4.46877e-06
-3.68645e-06
4.46263e-06
-3.69414e-06
4.43687e-06
-3.66872e-06
4.46689e-06
-3.75081e-06
-4.27443e-06
4.33787e-06
-6.34326e-08
3.77742e-08
-6.83318e-10
4.10511e-06
-7.87684e-08
4.50561e-06
-3.75477e-06
4.43548e-06
-3.69119e-06
-5.61589e-06
5.62339e-06
-5.64971e-06
5.65636e-06
9.35837e-09
7.507e-06
-6.6415e-06
4.16141e-06
-4.00033e-06
4.63549e-06
-4.69356e-06
4.18112e-06
-4.12805e-06
4.24898e-06
-4.17639e-06
4.59131e-06
-4.67052e-06
4.02351e-06
-3.94553e-06
4.22192e-06
-4.12851e-06
4.45225e-06
-4.33618e-06
5.08759e-06
-5.20197e-06
4.23853e-06
-4.14391e-06
4.46063e-06
-4.35577e-06
5.05242e-06
-5.21976e-06
4.02669e-06
-3.96766e-06
4.09819e-06
-4.00525e-06
4.33724e-06
-4.25364e-06
4.55567e-06
-4.48646e-06
4.89994e-06
-4.99765e-06
4.19007e-06
-4.07823e-06
4.54132e-06
-4.46376e-06
4.87689e-06
-4.97006e-06
4.1768e-06
-4.07079e-06
4.47802e-06
-4.41834e-06
4.54289e-06
-4.52885e-06
4.39702e-06
-4.34709e-06
4.44518e-06
-4.40439e-06
4.49394e-06
-4.4995e-06
4.34477e-06
-4.3323e-06
4.26402e-06
-4.23206e-06
4.25783e-06
-4.22604e-06
-7.98656e-09
4.25529e-06
-4.21923e-06
-5.61836e-06
-4.73639e-10
4.25386e-06
-4.21654e-06
5.62243e-06
-5.61671e-06
4.25278e-06
-4.20918e-06
4.244e-06
-4.218e-06
5.86944e-06
6.80447e-09
4.24515e-06
-4.22252e-06
-5.61376e-06
-2.17603e-08
-5.61889e-06
5.61889e-06
-5.64659e-06
3.28309e-08
-4.2663e-06
4.253e-06
-4.21498e-06
5.62193e-06
-4.96549e-06
-2.17565e-07
5.98468e-09
5.61791e-06
-5.6169e-06
-5.80351e-06
5.69973e-06
-5.66721e-06
-5.56944e-06
-7.71529e-08
4.53851e-06
4.24786e-06
-4.2268e-06
1.56585e-08
-3.15036e-08
-2.69197e-08
4.48424e-06
-3.74502e-06
2.67347e-08
-5.61575e-06
5.62227e-06
4.57604e-06
-3.80574e-06
4.23082e-06
-4.23929e-06
5.63421e-06
-5.63656e-06
-5.68622e-06
-1.60581e-06
-5.61701e-06
5.61674e-06
-6.07516e-06
5.63987e-06
4.05851e-06
7.19638e-07
-5.73628e-06
5.78384e-06
1.67165e-06
2.75204e-06
6.6415e-06
-6.11668e-06
5.69973e-06
4.92801e-09
3.40477e-09
-5.63996e-06
1.34506e-08
5.62656e-06
5.61321e-06
8.57907e-09
-5.78384e-06
5.93381e-06
-3.74239e-09
5.61436e-06
7.60375e-09
4.25548e-06
-4.23042e-06
-3.74826e-07
-5.73628e-06
2.62597e-09
-5.57531e-06
5.57269e-06
5.71539e-06
-5.65464e-06
-5.67328e-06
-5.71539e-06
4.47435e-06
-3.68059e-06
5.64299e-06
-2.1009e-08
-9.36308e-09
5.65235e-06
-5.64712e-06
7.37609e-07
-5.6327e-06
5.63182e-06
5.93381e-06
6.11668e-06
5.6327e-06
-5.64099e-06
-5.66544e-06
-1.83397e-08
3.17246e-08
-5.62316e-06
-5.65284e-06
5.63307e-06
5.63182e-06
-5.63303e-06
-5.66063e-06
5.65464e-06
-5.61602e-06
5.62287e-06
5.61626e-06
5.66063e-06
5.64136e-06
-5.64099e-06
-5.65933e-06
-3.29548e-08
5.6787e-06
-5.61981e-06
5.62287e-06
5.05075e-09
-5.62792e-06
6.97949e-09
5.63438e-06
5.64851e-06
-1.16215e-08
-5.6787e-06
5.65933e-06
5.62154e-06
1.32532e-09
5.63799e-06
5.62676e-06
-5.61981e-06
-5.65277e-06
9.17178e-09
-5.62322e-06
7.00085e-09
-5.62289e-06
-5.67435e-06
5.62987e-06
-7.22655e-09
5.58811e-06
-5.58088e-06
5.62567e-06
1.09699e-09
5.61974e-06
6.87585e-09
-5.62263e-06
5.62276e-06
-3.01814e-09
6.41372e-09
-3.88782e-09
5.62451e-06
-5.62062e-06
5.6228e-06
-4.33721e-11
-5.6216e-06
5.61424e-06
5.61642e-06
-5.61944e-06
7.80252e-09
-5.11785e-10
5.57981e-06
-5.5793e-06
5.62528e-06
-5.63097e-06
-2.3823e-09
5.62519e-06
-5.6229e-06
5.62038e-06
-8.23677e-09
5.62007e-06
-5.61184e-06
-5.62859e-06
-5.61524e-06
5.61928e-06
-4.04081e-09
5.62602e-06
8.86195e-09
4.90166e-09
5.62875e-06
-2.72467e-09
5.61883e-06
-5.63497e-06
5.63523e-06
-5.6148e-06
5.61926e-06
5.61766e-06
-5.62264e-06
7.39904e-09
5.61677e-06
-5.61639e-06
5.61677e-06
-5.61329e-06
5.62679e-06
7.44532e-09
5.61174e-06
-5.61614e-06
-4.21673e-09
5.62305e-06
-5.62258e-06
5.62607e-06
-3.0553e-09
5.61314e-06
-5.61586e-06
5.62031e-06
-5.61638e-06
5.61638e-06
-5.61652e-06
3.5754e-09
5.61267e-06
-5.61781e-06
6.88919e-09
-2.24111e-09
5.62367e-06
-3.35424e-09
5.6148e-06
-5.61712e-06
7.26369e-09
5.61418e-06
-5.6185e-06
5.61874e-06
-3.00253e-09
5.61553e-06
-5.61778e-06
5.62272e-06
-3.18739e-09
1.23404e-08
5.61461e-06
-5.61896e-06
5.62218e-06
-3.44111e-09
5.6161e-06
-5.61921e-06
5.62606e-06
-3.00972e-09
-2.94003e-09
5.61989e-06
5.61598e-06
-5.62032e-06
-5.62262e-06
5.61972e-06
5.61773e-06
-5.62044e-06
-2.96867e-09
-3.17293e-09
4.88866e-09
5.61698e-06
-5.62187e-06
1.54381e-08
5.61915e-06
-5.62405e-06
5.62315e-06
-3.25826e-09
5.61844e-06
-5.62126e-06
5.61915e-06
1.19429e-08
-5.62249e-06
5.61778e-06
-2.85728e-09
-3.23166e-09
-5.62187e-06
5.61976e-06
-5.61107e-06
5.61107e-06
-5.6127e-06
-4.25501e-11
5.62286e-06
-5.62282e-06
-3.42852e-09
1.58959e-08
-2.58306e-09
-1.29179e-09
5.61647e-06
-1.66176e-11
-2.72457e-09
-3.47711e-09
-4.90603e-09
-1.42689e-08
5.62212e-06
-5.60785e-06
-5.65104e-06
-5.60461e-06
5.60461e-06
-5.60723e-06
-5.61995e-06
5.61851e-06
1.43662e-09
1.7284e-08
-7.62845e-10
-5.62676e-06
6.81039e-09
5.59814e-06
-5.60173e-06
5.59814e-06
1.06646e-08
-5.62437e-06
3.17922e-09
8.85955e-09
5.61052e-06
-5.60684e-06
-3.68198e-09
5.61052e-06
-5.60979e-06
5.61209e-06
-2.2987e-09
5.60979e-06
7.31942e-10
-5.60684e-06
-5.60815e-06
1.31553e-09
5.62703e-06
-5.61717e-06
5.62703e-06
-7.43122e-06
5.63251e-06
-5.6175e-06
-5.61703e-06
5.61703e-06
5.67329e-06
-5.61868e-06
5.63251e-06
5.67329e-06
-5.61619e-06
5.61619e-06
5.61656e-06
-5.61656e-06
5.61868e-06
-5.70571e-06
-5.61858e-06
5.61695e-06
-5.61695e-06
-5.61631e-06
5.61631e-06
-5.60173e-06
5.56648e-06
-5.56648e-06
5.61209e-06
5.61003e-06
-5.61003e-06
5.61674e-06
5.61733e-06
-5.61733e-06
-5.66449e-06
-5.61648e-06
5.61648e-06
-5.65277e-06
-5.61652e-06
-5.60723e-06
-5.6127e-06
5.60406e-06
-5.60406e-06
5.62546e-06
-5.62546e-06
-5.61651e-06
5.61651e-06
-5.61628e-06
5.61628e-06
-5.75933e-06
-5.65034e-06
-5.61642e-06
5.61642e-06
-5.60815e-06
-5.6175e-06
5.61717e-06
-5.62655e-06
-5.61639e-06
5.61618e-06
-5.61618e-06
-5.61574e-06
5.61574e-06
5.63224e-06
-5.62308e-06
-5.63224e-06
5.62308e-06
-5.62655e-06
-5.96007e-09
9.74231e-09
-5.62165e-06
-5.61763e-06
5.62504e-06
-5.13057e-09
5.6355e-06
-5.6577e-09
-5.62984e-06
-5.61736e-06
5.62622e-06
5.62954e-06
5.63928e-06
-5.6247e-06
7.06647e-09
5.63439e-06
7.67794e-09
-5.61043e-06
5.6184e-06
5.63913e-06
1.57903e-08
5.634e-06
4.46333e-09
-4.31617e-09
-5.6028e-06
5.60598e-06
5.63847e-06
5.63389e-06
-5.60122e-06
5.60803e-06
1.56046e-08
5.63772e-06
5.63341e-06
-4.7594e-09
5.58571e-06
-5.58095e-06
5.63214e-06
1.26835e-09
8.6505e-09
-5.63793e-06
5.62767e-06
-5.60697e-06
5.61763e-06
-7.72275e-10
1.06302e-09
5.63633e-06
-5.60128e-06
5.61857e-06
5.63555e-06
-5.6142e-06
5.61882e-06
1.63463e-08
7.15852e-09
5.63884e-06
-4.37227e-09
5.5944e-06
-5.59003e-06
5.64387e-06
5.65103e-06
-5.61932e-06
5.61659e-06
5.62988e-06
-1.62899e-08
5.63379e-06
-5.61877e-06
5.618e-06
5.63615e-06
5.81661e-11
2.21768e-09
-5.60317e-06
5.61906e-06
5.61986e-06
-5.61434e-06
5.61964e-06
1.48361e-08
5.62208e-06
-4.71858e-09
5.60205e-06
-5.59733e-06
-5.62004e-06
5.61513e-06
5.62904e-06
-6.95916e-09
-1.46314e-08
5.63198e-06
5.50833e-09
5.63374e-06
5.62794e-06
-5.61852e-06
5.61851e-06
5.63345e-06
1.11928e-09
5.61882e-06
-5.60451e-06
5.61995e-06
-5.62006e-06
5.61748e-06
5.62068e-06
-5.61332e-06
5.622e-06
1.39926e-08
5.54772e-09
-6.63186e-09
5.61153e-06
-5.6049e-06
5.62626e-06
-5.58442e-09
5.63181e-06
-1.06209e-08
5.62669e-06
-5.62077e-06
5.61792e-06
-5.41986e-09
-5.61397e-06
5.62591e-06
5.63245e-06
8.03009e-09
5.00057e-09
5.62183e-06
-5.62036e-06
5.6288e-06
7.1589e-09
6.59398e-09
-5.61995e-06
5.62683e-06
-5.55335e-09
5.61937e-06
-5.61381e-06
5.61689e-06
-5.62154e-06
5.61857e-06
-5.61754e-06
-5.62467e-06
5.61249e-06
5.62148e-06
2.3156e-09
4.12864e-09
5.61383e-06
7.65015e-09
-5.60599e-06
5.61833e-06
-5.61103e-06
5.6183e-06
5.61614e-06
-6.50551e-09
5.62195e-06
-5.61545e-06
5.62274e-06
-5.61214e-06
5.6194e-06
-5.62205e-06
5.61904e-06
7.29941e-09
4.20031e-09
5.62723e-06
5.62289e-06
6.15864e-09
5.62709e-06
-5.61245e-06
5.61946e-06
5.62167e-06
-5.54669e-09
5.62543e-06
-5.61927e-06
5.62629e-06
-5.62239e-06
5.61939e-06
6.95251e-09
-5.61412e-06
5.62101e-06
4.44397e-09
5.62159e-06
-5.61564e-06
5.62246e-06
-5.26275e-09
5.33675e-09
5.62376e-06
-5.61842e-06
5.62604e-06
5.62049e-06
5.37171e-09
-5.61416e-06
5.61774e-06
-5.62177e-06
4.18776e-09
5.62493e-06
-5.62401e-06
-5.612e-06
5.61939e-06
5.62026e-06
8.30248e-09
5.62445e-06
5.61918e-06
-5.63163e-06
5.63454e-06
-2.90327e-09
1.48507e-09
5.61643e-06
5.73968e-09
5.62171e-06
-5.61597e-06
5.62369e-06
-5.5945e-06
5.61057e-06
-1.60701e-08
5.62003e-06
-5.61187e-06
5.61932e-06
-2.28205e-09
7.52409e-09
5.61428e-06
-5.62133e-06
7.05643e-09
5.62152e-06
-5.61284e-06
5.6217e-06
-5.61798e-06
5.60815e-06
9.83157e-09
5.61924e-06
-5.61651e-06
5.62329e-06
-5.65218e-06
5.65167e-06
6.47682e-09
-7.71445e-09
-5.58678e-06
5.62273e-06
-3.49702e-09
-5.19442e-09
-5.61425e-06
5.38121e-09
5.61404e-06
-5.61942e-06
5.62089e-06
-1.7356e-08
5.62096e-06
-7.74704e-09
5.62815e-06
-7.25765e-09
1.29491e-09
-5.61928e-06
5.6175e-06
-8.27973e-09
5.62804e-06
-5.61348e-06
-8.1171e-09
-5.61676e-06
5.62166e-06
-5.63369e-06
5.61322e-06
2.04672e-08
5.62288e-06
-5.62508e-06
5.61158e-06
1.35077e-08
-7.81677e-09
5.61597e-06
-5.61907e-06
5.61332e-06
5.74188e-09
-5.61684e-06
5.62464e-06
5.6146e-06
-4.86749e-09
5.61911e-06
-9.87228e-09
5.62203e-06
-4.82543e-09
5.61589e-06
-5.61777e-06
5.62443e-06
-5.23628e-09
5.61634e-06
-4.43318e-10
5.60852e-06
5.60684e-06
5.59625e-06
1.05922e-08
-5.61991e-06
5.62633e-06
5.58638e-06
-5.61946e-06
5.62635e-06
-6.88753e-09
-5.61888e-06
5.62026e-06
-1.37435e-09
-4.51708e-09
-5.63671e-06
5.6273e-06
9.40778e-09
5.60314e-06
-1.67585e-08
2.28538e-08
5.54975e-06
-5.5726e-06
-5.62153e-06
5.62841e-06
-5.61583e-06
5.60758e-06
8.24728e-09
-5.62494e-06
7.39958e-09
5.62107e-06
-5.63984e-06
1.87675e-08
5.59502e-06
-8.20802e-09
-5.61063e-06
5.61883e-06
5.67606e-06
4.81679e-09
-2.86105e-09
-5.61234e-06
5.61521e-06
5.61787e-06
-5.61632e-06
5.61275e-06
3.57523e-09
5.61301e-06
-5.62939e-06
5.62217e-06
-5.62155e-06
5.62868e-06
-7.13143e-09
5.61595e-06
-2.94892e-09
-6.33933e-09
-5.60749e-06
5.61382e-06
5.61385e-06
2.10356e-09
-5.62378e-06
5.63078e-06
-5.62353e-06
5.6313e-06
-7.76929e-09
-5.61694e-06
5.60878e-06
8.15399e-09
5.60751e-06
5.56992e-06
-2.01692e-08
-4.89596e-09
-1.76689e-08
5.60465e-06
5.61589e-06
-5.76721e-09
-5.6255e-06
5.63467e-06
5.56697e-06
5.59494e-06
9.70588e-09
-4.05148e-08
-5.604e-06
-4.15518e-09
-5.604e-06
-5.58125e-06
5.58125e-06
-1.47705e-08
5.58809e-06
6.85313e-09
5.80099e-09
2.14828e-08
5.55618e-06
-5.57767e-06
-5.61621e-06
5.60908e-06
7.12201e-09
-5.62472e-06
5.6333e-06
-5.6113e-06
-5.02312e-09
-3.83038e-09
5.61553e-06
-5.6117e-06
4.22203e-06
-5.61628e-06
5.60839e-06
7.88483e-09
-5.61713e-06
5.60947e-06
7.65867e-09
5.60395e-06
-1.58579e-08
5.59574e-06
-5.63652e-06
5.61722e-06
-5.61257e-06
5.61495e-06
-2.38134e-09
1.36696e-09
-5.22608e-09
5.61797e-06
5.61236e-06
4.86681e-09
-5.60475e-06
5.60475e-06
4.93121e-09
-5.61809e-06
5.61316e-06
-5.61752e-06
5.61793e-06
-5.57364e-09
2.07296e-08
5.68407e-06
-5.63572e-06
5.64435e-06
-8.62941e-09
5.6141e-06
-5.61507e-06
5.60861e-06
6.46245e-09
-5.62465e-06
7.13193e-09
5.61903e-06
5.63708e-06
4.23406e-09
5.61725e-06
-5.61175e-06
-5.50214e-09
5.62329e-06
-5.62926e-06
5.97021e-09
-2.34979e-08
7.51563e-10
5.61401e-06
-2.07696e-08
5.58879e-06
-3.26091e-08
-5.63611e-06
5.64879e-06
-1.26802e-08
-5.60934e-06
5.60502e-06
4.32588e-09
5.58322e-06
5.61869e-06
-4.6805e-09
5.04662e-09
-5.61839e-06
5.61334e-06
-3.48756e-08
5.61138e-06
5.86981e-09
-5.61408e-06
5.60925e-06
4.83104e-09
5.61346e-06
5.61598e-06
-5.61148e-06
5.61527e-06
-3.78936e-09
5.61841e-06
-5.24875e-09
-5.60865e-06
5.61516e-06
-6.51382e-09
-3.73103e-08
5.7121e-06
-5.60501e-06
-6.82742e-08
5.61851e-06
5.61298e-06
4.91474e-09
-5.6179e-06
5.61373e-06
-5.61025e-06
5.59532e-06
1.49317e-08
6.22313e-09
1.55488e-06
4.15846e-06
-5.71334e-06
-5.60247e-06
-7.7793e-09
-4.65425e-09
5.61301e-06
-4.73963e-06
-5.72695e-09
5.61711e-06
5.6174e-06
-4.42239e-09
-5.61332e-06
5.61352e-06
-1.9588e-10
-3.67754e-06
5.61792e-06
4.93978e-09
5.61246e-06
-5.63785e-06
5.64976e-06
-1.19068e-08
-9.1001e-11
-2.25831e-08
-5.14676e-06
-6.90364e-07
5.6122e-06
-5.64084e-06
5.6626e-06
-2.17593e-08
-5.64029e-06
5.64782e-06
-7.5322e-09
-5.63456e-06
5.61714e-06
5.6246e-06
5.6246e-06
5.64059e-06
-5.64059e-06
-5.62951e-06
-4.55598e-09
5.6405e-06
-5.61577e-06
7.12056e-09
5.61351e-06
-5.59702e-06
-1.64949e-08
1.03304e-08
-5.63608e-06
4.66201e-09
-5.61424e-06
5.60958e-06
5.61082e-06
6.31575e-09
-8.30384e-09
-5.61254e-06
5.61964e-06
-7.09757e-09
-5.60802e-06
5.62479e-06
-1.67761e-08
5.60945e-06
7.65621e-09
-2.05719e-07
5.61581e-06
-4.98828e-09
2.23094e-08
5.62242e-06
-5.62242e-06
5.61919e-06
-5.61576e-06
1.26877e-08
-5.63048e-06
5.6521e-06
-2.16166e-08
-4.45855e-06
-5.60787e-06
5.64364e-06
-3.57718e-08
5.60708e-06
3.87238e-09
-5.61095e-06
5.60929e-06
-5.63491e-06
1.6042e-09
5.60561e-06
1.46201e-09
5.616e-06
-3.53488e-09
-1.05203e-08
5.60584e-06
5.61396e-06
-5.61101e-06
-3.2304e-09
5.61742e-06
-5.61742e-06
-5.64e-06
5.67172e-06
5.64811e-06
2.07982e-08
-5.65634e-06
5.60618e-06
4.24873e-06
-4.24412e-06
5.62471e-06
-5.62154e-06
5.6557e-06
5.65872e-06
-5.57084e-09
-5.65315e-06
4.2681e-06
-1.21032e-08
5.61918e-06
-5.62439e-06
5.20436e-09
1.89305e-09
5.60372e-06
4.27451e-06
-1.69695e-06
-2.00787e-06
-5.95944e-08
1.6925e-08
5.61005e-06
-5.64636e-06
5.62343e-06
-5.64246e-06
5.69708e-06
-5.46272e-08
5.61858e-06
7.10143e-07
-5.8569e-06
-1.37087e-09
5.59953e-06
-1.11736e-08
5.57653e-06
-5.56536e-06
-5.61198e-06
-1.49413e-07
-2.57e-06
2.71941e-06
3.52586e-06
-4.09869e-06
5.60142e-06
5.59231e-06
9.11488e-09
4.29476e-06
5.61406e-06
-5.61616e-06
5.5637e-06
-5.56012e-06
3.21268e-10
-6.43487e-09
-5.58469e-06
5.59113e-06
5.59065e-06
1.65332e-09
7.70912e-07
6.83299e-07
8.60289e-07
1.40784e-06
7.77802e-07
7.73952e-07
7.80906e-07
7.75347e-07
1.55914e-07
7.07179e-07
7.99109e-07
8.55802e-07
-5.64078e-06
7.84686e-07
7.63902e-07
7.66195e-07
7.67695e-07
7.76031e-07
7.73145e-07
-5.61648e-06
-1.96073e-08
7.7626e-07
7.84513e-07
5.58321e-06
7.44173e-09
9.09066e-07
-5.58641e-06
5.65568e-06
-6.92759e-08
7.51652e-07
8.6085e-09
-5.6374e-06
7.56668e-07
-5.61278e-06
8.05828e-10
5.59697e-06
6.75582e-09
-5.54979e-06
5.57672e-06
5.57678e-06
5.61462e-06
-5.61462e-06
-5.75827e-06
5.12806e-06
9.89253e-07
-5.59173e-06
5.70912e-06
-1.17397e-07
7.9451e-07
7.78412e-07
7.74382e-07
7.85476e-07
7.47867e-07
-5.61707e-06
5.59862e-06
4.4249e-06
-3.6859e-06
-6.39581e-08
5.5656e-06
-5.63506e-06
-8.34625e-09
-1.33541e-06
1.3928e-08
5.62403e-06
-5.4527e-09
5.5082e-06
-1.58011e-08
-5.4924e-06
7.70675e-07
-5.59199e-06
7.48816e-07
-5.63369e-06
-7.85677e-09
-4.32908e-09
-5.62617e-06
4.63773e-09
-5.41736e-06
-1.86334e-08
5.43599e-06
5.61514e-06
-5.58796e-06
-3.14586e-08
-5.61616e-06
-3.09329e-08
-5.52573e-06
5.55666e-06
-5.60754e-06
1.55575e-08
5.55023e-06
1.53758e-08
-5.63828e-06
-5.6368e-06
3.34784e-09
-5.1393e-06
1.26225e-06
5.5367e-06
1.35275e-08
5.65028e-06
-5.65492e-06
5.50577e-06
5.5362e-06
4.03334e-08
-9.56115e-07
8.77535e-07
-5.49637e-06
5.80145e-06
-3.05081e-07
5.6154e-06
9.08416e-08
5.55661e-06
5.61664e-06
-5.61317e-06
-5.61757e-06
-5.12912e-06
2.19941e-07
5.48997e-06
5.74434e-06
-1.87729e-07
-5.61731e-06
-5.61861e-06
5.61176e-06
-5.62314e-06
5.5612e-06
2.99302e-08
-5.54973e-06
5.73294e-08
-9.4262e-08
-5.36504e-06
5.4593e-06
4.03339e-06
-5.59405e-06
5.59405e-06
-5.64797e-06
4.28404e-06
4.2191e-06
-4.252e-06
7.5982e-07
-4.3988e-06
4.39621e-06
-4.39621e-06
-4.29408e-07
-5.13527e-06
5.56467e-06
-2.47968e-07
5.57657e-06
6.35155e-07
-5.1244e-07
1.20939e-07
4.14914e-07
-6.4701e-07
2.76393e-07
3.23744e-07
-9.63444e-07
3.16721e-07
-1.19307e-06
1.30531e-07
3.02031e-07
-8.07575e-07
4.63098e-07
-7.93254e-07
4.07235e-07
-2.14391e-08
-5.12995e-06
9.80934e-08
-6.82736e-08
5.43444e-06
5.55227e-08
2.57685e-08
5.62215e-06
-6.74179e-09
2.92435e-08
3.46289e-08
3.62458e-08
-5.62311e-06
-2.35754e-11
5.08463e-08
3.48237e-08
5.61562e-06
-5.6114e-06
5.6114e-06
-9.48334e-07
2.71492e-08
-5.59522e-06
-4.23897e-06
-5.15055e-06
-5.63429e-06
3.04834e-08
5.59231e-06
-5.58969e-06
3.88304e-06
-3.88304e-06
-1.52297e-08
-5.62949e-06
5.63516e-06
-5.67484e-09
5.41581e-06
5.60947e-06
5.46387e-06
9.27872e-08
5.30298e-06
1.33009e-07
-5.3949e-06
3.28831e-08
-5.30069e-06
1.50139e-07
5.61116e-06
5.38431e-06
-5.61603e-06
4.06198e-06
-1.10398e-06
5.32155e-06
2.08544e-08
-4.97197e-06
7.16146e-07
5.61827e-06
-5.61698e-06
4.01663e-09
5.61846e-06
-8.99022e-09
4.72592e-07
-5.60786e-06
-6.64722e-07
5.51939e-06
4.75255e-06
-5.7914e-06
1.54352e-07
-4.68229e-06
-5.65351e-06
1.64172e-07
5.61423e-06
-5.65377e-06
5.64323e-06
2.96658e-07
-5.93989e-06
-5.32384e-06
1.93885e-07
4.98128e-06
-5.35873e-06
3.7745e-07
5.57091e-06
-5.57091e-06
-4.59398e-06
1.6192e-08
-5.61084e-06
-5.20102e-06
-4.65981e-06
5.61467e-06
5.61531e-06
-5.61531e-06
1.80395e-08
5.20122e-06
5.20859e-06
2.50717e-07
5.41407e-07
3.05691e-07
-1.2406e-06
5.5806e-06
1.95858e-08
-5.60019e-06
4.24147e-06
-4.24492e-06
5.58804e-06
4.35645e-06
5.64606e-06
-5.63941e-06
4.06905e-06
-4.06905e-06
-5.62949e-06
5.62086e-06
-5.61751e-06
1.83146e-08
-5.48803e-06
2.87014e-07
-4.87431e-06
5.47083e-06
-4.107e-06
4.107e-06
-3.34367e-06
3.34367e-06
4.30379e-06
-4.23741e-06
-3.54748e-06
3.54748e-06
4.56778e-06
-4.56778e-06
-3.85568e-06
-4.15268e-06
4.15268e-06
4.45642e-06
-4.05819e-06
4.05819e-06
-3.97374e-06
3.97374e-06
-3.92774e-06
3.92774e-06
4.6713e-06
-4.6713e-06
3.69872e-06
4.36894e-06
-4.36894e-06
4.37293e-06
4.53537e-06
-4.53537e-06
4.43793e-06
4.36726e-06
-4.0176e-06
4.0176e-06
-4.67023e-06
-4.18375e-06
-3.98171e-06
4.5622e-06
-4.5622e-06
4.07833e-06
-4.07833e-06
4.47137e-06
4.35047e-06
4.40282e-06
4.50882e-06
5.61126e-06
-5.60802e-06
4.40765e-06
-3.62687e-06
5.62297e-06
-8.30105e-09
-5.74759e-06
1.19045e-07
5.62854e-06
5.61106e-06
5.62847e-06
-4.89749e-09
5.32084e-06
-5.62593e-06
5.63102e-06
-4.42316e-06
-5.63519e-06
-5.64203e-06
5.60579e-06
-5.60579e-06
7.37527e-07
5.55757e-06
-5.55237e-06
-1.46427e-08
-4.1709e-06
4.18555e-06
5.61153e-06
5.55868e-06
-5.55868e-06
5.63517e-06
-5.63735e-06
-5.62176e-06
-5.60735e-06
5.57511e-06
-5.62904e-06
5.92702e-09
-4.13171e-06
3.75452e-06
5.61264e-06
-5.61264e-06
-4.45215e-06
7.79298e-07
-4.57354e-06
-4.45802e-06
7.71567e-07
-4.4792e-06
7.85055e-07
-4.43603e-06
7.67304e-07
-4.54203e-06
7.91218e-07
5.62125e-06
-1.01872e-08
-5.62653e-06
1.97134e-06
-5.35502e-06
-4.43904e-06
7.47847e-07
-4.32921e-06
-2.50295e-08
5.59949e-06
3.68563e-06
1.14233e-06
-4.82795e-06
-4.1021e-06
3.77267e-06
1.4495e-06
-5.15278e-06
3.70329e-06
4.31811e-06
-4.48878e-06
-5.60492e-06
5.64645e-06
-4.15336e-08
5.61576e-06
-5.61259e-06
-5.6432e-06
-4.76698e-09
5.64785e-06
-5.66496e-06
5.17737e-06
-2.66617e-06
-2.5112e-06
-3.66016e-06
4.45467e-06
-3.64965e-06
4.42403e-06
-7.99523e-07
5.61258e-06
-1.30948e-08
-4.47189e-06
-5.60803e-06
-4.22188e-06
7.21747e-07
-2.50462e-07
-3.79019e-06
-5.65625e-06
5.60505e-06
-1.01319e-06
-5.61531e-06
1.05254e-06
5.62353e-06
-1.84838e-08
-3.68402e-06
3.96937e-06
5.60973e-06
-5.60973e-06
-4.40369e-06
-6.9677e-07
-3.36754e-06
-1.95944e-09
5.64519e-06
5.60192e-06
5.61517e-06
-5.62969e-06
-5.43996e-06
-1.8596e-07
-9.86705e-08
-4.39755e-06
4.39381e-06
-3.68124e-06
4.04387e-06
-3.18358e-06
-3.79574e-06
-3.38783e-06
4.16874e-06
-3.68267e-06
-5.09336e-06
3.03941e-06
2.05395e-06
-3.77202e-06
-3.40753e-06
4.26334e-06
-3.67212e-06
4.31743e-06
-3.54973e-06
4.44463e-06
-3.66011e-06
-3.63296e-06
-1.47716e-08
-5.59424e-06
5.60901e-06
4.21095e-06
-4.24016e-06
-3.45577e-06
4.21244e-06
4.88551e-06
-3.54319e-06
4.3216e-06
5.59107e-06
-5.45093e-06
5.61325e-06
-5.61031e-06
-5.62769e-06
-1.05282e-08
-3.69117e-06
4.27557e-06
1.02972e-06
3.67281e-06
6.23881e-07
-4.29669e-06
3.72682e-06
4.40066e-07
-4.16688e-06
3.69663e-06
3.24021e-07
-4.02065e-06
3.69259e-06
1.35565e-06
-5.04824e-06
3.6997e-06
7.18303e-07
-4.418e-06
5.60743e-06
5.34851e-06
2.26804e-08
4.0376e-06
-4.28806e-06
-9.60789e-07
5.62015e-06
-5.56906e-06
-5.10976e-08
-7.63875e-07
5.08199e-06
5.60084e-06
-5.60084e-06
-5.63274e-06
-3.56734e-06
3.68828e-06
4.58431e-06
-4.30792e-06
-4.34829e-06
-4.56113e-06
4.43125e-06
4.44649e-06
2.15969e-08
-5.64356e-06
5.58856e-06
-5.59205e-06
3.49666e-09
-4.44787e-06
-1.22462e-10
-5.63507e-06
5.55088e-06
4.25373e-06
-4.22449e-06
-5.38395e-06
4.26777e-06
-4.23152e-06
3.70059e-06
5.54591e-06
-5.62307e-06
5.63537e-06
-5.63202e-06
-5.58777e-06
5.611e-06
4.26931e-06
-4.23882e-06
5.61054e-06
-5.61036e-06
5.61036e-06
-5.50983e-06
-1.17863e-07
6.94215e-07
-4.43923e-06
5.6066e-06
-5.62723e-06
-5.54098e-06
4.46819e-06
4.44011e-06
4.51804e-06
5.64483e-06
-5.64909e-06
6.01369e-07
4.34684e-06
-3.34294e-06
4.48527e-06
-3.13943e-06
4.58893e-06
4.44754e-06
4.48323e-06
-3.69818e-06
5.60555e-06
3.76996e-06
4.36284e-07
-4.20625e-06
4.27253e-06
-4.25634e-06
5.61099e-06
-5.6078e-06
1.08592e-08
4.05451e-09
-5.70646e-06
5.33163e-06
5.61329e-06
-6.19679e-09
-2.77024e-06
5.69062e-06
5.61177e-06
-5.6381e-06
-3.93285e-09
-3.4723e-06
-4.0076e-06
2.94106e-07
-4.099e-06
-3.77048e-06
-5.59435e-06
5.60774e-06
-5.60774e-06
5.60503e-06
5.60432e-06
-5.60432e-06
-8.08039e-07
4.58071e-06
-7.90461e-07
4.49375e-06
-4.36399e-06
8.63577e-07
5.64287e-06
-1.43238e-08
-5.44375e-06
-2.62706e-07
-5.45014e-06
-1.97294e-08
-5.55558e-06
5.6109e-06
5.62734e-06
1.91079e-08
-5.568e-06
5.60871e-06
-5.60566e-06
3.6079e-06
-3.39693e-08
-3.70171e-06
9.40042e-07
-3.9674e-06
5.60191e-06
-5.62744e-06
5.50428e-06
-3.68367e-06
4.43248e-06
-4.26115e-06
4.10669e-06
4.2709e-06
-4.28143e-06
1.62719e-06
-1.62719e-06
-4.21027e-06
4.99496e-06
4.41283e-07
-3.38153e-06
4.15756e-06
-3.53372e-06
4.30998e-06
-3.6731e-06
4.3564e-06
-3.53793e-06
4.30413e-06
-3.56079e-06
4.33394e-06
4.12867e-06
-3.37702e-06
-7.63494e-08
4.42719e-06
-3.65651e-06
-5.58525e-06
-9.10244e-09
5.59176e-06
-2.89539e-09
-5.6314e-06
5.60957e-06
5.60775e-06
-5.6147e-06
2.66844e-06
-2.66844e-06
4.15062e-06
-4.23797e-06
-5.51067e-06
-3.90946e-09
-5.63344e-06
-5.66132e-06
5.60127e-06
-5.59698e-06
5.60839e-06
-3.04933e-06
4.03389e-07
-4.03389e-07
-5.61255e-06
2.76478e-09
-4.84254e-06
5.5982e-06
5.63593e-06
-5.63605e-06
4.29405e-06
-4.26828e-06
-5.60506e-07
4.31761e-06
-3.75711e-06
-5.5376e-06
-8.98388e-08
5.54669e-06
-5.59779e-06
-6.8806e-07
4.28926e-06
-3.6012e-06
-5.58452e-06
5.60085e-06
1.19183e-08
5.61089e-06
4.31493e-06
-3.64464e-06
-6.7029e-07
-1.09922e-06
-5.62563e-06
5.62563e-06
2.44393e-07
8.90308e-07
5.59779e-06
-5.62614e-06
5.58702e-06
-5.607e-06
5.61272e-06
-6.05851e-07
5.07146e-09
-5.63737e-06
9.40067e-07
9.76717e-07
1.60713e-06
4.74894e-07
3.70771e-07
6.75156e-07
8.83832e-07
7.79495e-07
6.32002e-07
7.84209e-07
1.74379e-06
4.95709e-07
8.35416e-07
-2.12452e-08
5.65832e-06
7.36016e-07
1.692e-06
-8.95479e-08
-3.54575e-06
-3.66469e-06
-3.67117e-06
-4.37309e-06
-3.68198e-06
-5.63797e-06
6.35937e-09
-5.56981e-06
2.73926e-06
-5.59005e-06
5.52915e-09
-3.40878e-06
-5.05483e-07
-3.70076e-06
5.62627e-06
-5.63357e-06
4.55452e-06
-5.60365e-07
-5.61592e-06
-3.65823e-07
4.57036e-06
3.00444e-06
-3.70121e-06
-1.85265e-08
-4.07616e-06
6.27582e-07
3.75387e-06
-5.60587e-06
4.20719e-06
-3.48544e-06
2.6169e-06
2.56047e-06
-4.71762e-07
4.49082e-06
-4.01905e-06
-5.59373e-06
4.15602e-06
-4.01497e-07
5.61799e-06
-5.61799e-06
5.64505e-06
-5.64701e-06
-3.09158e-06
3.98935e-06
1.3128e-07
-4.34482e-06
4.21354e-06
-6.4377e-07
4.13558e-06
-3.49181e-06
-2.23548e-07
4.28841e-06
-3.71898e-06
-5.64699e-06
-7.27596e-08
-5.58982e-06
-5.58707e-06
-6.66122e-09
-5.59167e-06
5.5559e-06
5.64811e-06
5.62493e-06
-5.62906e-06
2.70289e-06
9.73819e-07
5.61849e-06
-1.57041e-07
-3.46448e-07
-2.88693e-06
-8.41437e-07
4.21839e-06
-5.56532e-06
-2.63457e-08
8.03822e-07
-5.58575e-06
5.61303e-06
-5.61303e-06
-3.98133e-06
-5.61325e-06
2.35612e-08
-1.44228e-06
-1.02149e-06
3.87456e-06
2.17466e-07
-4.09203e-06
1.62602e-09
-4.31758e-06
4.044e-06
-4.99732e-08
5.57654e-06
-1.32092e-07
-5.44445e-06
-5.5821e-06
-5.58858e-06
2.83209e-09
-4.26642e-07
5.61973e-06
-5.62776e-06
-3.94531e-06
-3.42752e-07
5.98634e-07
-3.19216e-06
-9.06523e-07
5.07707e-07
-4.26482e-06
-3.56813e-07
5.34376e-07
-3.55165e-06
-5.59274e-06
-4.34681e-06
5.59176e-06
5.6106e-06
-5.6106e-06
-5.58357e-06
5.56983e-06
-5.57692e-06
-6.40482e-07
-8.44012e-07
5.59698e-06
-1.22733e-08
6.63342e-07
-5.50588e-06
4.04254e-06
-4.80392e-06
-5.58175e-06
-1.09936e-08
-5.59997e-06
4.10566e-06
-5.57243e-06
-4.49363e-09
4.14806e-06
4.38227e-06
5.58124e-06
-3.82353e-06
-3.20124e-08
-5.57263e-06
-4.24814e-06
-5.63686e-06
5.69676e-06
-5.9903e-08
3.52208e-06
6.46655e-07
-4.29603e-06
-5.58099e-06
-4.67272e-06
5.60862e-06
5.55932e-06
1.15941e-08
-4.04254e-06
-3.53671e-07
-5.60706e-06
3.0131e-09
5.55145e-08
5.52102e-06
-4.0336e-06
-5.57322e-06
5.97877e-10
-5.54874e-06
-3.22551e-08
5.60738e-06
-5.60738e-06
-4.32346e-06
-5.57656e-06
-5.5689e-06
4.98397e-09
3.548e-06
-4.45452e-06
3.67606e-06
5.55385e-06
4.83079e-09
-3.12705e-06
5.58435e-06
-5.57954e-06
-5.59226e-06
-5.57231e-06
3.40618e-09
-4.46153e-06
-5.56747e-06
2.74687e-06
2.32539e-06
-4.23768e-06
4.20305e-06
3.66682e-06
-3.72878e-06
5.60238e-06
5.63087e-06
6.50384e-09
-5.64256e-06
-5.57195e-06
4.47867e-09
5.65832e-06
-5.56549e-06
-5.59427e-06
5.57454e-06
-5.12843e-06
2.49006e-09
5.60115e-06
-5.60115e-06
-5.57099e-06
5.50031e-09
-5.67324e-06
4.258e-06
-5.57939e-06
-5.66288e-06
-5.58505e-06
-5.56387e-06
-3.4735e-06
-5.04087e-07
-1.01836e-09
5.59507e-06
5.7243e-07
-4.59148e-06
-4.38023e-06
3.77438e-06
-5.57002e-06
6.15224e-09
5.59456e-06
-4.36472e-06
8.72913e-07
4.06174e-06
2.82424e-07
-3.76609e-06
-5.56214e-06
-6.6625e-07
-3.65215e-06
4.2408e-06
-5.59507e-06
-5.59806e-06
-5.56833e-06
6.19671e-09
-6.16177e-07
4.66018e-06
4.1146e-06
-3.80891e-06
-5.56067e-06
3.36182e-06
-3.58425e-06
-8.53431e-09
-5.57242e-06
5.61637e-06
2.98239e-07
-5.91461e-06
-4.23671e-06
-5.63548e-06
-5.5672e-06
6.5262e-09
-5.34877e-06
-8.32229e-07
-5.55905e-06
-2.91066e-07
-3.80096e-06
-2.05859e-06
-5.57078e-06
1.17355e-08
4.34895e-06
-4.26503e-06
-5.55507e-06
-5.56253e-06
-5.58206e-06
1.95259e-08
5.55385e-06
5.55932e-06
-1.05728e-08
-5.56709e-06
5.30436e-06
-5.56706e-06
4.2318e-06
2.96756e-07
3.8904e-06
-2.78474e-08
3.93243e-06
4.53576e-09
2.40571e-06
-5.57682e-06
5.57317e-06
-4.20393e-06
5.58974e-06
7.69169e-09
-4.2451e-06
-5.41271e-06
-4.82114e-06
-1.14594e-06
3.47882e-06
-3.49735e-06
-5.58598e-06
4.22553e-06
-1.10391e-08
-5.56157e-06
-5.57506e-06
5.57369e-06
-5.60974e-06
-5.57294e-06
-5.57888e-06
3.81605e-09
-5.56975e-06
-3.88919e-06
-4.27971e-07
-5.57314e-06
-5.47696e-06
-4.33461e-06
-5.5668e-06
4.17788e-06
-5.58359e-06
1.04557e-08
-5.58268e-06
4.258e-06
2.2352e-06
-1.80314e-07
-5.51596e-06
3.51432e-06
-4.45217e-06
2.64833e-06
2.60568e-06
4.22265e-06
-5.56405e-06
3.25492e-09
-5.51425e-06
-1.40751e-06
-5.56113e-07
-8.14891e-07
-5.56593e-06
-5.56673e-06
-5.57743e-06
-5.536e-06
1.61742e-06
-4.96036e-06
-5.56234e-06
-5.57396e-06
5.57106e-06
-5.60244e-06
-4.18761e-06
-5.55231e-06
4.11437e-06
-4.11437e-06
-5.5844e-06
1.04378e-08
-5.57734e-06
-5.54842e-06
-5.58402e-06
6.67825e-09
5.60009e-06
-1.00367e-08
3.26886e-06
-5.56069e-06
-5.55393e-06
-7.12471e-07
2.48333e-07
3.86604e-06
-2.377e-06
-1.8977e-06
-2.24399e-06
-2.15909e-06
4.49583e-06
-5.50317e-06
-4.2302e-06
-5.55843e-06
4.20906e-06
-5.56823e-06
4.9641e-08
3.56411e-06
-5.5687e-06
5.39481e-07
-5.55697e-06
5.57904e-06
-2.17075e-06
-2.26786e-06
-1.83794e-06
-2.46938e-06
-5.59562e-06
5.53736e-06
-5.55637e-06
-2.23368e-06
-2.20545e-06
-2.39108e-06
-1.98158e-06
-2.36095e-06
-2.06563e-06
-2.25315e-06
-1.96078e-06
-2.21297e-06
-2.1992e-06
-1.69921e-06
-2.63021e-06
4.2451e-06
-5.55774e-06
-5.55433e-06
-4.0204e-06
1.37357e-07
-5.55756e-06
2.78649e-06
-1.03708e-06
-3.59977e-06
4.63684e-06
-3.03804e-06
-5.55308e-06
4.0204e-06
-1.25737e-06
-5.55662e-06
-4.16038e-06
-3.81978e-06
1.57905e-06
3.68642e-06
-5.55112e-06
-5.55681e-06
-5.56083e-06
-4.73223e-09
5.56405e-06
-5.55554e-06
-1.28734e-08
5.56673e-06
-5.58759e-06
-4.25268e-06
-5.61919e-07
-5.55331e-06
-5.54939e-06
-4.17424e-06
-5.53752e-06
-5.55394e-06
-4.42566e-06
-5.54775e-06
7.39606e-07
-5.54663e-06
-5.5524e-06
4.39779e-06
-5.53895e-06
-5.54588e-06
4.20699e-06
-5.55112e-06
-4.22927e-06
-5.53342e-06
-5.75553e-07
-5.53939e-06
-5.57427e-06
-5.52635e-06
-5.55474e-06
4.25725e-06
-5.53301e-06
3.9794e-06
2.08047e-08
4.1892e-07
3.75226e-06
3.97364e-06
-5.52561e-06
3.15754e-06
2.01621e-06
-5.57471e-06
-5.52278e-06
-7.1932e-09
-3.61623e-06
5.23364e-06
5.5946e-06
3.70047e-08
-5.51565e-06
-5.52664e-06
3.44851e-06
-4.03115e-06
-5.5265e-06
5.53031e-06
-5.52067e-06
-8.2435e-09
-5.56701e-06
4.11825e-06
-4.11825e-06
-4.61897e-06
2.27663e-06
-5.55655e-06
-5.55293e-06
2.71878e-07
-4.25809e-06
-4.399e-06
-1.24711e-06
4.30311e-08
-5.57623e-06
-4.15472e-06
-4.45103e-06
4.45103e-06
-3.73607e-06
-4.24343e-06
-5.50714e-06
5.51758e-06
4.24343e-06
3.89185e-06
-1.40675e-08
-5.49731e-06
-2.74198e-06
-2.37794e-06
-5.49063e-06
5.49587e-06
-5.5059e-06
4.49346e-06
2.89013e-07
-4.20017e-06
-3.9794e-06
4.32092e-06
1.74091e-07
-1.27823e-07
4.25576e-06
-4.12794e-06
5.60166e-06
-4.21308e-06
5.01518e-06
-5.50317e-06
-4.37045e-06
3.15055e-06
-5.1735e-06
2.02295e-06
5.606e-06
-5.36897e-08
-3.86604e-06
3.18562e-07
9.97491e-07
-4.07232e-06
1.77141e-07
4.10545e-06
-4.34496e-06
-4.14206e-06
-4.48083e-06
-4.16859e-06
3.24872e-06
-5.56732e-06
1.53191e-06
-4.59462e-06
-4.64423e-06
-4.24536e-06
1.52113e-08
-4.50117e-06
4.33507e-06
-4.18196e-06
4.1677e-06
-5.56061e-06
-4.26324e-06
-1.04328e-06
-3.17732e-06
4.15404e-06
-1.10226e-08
5.42674e-06
-5.42674e-06
5.41078e-06
-5.41078e-06
4.16956e-06
-4.16956e-06
-4.34496e-06
-3.82766e-06
-1.08701e-06
-3.87334e-06
-3.90821e-06
4.78112e-06
-4.7615e-06
3.92928e-06
-3.00334e-06
-2.05391e-06
2.59591e-06
4.59934e-07
3.97364e-06
-4.28665e-06
-3.91415e-06
-4.37045e-06
-4.04099e-06
3.91415e-06
-9.96374e-07
-8.20742e-07
-1.78315e-06
-2.96847e-06
-2.04851e-06
-5.44564e-07
-2.86421e-06
-4.42414e-06
-4.399e-06
2.56548e-06
2.6143e-06
2.85629e-06
-5.41925e-07
-5.47524e-08
-3.519e-07
4.10577e-06
-3.46928e-06
2.92471e-06
9.42569e-07
-4.42566e-06
3.64106e-06
7.43474e-07
4.17996e-06
-3.50967e-06
3.88377e-06
-6.62207e-07
4.68124e-06
-4.1966e-06
3.55862e-06
-3.18838e-06
2.60007e-06
-1.42209e-06
-1.17683e-06
-2.09111e-06
-2.32487e-06
-2.13191e-06
-2.14432e-06
-4.45217e-06
-3.88714e-06
4.29655e-06
-2.60582e-06
-1.69074e-06
1.18782e-07
3.69852e-06
-4.00428e-06
1.37284e-06
-3.47619e-07
6.81565e-07
3.21029e-06
2.73926e-06
-3.77724e-06
2.15827e-06
-4.05597e-06
2.09326e-06
-4.25234e-06
-4.11349e-06
4.27302e-06
-1.07961e-07
6.63768e-07
-3.43821e-06
4.97012e-06
-2.15831e-06
-2.32912e-06
3.60977e-06
-4.40888e-06
4.35297e-06
2.544e-07
3.66554e-06
-3.66554e-06
4.09147e-06
3.38674e-06
4.9626e-06
3.87942e-06
4.98204e-06
1.90467e-06
3.97378e-06
-1.28207e-06
-4.44868e-06
-4.2262e-06
3.14377e-06
-2.83724e-06
-3.36679e-06
-1.55507e-07
4.11509e-06
9.87616e-07
1.61245e-06
-3.78515e-07
-3.33107e-06
-4.20664e-06
-1.37695e-07
-3.64663e-06
3.57584e-06
-4.09266e-06
-2.68706e-06
-4.24536e-06
3.54173e-06
4.07947e-06
3.43412e-06
3.39256e-06
9.75236e-07
3.1788e-06
-6.35616e-06
2.86421e-06
-4.05681e-06
-2.10742e-06
-2.65105e-06
1.78445e-06
-1.96476e-06
9.23887e-08
-4.44053e-06
3.41777e-06
1.44142e-06
3.05237e-06
-2.89253e-06
-2.20083e-06
4.41277e-06
-1.00185e-06
-4.99661e-07
3.93681e-07
3.75186e-06
-2.84402e-06
-3.60818e-06
-4.32809e-07
4.31666e-06
1.83049e-07
-1.63491e-06
2.07098e-07
-4.10426e-06
-3.33885e-07
-4.20086e-06
3.468e-06
-2.24719e-06
-2.52145e-06
-4.48757e-06
-4.36189e-07
-3.80726e-06
-3.46818e-06
2.68706e-06
1.86595e-06
2.55266e-06
3.47897e-06
-3.15617e-06
-4.52174e-06
7.70368e-08
-1.66043e-06
-1.69943e-06
-3.21902e-06
4.11589e-06
1.51971e-06
3.09827e-06
3.88885e-06
4.01903e-07
-3.35837e-06
-3.78058e-06
4.03498e-06
-4.24121e-06
-3.641e-06
4.57072e-06
-1.26247e-06
-3.3348e-06
-3.00912e-06
-3.67745e-06
-3.3367e-06
4.55781e-06
-3.33719e-06
3.48253e-06
7.24144e-07
3.30887e-06
-3.34299e-06
4.71261e-06
1.92243e-06
4.75152e-06
1.88145e-06
-3.34882e-06
4.71261e-06
4.75152e-06
-3.60887e-06
-3.58243e-06
-3.81912e-06
3.95648e-06
3.43135e-06
3.09254e-06
-3.1851e-07
2.10296e-06
4.65179e-06
9.99416e-07
3.50413e-06
-3.23711e-06
-3.77939e-06
3.47721e-07
3.35099e-06
2.96953e-06
-4.0453e-06
-3.5363e-07
3.91225e-06
3.48128e-06
3.77937e-06
-3.38569e-06
9.14396e-07
3.38638e-06
3.45433e-06
1.50991e-06
-3.11221e-06
3.722e-06
-3.05934e-06
4.52993e-06
-3.61623e-06
-5.06861e-07
-3.57147e-06
2.92069e-06
-3.72456e-06
4.6119e-06
8.27572e-07
1.14936e-06
3.54872e-06
-1.98596e-07
3.28663e-06
1.06104e-06
3.28474e-06
-3.28474e-06
-3.62857e-06
3.35311e-06
-6.34948e-07
-2.85613e-06
-2.73902e-06
-2.52188e-06
2.73902e-06
-3.62979e-06
8.88594e-07
2.98366e-06
-6.78281e-09
-3.79418e-06
2.56782e-07
-3.44036e-06
3.80662e-06
-3.13566e-06
-3.58128e-06
-1.29002e-06
-2.8658e-06
5.36399e-07
-4.18855e-06
1.5669e-06
2.96847e-06
-3.43821e-06
3.61254e-06
-3.47464e-06
-5.08105e-06
2.47524e-06
2.65105e-06
3.55915e-06
1.55887e-06
3.00334e-06
3.55116e-06
3.51943e-06
-3.3941e-06
3.3941e-06
-3.63727e-06
-1.13823e-06
-3.27461e-06
6.01696e-07
2.74198e-06
2.97189e-06
1.04477e-06
3.53954e-06
-3.31937e-06
-3.64482e-06
-3.05122e-06
-1.19692e-06
-3.20064e-06
-1.37583e-07
5.41083e-07
1.44656e-07
1.69381e-07
-3.71514e-06
3.61652e-06
-4.01422e-06
-7.87526e-07
2.62637e-06
2.01047e-06
3.74976e-06
3.83495e-06
2.00282e-06
2.77831e-06
1.86403e-06
-4.37358e-09
3.42215e-06
2.02676e-06
3.27087e-06
1.16571e-06
3.01984e-06
2.59951e-07
-4.07947e-06
3.718e-06
3.16381e-06
-3.16381e-06
3.0638e-06
-3.0638e-06
4.25177e-07
3.10653e-06
-3.10653e-06
3.1569e-06
-3.1569e-06
-4.06594e-06
-3.95418e-07
-3.10193e-06
3.05934e-06
4.34404e-06
-1.0593e-06
-5.28538e-07
-8.4757e-07
-3.64125e-06
-3.37287e-06
-2.5425e-06
-2.631e-06
9.49941e-07
-3.77061e-06
-3.63062e-06
-1.16298e-06
-3.36797e-06
-3.47523e-06
-6.45409e-07
2.94676e-06
-3.45073e-06
3.41943e-06
3.02052e-06
2.21312e-06
2.1343e-06
-3.25149e-06
-3.2311e-06
3.87776e-06
2.21577e-06
-3.79384e-06
2.24425e-06
3.60285e-06
-1.26776e-06
-1.32242e-06
-3.4641e-06
3.45763e-06
-3.45893e-06
3.81211e-06
-3.74506e-06
3.54115e-06
3.70418e-06
-3.57691e-06
-1.3325e-06
-1.29085e-06
-1.3217e-06
-3.18098e-06
3.30898e-06
4.36243e-06
3.39832e-06
3.14377e-06
-3.31316e-06
3.83291e-06
3.00433e-06
-3.28866e-06
-1.75448e-07
-1.31083e-06
-3.95667e-07
2.66806e-06
2.31815e-06
3.57584e-06
3.57365e-06
-6.40161e-08
-3.95687e-06
-3.38316e-06
-2.47462e-07
3.9892e-06
-1.22596e-06
3.27447e-06
-1.2244e-06
-3.63305e-06
3.18259e-06
3.6489e-07
2.39597e-06
3.29287e-06
-3.22854e-06
-1.23897e-06
3.69901e-06
-3.00689e-07
1.86671e-06
2.66372e-06
4.22272e-06
-3.32038e-06
3.29976e-06
3.54348e-06
-1.16554e-06
1.21606e-06
3.35877e-06
-2.93035e-07
-2.73413e-06
3.06772e-06
-3.74597e-06
-1.13406e-06
3.11221e-06
3.07183e-06
2.8658e-06
2.10432e-06
3.50418e-06
-2.51753e-06
3.57147e-06
1.03685e-06
-6.3941e-08
-3.28785e-06
-3.39815e-06
7.71456e-07
1.18213e-06
-3.49742e-06
-3.45205e-06
2.91546e-06
-3.41198e-06
3.72425e-06
-3.45426e-07
-2.73584e-06
3.08126e-06
-2.24678e-06
2.35434e-06
2.00809e-06
-3.59687e-06
-3.82523e-06
4.7308e-07
-3.18466e-06
-3.02052e-06
-4.73251e-07
4.10207e-06
-3.76478e-07
3.44831e-06
1.29719e-06
5.1061e-07
1.15838e-06
2.60075e-06
-2.94617e-06
3.59672e-06
3.20349e-06
1.35e-07
-3.46064e-06
3.32564e-06
-1.24641e-07
2.72198e-07
-8.26637e-07
3.1545e-06
-3.0195e-06
-1.7692e-06
7.43478e-07
-4.24974e-06
7.89649e-07
-2.96176e-06
-1.13011e-07
1.24816e-06
6.73558e-07
2.07238e-06
-2.82597e-06
-3.37093e-06
1.1198e-06
-3.58117e-06
4.62321e-07
3.10549e-06
3.42264e-06
2.20419e-06
-3.03488e-06
7.65244e-07
-6.75225e-07
-6.98175e-07
-3.20922e-06
-2.10117e-06
-2.35892e-06
-4.58229e-07
5.67385e-06
-2.03739e-06
5.69231e-06
-3.31269e-06
3.04616e-06
1.07001e-07
-3.41102e-06
-3.43264e-06
-8.66892e-07
2.5729e-06
-2.77507e-06
3.14127e-06
5.83554e-07
-1.93603e-07
3.56092e-06
2.91261e-06
3.43517e-06
3.65736e-06
-1.1966e-06
-2.95052e-06
-3.14686e-06
-2.87466e-06
-9.06365e-07
3.42607e-06
3.65154e-06
3.5615e-07
1.00527e-06
2.21713e-06
-3.46129e-06
3.33289e-06
3.55761e-06
-1.45999e-07
)
;

boundaryField
{
    front
    {
        type            empty;
    }
    back
    {
        type            empty;
    }
    wall
    {
        type            calculated;
        value           uniform 0;
    }
    inlet
    {
        type            calculated;
        value           nonuniform List<scalar> 
12
(
-6.4431e-06
-6.45101e-06
-6.45595e-06
-6.3964e-06
-6.61293e-06
-6.47666e-06
-6.59699e-06
-6.63503e-06
-6.63297e-06
-6.68658e-06
-6.67969e-06
-6.68601e-06
)
;
    }
    outletLeft
    {
        type            calculated;
        value           nonuniform List<scalar> 9(4.40308e-06 4.43861e-06 4.43912e-06 4.42658e-06 4.41217e-06 4.41597e-06 4.42238e-06 4.47931e-06 4.49631e-06);
    }
    aneurysm
    {
        type            calculated;
        value           uniform 0;
    }
    outletRight
    {
        type            calculated;
        value           nonuniform List<scalar> 9(4.2747e-06 4.30732e-06 4.37266e-06 4.21394e-06 4.32942e-06 4.27623e-06 4.31658e-06 4.37429e-06 4.35465e-06);
    }
}


// ************************************************************************* //
