/*--------------------------------*- C++ -*----------------------------------*\
  =========                 |
  \\      /  F ield         | OpenFOAM: The Open Source CFD Toolbox
   \\    /   O peration     | Website:  https://openfoam.org
    \\  /    A nd           | Version:  12
     \\/     M anipulation  |
\*---------------------------------------------------------------------------*/
FoamFile
{
    format      ascii;
    class       surfaceScalarField;
    location    "0.23";
    object      phi;
}
// * * * * * * * * * * * * * * * * * * * * * * * * * * * * * * * * * * * * * //

dimensions      [0 3 -1 0 0 0 0];

internalField   nonuniform List<scalar> 
6438
(
-3.73322e-08
4.66635e-06
-4.62901e-06
-4.03838e-08
5.42106e-06
-5.38068e-06
-5.08619e-06
-8.65951e-07
5.95214e-06
4.82483e-06
-5.29716e-06
4.72326e-07
7.41139e-06
-5.79088e-06
-1.62051e-06
1.67523e-06
5.73616e-06
-5.784e-06
6.97815e-07
-5.01046e-06
4.97008e-06
5.41728e-06
-6.46496e-06
1.04767e-06
5.03083e-06
-5.90189e-06
8.71061e-07
-4.86455e-06
5.92157e-06
-1.05702e-06
1.1669e-06
-5.32968e-06
4.16278e-06
-6.02978e-06
1.16522e-06
4.62326e-06
2.12326e-06
-6.74652e-06
4.34517e-06
-4.3825e-06
-2.45769e-07
5.09233e-06
-4.84656e-06
-6.41585e-06
6.22304e-06
1.92811e-07
-4.85765e-06
5.90228e-06
-1.04463e-06
-6.02871e-06
1.17106e-06
1.91355e-06
4.0409e-06
-5.95445e-06
-1.39306e-06
-9.09798e-07
2.30286e-06
-2.95964e-07
5.3326e-06
-5.03663e-06
-4.94833e-06
-8.01273e-07
5.74961e-06
-6.06007e-06
2.65619e-06
3.40388e-06
-5.25309e-06
4.95713e-06
-4.66521e-06
5.67098e-06
-1.00577e-06
-5.71119e-06
7.62855e-07
5.40646e-06
-4.23956e-06
-4.91146e-06
-9.23392e-07
5.83485e-06
-5.9454e-06
1.28019e-06
4.54559e-06
-5.72077e-06
1.17518e-06
2.50501e-08
-5.56785e-06
5.5428e-06
5.44951e-06
-5.48377e-06
3.42637e-08
-5.39958e-06
9.06185e-07
4.4934e-06
-7.28962e-06
1.18093e-06
6.10869e-06
5.12712e-06
-5.10207e-06
5.17439e-06
-3.49556e-07
3.35666e-06
4.7028e-06
-8.05946e-06
-1.66762e-06
6.29088e-06
-4.81472e-06
5.29099e-06
-4.76266e-07
-5.57932e-06
5.5291e-06
5.02227e-08
-2.31508e-06
4.22863e-06
4.98759e-06
4.32411e-08
-5.9965e-06
5.874e-06
1.22496e-07
5.36665e-06
-8.21059e-07
-4.04423e-06
3.79846e-06
-6.97199e-06
1.18112e-06
5.30228e-06
5.09582e-07
-5.81186e-06
-4.11302e-06
-1.28656e-06
-7.5779e-07
-4.95885e-06
5.62695e-06
-6.68093e-07
-3.6845e-06
5.3228e-06
-1.6383e-06
5.34901e-06
-5.34901e-06
1.68215e-06
4.05646e-06
5.33276e-07
-4.58973e-06
2.3808e-06
1.15978e-06
-3.54058e-06
4.52833e-06
9.57339e-07
-5.48567e-06
4.37425e-06
-1.71806e-06
-2.53595e-06
-4.43604e-06
-5.28426e-08
4.71616e-06
-4.66332e-06
-5.81579e-06
5.81579e-06
-6.02639e-06
6.08957e-06
-6.31777e-08
2.44164e-07
4.47766e-06
-4.72183e-06
1.65783e-08
-5.48744e-06
5.47087e-06
5.0928e-06
-5.07622e-06
-5.55337e-06
6.41913e-07
-5.56718e-06
-4.29318e-07
-4.78912e-06
5.26536e-06
-4.76241e-07
5.29691e-07
4.58531e-06
-5.115e-06
-5.63193e-06
5.41589e-06
2.16033e-07
5.48931e-06
-5.48931e-06
5.09963e-06
3.17651e-07
-3.35142e-06
-2.55046e-06
4.78163e-06
1.00788e-06
-5.78951e-06
-4.68951e-06
-8.89812e-07
4.16658e-06
3.21807e-06
-7.38465e-06
-6.45093e-06
4.13585e-06
-4.11431e-06
-2.33662e-06
5.68762e-06
-9.05992e-07
3.38712e-06
-1.00633e-06
4.60188e-06
5.28005e-07
-5.12989e-06
-5.67502e-06
-3.51376e-07
-8.01353e-07
-1.38283e-06
-4.43296e-06
6.15301e-06
-6.15301e-06
-4.06556e-06
-1.56637e-06
-3.68259e-07
-6.92136e-06
-5.30896e-06
5.28751e-06
2.14491e-08
1.91214e-07
-5.37579e-06
5.18458e-06
-5.90821e-07
5.1927e-06
5.31356e-06
1.3595e-07
-5.55069e-06
-8.65164e-07
-5.60635e-06
5.75016e-06
-1.43811e-07
5.84683e-06
-3.27275e-06
-2.57408e-06
5.24849e-06
-5.05728e-06
1.06935e-07
5.88321e-06
-2.99402e-06
-2.88919e-06
3.34805e-06
2.49878e-06
5.40177e-06
-5.40177e-06
-4.14294e-06
5.94436e-06
-1.80142e-06
-5.20754e-06
2.48686e-07
-7.11743e-07
-4.21845e-06
4.93019e-06
-4.88021e-06
1.90704e-07
-5.23051e-06
1.08757e-06
4.51373e-06
9.97344e-07
-5.51107e-06
-3.11777e-07
4.8255e-06
-4.71346e-06
5.44608e-06
-7.32615e-07
-5.00868e-06
1.93958e-07
3.44935e-06
2.43387e-06
5.21457e-06
-1.05179e-06
2.23971e-07
5.12504e-06
-4.50152e-06
-3.78692e-07
4.70714e-06
1.00156e-06
-5.7087e-06
-2.60168e-06
-2.24549e-06
4.84717e-06
3.42614e-06
-4.30603e-07
-2.99554e-06
-5.56785e-06
1.12899e-06
5.58433e-06
-6.71331e-06
-2.58789e-06
1.19483e-06
5.57023e-06
1.00754e-07
6.03493e-06
-3.12364e-06
-2.91128e-06
2.02055e-06
4.01437e-06
5.63912e-06
-9.31976e-07
6.87715e-06
-3.52049e-06
-5.09578e-06
1.33202e-08
5.08246e-06
-7.28721e-06
7.45721e-07
6.54149e-06
-8.33491e-08
-5.05822e-06
5.14157e-06
5.56465e-06
3.09349e-07
-4.29135e-06
4.23851e-06
-5.12067e-06
5.22375e-06
-1.03078e-07
5.18495e-06
-5.2683e-06
5.3497e-06
-5.3497e-06
5.27006e-06
1.51002e-07
5.28013e-06
-1.22368e-06
5.20917e-06
-4.96501e-06
-4.58821e-06
3.87647e-06
4.69986e-08
5.0558e-06
-5.1028e-06
5.94228e-06
-4.16488e-06
-1.77741e-06
-5.48744e-06
-7.85425e-08
6.14162e-08
-5.07188e-06
-5.08399e-06
2.94866e-07
5.86667e-08
5.06845e-06
4.90494e-06
-4.37525e-06
-5.05854e-06
3.45077e-07
5.1327e-06
-1.45118e-07
-1.83049e-07
4.46624e-06
-4.28319e-06
3.51211e-06
2.43017e-06
-5.26083e-06
1.12859e-06
4.13224e-06
5.36113e-06
-3.83271e-08
-7.09092e-06
6.46349e-07
6.44457e-06
-7.15776e-08
-5.03153e-06
5.10311e-06
3.3447e-06
8.14439e-08
3.19312e-07
5.04181e-06
4.99064e-06
4.15821e-07
5.15453e-06
-5.22611e-06
-5.37155e-06
-1.79139e-07
5.47849e-06
-5.88505e-06
4.06558e-07
-4.89935e-06
-1.9643e-07
-5.9622e-06
2.585e-06
3.3772e-06
3.04955e-09
5.15506e-06
1.77542e-07
-4.85103e-06
5.64096e-06
-7.89936e-07
-5.35006e-06
4.60683e-06
7.43237e-07
-7.23107e-07
1.86873e-06
-1.14562e-06
-1.67616e-06
-4.26924e-06
-5.37579e-06
-4.24179e-08
5.13522e-06
1.57275e-06
4.37161e-06
-8.5674e-08
-5.22851e-06
-2.45848e-08
-1.10361e-07
-5.71679e-06
4.83129e-06
8.85507e-07
-3.36289e-07
4.25955e-06
8.40082e-07
8.35699e-06
-3.6542e-06
-1.76857e-06
-4.26014e-06
5.24223e-06
7.13275e-08
-4.50183e-06
1.90014e-06
-2.01963e-06
-3.19035e-06
5.20998e-06
-1.8038e-06
-4.22597e-06
-2.93608e-06
7.10266e-06
-5.40472e-06
1.76215e-07
-5.10312e-06
5.12271e-06
-1.95936e-08
-4.21788e-06
4.03483e-06
-6.13338e-08
-5.00155e-06
5.06288e-06
-5.49837e-06
9.36476e-08
4.58641e-06
-5.45719e-06
8.70773e-07
5.10965e-06
-5.17098e-06
4.56651e-06
-1.72921e-06
-2.8373e-06
-6.90583e-06
2.445e-06
4.46082e-06
4.68291e-06
4.49795e-07
3.86821e-06
2.35484e-06
1.13072e-06
5.02229e-06
-1.3408e-06
-4.8122e-06
-5.56366e-06
5.51458e-06
4.90794e-08
-5.54871e-06
-1.49509e-08
-5.52012e-06
-2.8589e-08
1.62148e-08
1.43578e-06
-8.03923e-06
6.60346e-06
-5.97163e-06
7.10062e-06
4.71545e-06
-4.66845e-06
5.03813e-06
2.10363e-07
4.10996e-07
4.15552e-06
-5.05822e-06
-4.58607e-06
4.56423e-06
5.69444e-07
-5.13368e-06
-2.60886e-08
-1.08821e-06
8.02682e-06
-6.93861e-06
7.61452e-06
-5.49125e-06
-2.30934e-06
3.46912e-06
-1.46408e-06
-4.49811e-06
-3.9969e-06
-2.90892e-06
-5.05709e-06
-3.14457e-07
-5.09225e-06
5.09151e-06
7.38732e-10
-8.04969e-07
4.78141e-06
-3.97644e-06
-5.46596e-06
5.50448e-06
-3.85237e-08
-5.40889e-06
-5.70685e-08
-6.95258e-06
4.32811e-07
6.51977e-06
-4.85983e-06
-3.15264e-07
5.1751e-06
5.44572e-06
5.87591e-08
-9.68065e-07
-5.95116e-06
2.16768e-06
3.78348e-06
3.43828e-08
-3.1513e-06
-2.79986e-06
-7.43971e-08
-5.55193e-08
-4.97327e-06
5.02879e-06
-5.1148e-06
2.54966e-07
4.62244e-06
6.1979e-07
5.32737e-06
-5.1034e-06
5.06164e-06
-5.11715e-06
5.03977e-06
1.45179e-07
2.47698e-06
5.13753e-06
5.26177e-06
-1.00222e-06
-4.13102e-07
-6.87411e-06
-3.01342e-07
4.15443e-06
-3.85309e-06
-5.3831e-06
-2.57938e-08
-5.38233e-06
-7.64435e-10
5.42568e-06
-5.38695e-06
-3.87258e-08
5.36647e-06
5.92089e-08
-5.03153e-06
1.24252e-06
-1.70656e-06
4.6404e-07
-6.07766e-06
3.55575e-06
2.52192e-06
2.72244e-06
-5.45781e-06
2.73537e-06
-4.76428e-06
-4.43256e-07
-5.07526e-06
5.05012e-06
2.51408e-08
-5.28051e-06
5.09276e-06
1.87752e-07
-4.21646e-07
5.40385e-06
-4.98221e-06
-5.24278e-06
1.27984e-07
-5.82104e-06
7.25682e-06
-5.40766e-07
-4.72006e-06
-5.4727e-06
5.05106e-06
-4.2882e-06
-3.94763e-07
4.68296e-06
-4.01995e-06
5.33184e-06
3.4631e-08
-3.65277e-06
-9.77375e-07
1.08369e-06
-1.06311e-07
-5.04969e-08
1.95829e-07
-6.94467e-06
6.74884e-06
-3.89352e-06
-1.89048e-06
-5.40818e-06
5.29736e-06
1.10819e-07
-5.32515e-06
-8.30274e-08
-1.91528e-06
1.19217e-06
5.03065e-06
1.23888e-07
5.37271e-06
-8.95045e-07
5.31993e-06
-5.31368e-06
-6.25128e-09
-1.43697e-08
-4.9351e-06
4.94947e-06
5.56837e-06
-3.99562e-06
-6.702e-08
5.52431e-06
3.11723e-06
-8.64153e-06
5.47399e-06
-5.47399e-06
8.46096e-07
4.9697e-06
-1.93166e-06
-3.41735e-06
-4.36293e-06
5.25847e-06
-8.95539e-07
-5.82307e-07
-4.6982e-06
5.03614e-06
-5.05051e-06
-4.82262e-06
8.21284e-08
4.74049e-06
9.25571e-07
-4.88799e-06
3.96242e-06
-5.0608e-06
5.00859e-06
5.22031e-08
3.23257e-06
2.3358e-06
-1.58244e-07
-8.19131e-07
-3.03926e-06
-3.0384e-06
-1.1622e-06
-5.40289e-06
5.51861e-07
-5.00155e-06
4.5322e-06
9.46286e-07
-4.20981e-06
-4.72746e-06
4.39265e-07
-4.82368e-06
2.80404e-06
5.47289e-06
-4.44943e-06
-1.02346e-06
9.35091e-07
4.39228e-06
-3.87521e-06
-1.83597e-06
-5.35402e-06
5.35402e-06
5.35563e-06
-5.14999e-06
-2.05646e-07
3.08781e-07
-5.07307e-06
-4.28492e-06
4.8443e-06
-5.59377e-07
-1.6979e-06
7.88103e-07
4.98945e-06
-5.01377e-06
2.43148e-08
5.24072e-06
5.66446e-08
5.29544e-06
6.01959e-08
8.00129e-06
-5.10553e-06
-1.37251e-07
-4.47977e-06
3.6748e-06
5.02381e-06
8.58372e-08
5.27952e-06
-5.24958e-06
-2.99398e-08
-4.56357e-08
-7.29631e-08
5.51185e-07
-4.52715e-06
3.97596e-06
-1.58921e-07
-6.932e-06
1.65792e-06
3.73327e-07
-4.65825e-06
-5.05003e-06
4.97305e-06
7.69825e-08
5.03892e-06
-4.52509e-07
-2.35345e-06
-3.13032e-06
-7.05984e-06
5.23283e-07
-2.83263e-06
-8.38657e-07
2.16776e-08
5.19055e-06
-4.6211e-06
-4.97327e-06
-4.98124e-06
1.29739e-07
4.8515e-06
7.03217e-06
9.94655e-07
4.05338e-06
2.03618e-06
4.9045e-06
-2.18205e-06
5.12207e-06
-2.9078e-07
1.17492e-05
-8.63194e-06
-8.03923e-06
-2.57624e-06
-2.77383e-06
-6.49887e-08
5.46071e-06
-5.11613e-06
-3.44576e-07
5.1763e-06
1.19141e-07
5.98655e-07
-4.96159e-06
-3.68177e-06
4.23295e-06
5.01803e-06
4.36003e-08
3.9413e-06
1.74632e-06
5.26467e-06
1.96036e-07
5.26009e-06
-5.18466e-06
-7.54253e-08
-2.36873e-06
-3.35204e-06
-2.37113e-07
4.84394e-06
9.00896e-08
-5.5794e-06
4.3615e-06
-3.43593e-06
-7.32802e-08
1.101e-07
4.25508e-06
-4.61983e-06
3.64747e-07
7.77496e-07
4.48098e-06
7.13761e-06
-6.94178e-06
2.48349e-06
3.14345e-06
-5.03684e-06
4.97783e-06
5.90037e-08
-1.16079e-07
-2.92801e-06
1.60366e-06
1.32436e-06
-5.24726e-08
5.47246e-06
-5.47246e-06
6.18344e-06
-3.58524e-06
-2.5982e-06
-4.53517e-06
-7.61987e-07
3.82534e-06
1.81378e-06
5.23493e-06
2.9744e-08
-4.9351e-06
4.89646e-06
3.11374e-08
-4.9276e-06
4.00881e-06
5.5794e-06
-5.5428e-06
1.4103e-07
6.51465e-06
-5.76893e-06
5.04467e-06
-5.37324e-06
5.00964e-06
-1.13175e-07
4.52245e-06
-4.8936e-06
4.86783e-06
2.57717e-08
2.28865e-07
3.92679e-06
-4.15565e-06
-4.45301e-06
3.67834e-06
-3.33641e-07
4.65743e-06
6.3356e-07
-4.46147e-08
-4.3067e-06
-7.51838e-07
-6.44909e-06
4.08036e-06
7.11237e-09
-4.90646e-06
-5.22482e-06
-2.47886e-07
6.99808e-06
-3.78001e-06
5.02681e-08
-9.0501e-07
5.56471e-06
-4.6597e-06
-2.37766e-06
-5.50348e-07
4.87435e-06
-4.92687e-06
5.25155e-08
-5.04467e-06
5.00265e-06
2.16971e-06
3.09956e-06
-5.26927e-06
5.24434e-06
-9.8926e-07
4.3561e-07
4.65672e-06
5.14262e-06
4.9834e-07
5.61163e-07
6.81359e-07
-5.47087e-06
1.21162e-07
-4.343e-06
4.94165e-06
-2.51555e-06
3.03883e-06
4.64004e-07
-4.56306e-06
4.09905e-06
-3.69855e-08
9.63359e-08
-4.55163e-06
-5.17723e-06
5.08235e-06
9.48801e-08
-4.96649e-06
5.17059e-07
3.24142e-06
2.94202e-06
-2.7952e-06
5.73085e-06
-2.93565e-06
5.7433e-06
-5.36169e-06
-3.81611e-07
1.43164e-07
3.53518e-06
-4.92853e-06
-5.27069e-08
5.00236e-06
7.27767e-09
2.47345e-06
-8.69797e-07
6.36759e-06
-5.72124e-06
4.56524e-06
7.00128e-07
2.87721e-07
-5.07894e-06
7.72243e-07
7.75067e-08
-4.42051e-06
5.67146e-06
-4.5839e-06
4.62409e-06
-2.81436e-07
-4.40194e-06
4.68338e-06
-4.97817e-06
5.18408e-06
-6.13652e-08
-7.54165e-06
6.03037e-07
-3.20001e-08
4.88347e-06
9.43597e-08
-4.61109e-06
-5.06039e-06
5.0393e-06
2.10945e-08
6.0572e-06
-3.51807e-06
-2.53913e-06
-4.24668e-06
-3.81856e-07
4.62854e-06
-1.14103e-08
-5.00447e-06
1.07607e-07
-5.41167e-07
5.34517e-06
-4.80401e-06
-4.90016e-06
4.92448e-06
-7.1115e-06
-1.03805e-06
-6.87901e-06
6.70664e-06
1.72372e-07
3.92638e-06
1.99518e-06
4.59549e-06
4.12251e-07
-5.00774e-06
4.88367e-06
-2.0076e-07
3.93754e-06
1.96473e-06
-3.48678e-06
1.10912e-06
-4.93602e-06
4.288e-06
-4.87882e-06
-6.62691e-06
6.60287e-06
2.4047e-08
5.98599e-06
-4.80506e-06
4.88262e-06
-1.47848e-08
3.00212e-07
-4.55351e-06
4.2533e-06
-7.36186e-08
-6.5533e-06
5.91711e-06
-5.91711e-06
-2.69296e-06
5.07666e-06
-2.3837e-06
-4.88652e-06
4.88652e-06
4.99726e-06
-4.41786e-06
-5.79398e-07
4.64647e-06
1.10369e-06
5.20701e-06
-4.27192e-06
5.14908e-06
-5.75678e-08
-4.03079e-06
-6.45645e-07
4.67644e-06
-6.54617e-06
6.56839e-06
-2.22171e-08
6.03984e-06
-3.63593e-06
-2.40391e-06
8.82574e-07
4.32444e-06
-6.61469e-06
6.58157e-06
3.31186e-08
-1.29107e-09
-4.8183e-08
6.5275e-06
-6.47932e-06
-6.58955e-06
6.58955e-06
-7.84237e-08
4.95277e-06
7.07139e-06
-6.59194e-06
-4.79451e-07
-6.61881e-06
6.57063e-06
6.61308e-06
-6.57938e-06
-3.3699e-08
-4.81826e-06
-1.08604e-07
5.63631e-06
-7.52218e-08
6.56916e-06
-6.49394e-06
6.57121e-06
-6.58358e-06
1.23694e-08
-4.96687e-06
6.53704e-06
-9.53711e-09
-5.05452e-06
5.00938e-06
4.51376e-08
-6.53579e-06
6.55935e-06
-2.35576e-08
5.00602e-06
-4.87628e-06
-6.60132e-06
6.5261e-06
5.06276e-06
-1.60937e-06
2.41145e-06
3.15326e-06
-3.6603e-06
-2.78879e-06
-6.57841e-06
6.57841e-06
-6.60855e-06
-1.0265e-08
6.11769e-06
-1.12138e-06
-4.99631e-06
-4.31239e-06
2.92955e-06
1.64822e-07
6.54756e-06
-6.56783e-06
2.02696e-08
4.81916e-06
-4.81477e-06
-4.39245e-09
6.75155e-06
-6.57621e-06
-1.75347e-07
6.51352e-06
3.40382e-08
6.50153e-06
6.76297e-08
-1.338e-08
-4.87314e-06
-6.03067e-06
3.31849e-06
2.71219e-06
-4.8663e-06
4.89743e-06
6.53416e-06
-2.06394e-08
6.86003e-07
4.43606e-06
3.51424e-06
-1.34453e-06
-6.59181e-06
-9.5123e-09
5.37594e-06
3.19027e-06
-5.43576e-06
-8.28057e-07
-6.71359e-06
4.90462e-06
-4.93316e-06
2.85358e-08
-2.27364e-07
-6.65165e-06
5.10707e-06
-5.69494e-08
5.67828e-06
-3.8848e-06
-1.79347e-06
-4.91522e-06
6.54412e-06
-6.54412e-06
4.68261e-06
6.07445e-08
-4.74336e-06
5.04004e-06
-6.55787e-06
6.54927e-06
8.60016e-09
6.5115e-06
-6.57424e-06
6.27399e-08
4.14467e-06
-5.48547e-06
-1.74794e-08
-6.51172e-06
6.5292e-06
6.4967e-06
-6.51418e-06
-2.17366e-07
6.924e-06
-5.20174e-06
5.63455e-06
-5.88686e-06
4.08306e-06
-1.03499e-07
6.70637e-06
5.63983e-07
2.90514e-06
5.5093e-08
6.06259e-06
-1.78611e-08
5.24725e-06
-5.22939e-06
-4.46363e-08
-6.57358e-06
-4.11113e-08
5.39594e-06
-5.40046e-07
-4.85589e-06
-6.52986e-06
6.52986e-06
3.83438e-06
-3.30111e-06
-6.58396e-06
6.56672e-06
1.72477e-08
5.02821e-06
-5.02821e-06
4.89526e-06
-7.60996e-08
6.53879e-06
-6.54929e-06
1.05021e-08
-6.31234e-06
1.72627e-06
6.4212e-09
-4.857e-06
4.85058e-06
5.26779e-06
-4.40374e-08
6.55253e-06
6.05527e-08
3.97495e-06
6.78474e-07
-4.65343e-06
6.57255e-06
-3.55163e-08
5.10591e-06
-5.10591e-06
6.53077e-06
-6.50807e-06
-2.27054e-08
-4.99389e-06
4.95692e-06
3.69738e-08
6.5807e-06
-6.56074e-06
-1.99529e-08
-6.54068e-06
6.54068e-06
9.74248e-07
4.57963e-06
1.54605e-07
-4.73424e-06
-6.5845e-06
6.56736e-06
1.71324e-08
-2.4296e-08
-4.93063e-06
4.90219e-06
2.43241e-09
6.11998e-06
-1.15669e-06
-4.96329e-06
4.22815e-06
6.51419e-06
-6.53217e-06
1.7975e-08
5.03452e-06
5.3776e-06
7.58067e-08
4.60681e-06
6.67971e-06
-1.27184e-07
6.4928e-06
2.13991e-08
4.77793e-06
-4.77793e-06
-2.51555e-06
6.60609e-06
-6.55418e-06
-2.00557e-08
6.55081e-06
-6.52614e-06
-2.46693e-08
1.28123e-07
-6.67512e-06
6.547e-06
6.86346e-07
-6.60346e-06
-6.57259e-06
6.56126e-06
1.13275e-08
4.74515e-06
-4.74249e-06
-2.65655e-09
4.99726e-06
-4.41016e-06
4.41016e-06
6.50597e-06
-1.31771e-08
-4.87807e-06
-4.55351e-06
4.59549e-06
5.06122e-06
-5.26226e-08
-1.47971e-08
5.18484e-07
-6.46142e-06
6.54971e-06
-6.5518e-06
2.08955e-09
1.56704e-07
4.58844e-06
1.51123e-07
5.24481e-06
4.9335e-06
-3.82392e-08
-6.55793e-06
6.55032e-06
7.61221e-09
6.50013e-06
-6.51829e-06
1.8158e-08
-6.55204e-06
-3.19205e-08
6.53426e-06
-6.51708e-06
-1.71777e-08
4.93383e-06
9.43723e-08
6.53831e-06
2.84031e-08
-8.22323e-09
6.52367e-06
2.66512e-08
-9.91578e-10
-4.83263e-06
-6.62309e-06
6.97939e-08
-4.90165e-06
4.90165e-06
6.06581e-08
6.05933e-06
-4.98101e-06
9.50212e-07
3.43053e-08
6.53691e-06
2.7224e-07
-4.71065e-06
4.43841e-06
4.54423e-08
6.5441e-06
6.24333e-06
-6.80931e-06
4.9293e-06
1.76616e-07
6.4967e-06
-5.03426e-08
4.62997e-06
-4.76627e-06
2.37779e-08
4.69625e-06
-7.21298e-07
-6.51293e-06
6.51293e-06
-6.54781e-06
-3.66815e-08
4.41786e-06
-4.57827e-06
1.60403e-07
-6.5441e-06
4.82317e-06
-4.81675e-06
6.5351e-06
3.22603e-08
-6.53814e-06
-5.81521e-06
4.04664e-06
-6.56606e-06
6.55513e-06
1.09251e-08
4.46404e-06
4.19632e-07
4.857e-06
2.95216e-08
-6.49186e-06
6.53637e-06
-4.45189e-08
-4.93153e-06
4.88773e-06
4.38019e-08
-6.51264e-06
2.07807e-08
4.9122e-06
-1.00065e-08
2.72052e-07
-5.07813e-06
4.80608e-06
6.51112e-06
-6.53995e-06
2.88292e-08
5.29647e-06
-5.54436e-06
6.5104e-06
-6.50969e-06
-7.11702e-10
-4.16056e-06
4.16056e-06
-5.12263e-06
5.12263e-06
-6.50292e-06
-9.71676e-09
-3.03883e-06
3.60282e-06
-6.52152e-06
6.51193e-06
9.59454e-09
5.08696e-08
6.52754e-06
4.06682e-06
-3.60282e-06
-4.06682e-06
4.29569e-06
4.31747e-06
-4.96312e-06
5.95423e-06
-3.52824e-06
-2.42598e-06
-6.54487e-06
-2.77241e-08
-9.43496e-07
-4.29569e-06
5.23918e-06
6.53667e-06
2.45962e-08
-4.9524e-06
4.58971e-06
6.55543e-06
-6.54219e-06
-1.3246e-08
-6.51696e-06
-4.90806e-06
4.93039e-06
-1.52458e-07
-1.74591e-08
6.55162e-06
6.52419e-06
-4.85058e-06
-6.67971e-06
-3.91943e-06
5.00774e-06
-1.08831e-06
-6.48825e-06
-2.34675e-08
6.51573e-06
7.94351e-09
3.79995e-06
-3.88185e-06
8.19055e-08
7.48004e-09
4.57827e-06
-4.76227e-06
1.84003e-07
3.00346e-06
3.05374e-06
-6.54192e-06
-2.41444e-08
-4.95479e-06
6.48708e-06
-6.48166e-06
-5.41715e-09
6.5341e-06
2.10382e-08
-6.55302e-06
6.54597e-06
7.04313e-09
5.00912e-06
4.93383e-06
-6.50372e-06
6.48949e-06
1.42295e-08
6.54962e-06
-6.54674e-06
-2.87989e-09
-4.87087e-06
4.9293e-06
6.50064e-06
-6.50064e-06
2.58784e-08
6.55569e-06
-4.10464e-06
-8.76368e-07
6.51428e-06
-3.1614e-09
-8.37389e-07
4.44982e-06
-3.61243e-06
6.49758e-06
-6.49195e-06
-5.6246e-09
1.98875e-08
6.52423e-06
6.48577e-06
-6.49154e-06
5.76793e-09
-6.56158e-06
-6.53799e-06
-3.93751e-06
5.62937e-09
6.54364e-06
-6.86518e-09
-6.52032e-06
6.52719e-06
-6.50108e-06
6.48689e-06
1.41858e-08
-6.54165e-06
-1.13635e-08
-4.95199e-06
-4.78239e-06
1.61234e-08
6.53498e-06
1.099e-08
-6.49519e-06
6.49244e-06
2.7436e-09
-6.49965e-06
2.44341e-08
6.47521e-06
6.5397e-06
1.57312e-08
-6.51946e-06
-2.27218e-08
-4.75548e-06
-2.24462e-08
6.53649e-06
-6.54052e-06
4.0261e-09
6.49772e-06
-6.50459e-06
-6.51109e-06
6.50211e-06
8.98169e-09
6.49487e-06
-6.48961e-06
-5.26207e-09
4.89735e-06
4.29939e-09
6.53865e-06
1.09626e-08
-6.52953e-06
-1.72042e-08
-6.5535e-06
4.93039e-06
-6.49835e-06
6.4854e-06
1.29537e-08
4.31319e-06
-4.59463e-06
-6.48002e-06
6.50432e-06
-2.43011e-08
6.50011e-06
-6.50981e-06
9.69968e-09
-1.58686e-08
-6.53536e-06
-6.29427e-09
-1.69397e-08
-5.76921e-06
4.09305e-06
-1.11478e-08
6.49772e-06
-1.07695e-08
-6.9332e-09
-6.54086e-06
5.50603e-09
2.50128e-06
5.49521e-06
-7.99649e-06
-1.35411e-06
6.53654e-06
-4.44739e-11
-6.52423e-06
1.20431e-08
6.51782e-06
-6.52818e-06
-1.2337e-08
-4.91354e-06
-6.54737e-06
6.50623e-09
2.28633e-08
6.51593e-06
-1.02492e-09
3.09406e-08
-6.4366e-06
6.40565e-06
6.54555e-06
-6.54221e-06
-3.33796e-09
-5.00132e-06
8.96684e-07
6.53294e-06
-6.5215e-06
-1.14423e-08
-6.53725e-06
-4.84722e-06
-2.55581e-07
6.49349e-06
-6.48836e-06
-5.12999e-09
3.41086e-08
-6.44271e-06
6.40861e-06
-6.54392e-06
6.53172e-06
1.21936e-08
-4.94784e-06
4.90697e-06
4.08732e-08
5.7469e-09
-6.54385e-06
-3.51688e-09
-4.97556e-06
1.03218e-06
3.94337e-06
-6.53531e-06
-8.60291e-09
6.54339e-06
2.1523e-09
-6.53268e-06
-9.52807e-09
-2.60115e-08
-6.54428e-06
4.24814e-10
-4.7059e-06
-5.48921e-07
5.25482e-06
3.7603e-06
2.74784e-08
-6.51782e-06
4.90797e-06
-2.02379e-08
-6.49316e-06
6.49316e-06
-1.25564e-08
6.54026e-06
3.13726e-09
-5.1822e-09
1.01698e-08
1.04733e-08
6.54273e-06
-2.47494e-09
3.85437e-09
6.54103e-06
-6.54109e-06
5.62709e-11
4.72126e-06
-4.72126e-06
-6.52752e-06
6.5135e-06
1.40273e-08
6.50401e-06
-6.49734e-06
-6.67285e-09
-9.17683e-09
6.53864e-06
4.09184e-09
6.53895e-06
2.07413e-09
-2.44485e-09
6.53959e-06
6.53321e-06
-6.53683e-06
3.61442e-09
-6.59626e-06
-6.51233e-06
-1.51971e-08
5.03474e-06
-6.16892e-08
6.52736e-06
5.8477e-09
5.47211e-08
6.53232e-06
-6.52517e-06
-7.15905e-09
-4.66593e-06
4.66593e-06
3.65669e-08
6.50411e-06
-6.4921e-06
6.50252e-06
-1.04259e-08
6.53094e-06
1.38389e-09
5.07689e-08
4.88273e-06
6.52321e-06
-6.52075e-06
-2.46167e-09
-6.47177e-06
-2.03236e-08
6.50477e-06
-6.5101e-06
5.32188e-09
6.51899e-06
4.21639e-09
6.53105e-06
7.9062e-09
-6.47382e-08
-6.45558e-06
-1.07268e-08
-5.75254e-07
-4.38633e-06
6.49456e-06
-6.50086e-06
6.29707e-09
1.94885e-07
4.52637e-06
6.52238e-06
-6.51626e-06
-6.1164e-09
-5.77724e-09
-1.11507e-07
-5.42602e-06
5.53753e-06
-4.72442e-06
4.77816e-06
-5.37407e-08
-6.4641e-06
6.46618e-06
-2.07521e-09
6.51486e-06
7.51291e-09
-6.4956e-06
-4.06069e-06
6.56197e-06
6.51741e-06
-6.50815e-06
-9.26103e-09
-6.52373e-06
6.5239e-06
-1.66603e-10
6.50499e-06
-6.49909e-06
-5.89573e-09
-6.32418e-07
-5.57943e-06
6.21185e-06
6.51072e-06
6.6906e-09
-6.46905e-06
4.94973e-09
6.51835e-06
-6.51e-06
-8.35068e-09
4.89735e-06
-5.01551e-06
5.01551e-06
6.51593e-06
-6.50366e-06
-1.22682e-08
-1.25826e-08
6.51856e-06
-1.02361e-08
-4.90424e-06
6.50675e-06
9.18607e-09
-6.52314e-06
-1.21768e-08
-6.45913e-06
6.46256e-06
-3.43084e-09
6.52381e-06
3.55068e-09
1.10164e-07
6.45822e-06
-1.35216e-09
6.51773e-06
1.65348e-08
4.88184e-06
2.613e-08
7.63256e-10
-6.46551e-06
6.37788e-09
4.97956e-07
1.80807e-08
2.10413e-07
6.49889e-06
-6.50499e-06
6.09483e-09
-6.45228e-06
6.45979e-06
-7.50505e-09
1.15567e-07
-4.88881e-06
4.77324e-06
8.73868e-07
-5.09238e-06
4.21851e-06
1.867e-06
4.61664e-06
-4.61664e-06
6.49441e-06
-6.49441e-06
-5.34736e-06
2.98777e-09
-6.50671e-06
4.98395e-06
6.51629e-06
1.46532e-08
-1.22923e-06
-2.28538e-06
3.51461e-06
-6.4617e-06
9.41265e-09
-6.46536e-06
-2.09764e-07
2.76303e-06
-4.5592e-06
1.79617e-06
-4.46004e-09
4.41355e-08
6.46019e-06
1.74793e-08
4.89472e-06
-6.52551e-06
1.37261e-08
6.4992e-06
4.14589e-06
-5.05867e-06
9.12782e-07
4.21897e-06
-1.45594e-06
-8.11984e-09
-6.49296e-06
6.52647e-06
-6.48234e-06
-6.5078e-06
-6.44376e-06
6.43764e-06
6.11766e-09
1.43825e-09
6.51049e-06
6.48767e-06
6.7398e-09
5.92821e-06
-3.9343e-06
-1.99391e-06
-2.31024e-08
4.9524e-06
6.50872e-06
1.0274e-08
5.92597e-06
-6.55839e-06
4.39923e-08
6.46002e-06
-7.67341e-09
-6.49068e-06
-6.45129e-06
7.52995e-09
-4.73913e-06
1.47153e-08
4.97925e-06
-3.99226e-06
-9.86986e-07
6.4761e-06
-6.47666e-06
5.61952e-10
-7.54219e-09
1.86873e-06
-2.62661e-06
-2.4609e-06
5.08752e-06
6.48815e-06
-6.49814e-06
9.98685e-09
5.16976e-06
-5.10902e-06
-1.81555e-08
4.95199e-06
-4.25254e-06
3.02331e-06
6.48162e-06
-6.48813e-06
6.517e-09
6.51887e-06
-6.47488e-06
-4.88326e-06
1.62006e-07
-4.90203e-06
4.896e-06
6.02592e-09
4.76227e-06
-4.87378e-06
1.03261e-07
6.45609e-06
-4.94554e-06
4.79711e-06
-1.7467e-07
6.50879e-06
-6.5009e-06
-7.88866e-09
5.06798e-06
-4.84128e-06
-2.267e-07
6.48767e-06
-3.91626e-09
-6.49127e-06
-4.79831e-06
1.59134e-08
6.01568e-07
3.68592e-06
-4.28749e-06
-6.43553e-06
6.42855e-06
6.98097e-09
6.47744e-06
2.26624e-08
-4.10241e-06
-8.60706e-07
4.71228e-08
6.45786e-06
6.49805e-06
-6.51321e-06
1.51597e-08
6.49006e-06
-1.19914e-08
-6.46967e-06
-5.07522e-06
-8.5543e-07
6.50136e-06
1.35e-08
6.91189e-06
-1.41669e-06
-3.93347e-08
6.49489e-06
-6.45556e-06
6.49204e-06
6.01163e-09
-6.44469e-06
9.15591e-09
-6.46343e-06
-4.62602e-08
-1.24041e-08
6.40813e-06
-6.39572e-06
8.42894e-09
6.49221e-06
6.51972e-06
-6.4726e-06
-6.4992e-06
-2.44017e-08
4.95479e-06
-6.78775e-09
4.91468e-06
-2.53911e-07
-4.66077e-06
6.60983e-08
4.84858e-06
-6.41727e-06
6.40487e-06
-6.49826e-06
-1.40636e-08
4.12512e-06
8.54129e-07
-2.46495e-08
5.02632e-06
-5.00167e-06
-4.16368e-06
-3.48319e-06
4.08475e-06
-5.43171e-06
6.71436e-07
4.76027e-06
6.48946e-06
4.94939e-09
-6.4969e-06
6.44606e-08
6.46201e-06
6.47971e-06
-6.48067e-06
9.5578e-10
6.49388e-06
-6.47456e-06
-1.93251e-08
-6.50266e-06
4.26118e-09
-9.3819e-09
-4.90668e-06
4.91606e-06
9.4512e-10
6.50116e-06
-4.51063e-06
1.32028e-06
-6.49414e-06
6.49051e-06
3.62884e-09
-6.42649e-06
6.41883e-06
7.65671e-09
6.31237e-08
5.31234e-06
-5.15774e-06
3.8932e-06
-9.32502e-08
-3.36938e-08
6.49853e-06
-6.46483e-06
-5.79488e-06
3.16826e-06
6.4872e-06
5.74531e-09
-6.49535e-06
6.49395e-06
1.67688e-08
-6.06976e-06
6.09737e-08
6.00879e-06
1.01541e-08
-6.43664e-06
6.48111e-06
-6.4743e-06
-6.81293e-09
-2.05148e-07
6.5195e-06
-6.31435e-06
-9.70909e-09
-1.33246e-06
6.10095e-06
-4.76849e-06
-4.88326e-06
-5.41684e-06
6.4852e-06
-3.57965e-09
5.69003e-08
6.46197e-06
6.32265e-06
6.5464e-06
-6.54141e-06
-4.98623e-09
-1.43447e-10
-4.91439e-06
4.91454e-06
-6.48892e-06
6.48452e-06
4.40278e-09
1.31076e-07
-4.88656e-06
4.75548e-06
6.4975e-06
-6.49479e-06
-2.71297e-09
-5.03103e-06
5.00638e-06
6.47839e-06
-6.4734e-06
-4.98612e-09
1.81723e-08
6.47571e-06
-7.04388e-08
6.51289e-06
-6.4931e-06
6.78807e-08
-4.78971e-06
6.49274e-06
-6.49163e-06
-1.10988e-09
6.48958e-06
3.79147e-09
-6.49215e-06
6.45636e-06
1.37169e-08
-6.47008e-06
1.54699e-09
6.49358e-06
-6.47541e-06
-1.5412e-08
-4.91716e-06
4.93257e-06
3.4865e-06
-5.13044e-06
1.64394e-06
-1.09355e-06
-4.97621e-06
-4.76646e-06
-1.0727e-06
-4.18481e-06
-6.4856e-06
3.73622e-08
6.44824e-06
-4.94717e-06
4.91716e-06
3.00057e-08
-1.50542e-06
-3.98005e-06
-6.48227e-06
5.78703e-06
-6.46886e-06
6.48024e-06
-1.13841e-08
-5.40659e-06
5.37521e-07
4.86907e-06
5.1605e-06
-3.9656e-06
-1.19489e-06
-6.4915e-06
1.30022e-08
6.4785e-06
4.92491e-06
-4.8635e-06
1.35675e-08
6.46755e-06
-6.49221e-06
6.58869e-09
6.48657e-06
6.48566e-06
2.10884e-08
-1.07465e-09
-6.49046e-06
-2.09617e-08
-6.47318e-06
-6.47535e-06
4.91909e-06
-4.85811e-06
-2.75547e-08
1.38639e-06
4.29189e-06
-4.44383e-06
4.44383e-06
5.6285e-08
6.46344e-06
-7.35778e-06
-5.98624e-06
5.9861e-06
6.49444e-06
4.91553e-06
-4.88029e-06
-6.48443e-06
6.46347e-06
-5.48062e-06
5.61169e-06
6.47993e-06
-6.47427e-06
-5.65972e-09
7.83569e-09
6.48673e-06
-6.56254e-06
4.9382e-06
-4.95361e-06
-6.48262e-06
1.08457e-08
2.44111e-06
6.4985e-06
-6.4906e-06
-7.89482e-09
-6.49427e-06
6.48023e-06
-6.47483e-06
-5.40458e-09
-6.47913e-06
-6.46971e-09
6.46544e-06
-6.44564e-06
-4.95692e-06
5.95848e-06
6.47465e-06
-6.47252e-06
-2.13106e-09
-1.14213e-08
6.46778e-06
-4.94717e-06
4.2875e-06
-4.64681e-06
3.59307e-07
-7.97508e-06
7.97508e-06
6.49137e-06
6.49264e-06
-1.644e-08
1.0857e-08
-6.49085e-06
6.51332e-06
-2.24751e-08
6.47828e-06
-6.47286e-06
-5.4171e-09
-5.37594e-06
5.12036e-06
1.99673e-08
6.47492e-06
-6.49142e-06
1.75125e-08
6.47391e-06
-6.47244e-06
6.48643e-06
-6.47774e-06
-4.97103e-06
-6.48604e-06
2.1639e-08
6.4644e-06
-4.97836e-06
-1.39804e-08
4.85882e-06
-4.8958e-06
3.69866e-08
6.46978e-06
-6.47524e-06
5.45313e-09
1.19684e-07
-6.48594e-06
6.47519e-06
1.07439e-08
6.48166e-06
-4.75239e-06
-4.71884e-06
-7.94633e-08
6.49013e-06
-6.49013e-06
-3.32528e-08
4.9306e-06
-6.48657e-06
6.47707e-06
-6.47166e-06
-5.40537e-09
6.48919e-06
-3.61274e-08
-6.48096e-06
-4.82447e-06
-6.01556e-07
-4.94581e-06
3.87717e-06
-4.33057e-06
4.53399e-07
-9.71171e-07
-4.18709e-06
5.15826e-06
6.4652e-06
-6.44809e-06
4.18932e-06
-4.88881e-06
-1.39497e-08
-6.47755e-06
6.48055e-06
-6.47518e-06
-5.37489e-09
4.97872e-06
-5.00331e-06
-1.36988e-06
-9.03802e-07
2.27368e-06
-5.1647e-06
5.20794e-06
4.9967e-06
-4.9306e-06
-1.96038e-08
-4.84546e-06
4.86506e-06
-2.28517e-08
-4.80861e-06
4.83146e-06
1.62513e-08
-5.03812e-06
5.02187e-06
4.60833e-08
-5.05843e-06
5.01234e-06
2.32837e-08
-4.95713e-06
4.93385e-06
-9.68862e-09
-4.85144e-06
4.86113e-06
-1.13258e-08
-4.84739e-06
4.85872e-06
2.91862e-06
-1.96645e-06
-9.5217e-07
4.30419e-06
3.15359e-08
6.46699e-06
4.74522e-06
-4.77171e-06
2.64931e-08
1.52406e-08
-6.478e-06
6.46276e-06
6.49475e-06
-6.49475e-06
6.40874e-06
-1.59875e-09
-6.40715e-06
-2.15437e-08
-6.46289e-06
6.4766e-06
-6.47096e-06
-5.63797e-09
-4.02534e-06
-5.28558e-06
-1.2101e-07
4.2442e-06
8.23774e-07
6.48955e-06
-6.48085e-06
-8.69463e-09
-4.93993e-06
5.13274e-06
2.14739e-08
6.4721e-06
-3.56021e-06
-2.23467e-06
4.77227e-08
4.65015e-06
-4.69787e-06
-3.32037e-06
-5.61483e-07
-1.11404e-06
-6.90175e-07
1.80421e-06
4.87215e-06
4.87293e-06
5.08604e-06
5.08612e-06
5.05078e-06
4.98627e-06
-2.26937e-08
-4.88561e-06
4.9083e-06
4.88807e-06
-6.22886e-09
-1.92563e-06
6.47868e-06
-6.46344e-06
-1.59938e-07
5.211e-06
-6.49838e-06
-4.43665e-06
5.48432e-06
6.40012e-06
5.65682e-09
-6.40578e-06
6.50326e-06
-1.31304e-08
-6.4893e-06
2.32514e-08
6.46605e-06
-4.89419e-06
-4.90668e-06
4.90615e-06
-4.92884e-06
-4.46541e-06
5.39519e-06
-9.29778e-07
-1.15801e-08
-6.47446e-06
3.38207e-06
-4.21946e-06
1.06987e-08
-6.485e-06
-6.47737e-06
-1.72323e-06
-2.52931e-06
-6.46576e-06
-1.22403e-08
4.96435e-06
1.54874e-06
3.77409e-06
6.47033e-06
-6.46534e-06
-4.98278e-09
4.93293e-06
-3.26753e-06
-1.6654e-06
-2.3484e-06
1.23436e-06
-2.72169e-06
5.88995e-06
-2.36034e-06
4.90693e-06
-2.54659e-06
1.97791e-09
6.48618e-06
-6.44186e-06
6.47483e-06
-6.47861e-06
3.78132e-09
-3.66751e-06
1.56457e-06
2.10294e-06
-2.16549e-08
-4.88417e-06
4.90583e-06
6.78238e-06
-3.00349e-06
-3.77889e-06
4.84508e-09
6.4039e-06
-1.40956e-06
-2.25795e-06
-4.73218e-06
4.77991e-06
4.03657e-06
2.67626e-07
-4.70856e-06
-9.94637e-09
-4.89108e-06
4.90103e-06
5.05289e-06
-4.89618e-06
-3.00875e-06
-1.14026e-06
4.149e-06
-6.46493e-06
6.46681e-06
-1.88008e-09
-4.78041e-06
4.84829e-06
6.47211e-06
-6.47631e-06
-4.32672e-06
-1.17106e-07
-6.52018e-06
6.49551e-06
-3.37601e-06
4.89089e-09
6.47535e-06
5.64855e-06
-3.1218e-06
-2.52675e-06
4.78216e-06
-9.04991e-07
5.34116e-06
-6.91012e-07
4.89828e-06
-4.91993e-06
6.46327e-06
-6.4636e-06
3.26152e-10
4.904e-06
-4.91395e-06
5.94513e-09
-6.45998e-06
6.45404e-06
-2.72526e-06
-6.50752e-07
1.14031e-08
-4.96833e-06
-6.4782e-06
9.14698e-09
4.32672e-06
-4.57916e-06
2.52432e-07
-7.03192e-07
5.29163e-06
-2.57542e-08
-4.79871e-06
4.86867e-06
5.04182e-08
6.47045e-06
-6.46624e-06
-4.21126e-09
7.82358e-09
6.47984e-06
3.28821e-06
-4.89204e-06
4.90345e-06
3.1837e-06
-1.85194e-08
-6.47078e-06
-2.47203e-06
-1.89105e-06
4.36308e-06
-4.67577e-06
-4.30749e-08
4.40797e-06
-3.97433e-06
-4.33642e-07
-8.79941e-07
5.12416e-06
-4.24422e-06
6.47463e-06
-6.46963e-06
-4.99568e-09
8.65008e-09
6.47128e-06
4.3595e-08
4.93404e-06
-4.97763e-06
4.23681e-09
-6.47851e-06
-4.84459e-06
4.8605e-06
6.47228e-06
-6.47948e-06
7.20628e-09
6.50326e-06
-2.72866e-08
-4.52799e-06
-1.98461e-07
4.72645e-06
-6.51584e-06
-2.44919e-09
6.45327e-08
-4.96656e-06
-6.64229e-06
6.46964e-06
-6.46369e-06
-4.15467e-06
8.88476e-09
-1.56376e-08
-6.46755e-06
6.47077e-06
7.5122e-09
-6.74656e-06
1.05351e-09
-6.47392e-06
-2.94003e-07
-3.64054e-06
1.35515e-06
-6.48776e-06
6.48776e-06
-4.08918e-06
4.99025e-06
-9.01076e-07
6.50025e-06
-3.87733e-06
4.83296e-06
-9.55627e-07
-4.17962e-06
5.05923e-06
-8.7961e-07
-4.856e-06
-7.12984e-08
5.00332e-06
-4.93203e-06
-4.2224e-06
4.09615e-06
-1.07284e-06
6.47934e-06
-6.48786e-06
8.52567e-09
6.47825e-06
-6.48678e-06
8.52409e-09
6.47381e-06
-6.48298e-06
9.16481e-09
-7.06351e-09
-6.47887e-06
-3.89118e-06
4.9125e-06
-1.02131e-06
6.47582e-06
-6.47085e-06
-4.97119e-09
6.47404e-06
9.15654e-07
-5.18758e-06
6.4702e-06
6.87037e-09
-6.47319e-06
1.52245e-09
1.51864e-06
6.47289e-06
-6.47829e-06
5.40211e-09
1.33463e-07
4.86324e-06
-4.9967e-06
-4.75744e-06
-2.29756e-08
4.78041e-06
-6.48685e-06
-6.47274e-06
6.46437e-06
8.36096e-09
4.93288e-06
-4.86834e-06
-6.47753e-06
6.46947e-06
8.06058e-09
-4.79285e-06
4.5967e-06
1.96153e-07
-6.47828e-06
6.47044e-06
7.84074e-09
6.48851e-06
-6.4806e-06
-7.91405e-09
-4.8539e-06
4.89749e-06
-5.23699e-06
-2.82247e-06
-5.31659e-06
-1.10241e-06
5.34323e-06
-4.24082e-06
6.46444e-06
-1.7982e-08
-6.45542e-06
-4.88656e-06
5.28317e-09
-6.48062e-06
6.47533e-06
-5.18005e-06
4.92614e-06
1.02832e-08
6.48246e-06
6.46864e-06
7.95504e-09
-6.47264e-06
1.67909e-09
-5.10681e-07
-1.83772e-06
-4.94858e-06
4.87728e-06
-5.15021e-06
8.94452e-07
4.25576e-06
-1.73148e-06
-1.90906e-06
-4.91439e-06
5.13416e-06
7.94052e-07
1.62843e-09
6.46653e-06
-6.46816e-06
4.87378e-06
-4.89953e-06
-6.48381e-06
6.51451e-06
-6.49635e-06
-1.62255e-06
-1.36643e-06
2.98898e-06
-4.61458e-06
-1.75125e-07
-6.51846e-06
1.039e-08
-1.68764e-07
-4.89254e-06
4.88417e-06
8.37212e-09
5.36245e-06
-5.13871e-07
6.47647e-06
-6.47057e-06
-5.896e-09
6.46792e-06
2.40966e-09
-6.47176e-06
6.41351e-09
6.4728e-06
-6.47495e-06
2.14309e-09
-5.6721e-09
3.03642e-09
-6.49939e-06
-4.77991e-06
-1.03357e-07
1.85062e-07
-5.36279e-06
-3.39275e-08
6.4972e-06
-6.5637e-06
-1.93664e-09
-6.45805e-06
-5.29647e-06
5.13654e-06
6.14942e-10
4.7446e-06
-4.89504e-06
4.89108e-06
3.95184e-09
-4.21778e-06
-8.74604e-07
4.95089e-06
4.64782e-06
-4.84628e-06
6.47077e-06
-6.46956e-06
-5.01048e-06
4.90012e-06
-4.35074e-06
-2.29156e-06
6.46865e-06
-4.16062e-09
-6.47067e-06
5.92597e-06
-4.93451e-06
6.55081e-07
4.27943e-06
1.0178e-06
-4.9521e-06
7.75782e-07
6.39123e-08
8.42326e-07
-5.13891e-06
4.29658e-06
9.80641e-07
-6.04129e-06
5.06065e-06
6.46903e-06
5.59766e-09
-6.23309e-09
-6.47043e-06
8.04383e-07
-5.07379e-06
4.26941e-06
-6.4715e-06
1.86683e-09
6.88904e-08
4.82711e-06
-5.50219e-06
-5.43657e-06
7.60802e-07
-4.47234e-06
4.88561e-06
-4.90176e-06
1.61565e-08
-2.07736e-08
-6.46736e-06
2.26224e-08
6.45606e-06
-3.77751e-06
-3.60714e-06
4.91483e-06
-4.91483e-06
-4.75744e-06
-4.63756e-06
-4.93993e-06
-6.43692e-06
-1.4717e-08
6.45164e-06
-4.50215e-06
-4.43386e-07
9.13866e-07
4.26185e-06
-5.17572e-06
9.66933e-07
4.05122e-06
-5.01815e-06
8.87591e-07
-5.27011e-06
4.38252e-06
4.73762e-06
5.13705e-06
-4.22139e-06
5.12036e-06
5.37653e-06
-4.73462e-06
4.76336e-06
-4.93212e-06
6.47554e-06
-6.4705e-06
-5.04341e-09
-6.26711e-06
-4.89907e-06
6.46807e-06
7.7541e-09
-6.47162e-06
7.69855e-10
6.46801e-06
-2.8646e-07
6.46943e-06
-6.47606e-06
6.63205e-09
6.48048e-06
-6.45376e-06
1.06981e-07
-4.01507e-06
3.90808e-06
4.95488e-09
4.97377e-06
4.73549e-08
5.32918e-06
5.49592e-06
-4.67415e-06
-3.91996e-06
-1.01455e-06
3.27787e-07
4.45437e-06
-5.01225e-06
-6.47392e-06
6.47474e-06
-8.20939e-10
5.03103e-06
-5.13654e-06
1.05506e-07
-5.12737e-06
9.09591e-07
-7.01237e-06
9.75427e-07
6.03694e-06
6.47716e-06
3.0991e-06
4.31838e-06
6.48152e-06
-6.48152e-06
-2.25791e-06
8.14513e-09
4.86324e-06
-4.95637e-06
2.19347e-08
4.93443e-06
-6.47085e-06
-6.47984e-06
6.46804e-06
8.42867e-09
-6.47073e-06
1.58922e-10
6.46203e-06
-1.46315e-10
-6.47503e-06
-5.05653e-06
4.60549e-08
5.04076e-06
-4.23638e-06
-3.86552e-06
4.74442e-06
-6.48855e-06
5.25326e-06
-4.23546e-06
5.06213e-06
-4.2198e-06
5.20389e-06
-4.22325e-06
-6.84359e-09
6.47203e-06
-6.49791e-06
4.94405e-06
-4.87516e-06
-4.75983e-06
4.76045e-06
-6.45728e-06
-3.00811e-09
6.46029e-06
1.06735e-06
4.91875e-06
-1.3177e-08
-6.46749e-06
8.57723e-08
4.82976e-06
-3.11331e-06
2.38378e-06
7.29534e-07
-4.89254e-06
5.0887e-06
-4.17484e-06
5.12445e-06
-4.15751e-06
5.13041e-06
-4.24281e-06
4.90826e-06
5.94729e-08
-5.49604e-06
6.55839e-06
-6.28783e-06
-7.2454e-07
4.9198e-06
-4.9198e-06
4.34423e-06
-6.58306e-07
-3.01415e-06
2.3634e-06
4.26872e-06
8.55439e-07
6.46923e-06
6.31179e-09
6.5325e-06
-6.48809e-06
-4.44043e-08
-6.47118e-06
6.79554e-10
-6.47557e-06
6.46723e-06
-6.4725e-06
5.27347e-09
-4.90678e-06
6.13212e-08
-4.89771e-06
8.90967e-08
-4.90711e-06
-1.31012e-07
-4.86631e-06
-1.92122e-07
-5.05307e-06
9.59436e-08
-4.98011e-06
1.28667e-07
-4.96963e-06
1.22241e-07
-8.90855e-09
6.46511e-06
-6.45621e-06
-6.47581e-06
1.02996e-08
-1.40345e-08
6.51729e-06
6.46777e-06
-6.47557e-06
7.8033e-09
-5.89375e-06
1.1273e-06
-2.42317e-09
4.13827e-06
1.68451e-07
-5.21196e-06
5.04351e-06
-5.64451e-06
3.58927e-07
6.47906e-06
-6.47372e-06
-4.37458e-06
4.64221e-06
4.67541e-09
-6.47859e-06
6.46027e-06
9.36813e-09
4.90484e-06
-4.90484e-06
-4.73218e-06
3.03986e-06
4.38661e-06
1.16111e-09
-6.46476e-06
-4.89504e-06
-2.8731e-08
-3.14896e-06
1.16934e-05
-8.54447e-06
-3.82597e-06
-4.7591e-06
8.58507e-06
-6.46409e-06
6.46407e-06
2.21695e-11
4.92082e-06
-4.91586e-06
4.7716e-06
-4.72424e-06
-4.90103e-06
4.90154e-06
-5.09686e-10
4.50782e-06
-4.40084e-06
1.66777e-06
-1.59561e-06
-7.2162e-08
-5.29778e-06
4.17484e-07
-9.06006e-07
4.8364e-06
-4.28432e-07
1.18689e-09
-5.64569e-06
6.46339e-06
1.83734e-09
-6.46808e-06
5.00866e-06
5.05585e-06
4.8999e-06
-3.48321e-06
3.0526e-06
-4.459e-06
6.47333e-06
-6.47083e-06
-9.06237e-07
-4.22113e-06
-1.60218e-08
-6.65398e-06
7.62941e-06
4.11353e-06
8.97688e-07
-5.01121e-06
-8.38595e-06
6.47896e-06
4.89751e-06
-4.7682e-06
-6.46004e-06
-6.46523e-06
6.47369e-06
-8.45657e-09
5.13274e-06
4.56331e-06
-4.65656e-06
-4.20331e-06
4.93704e-06
-7.33735e-07
-2.96636e-08
6.42978e-06
6.46687e-06
-6.47203e-06
5.16e-09
-1.2896e-08
-5.28936e-06
5.36968e-07
-4.86511e-06
-3.06929e-08
-3.15404e-09
-2.63717e-09
-2.42066e-09
-2.43847e-09
-3.11592e-09
-3.58288e-09
-2.58792e-09
-2.6654e-09
-3.13551e-09
5.13456e-09
6.49511e-06
3.7382e-08
-5.00801e-06
6.21965e-08
-4.90176e-06
4.84628e-06
-4.97458e-06
-6.47203e-06
6.47055e-06
-1.57663e-08
6.46974e-06
4.49328e-06
8.49947e-07
-1.15029e-07
5.07216e-06
-3.81683e-06
-5.00638e-06
5.9216e-08
1.02003e-06
-6.12343e-06
7.14731e-07
-4.2662e-06
3.55147e-06
7.51442e-07
-5.00231e-06
4.25086e-06
7.18454e-07
-4.84253e-06
4.12407e-06
1.21913e-06
-5.83022e-06
6.00259e-07
-4.58117e-06
3.98091e-06
1.85546e-06
-5.2075e-06
3.32374e-08
-4.98159e-06
8.92419e-07
-1.48214e-09
6.48082e-06
-4.79568e-06
9.18343e-07
-1.95419e-09
6.48021e-06
-6.47259e-06
-5.05742e-06
8.77795e-07
-6.47363e-06
2.07666e-09
6.47174e-06
-6.47002e-06
8.90303e-07
-5.07739e-06
-4.86591e-06
-4.86073e-06
-4.86198e-06
-4.84521e-06
-4.95819e-06
-4.95433e-06
-4.91063e-06
5.58632e-06
-3.94237e-06
6.47441e-06
-6.47078e-06
4.89699e-06
1.2688e-06
-5.28875e-06
4.7766e-06
-4.77902e-06
-6.45973e-06
-1.04286e-06
4.8682e-06
-1.02873e-06
5.40034e-06
-5.59377e-08
-6.39135e-08
-7.70353e-08
-8.42228e-08
1.58224e-07
-5.21551e-06
1.41944e-07
-5.21816e-06
2.03018e-07
-5.30508e-06
-6.4559e-06
-6.45503e-06
1.26265e-10
6.46425e-06
6.52407e-09
6.46295e-06
-4.26079e-06
-4.93033e-06
2.60925e-08
-4.98686e-06
7.88077e-08
-5.00909e-06
7.84533e-08
-5.00182e-06
8.66035e-08
-5.03115e-06
6.42825e-08
-5.01409e-06
7.80686e-08
-5.03013e-06
5.19594e-08
4.94511e-06
1.30938e-07
-5.07605e-06
6.46437e-06
-6.46961e-06
1.09872e-08
6.45945e-06
-1.77907e-07
6.00318e-10
-5.00391e-06
-4.81569e-06
-6.4701e-06
4.87377e-09
6.4658e-06
7.88373e-09
1.37214e-08
4.91026e-06
-4.92398e-06
1.7032e-07
-1.70993e-07
4.76769e-06
5.95823e-06
2.52128e-10
-4.7583e-06
-1.34092e-08
-4.84094e-06
-6.90696e-08
4.91001e-06
5.49592e-06
-1.00725e-07
6.46015e-06
-6.48098e-06
2.08335e-08
9.77594e-07
-3.71845e-06
-9.92205e-07
-5.10955e-06
-5.14666e-06
9.07103e-07
-4.78252e-06
8.91337e-07
3.05957e-06
6.86984e-07
-5.53355e-06
-9.55727e-09
4.16754e-06
9.27167e-07
-5.09471e-06
-5.1199e-06
6.98699e-07
4.4212e-06
4.09953e-06
8.90726e-07
4.23015e-06
9.00254e-07
4.23365e-06
8.90799e-07
3.91978e-06
9.1318e-07
4.19542e-06
8.93287e-07
4.18583e-06
8.73399e-07
4.15664e-06
8.84113e-07
8.94147e-07
-5.13052e-06
-6.47646e-06
-4.15529e-09
-6.48093e-06
-9.91668e-09
-4.89824e-06
7.63596e-07
4.13464e-06
-4.15964e-06
-3.97818e-06
8.13782e-06
6.47161e-06
-5.80774e-09
-6.50226e-09
-6.46601e-06
6.47134e-06
-6.51198e-06
8.33631e-08
6.42861e-06
-4.06244e-06
-5.90985e-07
6.47448e-06
-6.46807e-06
4.68611e-07
-7.1226e-06
4.04779e-06
8.6471e-07
4.85874e-06
4.59805e-06
7.31122e-07
5.05957e-06
-7.90853e-07
1.48065e-07
-4.63375e-06
4.48569e-06
-4.954e-06
7.71403e-07
-5.05684e-06
4.28544e-06
-6.69612e-08
4.92292e-06
-9.14574e-08
4.88874e-06
1.33138e-07
4.89228e-06
1.20067e-07
4.8272e-06
1.06647e-07
4.9735e-06
-1.12368e-07
4.9657e-06
-1.06981e-07
4.92746e-06
1.65863e-08
4.78439e-06
-6.236e-09
-4.90186e-06
3.67504e-08
5.77183e-08
6.48294e-06
-6.4799e-06
-4.8971e-06
4.32003e-08
2.99553e-08
4.14969e-06
-5.00231e-06
8.52619e-07
-4.29062e-06
4.74402e-06
-9.83507e-09
-5.73051e-06
7.7414e-07
4.57825e-06
6.69002e-07
6.46525e-06
-6.47056e-06
5.31346e-09
-6.46914e-06
6.46914e-06
5.07739e-06
-9.63867e-07
-4.94901e-06
8.31014e-08
-4.96754e-06
1.06812e-07
-4.97073e-06
1.08755e-07
-4.9138e-06
6.85917e-08
-5.03778e-06
7.95846e-08
-5.04377e-06
8.94331e-08
-4.97942e-06
6.87934e-08
-4.91533e-06
4.6986e-08
-1.13515e-08
-6.48803e-06
2.38439e-08
6.46397e-06
7.64017e-09
-6.50213e-06
4.81426e-06
-4.71948e-06
3.64664e-06
-9.00773e-07
4.8558e-06
4.16891e-08
-4.43413e-06
4.25e-06
-4.81149e-06
6.47433e-06
4.50539e-06
-3.67121e-07
3.27257e-06
-4.38779e-06
-4.69402e-06
7.45483e-06
-6.98622e-06
4.2309e-06
-5.09417e-06
8.6327e-07
-5.06665e-06
8.91811e-07
6.4456e-06
-6.47526e-06
-5.04941e-06
8.91894e-07
-5.1477e-06
9.04883e-07
4.21125e-06
8.48318e-07
4.32062e-06
8.83273e-07
4.17847e-06
8.8366e-07
4.35365e-06
8.99613e-07
4.2128e-06
9.4546e-07
-7.1732e-06
6.47584e-06
-6.4681e-06
-6.32834e-07
4.91538e-06
6.46918e-06
-6.47055e-06
-2.10629e-06
4.66273e-09
-1.19444e-06
7.23138e-06
6.46087e-06
-6.46836e-06
7.49528e-09
-3.53161e-06
2.03978e-06
-4.59024e-06
-3.20415e-06
-1.15901e-07
6.56047e-06
9.12737e-07
-5.13387e-06
1.76308e-06
2.6e-06
5.05877e-06
-4.81009e-06
-6.46153e-06
6.45263e-06
6.46909e-06
-6.47009e-06
-2.84318e-08
-6.48221e-06
6.47654e-06
-4.98244e-06
6.46483e-06
-3.96503e-09
-7.91307e-07
-2.53921e-06
-3.58422e-06
4.72892e-06
-4.96603e-06
-4.39207e-09
-4.60705e-06
6.4694e-06
-6.45295e-06
-4.89204e-06
3.85417e-06
3.51174e-06
-4.76336e-06
4.59236e-06
4.9037e-06
-4.90345e-06
4.60038e-06
-4.59236e-06
-8.01997e-09
-4.77324e-06
4.75983e-06
4.69138e-06
-4.76045e-06
4.91526e-06
-4.90154e-06
-4.55392e-06
4.72424e-06
-4.91526e-06
4.91586e-06
-4.74935e-06
4.40084e-06
3.48509e-07
-4.84184e-06
-6.54201e-07
6.46362e-06
-6.46872e-06
5.10687e-09
4.22697e-06
9.10073e-07
1.24494e-08
-6.00893e-07
2.69728e-06
6.47543e-06
-6.46791e-06
-7.51426e-09
9.19317e-09
-6.49013e-06
-7.28315e-10
6.47912e-06
-6.47839e-06
6.46426e-06
-4.78933e-06
-5.61607e-06
5.61726e-06
-6.47801e-06
1.45803e-08
-5.15833e-06
1.16607e-06
4.99705e-06
-5.07651e-06
6.46869e-06
6.57719e-06
-6.43561e-06
-1.41575e-07
6.46764e-06
-6.46643e-06
-5.33259e-06
-3.97917e-07
-6.48792e-06
-4.69347e-06
-4.72593e-06
3.19054e-08
-7.46027e-07
4.79898e-06
6.96934e-07
6.45479e-06
-8.70941e-07
6.46817e-06
-1.63588e-09
-6.23393e-06
-8.30015e-09
6.50381e-06
4.7766e-06
4.9083e-06
4.72892e-06
4.91454e-06
4.7716e-06
4.84829e-06
-4.77902e-06
-4.55392e-06
4.93257e-06
4.92082e-06
5.05877e-06
-4.74935e-06
4.90583e-06
4.64782e-06
-4.93212e-06
4.50782e-06
4.52637e-06
4.60038e-06
-4.89953e-06
4.69138e-06
4.9037e-06
4.01869e-06
-4.01869e-06
4.91606e-06
-6.48387e-06
-5.09833e-06
5.12026e-06
-4.22325e-06
5.13599e-06
6.46097e-06
-6.46863e-06
7.66349e-09
-2.05069e-07
-6.37693e-09
-4.99446e-06
1.20208e-08
-5.01553e-07
4.89383e-06
6.00923e-09
-6.42112e-06
6.41511e-06
5.98961e-09
1.41586e-08
-6.39804e-06
2.81128e-09
6.39522e-06
2.89126e-07
-6.66858e-06
6.37945e-06
6.45648e-06
8.6195e-09
-6.4651e-06
6.45592e-06
8.91424e-09
-4.63026e-06
4.22734e-06
8.50057e-07
-6.43021e-06
-3.70965e-08
6.46731e-06
6.5059e-06
1.36329e-08
6.41847e-06
1.58715e-07
6.46541e-06
-6.46281e-06
-6.46918e-06
6.45961e-06
6.45432e-09
3.08221e-07
-5.92429e-06
-7.33516e-09
5.10749e-06
-4.18032e-06
4.96559e-06
-4.89741e-06
-6.81799e-08
5.88654e-06
-3.9608e-06
-1.92574e-06
5.58198e-06
-4.88328e-06
5.12323e-06
-4.23251e-06
5.12263e-06
-4.23022e-06
5.12831e-06
-4.22805e-06
5.12699e-06
-4.23619e-06
5.03297e-06
-4.11979e-06
5.03882e-06
-4.12047e-06
-5.22529e-07
-6.60007e-06
5.10466e-06
-4.21138e-06
5.10167e-06
-4.22827e-06
5.10949e-06
-4.2317e-06
5.11455e-06
-4.23044e-06
5.11957e-06
-4.22542e-06
-2.86399e-09
4.12744e-09
-6.42456e-06
6.42043e-06
-1.51152e-08
6.74975e-06
-1.26579e-07
-6.62317e-06
5.0619e-06
-4.11644e-06
5.1303e-06
-4.22542e-06
6.4838e-06
5.88675e-06
-4.11635e-06
-1.7704e-06
5.12867e-06
-4.23677e-06
5.10384e-06
-4.21203e-06
4.98138e-06
-4.21778e-06
5.12781e-06
-4.23335e-06
5.00558e-06
5.08787e-06
-4.23955e-06
6.4653e-06
-8.81363e-09
-5.2378e-06
4.47647e-06
7.61328e-07
-5.90365e-06
4.23603e-06
6.39538e-09
6.46061e-06
-6.4658e-06
5.18491e-09
7.45483e-06
-8.86555e-08
6.58377e-06
5.1043e-06
-4.23959e-06
-6.39136e-06
6.42547e-06
-1.21033e-08
-3.36473e-08
-6.48047e-06
5.74819e-10
-5.25948e-09
-6.5474e-06
6.83653e-06
-4.66194e-06
-4.81009e-06
-4.86942e-06
4.80625e-06
4.87541e-06
-6.01859e-06
6.85997e-07
5.12617e-06
-4.23484e-06
1.57565e-08
-8.74765e-07
-6.44975e-06
-4.12883e-09
6.45388e-06
3.69901e-07
-4.96603e-06
-4.91349e-06
4.9378e-06
-2.43101e-08
5.71714e-06
-4.85378e-06
-1.14548e-07
-6.81036e-06
5.19499e-06
-5.8818e-07
5.00301e-06
6.4643e-06
-6.4603e-06
6.46789e-06
6.46406e-06
-6.46241e-06
-4.86473e-06
4.85535e-06
9.37609e-09
-4.61221e-06
-2.53443e-08
5.24389e-06
-4.39127e-06
5.0147e-06
1.07918e-08
-4.22379e-06
5.25388e-06
-4.36358e-06
-4.5498e-06
5.13918e-06
-4.23957e-06
5.13204e-06
-4.24838e-06
5.10235e-06
-4.21908e-06
5.13709e-06
-4.31332e-06
-4.91424e-06
4.98791e-06
-7.36766e-08
4.44122e-08
-1.13811e-09
4.72163e-06
-9.16559e-08
5.18121e-06
-4.31794e-06
5.10019e-06
-4.24475e-06
-6.45832e-06
6.46694e-06
-6.4972e-06
6.50482e-06
1.07582e-08
8.63194e-06
-7.63728e-06
4.78473e-06
-4.59967e-06
5.33177e-06
-5.39873e-06
4.80847e-06
-4.74715e-06
4.88585e-06
-4.80275e-06
5.28059e-06
-5.37205e-06
4.6262e-06
-4.5371e-06
4.85421e-06
-4.7474e-06
5.11859e-06
-4.98545e-06
5.8514e-06
-5.98241e-06
4.87319e-06
-4.76444e-06
5.12911e-06
-5.00905e-06
5.81032e-06
-6.00244e-06
4.63007e-06
-4.56147e-06
4.7123e-06
-4.60565e-06
4.98751e-06
-4.89156e-06
5.23861e-06
-5.15902e-06
5.63529e-06
-5.74766e-06
4.81778e-06
-4.68911e-06
5.22211e-06
-5.13268e-06
5.60892e-06
-5.7159e-06
4.80283e-06
-4.68059e-06
5.14938e-06
-5.08058e-06
5.22439e-06
-5.20781e-06
5.05681e-06
-4.99909e-06
5.11197e-06
-5.06499e-06
5.16807e-06
-5.1743e-06
4.99676e-06
-4.98205e-06
4.90399e-06
-4.867e-06
4.89693e-06
-4.86018e-06
-9.18261e-09
4.89397e-06
-4.85228e-06
-6.46115e-06
-5.43314e-10
4.89218e-06
-4.84898e-06
6.46584e-06
-6.45926e-06
4.89071e-06
-4.84029e-06
4.88043e-06
-4.85047e-06
6.74975e-06
7.83095e-09
4.88176e-06
-4.85563e-06
-6.45523e-06
-2.57515e-08
-6.46176e-06
6.46176e-06
-6.49322e-06
3.79873e-08
-4.90626e-06
4.89072e-06
-4.84692e-06
6.46523e-06
-5.71037e-06
-2.50105e-07
6.8892e-09
6.46064e-06
-6.45949e-06
-6.67398e-06
6.55467e-06
-6.51729e-06
-6.40386e-06
-8.93521e-08
5.21934e-06
4.88454e-06
-4.8607e-06
1.79699e-08
-3.62938e-08
-3.09149e-08
5.1566e-06
-4.30665e-06
3.08086e-08
-6.45816e-06
6.46566e-06
5.26255e-06
-4.37705e-06
4.86507e-06
-4.87508e-06
6.47937e-06
-6.48208e-06
-6.53977e-06
-1.84618e-06
-6.45961e-06
6.45928e-06
-6.98622e-06
6.48589e-06
4.66656e-06
8.2936e-07
-6.59674e-06
6.65146e-06
1.92236e-06
3.16516e-06
7.63728e-06
-7.03424e-06
6.55467e-06
5.65666e-09
3.89342e-09
-6.48597e-06
1.54538e-08
6.47058e-06
6.45524e-06
9.87139e-09
-6.65146e-06
6.82383e-06
-4.59705e-09
6.45655e-06
8.74504e-09
4.89351e-06
-4.86497e-06
-4.30905e-07
-6.59674e-06
3.00149e-09
-6.41165e-06
6.40865e-06
6.57269e-06
-6.5029e-06
-6.52427e-06
-6.57269e-06
5.14537e-06
-4.23259e-06
6.48949e-06
-2.40205e-08
-1.07374e-08
6.50023e-06
-6.49426e-06
8.48652e-07
-6.47765e-06
6.47662e-06
6.82383e-06
7.03424e-06
6.47765e-06
-6.48718e-06
-6.51527e-06
-2.10968e-08
3.64776e-08
-6.46669e-06
-6.50079e-06
6.47808e-06
6.47662e-06
-6.47802e-06
-6.50974e-06
6.5029e-06
-6.45846e-06
6.46635e-06
6.45876e-06
6.50974e-06
6.48759e-06
-6.48718e-06
-6.50828e-06
-3.78502e-08
6.5305e-06
-6.46287e-06
6.46635e-06
5.79847e-09
-6.47215e-06
8.01605e-09
6.47957e-06
6.4958e-06
-1.33454e-08
-6.5305e-06
6.50828e-06
6.46482e-06
1.5295e-09
6.48372e-06
6.47083e-06
-6.46287e-06
-6.50072e-06
1.05407e-08
-6.46675e-06
8.05276e-09
-6.46637e-06
-6.52551e-06
6.47439e-06
-8.32052e-09
6.42637e-06
-6.41805e-06
6.46956e-06
1.26606e-09
6.46275e-06
7.90609e-09
-6.46607e-06
6.46623e-06
-3.47563e-09
7.37658e-09
-4.47502e-09
6.46823e-06
-6.46376e-06
6.46628e-06
-5.2989e-11
-6.46488e-06
6.45642e-06
6.45893e-06
-6.46241e-06
8.97175e-09
-5.98786e-10
6.41683e-06
-6.41623e-06
6.4691e-06
-6.47566e-06
-2.72601e-09
6.469e-06
-6.46638e-06
6.4635e-06
-9.48337e-09
6.46314e-06
-6.45366e-06
-6.47292e-06
-6.45757e-06
6.46222e-06
-4.6526e-09
6.46996e-06
1.01905e-08
5.63914e-09
6.47309e-06
-3.13263e-09
6.46171e-06
-6.48025e-06
6.48058e-06
-6.45707e-06
6.4622e-06
6.46037e-06
-6.46608e-06
8.51093e-09
6.45931e-06
-6.45888e-06
6.45931e-06
-6.45534e-06
6.47084e-06
8.56386e-09
6.45357e-06
-6.45861e-06
-4.83993e-09
6.46655e-06
-6.466e-06
6.47003e-06
-3.50059e-09
6.45515e-06
-6.45828e-06
6.46339e-06
-6.45886e-06
6.45886e-06
-6.45903e-06
4.11333e-09
6.45463e-06
-6.46053e-06
7.92492e-09
-2.55657e-09
6.46726e-06
-3.86848e-09
6.45706e-06
-6.45972e-06
8.35287e-09
6.45635e-06
-6.46132e-06
6.4616e-06
-3.46251e-09
6.4579e-06
-6.46049e-06
6.46616e-06
-3.65235e-09
1.41782e-08
6.45685e-06
-6.46185e-06
6.46555e-06
-3.94984e-09
6.45856e-06
-6.46214e-06
6.47001e-06
-3.46851e-09
-3.3689e-09
6.46292e-06
6.45843e-06
-6.46341e-06
-6.46606e-06
6.46272e-06
6.46044e-06
-6.46355e-06
-3.42168e-09
-3.63714e-09
5.60939e-09
6.4596e-06
-6.46521e-06
1.77424e-08
6.46207e-06
-6.46771e-06
6.46667e-06
-3.75124e-09
6.46125e-06
-6.46449e-06
6.46205e-06
1.37328e-08
-6.4659e-06
6.4605e-06
-3.2939e-09
-3.70891e-09
-6.46519e-06
6.46277e-06
-6.45276e-06
6.45276e-06
-6.45464e-06
-4.56113e-11
6.46636e-06
-6.46631e-06
-3.94076e-09
1.82698e-08
-2.97614e-09
-1.4797e-09
6.45897e-06
-8.62687e-12
-3.13377e-09
-3.99373e-09
-5.65636e-09
-1.64265e-08
6.46551e-06
-6.44909e-06
-6.49876e-06
-6.44533e-06
6.44533e-06
-6.44834e-06
-6.46299e-06
6.46134e-06
1.64812e-09
1.98763e-08
-8.72161e-10
-6.47082e-06
7.83057e-09
6.43789e-06
-6.44202e-06
6.43789e-06
1.22532e-08
-6.46807e-06
3.66138e-09
1.01838e-08
6.45213e-06
-6.4479e-06
-4.23444e-09
6.45213e-06
-6.45128e-06
6.45393e-06
-2.6424e-09
6.45128e-06
8.46459e-10
-6.4479e-06
-6.44941e-06
1.51409e-09
6.47111e-06
-6.45978e-06
6.47111e-06
-8.54447e-06
6.4774e-06
-6.46016e-06
-6.45963e-06
6.45963e-06
6.52428e-06
-6.46154e-06
6.4774e-06
6.52428e-06
-6.45865e-06
6.45865e-06
6.45907e-06
-6.45907e-06
6.46154e-06
-6.56158e-06
-6.46142e-06
6.45952e-06
-6.45952e-06
-6.45877e-06
6.45877e-06
-6.44202e-06
6.4015e-06
-6.4015e-06
6.45393e-06
6.45158e-06
-6.45158e-06
6.45928e-06
6.45996e-06
-6.45996e-06
-6.51418e-06
-6.45898e-06
6.45898e-06
-6.50072e-06
-6.45903e-06
-6.44834e-06
-6.45464e-06
6.44471e-06
-6.44471e-06
6.46926e-06
-6.46926e-06
-6.45902e-06
6.45902e-06
-6.45874e-06
6.45874e-06
-6.62317e-06
-6.49791e-06
-6.45891e-06
6.45891e-06
-6.44941e-06
-6.46016e-06
6.45978e-06
-6.47055e-06
-6.45888e-06
6.45865e-06
-6.45865e-06
-6.45812e-06
6.45812e-06
6.4771e-06
-6.46656e-06
-6.4771e-06
6.46656e-06
-6.47055e-06
-6.84001e-09
1.119e-08
-6.46495e-06
-6.46032e-06
6.46885e-06
-5.89295e-09
6.48087e-06
-6.50041e-09
-6.47437e-06
-6.46001e-06
6.47019e-06
6.47403e-06
6.48522e-06
-6.46845e-06
8.12096e-09
6.47959e-06
8.84003e-09
-6.45204e-06
6.46121e-06
6.48505e-06
1.81481e-08
6.47915e-06
5.12952e-09
-4.95967e-09
-6.44327e-06
6.44693e-06
6.48428e-06
6.47902e-06
-6.44145e-06
6.44928e-06
1.79409e-08
6.48342e-06
6.47846e-06
-5.4818e-09
6.42361e-06
-6.41813e-06
6.47701e-06
1.4536e-09
9.93644e-09
-6.48365e-06
6.47188e-06
-6.44806e-06
6.46031e-06
-8.85929e-10
1.22276e-09
6.48182e-06
-6.44153e-06
6.46141e-06
6.48093e-06
-6.45637e-06
6.46169e-06
1.87793e-08
8.23028e-09
6.48471e-06
-5.03879e-09
6.43361e-06
-6.42857e-06
6.49048e-06
6.49871e-06
-6.46226e-06
6.45913e-06
6.47441e-06
-1.8717e-08
6.47891e-06
-6.46162e-06
6.46075e-06
6.48162e-06
6.84849e-11
2.55048e-09
-6.4437e-06
6.46197e-06
6.4629e-06
-6.45654e-06
6.46263e-06
1.70462e-08
6.46545e-06
-5.43561e-09
6.44241e-06
-6.43697e-06
-6.4631e-06
6.45744e-06
6.47343e-06
-7.98517e-09
-1.6805e-08
6.47683e-06
6.33684e-09
6.47884e-06
6.47216e-06
-6.46134e-06
6.46133e-06
6.4785e-06
1.29462e-09
6.4617e-06
-6.44525e-06
6.46299e-06
-6.46312e-06
6.46015e-06
6.46384e-06
-6.45536e-06
6.46535e-06
1.60764e-08
6.37666e-09
-7.63246e-09
6.45331e-06
-6.44568e-06
6.47025e-06
-6.4088e-09
6.47662e-06
-1.22133e-08
6.47073e-06
-6.46393e-06
6.46064e-06
-6.22823e-09
-6.45611e-06
6.46984e-06
6.47736e-06
9.24336e-09
5.74954e-09
6.46515e-06
-6.46346e-06
6.47316e-06
8.22876e-09
7.56588e-09
-6.46299e-06
6.4709e-06
-6.38001e-09
6.46232e-06
-6.45594e-06
6.45948e-06
-6.46481e-06
6.46139e-06
-6.46022e-06
-6.4684e-06
6.45442e-06
6.46475e-06
2.66504e-09
4.75374e-09
6.45596e-06
8.79001e-09
-6.44695e-06
6.46113e-06
-6.45273e-06
6.46109e-06
6.45862e-06
-7.4761e-09
6.46529e-06
-6.45782e-06
6.46619e-06
-6.45401e-06
6.46236e-06
-6.46541e-06
6.46194e-06
8.39977e-09
4.83076e-09
6.47135e-06
6.46636e-06
7.08112e-09
6.47119e-06
-6.45436e-06
6.46242e-06
6.46497e-06
-6.37491e-09
6.46928e-06
-6.4622e-06
6.47028e-06
-6.46579e-06
6.46233e-06
8.00128e-09
-6.45629e-06
6.46421e-06
5.10972e-09
6.46487e-06
-6.45802e-06
6.46587e-06
-6.04972e-09
6.13141e-09
6.46736e-06
-6.46122e-06
6.46998e-06
6.46361e-06
6.18649e-09
-6.45633e-06
6.46044e-06
-6.4651e-06
4.81127e-09
6.46872e-06
-6.46765e-06
-6.45385e-06
6.46236e-06
6.46334e-06
9.53786e-09
6.46815e-06
6.4621e-06
-6.47642e-06
6.47976e-06
-3.34109e-09
1.71533e-09
6.45892e-06
6.59575e-09
6.46501e-06
-6.45841e-06
6.46729e-06
-6.43373e-06
6.45221e-06
-1.8478e-08
6.46308e-06
-6.45369e-06
6.46226e-06
-2.62313e-09
8.66363e-09
6.45647e-06
-6.46457e-06
8.1036e-09
6.46479e-06
-6.45481e-06
6.465e-06
-6.46072e-06
6.4494e-06
1.13147e-08
6.46217e-06
-6.45903e-06
6.46684e-06
-6.50003e-06
6.49943e-06
7.44993e-09
-8.86094e-09
-6.42487e-06
6.46619e-06
-4.01982e-09
-5.9651e-09
-6.45644e-06
6.1944e-09
6.45618e-06
-6.46237e-06
6.46406e-06
-1.99487e-08
6.46415e-06
-8.90423e-09
6.47241e-06
-8.35111e-09
1.48852e-09
-6.46221e-06
6.46017e-06
-9.52496e-09
6.47229e-06
-6.45554e-06
-9.33738e-09
-6.45932e-06
6.46496e-06
-6.47879e-06
6.45527e-06
2.35199e-08
6.46636e-06
-6.46891e-06
6.45337e-06
1.55394e-08
-8.98213e-09
6.45839e-06
-6.46197e-06
6.45537e-06
6.59642e-09
-6.45941e-06
6.46839e-06
6.45684e-06
-5.59677e-09
6.46202e-06
-1.13383e-08
6.46538e-06
-5.54576e-09
6.45833e-06
-6.46047e-06
6.46814e-06
-6.02637e-09
6.45883e-06
-5.01893e-10
6.44985e-06
6.44791e-06
6.43575e-06
1.21594e-08
-6.46294e-06
6.47032e-06
6.42441e-06
-6.46242e-06
6.47034e-06
-7.92059e-09
-6.46176e-06
6.46335e-06
-1.58319e-09
-5.19293e-09
-6.48225e-06
6.47143e-06
1.08235e-08
6.44366e-06
-1.92477e-08
2.62641e-08
6.38228e-06
-6.40855e-06
-6.46481e-06
6.47271e-06
-6.45825e-06
6.44877e-06
9.4806e-09
-6.46873e-06
8.51021e-09
6.46428e-06
-6.48585e-06
2.15781e-08
6.43432e-06
-9.44149e-09
-6.45226e-06
6.4617e-06
6.52754e-06
5.53656e-09
-3.29207e-09
-6.45424e-06
6.45754e-06
6.46059e-06
-6.45882e-06
6.4547e-06
4.11472e-09
6.45499e-06
-6.47385e-06
6.46553e-06
-6.46483e-06
6.47303e-06
-8.19991e-09
6.45838e-06
-3.39331e-09
-7.27743e-09
-6.44862e-06
6.4559e-06
6.45596e-06
2.42526e-09
-6.4674e-06
6.47545e-06
-6.4671e-06
6.47604e-06
-8.93603e-09
-6.45953e-06
6.45015e-06
9.37901e-09
6.44868e-06
6.40548e-06
-2.31959e-08
-5.62823e-09
-2.03244e-08
6.44539e-06
6.45832e-06
-6.63534e-09
-6.46937e-06
6.47991e-06
6.40208e-06
6.43425e-06
1.11411e-08
-4.65354e-08
-6.44462e-06
-4.78552e-09
-6.44462e-06
-6.41849e-06
6.41849e-06
-1.69859e-08
6.42638e-06
7.87073e-09
6.66809e-09
2.46917e-08
6.38969e-06
-6.41438e-06
-6.45868e-06
6.45048e-06
8.19358e-09
-6.46847e-06
6.47834e-06
-6.45304e-06
-5.77547e-09
-4.40893e-09
6.45791e-06
-6.4535e-06
4.85574e-06
-6.45876e-06
6.4497e-06
9.0686e-09
-6.45974e-06
6.45093e-06
8.80977e-09
6.44459e-06
-1.82154e-08
6.43515e-06
-6.48204e-06
6.45984e-06
-6.45452e-06
6.45725e-06
-2.73406e-09
1.5785e-09
-6.01188e-09
6.46071e-06
6.45424e-06
5.59757e-09
-6.4455e-06
6.4455e-06
5.67423e-09
-6.46083e-06
6.45516e-06
-6.4602e-06
6.46066e-06
-6.41834e-09
2.38178e-08
6.53671e-06
-6.48112e-06
6.49106e-06
-9.93794e-09
6.45625e-06
-6.45737e-06
6.44994e-06
7.43524e-09
-6.4684e-06
8.19822e-09
6.46193e-06
6.48267e-06
4.86962e-09
6.45989e-06
-6.45355e-06
-6.33399e-09
6.46682e-06
-6.47367e-06
6.84741e-09
-2.70166e-08
8.7797e-10
6.45615e-06
-2.38641e-08
6.42717e-06
-3.7483e-08
-6.48154e-06
6.49613e-06
-1.45843e-08
-6.45079e-06
6.44581e-06
4.9804e-09
6.42075e-06
6.46154e-06
-5.38729e-09
5.8058e-09
-6.46119e-06
6.45538e-06
-4.00843e-08
6.45313e-06
6.75823e-09
-6.45624e-06
6.45068e-06
5.55974e-09
6.45553e-06
6.45843e-06
-6.45328e-06
6.45763e-06
-4.35675e-09
6.46122e-06
-6.05949e-09
-6.44998e-06
6.45748e-06
-7.49659e-09
-4.28511e-08
6.56895e-06
-6.44579e-06
-7.84734e-08
6.46133e-06
6.45497e-06
5.65568e-09
-6.46063e-06
6.45583e-06
-6.45184e-06
6.43467e-06
1.71739e-08
7.15775e-09
1.78801e-06
4.7825e-06
-6.57051e-06
-6.44289e-06
-8.956e-09
-5.3565e-09
6.455e-06
-5.45023e-06
-6.58848e-09
6.45972e-06
6.46006e-06
-5.09151e-09
-6.45536e-06
6.45557e-06
-2.14317e-10
-4.22874e-06
6.46066e-06
5.68736e-09
6.45437e-06
-6.48356e-06
6.49727e-06
-1.37066e-08
-1.14604e-10
-2.59283e-08
-5.91897e-06
-7.94346e-07
6.45407e-06
-6.487e-06
6.51201e-06
-2.50101e-08
-6.48638e-06
6.49506e-06
-8.67876e-09
-6.47978e-06
6.45975e-06
6.46827e-06
6.46827e-06
6.4867e-06
-6.4867e-06
-6.47399e-06
-5.24204e-09
6.48661e-06
-6.45818e-06
8.19849e-09
6.45559e-06
-6.43664e-06
-1.89456e-08
1.18708e-08
-6.48154e-06
5.36848e-09
-6.45642e-06
6.45106e-06
6.45249e-06
7.26911e-09
-9.54738e-09
-6.45446e-06
6.46261e-06
-8.14773e-09
-6.44926e-06
6.46854e-06
-1.92773e-08
6.45091e-06
8.80565e-09
-2.36463e-07
6.45823e-06
-5.74038e-09
2.56296e-08
6.46581e-06
-6.46581e-06
6.46211e-06
-6.45817e-06
1.45928e-08
-6.47511e-06
6.49997e-06
-2.48565e-08
-5.12951e-06
-6.44909e-06
6.4902e-06
-4.11108e-08
6.44818e-06
4.46185e-09
-6.45264e-06
6.45073e-06
-6.48006e-06
1.66892e-09
6.44651e-06
1.67062e-09
6.45844e-06
-4.06884e-09
-1.20999e-08
6.44677e-06
6.4561e-06
-6.4527e-06
-3.72126e-09
6.46005e-06
-6.46005e-06
-6.48605e-06
6.52253e-06
6.49527e-06
2.39102e-08
-6.50487e-06
6.44714e-06
4.88566e-06
-4.881e-06
6.46845e-06
-6.46483e-06
6.50411e-06
6.50758e-06
-6.38417e-09
-6.5012e-06
4.9083e-06
-1.3915e-08
6.46212e-06
-6.46811e-06
5.99113e-09
2.18865e-09
6.44432e-06
4.91565e-06
-1.95164e-06
-2.30915e-06
-6.85006e-08
1.94538e-08
6.4516e-06
-6.49335e-06
6.46706e-06
-6.48883e-06
6.55166e-06
-6.28279e-08
6.46141e-06
8.16509e-07
-6.73548e-06
-1.58427e-09
6.4395e-06
-1.28695e-08
6.41308e-06
-6.40021e-06
-6.45382e-06
-1.71929e-07
-2.95611e-06
3.12804e-06
4.05513e-06
-4.71343e-06
6.44169e-06
6.4312e-06
1.04952e-08
4.93907e-06
6.45621e-06
-6.45864e-06
6.39829e-06
-6.39416e-06
3.47972e-10
-7.37973e-09
-6.42245e-06
6.42983e-06
6.42931e-06
1.88347e-09
8.86098e-07
7.85265e-07
9.89133e-07
1.62117e-06
8.94493e-07
8.90129e-07
8.98092e-07
8.91533e-07
1.78622e-07
8.13165e-07
9.19032e-07
9.84188e-07
-6.48685e-06
9.02249e-07
8.78413e-07
8.81224e-07
8.82856e-07
8.92478e-07
8.89132e-07
-6.45902e-06
-2.2518e-08
8.92467e-07
9.02383e-07
6.42074e-06
8.57821e-09
1.04547e-06
-6.42447e-06
6.50415e-06
-7.968e-08
8.65025e-07
9.86842e-09
-6.48304e-06
8.70084e-07
-6.45474e-06
9.24403e-10
6.43656e-06
7.75358e-09
-6.38231e-06
6.41325e-06
6.41336e-06
6.45684e-06
-6.45684e-06
-6.622e-06
5.89746e-06
1.13744e-06
-6.43054e-06
6.56552e-06
-1.34983e-07
9.13766e-07
8.95265e-07
8.90317e-07
9.03736e-07
8.60086e-07
-6.45968e-06
6.43845e-06
5.08886e-06
-4.23881e-06
-7.36146e-08
6.40049e-06
-6.48044e-06
-9.68833e-09
-1.53577e-06
1.59987e-08
6.46769e-06
-6.28041e-09
6.33453e-06
-1.82108e-08
-6.31632e-06
8.86579e-07
-6.43083e-06
8.60643e-07
-6.47892e-06
-9.00373e-09
-4.98416e-09
-6.47015e-06
5.32274e-09
-6.23005e-06
-2.14897e-08
6.25153e-06
6.45746e-06
-6.42622e-06
-3.61593e-08
-6.45867e-06
-3.55288e-08
-6.35466e-06
6.39019e-06
-6.44872e-06
1.78874e-08
6.38284e-06
1.765e-08
-6.48409e-06
-6.48232e-06
3.7269e-09
-5.91043e-06
1.45143e-06
6.36725e-06
1.55841e-08
6.49787e-06
-6.50319e-06
6.33172e-06
6.36669e-06
4.63917e-08
-1.09943e-06
1.00906e-06
-6.32091e-06
6.67159e-06
-3.50687e-07
6.45776e-06
1.04487e-07
6.39017e-06
6.45918e-06
-6.45519e-06
-6.46028e-06
-5.8985e-06
2.52808e-07
6.31351e-06
6.60602e-06
-2.15848e-07
-6.45996e-06
-6.46144e-06
6.45357e-06
-6.46666e-06
6.39544e-06
3.43859e-08
-6.38227e-06
6.59497e-08
-1.08313e-07
-6.16991e-06
6.27822e-06
4.63848e-06
-6.43319e-06
6.43319e-06
-6.49555e-06
4.92593e-06
4.85177e-06
-4.89001e-06
8.73791e-07
-5.0586e-06
5.05724e-06
-5.05724e-06
-4.94096e-07
-5.90596e-06
6.40006e-06
-2.85117e-07
6.41309e-06
7.32101e-07
-5.90255e-07
1.387e-07
4.77836e-07
-7.45848e-07
3.17112e-07
3.71189e-07
-1.10922e-06
3.64677e-07
-1.37238e-06
1.50825e-07
3.47044e-07
-9.29882e-07
5.33001e-07
-9.13072e-07
4.6879e-07
-2.47974e-08
-5.89949e-06
1.12886e-07
-7.80556e-08
6.24972e-06
6.37887e-08
2.99227e-08
6.46552e-06
-7.76074e-09
3.37952e-08
3.98954e-08
4.1733e-08
-6.46668e-06
1.26164e-11
5.84358e-08
4.01377e-08
6.458e-06
-6.45314e-06
6.45314e-06
-1.08965e-06
3.1282e-08
-6.43457e-06
-4.8749e-06
-5.9233e-06
-6.47949e-06
3.5092e-08
6.43122e-06
-6.42822e-06
4.4653e-06
-4.4653e-06
-1.74972e-08
-6.47409e-06
6.48055e-06
-6.46547e-09
6.22823e-06
6.45093e-06
6.28354e-06
1.06643e-07
6.09852e-06
1.53015e-07
-6.20446e-06
3.76253e-08
-6.09584e-06
1.72538e-07
6.45289e-06
6.19214e-06
-6.45848e-06
4.6729e-06
-1.26902e-06
6.11992e-06
2.40845e-08
-5.71764e-06
8.23449e-07
6.46105e-06
-6.45957e-06
4.37491e-09
6.46127e-06
-1.03362e-08
5.43336e-07
-6.4493e-06
-7.64224e-07
6.34733e-06
5.46574e-06
-6.66018e-06
1.77424e-07
-5.3852e-06
-6.50158e-06
1.8873e-07
6.4564e-06
-6.50191e-06
6.48943e-06
3.41272e-07
-6.8307e-06
-6.1226e-06
2.23112e-07
5.72857e-06
-6.16254e-06
4.33976e-07
6.40653e-06
-6.40653e-06
-5.28305e-06
1.84277e-08
-6.45251e-06
-5.98135e-06
-5.35871e-06
6.45691e-06
6.45763e-06
-6.45763e-06
2.07324e-08
5.98138e-06
5.99e-06
2.88216e-07
6.22665e-07
3.51587e-07
-1.42616e-06
6.41774e-06
2.25305e-08
-6.44027e-06
4.87759e-06
-4.88199e-06
6.42632e-06
5.01011e-06
6.49302e-06
-6.48536e-06
4.67961e-06
-4.67961e-06
-6.47396e-06
6.46404e-06
-6.46018e-06
2.0691e-08
-6.31142e-06
3.30072e-07
-5.60571e-06
6.29171e-06
-4.72371e-06
4.72371e-06
-3.8457e-06
3.8457e-06
4.94947e-06
-4.87314e-06
-4.08e-06
4.08e-06
5.25554e-06
-5.25554e-06
-4.43296e-06
-4.77847e-06
4.77847e-06
5.12504e-06
-4.66783e-06
4.66783e-06
-4.56973e-06
4.56973e-06
-4.51719e-06
4.51719e-06
5.37198e-06
-5.37198e-06
4.2533e-06
5.02549e-06
-5.02549e-06
5.02879e-06
5.2177e-06
-5.2177e-06
5.10311e-06
5.02229e-06
-4.62037e-06
4.62037e-06
-5.37324e-06
-4.8122e-06
-4.57916e-06
5.24828e-06
-5.24828e-06
4.68945e-06
-4.68945e-06
5.14157e-06
5.00265e-06
5.06288e-06
5.18458e-06
6.45299e-06
-6.44928e-06
5.06877e-06
-4.17108e-06
6.46646e-06
-9.55057e-09
-6.61017e-06
1.36562e-07
6.47361e-06
6.45275e-06
6.4728e-06
-5.61619e-09
6.11922e-06
-6.46991e-06
6.47573e-06
-5.08699e-06
-6.48065e-06
-6.48861e-06
6.44669e-06
-6.44669e-06
8.48046e-07
6.39124e-06
-6.38523e-06
-1.71746e-08
-4.79746e-06
4.81463e-06
6.4533e-06
6.39231e-06
-6.39231e-06
6.48049e-06
-6.48309e-06
-6.46507e-06
-6.44851e-06
6.41141e-06
-6.47346e-06
6.78096e-09
-4.7516e-06
4.31796e-06
6.45456e-06
-6.45456e-06
-5.11999e-06
8.96194e-07
-5.25912e-06
-5.1265e-06
8.86926e-07
-5.15082e-06
9.02438e-07
-5.10114e-06
8.82069e-07
-5.22313e-06
9.0981e-07
6.46448e-06
-1.17236e-08
-6.4706e-06
2.26733e-06
-6.15841e-06
-5.10412e-06
8.59367e-07
-4.97878e-06
-2.92287e-08
6.43947e-06
4.23889e-06
1.31455e-06
-5.55343e-06
-4.71777e-06
4.33908e-06
1.66804e-06
-5.92669e-06
4.25865e-06
4.96608e-06
-5.16251e-06
-6.44575e-06
6.49312e-06
-4.73668e-08
6.45818e-06
-6.45454e-06
-6.48977e-06
-5.78682e-09
6.49513e-06
-6.51552e-06
5.95136e-06
-3.06252e-06
-2.88884e-06
-4.20934e-06
5.12311e-06
-4.19708e-06
5.0874e-06
-9.19444e-07
6.45454e-06
-1.50676e-08
-5.1427e-06
-6.44928e-06
-4.85519e-06
8.29966e-07
-2.87802e-07
-4.35901e-06
-6.50459e-06
6.44586e-06
-1.16485e-06
-6.45765e-06
1.21153e-06
6.4671e-06
-2.12474e-08
-4.23674e-06
4.56453e-06
6.45123e-06
-6.45123e-06
-5.06436e-06
-8.01175e-07
-3.87298e-06
-2.50197e-09
6.49193e-06
6.44225e-06
6.4575e-06
-6.47428e-06
-6.25608e-06
-2.13834e-07
-1.13855e-07
-5.05876e-06
5.05416e-06
-4.23389e-06
4.65084e-06
-3.6617e-06
-4.36463e-06
-3.89596e-06
4.79405e-06
-4.23496e-06
-5.8554e-06
3.49496e-06
2.36045e-06
-4.33765e-06
-3.91888e-06
4.90307e-06
-4.22273e-06
4.96497e-06
-4.08211e-06
5.11037e-06
-4.20799e-06
-4.17765e-06
-1.69949e-08
-6.43343e-06
6.45042e-06
4.84278e-06
-4.87642e-06
-3.97366e-06
4.84374e-06
5.61842e-06
-4.07466e-06
4.96993e-06
6.42977e-06
-6.2689e-06
6.45528e-06
-6.45191e-06
-6.47193e-06
-1.24166e-08
-4.24403e-06
4.91716e-06
1.18379e-06
4.22383e-06
7.17516e-07
-4.94134e-06
4.2859e-06
5.06038e-07
-4.79194e-06
4.25162e-06
3.72605e-07
-4.62423e-06
4.2465e-06
1.55897e-06
-5.80547e-06
4.25471e-06
8.26267e-07
-5.08098e-06
6.44859e-06
6.15168e-06
2.61085e-08
4.64359e-06
-4.93139e-06
-1.10477e-06
6.46324e-06
-6.40448e-06
-5.87648e-08
-8.77837e-07
5.84392e-06
6.44068e-06
-6.44068e-06
-6.47773e-06
-4.1028e-06
4.2415e-06
5.27379e-06
-4.95668e-06
-5.00274e-06
-5.24759e-06
5.09824e-06
5.11526e-06
2.48433e-08
-6.4902e-06
6.42689e-06
-6.43091e-06
4.01549e-09
-5.11469e-06
-3.89237e-10
-6.48026e-06
6.38356e-06
4.89234e-06
-4.85854e-06
-6.19175e-06
4.908e-06
-4.86626e-06
4.25535e-06
6.37895e-06
-6.46831e-06
6.48074e-06
-6.47702e-06
-6.42598e-06
6.45271e-06
4.90966e-06
-4.87457e-06
6.45216e-06
-6.45196e-06
6.45196e-06
-6.33639e-06
-1.35538e-07
7.98413e-07
-5.10506e-06
6.44763e-06
-6.47137e-06
-6.37224e-06
5.13855e-06
5.1059e-06
5.19571e-06
6.49142e-06
-6.49641e-06
6.91859e-07
4.99891e-06
-3.8439e-06
5.15845e-06
-3.61181e-06
5.27985e-06
5.11408e-06
5.15553e-06
-4.25309e-06
6.44643e-06
4.33526e-06
5.02284e-07
-4.83755e-06
4.91334e-06
-4.89491e-06
6.45268e-06
-6.44903e-06
1.17796e-08
4.57007e-09
-6.5624e-06
6.13149e-06
6.45535e-06
-7.11324e-09
-3.18608e-06
6.54377e-06
6.45358e-06
-6.48419e-06
-4.42099e-09
-3.99447e-06
-4.60896e-06
3.38955e-07
-4.7142e-06
-4.33624e-06
-6.43355e-06
6.44894e-06
-6.44894e-06
6.44582e-06
6.445e-06
-6.445e-06
-9.29206e-07
5.26829e-06
-9.08815e-07
5.16747e-06
-5.01859e-06
9.93251e-07
6.48997e-06
-1.63668e-08
-6.26039e-06
-3.02006e-07
-6.26776e-06
-2.26245e-08
-6.38903e-06
6.45258e-06
6.47128e-06
2.18355e-08
-6.40329e-06
6.45006e-06
-6.44656e-06
4.14901e-06
-3.92085e-08
-4.25702e-06
1.08087e-06
-4.56207e-06
6.44224e-06
-6.47155e-06
6.32998e-06
-4.23624e-06
5.09689e-06
-4.90087e-06
4.72297e-06
4.91155e-06
-4.92396e-06
1.87179e-06
-1.87179e-06
-4.84188e-06
5.74413e-06
5.07275e-07
-3.8884e-06
4.78088e-06
-4.06446e-06
4.95693e-06
-4.22467e-06
5.00993e-06
-4.06842e-06
4.94965e-06
-4.09469e-06
4.98383e-06
4.74822e-06
-3.88319e-06
-8.78065e-08
5.09056e-06
-4.20398e-06
-6.4231e-06
-1.04524e-08
6.43057e-06
-3.63475e-09
-6.47585e-06
6.45105e-06
6.44896e-06
-6.45696e-06
3.06857e-06
-3.06857e-06
4.77318e-06
-4.87391e-06
-6.33734e-06
-4.41174e-09
-6.47868e-06
-6.5105e-06
6.4415e-06
-6.43658e-06
6.4497e-06
-3.50646e-06
4.64259e-07
-4.64259e-07
-6.45447e-06
3.18373e-09
-5.56909e-06
6.43797e-06
6.48143e-06
-6.48182e-06
4.93848e-06
-4.90855e-06
-6.44571e-07
4.96513e-06
-4.32056e-06
-6.36829e-06
-1.03263e-07
6.37876e-06
-6.43752e-06
-7.91122e-07
4.93294e-06
-4.14181e-06
-6.42225e-06
6.44101e-06
1.37797e-08
6.45257e-06
4.96221e-06
-4.19173e-06
-7.70472e-07
-1.26428e-06
-6.46949e-06
6.46949e-06
2.81227e-07
1.02294e-06
6.4375e-06
-6.4701e-06
6.42515e-06
-6.44811e-06
6.45467e-06
-6.96476e-07
5.81822e-09
-6.4831e-06
1.08152e-06
1.12323e-06
1.84817e-06
5.45916e-07
4.26169e-07
7.76043e-07
1.01568e-06
8.96544e-07
7.26915e-07
9.01715e-07
2.00515e-06
5.70563e-07
9.60553e-07
-2.44403e-08
6.50709e-06
8.46528e-07
1.9477e-06
-1.03241e-07
-4.07831e-06
-4.21443e-06
-4.22138e-06
-5.02943e-06
-4.23445e-06
-6.4839e-06
7.29211e-09
-6.40533e-06
3.15001e-06
-6.4286e-06
6.34793e-09
-3.91943e-06
-5.8131e-07
-4.25624e-06
6.47024e-06
-6.47864e-06
5.23918e-06
-6.43763e-07
-6.45834e-06
-4.20548e-07
5.25695e-06
3.45547e-06
-4.25664e-06
-2.01436e-08
-4.68841e-06
7.21743e-07
4.31718e-06
-6.44676e-06
4.83833e-06
-4.00836e-06
3.00793e-06
2.94343e-06
-5.42264e-07
5.16452e-06
-4.62225e-06
-6.43283e-06
4.77956e-06
-4.61598e-07
6.46072e-06
-6.46072e-06
6.49296e-06
-6.49546e-06
-3.55559e-06
4.58777e-06
1.50943e-07
-4.99679e-06
4.84585e-06
-7.40129e-07
4.75588e-06
-4.01575e-06
-2.57287e-07
4.93186e-06
-4.27678e-06
-6.4941e-06
-8.36285e-08
-6.42835e-06
-6.42518e-06
-7.6514e-09
-6.43044e-06
6.38933e-06
6.49527e-06
6.4687e-06
-6.47346e-06
3.10775e-06
1.1204e-06
6.46131e-06
-1.80521e-07
-3.98709e-07
-3.32009e-06
-9.67402e-07
4.85123e-06
-6.40017e-06
-3.02727e-08
9.24576e-07
-6.42367e-06
6.45501e-06
-6.45501e-06
-4.57915e-06
-6.45526e-06
2.70391e-08
-1.65909e-06
-1.17353e-06
4.45611e-06
2.50032e-07
-4.70614e-06
1.8363e-09
-4.96548e-06
4.65102e-06
-5.74331e-08
6.41327e-06
-1.51769e-07
-6.2615e-06
-6.41945e-06
-6.42692e-06
3.25088e-09
-4.90508e-07
6.46272e-06
-6.47197e-06
-4.53719e-06
-3.94196e-07
6.88351e-07
-3.67123e-06
-1.0422e-06
5.83688e-07
-4.90425e-06
-4.10049e-07
6.14062e-07
-4.08431e-06
-6.4317e-06
-4.99879e-06
6.43057e-06
6.45221e-06
-6.45221e-06
-6.42114e-06
6.40535e-06
-6.41349e-06
-7.36364e-07
-9.70198e-07
6.43658e-06
-1.40981e-08
7.62715e-07
-6.3318e-06
4.64875e-06
-5.52447e-06
-6.41906e-06
-1.26447e-08
-6.44002e-06
4.72093e-06
-6.40834e-06
-5.15472e-09
4.77032e-06
5.0398e-06
6.41854e-06
-4.39697e-06
-3.67247e-08
-6.40855e-06
-4.8853e-06
-6.48242e-06
6.55127e-06
-6.88497e-08
4.04975e-06
7.44297e-07
-4.93988e-06
-6.41818e-06
-5.37466e-06
6.44994e-06
6.39324e-06
1.32943e-08
-4.64875e-06
-4.08482e-07
-6.44816e-06
3.46831e-09
6.41498e-08
6.34912e-06
-4.63863e-06
-6.40925e-06
6.97683e-10
-6.38111e-06
-3.707e-08
6.44852e-06
-6.44852e-06
-4.97193e-06
-6.41308e-06
-6.40427e-06
5.71849e-09
4.0805e-06
-5.1227e-06
4.22765e-06
6.38685e-06
5.46289e-09
-3.59613e-06
6.42198e-06
-6.41633e-06
-6.43115e-06
-6.40819e-06
3.92198e-09
-5.13138e-06
-6.40263e-06
3.16033e-06
2.67452e-06
-4.87349e-06
4.8336e-06
4.21759e-06
-4.28803e-06
6.44277e-06
6.47556e-06
7.53545e-09
-6.48935e-06
-6.40779e-06
5.15652e-09
6.50709e-06
-6.40036e-06
-6.4334e-06
6.41078e-06
-5.89783e-06
3.60209e-09
6.44136e-06
-6.44136e-06
-6.40668e-06
6.32836e-09
-6.52431e-06
4.89677e-06
-6.41635e-06
-6.51241e-06
-6.42286e-06
-6.39849e-06
-3.99484e-06
-5.79874e-07
-1.1712e-09
6.43437e-06
6.57969e-07
-5.28022e-06
-5.0373e-06
4.34082e-06
-6.40557e-06
7.07736e-09
6.43377e-06
-5.01929e-06
1.00355e-06
4.67229e-06
3.2476e-07
-4.33094e-06
-6.3965e-06
-7.66322e-07
-4.20017e-06
4.87693e-06
-6.43437e-06
-6.43782e-06
-6.40363e-06
7.13138e-09
-7.08854e-07
5.35988e-06
4.73127e-06
-4.37968e-06
-6.39482e-06
3.86602e-06
-4.12191e-06
-9.80975e-09
-6.40832e-06
6.45846e-06
3.42092e-07
-6.80055e-06
-4.8722e-06
-6.48029e-06
-6.40233e-06
7.50766e-09
-6.15337e-06
-9.56794e-07
-6.39295e-06
-3.34295e-07
-4.37185e-06
-2.36638e-06
-6.40645e-06
1.3498e-08
5.00206e-06
-4.90479e-06
-6.38834e-06
-6.39697e-06
-6.41943e-06
2.24632e-08
6.38685e-06
6.39324e-06
-1.21642e-08
-6.40221e-06
6.10012e-06
-6.40213e-06
4.86642e-06
3.41249e-07
4.47234e-06
-2.85089e-08
4.52237e-06
5.23391e-09
2.76659e-06
-6.41342e-06
6.4087e-06
-4.83447e-06
6.42818e-06
8.83031e-09
-4.88197e-06
-6.2247e-06
-5.54436e-06
-1.31772e-06
4.00067e-06
-4.02082e-06
-6.42394e-06
4.85916e-06
-1.26872e-08
-6.39586e-06
-6.41137e-06
6.40979e-06
-6.45123e-06
-6.40896e-06
-6.41576e-06
4.38544e-09
-6.40522e-06
-4.47249e-06
-4.92524e-07
-6.40916e-06
-6.29858e-06
-4.98489e-06
-6.40184e-06
4.80446e-06
-6.42119e-06
1.20337e-08
-6.42011e-06
4.89677e-06
2.57046e-06
-2.07064e-07
-6.34341e-06
4.04156e-06
-5.11959e-06
3.04245e-06
2.99739e-06
4.85604e-06
-6.39869e-06
3.75567e-09
-6.3415e-06
-1.61829e-06
-6.39623e-07
-9.3722e-07
-6.40084e-06
-6.40169e-06
-6.41411e-06
-6.36645e-06
1.85992e-06
-5.70382e-06
-6.39673e-06
-6.4101e-06
6.40676e-06
-6.44284e-06
-4.81536e-06
-6.38494e-06
4.73151e-06
-4.73151e-06
-6.42211e-06
1.20021e-08
-6.414e-06
-6.38073e-06
-6.42168e-06
7.67374e-09
6.44015e-06
-1.15411e-08
3.75903e-06
-6.39483e-06
-6.38707e-06
-8.20123e-07
2.85477e-07
4.44603e-06
-2.73354e-06
-2.18344e-06
-2.58058e-06
-2.48507e-06
5.17031e-06
-6.32816e-06
-4.86465e-06
-6.39223e-06
4.84038e-06
-6.40352e-06
5.6602e-08
4.09891e-06
-6.40408e-06
6.22545e-07
-6.39056e-06
6.41595e-06
-2.49608e-06
-2.60812e-06
-2.11364e-06
-2.84036e-06
-6.43499e-06
6.36801e-06
-6.38986e-06
-2.569e-06
-2.53678e-06
-2.74815e-06
-2.27877e-06
-2.71562e-06
-2.37529e-06
-2.59369e-06
-2.25677e-06
-2.54613e-06
-2.52921e-06
-1.95407e-06
-3.02336e-06
4.88197e-06
-6.39144e-06
-6.38752e-06
-4.62348e-06
1.58183e-07
-6.39124e-06
3.20464e-06
-1.19298e-06
-4.13975e-06
5.33273e-06
-3.49357e-06
-6.38609e-06
4.62348e-06
-1.44648e-06
-6.39016e-06
-4.78409e-06
-4.39295e-06
1.81671e-06
4.23959e-06
-6.38383e-06
-6.39038e-06
-6.395e-06
-5.44931e-09
6.39869e-06
-6.38892e-06
-1.48374e-08
6.40169e-06
-6.42575e-06
-4.89044e-06
-6.46357e-07
-6.38637e-06
-6.38184e-06
-4.80076e-06
-6.36822e-06
-6.38708e-06
-5.0891e-06
-6.37995e-06
8.50163e-07
-6.37867e-06
-6.38531e-06
5.05804e-06
-6.36983e-06
-6.3778e-06
4.83827e-06
-6.38386e-06
-4.86377e-06
-6.36348e-06
-6.61266e-07
-6.37036e-06
-6.41045e-06
-6.35536e-06
-6.38798e-06
4.89612e-06
-6.36301e-06
4.576e-06
2.43823e-08
4.8155e-07
4.31556e-06
4.57063e-06
-6.3545e-06
3.63269e-06
2.31945e-06
-6.41086e-06
-6.35125e-06
-8.26168e-09
-4.15818e-06
6.01809e-06
6.43383e-06
4.24817e-08
-6.34305e-06
-6.3557e-06
3.96633e-06
-4.63683e-06
-6.35555e-06
6.35994e-06
-6.34885e-06
-9.46945e-09
-6.40209e-06
4.73603e-06
-4.73603e-06
-5.31125e-06
2.61829e-06
-6.39006e-06
-6.38592e-06
3.12805e-07
-4.8967e-06
-5.0585e-06
-1.43399e-06
4.94298e-08
-6.41271e-06
-4.77773e-06
-5.11907e-06
5.11907e-06
-4.29641e-06
-4.88037e-06
-6.33327e-06
6.34527e-06
4.88037e-06
4.47582e-06
-1.62084e-08
-6.32196e-06
-3.15296e-06
-2.7339e-06
-6.31428e-06
6.32031e-06
-6.33185e-06
5.16735e-06
3.32135e-07
-4.83025e-06
-4.576e-06
4.9697e-06
2.00298e-07
-1.46517e-07
4.89465e-06
-4.74813e-06
6.44196e-06
-4.84475e-06
5.76732e-06
-6.32816e-06
-5.0259e-06
3.621e-06
-5.94823e-06
2.32722e-06
6.44669e-06
-6.17453e-08
-4.44603e-06
3.66031e-07
1.14786e-06
-4.68338e-06
2.04352e-07
4.72154e-06
-4.99679e-06
-4.7634e-06
-5.15424e-06
-4.79443e-06
3.73631e-06
-6.40242e-06
1.76089e-06
-5.28462e-06
-5.34184e-06
-4.8819e-06
1.74857e-08
-5.1783e-06
4.98762e-06
-4.80904e-06
4.79288e-06
-6.3947e-06
-4.90298e-06
-1.19984e-06
-3.65302e-06
4.77625e-06
-1.21742e-08
6.24038e-06
-6.24038e-06
6.22207e-06
-6.22207e-06
4.79504e-06
-4.79504e-06
-4.99679e-06
-4.40194e-06
-1.24987e-06
-4.45395e-06
-4.49471e-06
5.49826e-06
-5.47568e-06
4.51889e-06
-3.45308e-06
-2.36212e-06
2.98594e-06
5.28668e-07
4.57063e-06
-4.93151e-06
-4.50131e-06
-5.0259e-06
-4.64761e-06
4.50131e-06
-1.14562e-06
-9.44381e-07
-2.05116e-06
-3.41311e-06
-2.35611e-06
-6.2626e-07
-3.29317e-06
-5.08938e-06
-5.0585e-06
2.94674e-06
3.00749e-06
3.28391e-06
-6.23914e-07
-6.25239e-08
-4.05252e-07
4.72243e-06
-3.99022e-06
3.36396e-06
1.08369e-06
-5.0891e-06
4.18777e-06
8.54047e-07
4.80744e-06
-4.03696e-06
4.46624e-06
-7.61335e-07
5.38363e-06
-4.82627e-06
4.09254e-06
-3.66654e-06
2.99061e-06
-1.63545e-06
-1.35353e-06
-2.40379e-06
-2.67554e-06
-2.45146e-06
-2.46846e-06
-5.11959e-06
-4.47087e-06
4.94057e-06
-2.99642e-06
-1.94415e-06
1.37398e-07
4.25268e-06
-4.60501e-06
1.57905e-06
-4.00201e-07
7.83692e-07
3.69213e-06
3.15001e-06
-4.34314e-06
2.48112e-06
-4.66455e-06
2.40648e-06
-4.89155e-06
-4.73023e-06
4.91376e-06
-1.24619e-07
7.63511e-07
-3.95325e-06
5.71414e-06
-2.48382e-06
-2.68062e-06
4.15123e-06
-5.07027e-06
5.00599e-06
2.92852e-07
4.21497e-06
-4.21497e-06
4.70507e-06
3.89488e-06
5.70858e-06
4.46082e-06
5.72932e-06
2.19089e-06
4.57025e-06
-1.47429e-06
-5.11591e-06
-4.86002e-06
3.61724e-06
-3.26236e-06
-3.87118e-06
-1.78417e-07
4.73241e-06
1.13543e-06
1.85518e-06
-4.3486e-07
-3.83134e-06
-4.83702e-06
-1.58244e-07
-4.19354e-06
4.11194e-06
-4.70695e-06
-3.08988e-06
-4.8819e-06
4.07189e-06
4.69119e-06
3.94957e-06
3.9018e-06
1.12066e-06
3.65559e-06
-7.31004e-06
3.29317e-06
-4.66468e-06
-2.42482e-06
-3.04764e-06
2.05118e-06
-2.25824e-06
1.06092e-07
-5.10654e-06
3.93112e-06
1.66036e-06
3.5094e-06
-3.32397e-06
-2.53143e-06
5.07431e-06
-1.15238e-06
-5.73625e-07
4.53505e-07
4.31419e-06
-3.27021e-06
-4.15007e-06
-4.97539e-07
4.96479e-06
2.10307e-07
-1.8798e-06
2.35957e-07
-4.71956e-06
-3.8325e-07
-4.83076e-06
3.98858e-06
-2.58461e-06
-2.90106e-06
-5.16306e-06
-5.01833e-07
-4.37848e-06
-3.99119e-06
3.08988e-06
2.14662e-06
2.93584e-06
3.99961e-06
-3.62971e-06
-5.20261e-06
8.7883e-08
-1.90946e-06
-1.955e-06
-3.70118e-06
4.73274e-06
1.75059e-06
3.56175e-06
4.47226e-06
4.62177e-07
-3.86151e-06
-4.34735e-06
4.6402e-06
-4.87721e-06
-4.1868e-06
5.25638e-06
-1.45413e-06
-3.83462e-06
-3.45587e-06
-4.22408e-06
-3.8329e-06
5.24159e-06
-3.83425e-06
4.00643e-06
8.33758e-07
3.80491e-06
-3.83893e-06
5.41694e-06
2.20799e-06
5.4617e-06
2.161e-06
-3.84603e-06
5.41694e-06
5.4617e-06
-4.1498e-06
-4.11924e-06
-4.392e-06
4.55018e-06
3.94619e-06
3.55678e-06
-3.67166e-07
2.41835e-06
5.3523e-06
1.14852e-06
4.03008e-06
-3.72192e-06
-4.34736e-06
4.00215e-07
3.85309e-06
3.41574e-06
-4.65274e-06
-4.0661e-07
4.49915e-06
4.00388e-06
4.34721e-06
-3.8937e-06
1.05089e-06
3.89363e-06
3.97279e-06
1.73725e-06
-3.57891e-06
4.28241e-06
-3.51884e-06
5.20948e-06
-4.15818e-06
-5.82751e-07
-4.1067e-06
3.35952e-06
-4.28319e-06
5.30384e-06
9.52051e-07
1.32163e-06
4.08036e-06
-2.28031e-07
3.7795e-06
1.21978e-06
3.77625e-06
-3.77625e-06
-4.17227e-06
3.85629e-06
-7.30715e-07
-3.28435e-06
-3.14932e-06
-2.90066e-06
3.14932e-06
-4.17411e-06
1.02374e-06
3.43064e-06
-8.00744e-09
-4.36384e-06
2.95272e-07
-3.95698e-06
4.37787e-06
-3.6068e-06
-4.1185e-06
-1.48452e-06
-3.2945e-06
6.16378e-07
-4.81655e-06
1.8046e-06
3.41311e-06
-3.95325e-06
4.15443e-06
-3.9969e-06
-5.84209e-06
2.84567e-06
3.04764e-06
4.09305e-06
1.7952e-06
3.45308e-06
4.08306e-06
4.04664e-06
-3.90097e-06
3.90097e-06
-4.18328e-06
-1.31225e-06
-3.76427e-06
6.92744e-07
3.15296e-06
3.41735e-06
1.20397e-06
4.06982e-06
-3.817e-06
-4.19224e-06
-3.51034e-06
-1.37992e-06
-3.67884e-06
-1.58463e-07
6.22503e-07
1.67377e-07
1.94528e-07
-4.27284e-06
4.15797e-06
-4.61614e-06
-9.05739e-07
3.02083e-06
2.3119e-06
4.31236e-06
4.4112e-06
2.30341e-06
3.19485e-06
2.14422e-06
-5.23606e-09
3.93636e-06
2.33027e-06
3.76172e-06
1.34363e-06
3.471e-06
2.98429e-07
-4.69119e-06
4.27668e-06
3.63704e-06
-3.63704e-06
3.52208e-06
-3.52208e-06
4.88643e-07
3.5718e-06
-3.5718e-06
3.62885e-06
-3.62885e-06
-4.67646e-06
-4.5464e-07
-3.56618e-06
3.51884e-06
4.99379e-06
-1.21755e-06
-6.07802e-07
-9.76711e-07
-4.18797e-06
-3.87835e-06
-2.92122e-06
-3.02701e-06
1.09282e-06
-4.33751e-06
-4.17542e-06
-1.34015e-06
-3.87181e-06
-3.99608e-06
-7.43802e-07
3.38904e-06
-3.96844e-06
3.93149e-06
3.47461e-06
2.54349e-06
2.45305e-06
-3.73962e-06
-3.71534e-06
4.45963e-06
2.54925e-06
-4.36306e-06
2.58109e-06
4.14357e-06
-1.45616e-06
-1.51909e-06
-3.98362e-06
3.97981e-06
-3.97825e-06
4.38367e-06
-4.30617e-06
4.07224e-06
4.25962e-06
-4.11374e-06
-1.53035e-06
-1.48262e-06
-1.5228e-06
-3.65725e-06
3.8068e-06
5.01639e-06
3.90816e-06
3.61724e-06
-3.81041e-06
4.40806e-06
3.45761e-06
-3.78216e-06
-2.01459e-07
-1.50746e-06
-4.55045e-07
3.07e-06
2.66616e-06
4.11194e-06
4.11104e-06
-7.40005e-08
-4.55123e-06
-3.89146e-06
-2.83959e-07
4.58864e-06
-1.41322e-06
3.76933e-06
-1.40778e-06
-4.1785e-06
3.6603e-06
4.19701e-07
2.7554e-06
3.79038e-06
-3.71307e-06
-1.42826e-06
4.25397e-06
-3.45811e-07
2.14698e-06
3.063e-06
4.85593e-06
-3.82114e-06
3.79418e-06
4.07482e-06
-1.34092e-06
1.4015e-06
3.86555e-06
-3.3718e-07
-3.14408e-06
3.53119e-06
-4.30795e-06
-1.30571e-06
3.57891e-06
3.53268e-06
3.2945e-06
2.41964e-06
4.02972e-06
-2.89429e-06
4.1067e-06
1.19439e-06
-7.32995e-08
-3.78382e-06
-3.91044e-06
8.88076e-07
1.36022e-06
-4.02259e-06
-3.96904e-06
3.35122e-06
-3.92324e-06
4.28255e-06
-3.97045e-07
-3.14531e-06
3.54236e-06
-2.58324e-06
2.70593e-06
2.31046e-06
-4.13641e-06
-4.39877e-06
5.44287e-07
-3.66239e-06
-3.47461e-06
-5.44087e-07
4.71801e-06
-4.32758e-07
3.96543e-06
1.49378e-06
5.88757e-07
1.33371e-06
2.98943e-06
-3.38647e-06
4.13636e-06
3.68391e-06
1.55252e-07
-3.98104e-06
3.82578e-06
-1.43416e-07
3.13513e-07
-9.52798e-07
3.62534e-06
-3.47009e-06
-2.03496e-06
8.56706e-07
-4.89128e-06
9.11232e-07
-3.40623e-06
-1.30006e-07
1.43653e-06
7.76333e-07
2.38384e-06
-3.24953e-06
-3.87928e-06
1.28666e-06
-4.11796e-06
5.33202e-07
3.57169e-06
3.93634e-06
2.53596e-06
-3.4909e-06
8.81891e-07
-7.78679e-07
-8.05128e-07
-3.69019e-06
-2.41608e-06
-2.7138e-06
-5.27724e-07
6.52637e-06
-2.34304e-06
6.54761e-06
-3.80891e-06
3.50358e-06
1.22999e-07
-3.92075e-06
-3.94878e-06
-9.99765e-07
2.96092e-06
-3.19132e-06
3.61245e-06
6.70932e-07
-2.23288e-07
4.0945e-06
3.34942e-06
3.95108e-06
4.20589e-06
-1.37599e-06
-3.39278e-06
-3.61828e-06
-3.30476e-06
-1.04236e-06
3.93997e-06
4.19971e-06
4.10139e-07
1.15673e-06
2.55015e-06
-3.98002e-06
3.83249e-06
4.09071e-06
-1.67926e-07
)
;

boundaryField
{
    front
    {
        type            empty;
    }
    back
    {
        type            empty;
    }
    wall
    {
        type            calculated;
        value           uniform 0;
    }
    inlet
    {
        type            calculated;
        value           nonuniform List<scalar> 
12
(
-7.41748e-06
-7.42647e-06
-7.43221e-06
-7.36591e-06
-7.60347e-06
-7.45638e-06
-7.58532e-06
-7.62493e-06
-7.6227e-06
-7.67995e-06
-7.67183e-06
-7.68028e-06
)
;
    }
    outletLeft
    {
        type            calculated;
        value           nonuniform List<scalar> 9(5.06566e-06 5.10419e-06 5.10578e-06 5.09091e-06 5.07533e-06 5.07933e-06 5.08709e-06 5.14794e-06 5.16739e-06);
    }
    aneurysm
    {
        type            calculated;
        value           uniform 0;
    }
    outletRight
    {
        type            calculated;
        value           nonuniform List<scalar> 9(4.91697e-06 4.95399e-06 5.02692e-06 4.85046e-06 4.97743e-06 4.91992e-06 4.96494e-06 5.02796e-06 5.0047e-06);
    }
}


// ************************************************************************* //
