/*--------------------------------*- C++ -*----------------------------------*\
  =========                 |
  \\      /  F ield         | OpenFOAM: The Open Source CFD Toolbox
   \\    /   O peration     | Website:  https://openfoam.org
    \\  /    A nd           | Version:  12
     \\/     M anipulation  |
\*---------------------------------------------------------------------------*/
FoamFile
{
    format      ascii;
    class       surfaceScalarField;
    location    "0.04";
    object      phi;
}
// * * * * * * * * * * * * * * * * * * * * * * * * * * * * * * * * * * * * * //

dimensions      [0 3 -1 0 0 0 0];

internalField   nonuniform List<scalar> 
6438
(
-6.61996e-09
8.11497e-07
-8.04877e-07
-7.19318e-09
9.42517e-07
-9.35324e-07
-8.81468e-07
-1.48212e-07
1.02968e-06
8.35318e-07
-9.17068e-07
8.17501e-08
1.2888e-06
-1.00596e-06
-2.82836e-07
2.98549e-07
9.90251e-07
-9.96207e-07
1.14738e-07
-8.71041e-07
8.63848e-07
9.39186e-07
-1.12391e-06
1.84727e-07
8.74158e-07
-1.0229e-06
1.4874e-07
-8.46422e-07
1.02597e-06
-1.79546e-07
2.04759e-07
-9.30428e-07
7.25669e-07
-1.04105e-06
1.94624e-07
8.02425e-07
3.70374e-07
-1.1728e-06
7.55027e-07
-7.61647e-07
-4.11172e-08
8.8279e-07
-8.41673e-07
-1.1144e-06
1.07919e-06
3.5216e-08
-8.43749e-07
1.02216e-06
-1.78415e-07
-1.03894e-06
1.9519e-07
3.31271e-07
7.03407e-07
-1.03468e-06
-2.42542e-07
-1.58409e-07
4.00951e-07
-5.22096e-08
9.2787e-07
-8.75661e-07
-8.56974e-07
-1.40499e-07
9.97473e-07
-1.04815e-06
4.61548e-07
5.86605e-07
-9.14071e-07
8.61862e-07
-8.1116e-07
9.88375e-07
-1.77214e-07
-9.85294e-07
1.28321e-07
9.40333e-07
-7.35574e-07
-8.52714e-07
-1.55458e-07
1.00817e-06
-1.02688e-06
2.15718e-07
7.93766e-07
-9.9043e-07
1.96664e-07
4.07505e-09
-9.68396e-07
9.64321e-07
9.45603e-07
-9.49694e-07
4.09119e-09
-9.37311e-07
1.59052e-07
7.78258e-07
-1.27002e-06
2.05085e-07
1.06493e-06
8.91218e-07
-8.87143e-07
8.96853e-07
-6.15347e-08
5.83451e-07
8.15688e-07
-1.39914e-06
-2.83169e-07
1.08559e-06
-8.34382e-07
9.17955e-07
-8.35736e-08
-9.71182e-07
9.61628e-07
9.55426e-09
-4.04555e-07
7.35827e-07
8.67291e-07
6.86655e-09
-1.04185e-06
1.02095e-06
2.08984e-08
9.36084e-07
-1.42318e-07
-6.90722e-07
6.49605e-07
-1.21023e-06
2.0427e-07
9.17862e-07
8.88429e-08
-1.0067e-06
-7.18815e-07
-2.18496e-07
-1.30291e-07
-8.60742e-07
9.77575e-07
-1.16833e-07
-6.45809e-07
9.26457e-07
-2.80649e-07
9.29328e-07
-9.29328e-07
2.90275e-07
7.06413e-07
9.2617e-08
-7.99031e-07
4.12655e-07
1.98841e-07
-6.11496e-07
7.87264e-07
1.60257e-07
-9.47521e-07
7.60608e-07
-2.9906e-07
-4.40757e-07
-7.69477e-07
-8.31696e-09
8.18676e-07
-8.10359e-07
-1.01156e-06
1.01156e-06
-1.0457e-06
1.05508e-06
-9.38473e-09
4.18922e-08
7.7997e-07
-8.21862e-07
2.87715e-09
-9.55356e-07
9.52479e-07
8.86123e-07
-8.83246e-07
-9.65455e-07
1.12741e-07
-9.68032e-07
-7.3816e-08
-8.29178e-07
9.11262e-07
-8.2084e-08
9.22222e-08
7.96885e-07
-8.89107e-07
-9.78428e-07
9.41206e-07
3.72212e-08
9.54198e-07
-9.54198e-07
8.88166e-07
5.102e-08
-5.8219e-07
-4.40707e-07
8.29224e-07
1.76852e-07
-1.00608e-06
-8.15243e-07
-1.55939e-07
7.23706e-07
5.60712e-07
-1.28442e-06
-1.12105e-06
7.16499e-07
-7.15792e-07
-4.05263e-07
9.8013e-07
-1.50905e-07
5.8833e-07
-1.75675e-07
7.99999e-07
8.84309e-08
-8.8843e-07
-9.85675e-07
-6.00203e-08
-1.43164e-07
-2.40393e-07
-7.71162e-07
1.06887e-06
-1.06887e-06
-7.07991e-07
-2.70436e-07
-6.56126e-08
-1.2044e-06
-9.2176e-07
9.19047e-07
2.71306e-09
3.319e-08
-9.36031e-07
9.02841e-07
-1.02779e-07
9.02778e-07
9.2299e-07
2.26131e-08
-9.64445e-07
-1.49959e-07
-9.7327e-07
9.96574e-07
-2.33044e-08
1.01748e-06
-5.68782e-07
-4.48701e-07
9.13537e-07
-8.80347e-07
1.94469e-08
1.02517e-06
-5.21298e-07
-5.03874e-07
5.81081e-07
4.36401e-07
9.3994e-07
-9.3994e-07
-7.20923e-07
1.03265e-06
-3.11722e-07
-9.0518e-07
4.44381e-08
-1.24153e-07
-7.32287e-07
8.5644e-07
-8.4884e-07
3.3597e-08
-9.09848e-07
1.88925e-07
7.82052e-07
1.70264e-07
-9.52317e-07
-5.98612e-08
8.41913e-07
-8.19756e-07
9.46754e-07
-1.26998e-07
-8.67921e-07
3.35387e-08
6.02807e-07
4.22365e-07
9.05665e-07
-1.79996e-07
3.86743e-08
8.90654e-07
-7.82557e-07
-6.62831e-08
8.16653e-07
1.76275e-07
-9.92928e-07
-4.51786e-07
-3.91296e-07
8.43082e-07
5.95219e-07
-7.78316e-08
-5.17387e-07
-9.68396e-07
1.98e-07
9.66409e-07
-1.16441e-06
-4.5064e-07
2.08098e-07
9.67192e-07
2.11829e-08
1.05228e-06
-5.46017e-07
-5.06262e-07
3.55312e-07
6.96966e-07
9.72682e-07
-1.56029e-07
1.19497e-06
-6.11519e-07
-8.84309e-07
3.9115e-09
8.80397e-07
-1.26675e-06
1.27247e-07
1.1395e-06
-1.49856e-08
-8.80432e-07
8.95417e-07
9.66137e-07
5.48129e-08
-7.46436e-07
7.38119e-07
-8.90503e-07
9.0814e-07
-1.76373e-08
9.02685e-07
-9.1767e-07
9.3152e-07
-9.3152e-07
9.14827e-07
2.76898e-08
9.18082e-07
-2.11668e-07
9.05545e-07
-8.63653e-07
-7.97166e-07
6.73013e-07
8.68599e-09
8.78977e-07
-8.87663e-07
1.03631e-06
-7.23002e-07
-3.13312e-07
-9.55356e-07
-1.41981e-08
1.10502e-08
-8.82091e-07
-8.81077e-07
5.1899e-08
9.49773e-09
8.8172e-07
8.53415e-07
-7.61193e-07
-8.79724e-07
5.99685e-08
8.9183e-07
-2.45387e-08
-3.2423e-08
7.76929e-07
-7.44506e-07
6.14625e-07
4.21689e-07
-9.15071e-07
1.98001e-07
7.1707e-07
9.30097e-07
-3.63975e-09
-1.23361e-06
1.10898e-07
1.12272e-06
-1.28297e-08
-8.75901e-07
8.88731e-07
5.8132e-07
1.38991e-08
5.59952e-08
8.74102e-07
8.66505e-07
7.38274e-08
8.97586e-07
-9.10416e-07
-9.33723e-07
-3.07218e-08
9.55444e-07
-1.02863e-06
7.31845e-08
-8.51681e-07
-3.26272e-08
-1.03745e-06
4.5046e-07
5.8699e-07
-8.40515e-10
8.96252e-07
3.16182e-08
-8.45083e-07
9.82139e-07
-1.37056e-07
-9.26534e-07
8.00511e-07
1.26024e-07
-1.26069e-07
3.24654e-07
-1.98585e-07
-2.91264e-07
-7.35614e-07
-9.36031e-07
-7.76767e-09
8.9389e-07
2.76951e-07
7.55694e-07
-1.54164e-08
-9.09436e-07
-4.63512e-09
-1.95384e-08
-9.93803e-07
8.38966e-07
1.54837e-07
-5.8442e-08
7.4156e-07
1.46606e-07
1.45326e-06
-6.3757e-07
-3.06285e-07
-7.32654e-07
9.10759e-07
1.22308e-08
-7.79318e-07
3.27532e-07
-3.53707e-07
-5.53903e-07
9.0761e-07
-3.13403e-07
-7.27643e-07
-5.07849e-07
1.23155e-06
-9.40691e-07
3.12549e-08
-8.8833e-07
8.91807e-07
-3.47718e-09
-7.3058e-07
6.98157e-07
-1.08547e-08
-8.70617e-07
8.81471e-07
-9.57398e-07
1.67067e-08
7.97468e-07
-9.48451e-07
1.50982e-07
8.89788e-07
-9.00643e-07
7.93184e-07
-2.99454e-07
-4.9373e-07
-1.2014e-06
4.29386e-07
7.72013e-07
8.13514e-07
7.83158e-08
6.70804e-07
4.08384e-07
1.9617e-07
8.72703e-07
-2.35768e-07
-8.33106e-07
-9.69774e-07
9.61032e-07
8.74248e-09
-9.67082e-07
-2.69197e-09
-9.62501e-07
-4.58065e-09
3.63395e-09
2.50797e-07
-1.40038e-06
1.14959e-06
-1.03728e-06
1.23528e-06
8.19506e-07
-8.1082e-07
8.76779e-07
3.67584e-08
7.14382e-08
7.21746e-07
-8.80432e-07
-7.97633e-07
7.9413e-07
9.86545e-08
-8.92784e-07
-4.51041e-09
-1.91154e-07
1.39681e-06
-1.20566e-06
1.32456e-06
-9.54182e-07
-4.02658e-07
6.01499e-07
-2.56307e-07
-7.81144e-07
-6.91741e-07
-5.09657e-07
-8.79296e-07
-5.44272e-08
-8.8672e-07
8.86627e-07
9.23603e-11
-1.39462e-07
8.31016e-07
-6.91553e-07
-9.5296e-07
9.59347e-07
-6.38785e-09
-9.42796e-07
-1.01639e-08
-1.21079e-06
7.71805e-08
1.13361e-06
-8.44255e-07
-5.47924e-08
8.99048e-07
9.49823e-07
9.52481e-09
-1.6857e-07
-1.03528e-06
3.80843e-07
6.54439e-07
5.74909e-09
-5.48403e-07
-4.8688e-07
-1.26788e-08
-9.80882e-09
-8.65186e-07
8.74995e-07
-8.88521e-07
4.42653e-08
8.0278e-07
1.07979e-07
9.24776e-07
-8.86101e-07
8.80754e-07
-8.90563e-07
8.77353e-07
2.53316e-08
4.31611e-07
8.92946e-07
9.0406e-07
-1.625e-07
-7.18944e-08
-1.19486e-06
-5.17747e-08
7.23273e-07
-6.71498e-07
-9.38475e-07
-4.32108e-09
-9.38276e-07
-1.98472e-10
9.45507e-07
-9.38477e-07
-7.02971e-09
9.35632e-07
9.87547e-09
-8.75901e-07
2.15273e-07
-2.94361e-07
7.9088e-08
-1.05765e-06
6.20168e-07
4.37481e-07
4.73622e-07
-9.49614e-07
4.75993e-07
-8.28471e-07
-7.67088e-08
-8.8375e-07
8.79417e-07
4.33265e-09
-9.17859e-07
8.84623e-07
3.3236e-08
-7.32292e-08
9.39456e-07
-8.66227e-07
-9.11643e-07
2.31221e-08
-1.0125e-06
1.2633e-06
-9.30936e-08
-8.21977e-07
-9.51783e-07
8.78554e-07
-7.45963e-07
-6.81551e-08
8.14118e-07
-6.94527e-07
9.29844e-07
5.788e-09
-6.33965e-07
-1.69873e-07
1.88633e-07
-1.87604e-08
-8.43258e-09
3.46094e-08
-1.20737e-06
1.17276e-06
-6.70763e-07
-3.25443e-07
-9.4162e-07
9.23183e-07
1.84365e-08
-9.27188e-07
-1.44312e-08
-3.32446e-07
2.06377e-07
8.75751e-07
2.18351e-08
9.29969e-07
-1.49999e-07
9.26874e-07
-9.26367e-07
-5.07649e-10
-2.41776e-09
-8.58354e-07
8.60772e-07
9.70439e-07
-6.93488e-07
-1.1603e-08
9.58656e-07
5.44693e-07
-1.50335e-06
9.48805e-07
-9.48805e-07
1.49029e-07
8.62526e-07
-3.3488e-07
-5.94448e-07
-7.57615e-07
9.13169e-07
-1.55554e-07
-9.86949e-08
-8.19164e-07
8.76138e-07
-8.78556e-07
-8.37214e-07
1.27824e-08
8.24432e-07
1.6159e-07
-8.50672e-07
6.89082e-07
-8.81035e-07
8.71542e-07
9.49303e-09
5.64393e-07
4.06046e-07
-2.71253e-08
-1.42748e-07
-5.29724e-07
-5.27925e-07
-2.0639e-07
-9.40076e-07
9.4993e-08
-8.70617e-07
7.88551e-07
1.66893e-07
-7.3008e-07
-8.21969e-07
7.60057e-08
-8.39133e-07
4.85426e-07
9.52559e-07
-7.74078e-07
-1.78481e-07
1.61818e-07
7.62958e-07
-6.68003e-07
-3.17292e-07
-9.29802e-07
9.29802e-07
9.31736e-07
-8.96293e-07
-3.54428e-08
5.28771e-08
-8.81348e-07
-7.44133e-07
8.41035e-07
-9.69019e-08
-2.9353e-07
1.35121e-07
8.67509e-07
-8.7182e-07
4.31032e-09
9.13461e-07
9.72174e-09
9.21574e-07
1.01624e-08
1.39027e-06
-8.87516e-07
-2.41267e-08
-7.78399e-07
6.38937e-07
8.74249e-07
1.55394e-08
9.1897e-07
-9.1439e-07
-4.58011e-09
-8.21827e-09
-1.29052e-08
9.66996e-08
-7.87809e-07
6.91109e-07
-2.66237e-08
-1.20699e-06
2.88876e-07
6.41613e-08
-8.08294e-07
-8.78585e-07
8.64985e-07
1.35999e-08
8.75426e-07
-7.79578e-08
-4.06427e-07
-5.43267e-07
-1.22843e-06
9.0887e-08
-4.93545e-07
-1.45946e-07
3.82054e-09
9.02297e-07
-8.03642e-07
-8.65186e-07
-8.66421e-07
2.28277e-08
8.43594e-07
1.22225e-06
1.74562e-07
7.0428e-07
3.50801e-07
8.53171e-07
-3.79549e-07
8.89376e-07
-5.04097e-08
2.0486e-06
-1.50391e-06
-1.40038e-06
-4.49993e-07
-4.76541e-07
-1.15506e-08
9.49962e-07
-8.90039e-07
-5.99229e-08
9.01066e-07
2.05073e-08
1.04458e-07
-8.62073e-07
-6.38837e-07
7.35536e-07
8.72808e-07
7.94627e-09
6.78679e-07
3.0145e-07
9.1585e-07
3.41123e-08
9.15227e-07
-9.02203e-07
-1.30236e-08
-4.13688e-07
-5.76742e-07
-4.11379e-08
8.41648e-07
1.53952e-08
-9.69593e-07
7.58583e-07
-5.96994e-07
-1.33236e-08
1.89332e-08
7.40854e-07
-8.04393e-07
6.35393e-08
1.36859e-07
7.7631e-07
1.23974e-06
-1.20513e-06
4.32687e-07
5.44888e-07
-8.7579e-07
8.66457e-07
9.33205e-09
-2.00071e-08
-5.104e-07
2.80695e-07
2.29705e-07
-9.36664e-09
9.50146e-07
-9.50146e-07
1.07672e-06
-6.25596e-07
-4.51125e-07
-7.82725e-07
-1.34343e-07
6.59175e-07
3.13507e-07
9.10815e-07
5.03486e-09
-8.58354e-07
8.51506e-07
5.58171e-09
-8.57087e-07
6.96252e-07
9.69593e-07
-9.64321e-07
2.43812e-08
1.13257e-06
-1.00532e-06
8.74989e-07
-9.27622e-07
8.71366e-07
-1.986e-08
7.85464e-07
-8.51606e-07
8.47505e-07
4.10177e-09
3.8723e-08
6.83361e-07
-7.22084e-07
-7.72989e-07
6.38957e-07
-5.76374e-08
8.07083e-07
1.10872e-07
-7.99938e-09
-7.4918e-07
-1.30544e-07
-1.12451e-06
7.10822e-07
2.619e-09
-8.543e-07
-9.08761e-07
-4.3022e-08
1.21475e-06
-6.54037e-07
8.61228e-09
-1.58444e-07
9.65828e-07
-8.07384e-07
-4.11992e-07
-9.84081e-08
8.4791e-07
-8.56677e-07
8.76668e-09
-8.74989e-07
8.69782e-07
3.77443e-07
5.37379e-07
-9.14822e-07
9.06858e-07
-1.66004e-07
7.32724e-08
8.09518e-07
8.94629e-07
8.75101e-08
9.67789e-08
1.18494e-07
-9.52479e-07
2.09592e-08
-7.54483e-07
8.58941e-07
-4.37569e-07
5.28456e-07
8.07501e-08
-7.92612e-07
7.11861e-07
-6.78661e-09
1.42831e-08
-7.90562e-07
-9.01591e-07
8.84628e-07
1.69637e-08
-8.62579e-07
8.85008e-08
5.64451e-07
5.1227e-07
-4.8441e-07
9.93521e-07
-5.09111e-07
9.98969e-07
-9.3239e-07
-6.65784e-08
2.56362e-08
6.13321e-07
-8.57324e-07
-9.09694e-09
8.70147e-07
1.21862e-09
4.27401e-07
-1.46706e-07
1.10756e-06
-9.96665e-07
7.86685e-07
1.24577e-07
4.94169e-08
-8.83586e-07
1.34406e-07
1.33108e-08
-7.67794e-07
9.86146e-07
-7.97221e-07
8.03184e-07
-4.86736e-08
-7.64781e-07
8.13455e-07
-8.66292e-07
9.02665e-07
-1.08582e-08
-1.31202e-06
1.06362e-07
-5.77684e-09
8.49496e-07
1.69614e-08
-7.99422e-07
-8.8094e-07
8.7749e-07
3.45055e-09
1.05481e-06
-6.13723e-07
-4.4109e-07
-7.36948e-07
-6.69469e-08
8.03894e-07
-1.67249e-09
-8.67239e-07
1.88136e-08
-9.49814e-08
9.29566e-07
-8.34585e-07
-8.52169e-07
8.5648e-07
-1.23741e-06
-1.80179e-07
-1.19623e-06
1.16594e-06
3.029e-08
6.79252e-07
3.46716e-07
7.97328e-07
7.27047e-08
-8.70033e-07
8.48318e-07
-3.48044e-08
6.80574e-07
3.41589e-07
-6.05761e-07
1.9377e-07
-8.59374e-07
7.44411e-07
-8.4719e-07
-1.15198e-06
1.14785e-06
4.12371e-09
1.03813e-06
-8.33047e-07
8.49977e-07
-2.47227e-09
5.27552e-08
-7.92782e-07
7.40027e-07
-1.28377e-08
-1.13914e-06
1.02962e-06
-1.02962e-06
-4.69636e-07
8.83062e-07
-4.13426e-07
-8.499e-07
8.499e-07
8.69876e-07
-7.68399e-07
-1.01477e-07
8.03332e-07
1.93242e-07
9.05361e-07
-7.43543e-07
8.96777e-07
-1.01497e-08
-6.99417e-07
-1.12828e-07
8.12245e-07
-1.1381e-06
1.14212e-06
-4.01538e-09
1.05189e-06
-6.3309e-07
-4.18799e-07
1.53177e-07
7.52184e-07
-1.15002e-06
1.14418e-06
5.84342e-09
-3.1901e-10
-8.60052e-09
1.13476e-06
-1.12616e-06
-1.14585e-06
1.14585e-06
-1.37261e-08
8.61636e-07
1.23063e-06
-1.14653e-06
-8.41052e-08
-1.15081e-06
1.14221e-06
1.1496e-06
-1.14382e-06
-5.77726e-09
-8.37663e-07
-1.90139e-08
9.80462e-07
-1.33363e-08
1.14217e-06
-1.12883e-06
1.1425e-06
-1.14468e-06
2.18001e-09
-8.64833e-07
1.13645e-06
-1.69824e-09
-8.80038e-07
8.72362e-07
7.67606e-09
-1.13625e-06
1.14048e-06
-4.23092e-09
8.70813e-07
-8.47986e-07
-1.14776e-06
1.13442e-06
8.81151e-07
-2.81099e-07
4.17673e-07
5.48155e-07
-6.34871e-07
-4.89638e-07
-1.14377e-06
1.14377e-06
-1.14905e-06
-1.76165e-09
1.06401e-06
-1.96407e-07
-8.67601e-07
-7.46977e-07
5.06584e-07
2.89402e-08
1.13831e-06
-1.14191e-06
3.60245e-09
8.37945e-07
-8.37908e-07
-3.71671e-11
1.17381e-06
-1.14318e-06
-3.06315e-08
1.13219e-06
6.12237e-09
1.13016e-06
1.20078e-08
-2.4456e-09
-8.47454e-07
-1.04331e-06
5.75576e-07
4.6773e-07
-8.46236e-07
8.51818e-07
1.1359e-06
-3.71565e-09
1.19109e-07
7.70266e-07
6.10265e-07
-2.32822e-07
-1.14616e-06
-1.5942e-09
9.34638e-07
5.53811e-07
-9.45108e-07
-1.45204e-07
-1.16682e-06
8.54604e-07
-8.6022e-07
5.61547e-09
-3.97761e-08
-1.15645e-06
8.89532e-07
-1.01149e-08
9.87276e-07
-6.7474e-07
-3.12536e-07
-8.55609e-07
1.13769e-06
-1.13769e-06
8.15488e-07
1.22175e-08
-8.27705e-07
8.77582e-07
-1.14012e-06
1.13859e-06
1.53111e-09
1.13183e-06
-1.14296e-06
1.11331e-08
7.15716e-07
-9.51484e-07
-3.1549e-09
-1.13205e-06
1.1352e-06
1.12942e-06
-1.13257e-06
-3.72381e-08
1.20317e-06
-9.01493e-07
9.78673e-07
-1.0253e-06
7.11894e-07
-1.80276e-08
1.16588e-06
9.77634e-08
5.03736e-07
1.2037e-08
1.05197e-06
-2.87772e-09
9.09428e-07
-9.0655e-07
-7.94062e-09
-1.14281e-06
-7.21599e-09
9.39899e-07
-9.48302e-08
-8.45069e-07
-1.13521e-06
1.13521e-06
6.636e-07
-5.70983e-07
-1.14466e-06
1.14159e-06
3.06916e-09
8.74953e-07
-8.74953e-07
8.50691e-07
-1.27459e-08
1.13678e-06
-1.13862e-06
1.84035e-09
-1.09656e-06
2.98927e-07
1.12581e-10
-8.44882e-07
8.44769e-07
9.15859e-07
-7.71824e-09
1.139e-06
1.05989e-08
6.91166e-07
1.17707e-07
-8.08874e-07
1.14264e-06
-6.18834e-09
8.89771e-07
-8.89771e-07
1.1354e-06
-1.13135e-06
-4.05512e-09
-8.69585e-07
8.62575e-07
7.00967e-09
1.14398e-06
-1.14055e-06
-3.43523e-09
-1.13717e-06
1.13717e-06
1.70491e-07
7.97209e-07
2.70094e-08
-8.24219e-07
-1.14475e-06
1.1417e-06
3.04904e-09
-4.41994e-09
-8.58203e-07
8.53364e-07
1.23991e-09
1.06357e-06
-1.9904e-07
-8.64534e-07
7.35381e-07
1.13251e-06
-1.13567e-06
3.16148e-09
8.76694e-07
9.34442e-07
1.31653e-08
8.02323e-07
1.16139e-06
-2.23897e-08
1.12865e-06
3.86013e-09
8.31592e-07
-8.31592e-07
-4.37569e-07
1.14855e-06
-1.13946e-06
-3.50484e-09
1.139e-06
-1.13474e-06
-4.25419e-09
2.26876e-08
-1.16084e-06
1.13815e-06
1.19968e-07
-1.14959e-06
-1.14266e-06
1.14064e-06
2.01825e-09
8.24961e-07
-8.24735e-07
-2.25356e-10
8.69876e-07
-7.67398e-07
7.67398e-07
1.131e-06
-2.35092e-09
-8.48183e-07
-7.92782e-07
7.97328e-07
8.81041e-07
-9.49864e-09
-2.64262e-09
9.02079e-08
-1.12316e-06
1.13872e-06
-1.13919e-06
4.70594e-10
2.63915e-08
7.98569e-07
2.691e-08
9.12989e-07
8.56518e-07
-5.82757e-09
-1.14024e-06
1.13882e-06
1.41922e-09
1.13008e-06
-1.13347e-06
3.38449e-09
-1.139e-06
-5.66151e-09
1.13605e-06
-1.13296e-06
-3.09574e-09
8.58426e-07
1.65266e-08
1.13656e-06
5.02541e-09
-1.51839e-09
1.13417e-06
4.65217e-09
-1.93846e-10
-8.40785e-07
-1.15147e-06
1.23317e-08
-8.52252e-07
8.52252e-07
1.16779e-08
1.0519e-06
-8.66004e-07
1.66586e-07
6.17021e-09
1.13633e-06
4.72044e-08
-8.22048e-07
7.74843e-07
8.25268e-09
1.1376e-06
1.08543e-06
-1.18377e-06
8.58855e-07
3.09158e-08
1.12942e-06
-8.69898e-09
8.05908e-07
-8.28057e-07
3.32164e-09
8.16385e-07
-1.25219e-07
-1.13226e-06
1.13226e-06
-1.13826e-06
-6.49045e-09
7.68399e-07
-7.96358e-07
2.79595e-08
-1.1376e-06
8.37484e-07
-8.37371e-07
1.13598e-06
5.72563e-09
-1.13642e-06
-1.01182e-06
7.05532e-07
-1.14152e-06
1.13957e-06
1.94515e-09
7.74559e-07
7.37593e-08
8.44882e-07
5.01797e-09
-1.1285e-06
1.13642e-06
-7.91191e-09
-8.59657e-07
8.52327e-07
7.32933e-09
-1.1321e-06
3.59353e-09
8.54674e-07
-1.30967e-09
4.62246e-08
-8.81749e-07
8.35524e-07
1.13192e-06
-1.13705e-06
5.12926e-09
9.21226e-07
-9.64248e-07
1.13177e-06
-1.13165e-06
-1.19849e-10
-7.21441e-07
7.21441e-07
-8.90994e-07
8.90994e-07
-1.13045e-06
-1.65157e-09
-5.28456e-07
6.2622e-07
-1.13376e-06
1.13208e-06
1.68321e-09
9.10011e-09
1.13467e-06
7.0697e-07
-6.2622e-07
-7.0697e-07
7.45693e-07
7.48292e-07
-8.6112e-07
1.03682e-06
-6.12909e-07
-4.23915e-07
-1.13776e-06
-4.9059e-09
-1.6369e-07
-7.45693e-07
9.09383e-07
1.13627e-06
4.37082e-09
-8.61787e-07
7.95497e-07
1.13969e-06
-1.13735e-06
-2.33733e-09
-1.13281e-06
-8.54045e-07
8.59668e-07
-2.8076e-08
-3.10084e-09
1.13901e-06
1.13404e-06
-8.44769e-07
-1.16121e-06
-6.82336e-07
8.70033e-07
-1.87697e-07
-1.12787e-06
-4.17899e-09
1.13272e-06
1.4527e-09
6.60605e-07
-6.75635e-07
1.50296e-08
1.32318e-09
7.96358e-07
-8.28317e-07
3.19586e-08
5.25464e-07
5.29348e-07
-1.13725e-06
-4.26417e-09
-8.62861e-07
1.12774e-06
-1.12677e-06
-9.697e-10
1.13584e-06
3.73709e-09
-1.13923e-06
1.13797e-06
1.25784e-09
8.72068e-07
8.58426e-07
-1.13068e-06
1.12812e-06
2.556e-09
1.13866e-06
-1.13813e-06
-5.29714e-10
-8.47979e-07
8.58855e-07
1.13013e-06
-1.13013e-06
4.62491e-09
1.13955e-06
-7.13356e-07
-1.52647e-07
1.13242e-06
-5.02642e-10
-1.45013e-07
7.73114e-07
-6.28101e-07
1.12957e-06
-1.1286e-06
-9.72732e-10
3.50813e-09
1.13418e-06
1.12749e-06
-1.12854e-06
1.04964e-09
-1.14079e-06
-1.13661e-06
-6.84988e-07
1.03116e-09
1.13756e-06
-1.34692e-09
-1.13393e-06
1.13527e-06
-1.1302e-06
1.12769e-06
2.50537e-09
-1.13722e-06
-2.00849e-09
-8.60951e-07
-8.32365e-07
4.3081e-09
1.13601e-06
1.96572e-09
-1.12916e-06
1.12868e-06
4.82141e-10
-1.12992e-06
4.34443e-09
1.12558e-06
1.1369e-06
2.7938e-09
-1.13333e-06
-4.02177e-09
-8.27762e-07
-3.83017e-09
1.13635e-06
-1.13703e-06
6.80468e-10
1.12993e-06
-1.13127e-06
-1.13194e-06
1.13036e-06
1.57337e-09
1.1291e-06
-1.12818e-06
-9.13827e-10
8.51645e-07
6.07006e-10
1.1367e-06
1.95723e-09
-1.13508e-06
-3.04996e-09
-1.1392e-06
8.59668e-07
-1.12972e-06
1.12743e-06
2.28663e-09
7.50029e-07
-7.98703e-07
-1.12653e-06
1.1308e-06
-4.26828e-09
1.13008e-06
-1.13179e-06
1.71205e-09
-2.89388e-09
-1.13609e-06
-1.13453e-09
-3.01794e-09
-1.00317e-06
7.11904e-07
-1.98951e-09
1.12993e-06
-1.92064e-09
-1.24743e-09
-1.13708e-06
9.90754e-10
4.36428e-07
9.54862e-07
-1.39129e-06
-2.35667e-07
1.13633e-06
2.58415e-11
-1.13418e-06
2.16988e-09
1.13304e-06
-1.13484e-06
-2.19381e-09
-8.54615e-07
-1.13823e-06
1.15093e-09
4.12191e-09
1.13266e-06
-1.6214e-10
5.47641e-09
-1.11903e-06
1.11356e-06
1.13793e-06
-1.13734e-06
-5.84411e-10
-8.69601e-07
1.56245e-07
1.13574e-06
-1.13376e-06
-1.98727e-09
-1.13645e-06
-8.42897e-07
-4.47658e-08
1.12887e-06
-1.12797e-06
-9.01503e-10
6.01062e-09
-1.12009e-06
1.11408e-06
-1.13764e-06
1.13548e-06
2.16138e-09
-8.60792e-07
8.53324e-07
7.46834e-09
9.60606e-10
-1.13761e-06
-6.1705e-10
-8.6639e-07
1.79632e-07
6.86758e-07
-1.13615e-06
-1.49541e-09
1.13753e-06
3.99715e-10
-1.13564e-06
-1.69983e-09
-4.6615e-09
-1.13768e-06
6.93987e-11
-8.18583e-07
-9.33939e-08
9.11977e-07
6.53786e-07
4.84903e-09
-1.13304e-06
8.53869e-07
-1.54223e-09
-1.12883e-06
1.12883e-06
-2.19995e-09
1.13699e-06
5.38552e-10
-9.11249e-10
1.81876e-09
1.86349e-09
1.13742e-06
-4.25757e-10
6.80721e-10
1.13713e-06
-1.13713e-06
-4.00434e-12
8.20849e-07
-8.20849e-07
-1.13481e-06
1.13232e-06
2.49307e-09
1.13076e-06
-1.12961e-06
-1.14865e-09
-1.64492e-09
1.13671e-06
7.07661e-10
1.13676e-06
3.7316e-10
-4.18724e-10
1.13677e-06
1.13579e-06
-1.1364e-06
6.10088e-10
-1.14674e-06
-1.13213e-06
-2.67365e-09
8.75849e-07
-1.08636e-08
1.13475e-06
1.03542e-09
9.43211e-09
1.13564e-06
-1.13435e-06
-1.28834e-09
-8.11684e-07
8.11684e-07
6.52776e-09
1.13064e-06
-1.12862e-06
1.13046e-06
-1.83889e-09
1.13538e-06
2.54159e-10
5.97986e-09
8.50538e-07
1.13405e-06
-1.13358e-06
-4.71384e-10
-1.12503e-06
-3.59526e-09
1.13097e-06
-1.13189e-06
9.17701e-10
1.13329e-06
7.61928e-10
1.13536e-06
1.40158e-09
-1.11411e-08
-1.12279e-06
-1.6268e-09
-1.00095e-07
-7.61978e-07
1.12907e-06
-1.13017e-06
1.10387e-09
3.38778e-08
7.86971e-07
1.13392e-06
-1.13281e-06
-1.11034e-09
-1.04007e-09
-2.00647e-08
-9.41839e-07
9.61904e-07
-8.21382e-07
8.30853e-07
-9.47076e-09
-1.12371e-06
1.12409e-06
-3.77754e-10
1.13257e-06
1.35053e-09
-1.12914e-06
-7.04702e-07
1.14113e-06
1.13306e-06
-1.1314e-06
-1.66729e-09
-1.1341e-06
1.13413e-06
-2.3804e-11
1.13096e-06
-1.12995e-06
-1.01582e-09
-1.10437e-07
-9.70319e-07
1.08076e-06
1.13186e-06
1.20749e-09
-1.12463e-06
9.24377e-10
1.13323e-06
-1.13179e-06
-1.4443e-09
8.51645e-07
-8.70841e-07
8.70841e-07
1.13281e-06
-1.13061e-06
-2.20169e-09
-2.24146e-09
1.13324e-06
-1.78637e-09
-8.52846e-07
1.13114e-06
1.66744e-09
-1.13398e-06
-2.16578e-09
-1.12284e-06
1.12346e-06
-6.15147e-10
1.13411e-06
6.40902e-10
1.95896e-08
1.12253e-06
-2.39314e-10
1.13316e-06
2.89203e-09
8.49794e-07
4.07578e-09
1.44548e-10
-1.12401e-06
1.17123e-09
8.66695e-08
3.23677e-09
3.63567e-08
1.12993e-06
-1.13098e-06
1.05006e-09
-1.12164e-06
1.12298e-06
-1.33288e-09
2.09511e-08
-8.51489e-07
8.30538e-07
1.52029e-07
-8.85533e-07
7.33504e-07
3.20489e-07
8.03488e-07
-8.03488e-07
1.12907e-06
-1.12907e-06
-9.2405e-07
5.17775e-10
-1.1312e-06
8.66923e-07
1.13278e-06
2.5985e-09
-2.12677e-07
-3.9717e-07
6.09847e-07
-1.12334e-06
1.69401e-09
-1.1238e-06
-3.70388e-08
4.80231e-07
-7.91814e-07
3.11583e-07
-7.96074e-10
7.79006e-09
1.12301e-06
1.89429e-09
8.5278e-07
-1.1345e-06
2.40896e-09
1.12985e-06
7.20817e-07
-8.79703e-07
1.58886e-07
7.33567e-07
-2.53335e-07
-1.4281e-09
-1.12877e-06
1.13473e-06
-1.12694e-06
-1.13135e-06
-1.12016e-06
1.11908e-06
1.08564e-09
2.83733e-10
1.1318e-06
1.12788e-06
1.19344e-09
1.03066e-06
-6.84535e-07
-3.46124e-07
-2.93264e-09
8.61787e-07
1.13145e-06
1.83539e-09
1.03083e-06
-1.14126e-06
7.80207e-09
1.12296e-06
-1.34418e-09
-1.12838e-06
-1.12153e-06
1.37311e-09
-8.23243e-07
1.86009e-09
8.65659e-07
-6.94148e-07
-1.71511e-07
1.12584e-06
-1.12592e-06
7.66354e-11
-1.3569e-09
3.24654e-07
-4.56596e-07
-4.2742e-07
8.84016e-07
1.12802e-06
-1.12973e-06
1.714e-09
8.93383e-07
-8.81165e-07
-2.52492e-09
8.60951e-07
-7.38882e-07
5.26205e-07
1.12685e-06
-1.12796e-06
1.11603e-09
1.1334e-06
-1.1256e-06
-8.49826e-07
2.89765e-08
-8.52638e-07
8.50938e-07
1.69995e-09
8.28317e-07
-8.48382e-07
1.83572e-08
1.12212e-06
-8.61621e-07
8.33249e-07
-3.0469e-08
1.13157e-06
-1.1302e-06
-1.37424e-09
8.80429e-07
-8.4273e-07
-3.76988e-08
1.12788e-06
-6.88349e-10
-1.12847e-06
-8.34808e-07
2.44347e-09
1.04996e-07
6.40531e-07
-7.45527e-07
-1.11873e-06
1.11749e-06
1.23979e-09
1.12604e-06
4.04603e-09
-7.12695e-07
-1.48425e-07
8.36549e-09
1.1226e-06
1.1296e-06
-1.13231e-06
2.70918e-09
1.12826e-06
-2.06654e-09
-1.1247e-06
-8.77555e-07
-1.48784e-07
1.13017e-06
2.40325e-09
1.20286e-06
-2.47995e-07
-7.06164e-09
1.12918e-06
-1.12212e-06
1.12853e-06
1.06145e-09
-1.12039e-06
1.66176e-09
-1.12337e-06
-8.27797e-09
-2.11548e-09
1.11399e-06
-1.11187e-06
1.48825e-09
1.12864e-06
1.13356e-06
-1.1252e-06
-1.12985e-06
-3.19265e-09
8.62861e-07
-1.22685e-09
8.54734e-07
-4.29398e-08
-8.11794e-07
1.17949e-08
8.42939e-07
-1.11563e-06
1.11351e-06
-1.12964e-06
-2.49704e-09
7.17136e-07
1.48524e-07
-4.02612e-09
8.74018e-07
-8.69992e-07
-7.22818e-07
-6.05188e-07
7.10185e-07
-9.42685e-07
1.18353e-07
8.24332e-07
1.12814e-06
8.80908e-10
-1.12948e-06
1.14419e-08
1.12329e-06
1.12649e-06
-1.12667e-06
1.80256e-10
1.12895e-06
-1.12557e-06
-3.38478e-09
-1.13045e-06
8.22846e-10
-1.7118e-09
-8.53465e-07
8.55177e-07
1.85551e-10
1.13018e-06
-7.83568e-07
2.29665e-07
-1.12904e-06
1.12838e-06
6.66817e-10
-1.11715e-06
1.11578e-06
1.3693e-09
1.07058e-08
9.19984e-07
-8.92975e-07
6.77583e-07
-1.69777e-08
-6.04426e-09
1.12983e-06
-1.12378e-06
-1.00638e-06
5.49788e-07
1.12775e-06
1.00007e-09
-1.12918e-06
1.12887e-06
2.98506e-09
-1.05478e-06
9.72113e-09
1.04506e-06
1.82936e-09
-1.11898e-06
1.12672e-06
-1.12554e-06
-1.18264e-09
-3.58019e-08
1.13366e-06
-1.09786e-06
-1.73648e-09
-2.32538e-07
1.06113e-06
-8.28594e-07
-8.49826e-07
-9.31694e-07
1.12742e-06
-5.7932e-10
1.01047e-08
1.1233e-06
1.10043e-06
1.13838e-06
-1.13814e-06
-2.36716e-10
8.96889e-10
-8.56614e-07
8.55717e-07
-1.12811e-06
1.12734e-06
7.74021e-10
2.30933e-08
-8.50855e-07
8.27762e-07
1.12959e-06
-1.12916e-06
-4.21924e-10
-8.74899e-07
8.70873e-07
1.12628e-06
-1.1254e-06
-8.82594e-10
3.18061e-09
1.12577e-06
-1.43556e-08
1.13224e-06
-1.12873e-06
9.63496e-09
-8.31497e-07
1.12877e-06
-1.12856e-06
-2.0816e-10
1.12818e-06
6.55537e-10
-1.12862e-06
1.12238e-06
2.34181e-09
-1.12473e-06
2.74869e-10
1.1289e-06
-1.12572e-06
-2.9387e-09
-8.55331e-07
8.5827e-07
6.07238e-07
-8.92662e-07
2.85424e-07
-1.87352e-07
-8.67428e-07
-8.30638e-07
-1.84576e-07
-7.27674e-07
-1.12754e-06
6.64255e-09
1.1209e-06
-8.60398e-07
8.55331e-07
5.06729e-09
-2.61115e-07
-6.9037e-07
-1.12685e-06
1.0071e-06
-1.12455e-06
1.12656e-06
-2.01458e-09
-9.38601e-07
9.25008e-08
8.461e-07
8.99901e-07
-6.9077e-07
-2.09131e-07
-1.12858e-06
2.31348e-09
1.12627e-06
8.56679e-07
-8.45629e-07
2.40981e-09
1.12431e-06
-1.12864e-06
1.17077e-09
1.12766e-06
1.12741e-06
3.73025e-09
-1.97409e-10
-1.12834e-06
-3.78407e-09
-1.12526e-06
-1.1257e-06
8.56049e-07
-8.46328e-07
-4.89484e-09
2.41439e-07
7.45838e-07
-7.68862e-07
7.68862e-07
9.9531e-09
1.12361e-06
-1.27926e-06
-1.04195e-06
1.04285e-06
1.129e-06
8.54968e-07
-8.48261e-07
-1.12735e-06
1.12356e-06
-9.52941e-07
9.76034e-07
1.12651e-06
-1.12552e-06
-9.91452e-10
1.41183e-09
1.12765e-06
-1.14087e-06
8.58663e-07
-8.61602e-07
-1.12696e-06
1.93777e-09
4.25493e-07
1.12977e-06
-1.1284e-06
-1.37078e-09
-1.129e-06
1.12658e-06
-1.12564e-06
-9.38102e-10
-1.12642e-06
-1.12007e-09
1.12391e-06
-1.12045e-06
-8.61218e-07
1.03749e-06
1.1256e-06
-1.12525e-06
-3.51178e-10
-2.00222e-09
1.12439e-06
-8.60398e-07
7.46122e-07
-8.07809e-07
6.1687e-08
-1.38926e-06
1.38926e-06
1.12848e-06
1.12869e-06
-2.8753e-09
1.94089e-09
-1.12821e-06
1.13234e-06
-4.12899e-09
1.12623e-06
-1.12528e-06
-9.51901e-10
-9.34638e-07
8.89872e-07
3.57275e-09
1.12561e-06
-1.12853e-06
3.09221e-09
1.12544e-06
-1.12515e-06
1.12757e-06
-1.12606e-06
-8.64098e-07
-1.1276e-06
3.83769e-09
1.12376e-06
-8.65101e-07
-2.49746e-09
8.44835e-07
-8.50907e-07
6.07238e-09
1.12475e-06
-1.12569e-06
9.44103e-10
2.15922e-08
-1.1276e-06
1.12569e-06
1.90034e-09
1.12724e-06
-8.26743e-07
-8.21223e-07
-1.35853e-08
1.12832e-06
-1.12832e-06
-5.83781e-09
8.57483e-07
-1.12766e-06
1.12602e-06
-1.12507e-06
-9.52239e-10
1.12809e-06
-6.36221e-09
-1.12659e-06
-8.39085e-07
-1.02754e-07
-8.6264e-07
6.73306e-07
-7.52516e-07
7.92094e-08
-1.6792e-07
-7.28458e-07
8.96378e-07
1.12389e-06
-1.12088e-06
7.31981e-07
-8.51489e-07
-2.49417e-09
-1.12609e-06
1.12664e-06
-1.1257e-06
-9.36988e-10
8.65761e-07
-8.70396e-07
-2.37784e-07
-1.57518e-07
3.95301e-07
-8.97628e-07
9.04495e-07
8.69278e-07
-8.57483e-07
-3.41577e-09
-8.42857e-07
8.46273e-07
-4.59819e-09
-8.36308e-07
8.40906e-07
2.94383e-09
-8.78441e-07
8.75497e-07
8.12158e-09
-8.81417e-07
8.73295e-07
4.33751e-09
-8.62879e-07
8.58541e-07
-1.40111e-09
-8.45062e-07
8.46463e-07
-1.04952e-09
-8.44539e-07
8.45589e-07
5.07239e-07
-3.41812e-07
-1.65427e-07
7.49021e-07
5.64844e-09
1.12418e-06
8.24162e-07
-8.30008e-07
5.84565e-09
2.64892e-09
-1.12618e-06
1.12353e-06
1.12915e-06
-1.12915e-06
1.11419e-06
-4.59432e-11
-1.11414e-06
-3.88479e-09
-1.12346e-06
1.12593e-06
-1.12494e-06
-9.90429e-10
-6.99804e-07
-9.18748e-07
-1.98529e-08
7.38811e-07
1.41618e-07
1.12827e-06
-1.12665e-06
-1.62026e-09
-8.58831e-07
8.94047e-07
3.79298e-09
1.12511e-06
-6.19453e-07
-3.86931e-07
9.01207e-09
8.07541e-07
-8.16553e-07
-5.77206e-07
-9.84287e-08
-1.93598e-07
-1.18693e-07
3.1229e-07
8.48447e-07
8.48576e-07
8.85488e-07
8.85703e-07
8.79638e-07
8.6747e-07
-4.02109e-09
-8.50158e-07
8.54179e-07
8.51056e-07
-1.26236e-09
-3.33107e-07
1.12631e-06
-1.12366e-06
-2.81232e-08
9.06677e-07
-1.12946e-06
-7.70663e-07
9.5539e-07
1.11299e-06
5.47282e-10
-1.11353e-06
1.13063e-06
-2.31279e-09
-1.1282e-06
4.12988e-09
1.12407e-06
-8.50184e-07
-8.53465e-07
8.53465e-07
-8.57486e-07
-7.76328e-07
9.37181e-07
-1.60852e-07
-2.04139e-09
-1.12556e-06
5.87955e-07
-7.32968e-07
1.8548e-09
-1.12739e-06
-1.12604e-06
-2.99434e-07
-4.39448e-07
-1.12403e-06
-2.14338e-09
8.63508e-07
2.69455e-07
6.59344e-07
1.12482e-06
-1.12395e-06
-8.71836e-10
8.56609e-07
-5.66356e-07
-2.90253e-07
-4.08458e-07
2.1486e-07
-4.7389e-07
1.02368e-06
-4.10407e-07
8.5259e-07
-4.42183e-07
4.68581e-10
1.12755e-06
-1.11978e-06
1.12561e-06
-1.12627e-06
6.55224e-10
-6.37409e-07
2.71297e-07
3.66112e-07
-3.6759e-09
-8.49933e-07
8.53609e-07
1.17859e-06
-5.20271e-07
-6.58321e-07
7.61258e-10
1.11342e-06
-2.45405e-07
-3.92003e-07
-8.22792e-07
8.31804e-07
7.02704e-07
4.63173e-08
-8.18808e-07
-1.65605e-09
-8.50736e-07
8.52392e-07
8.77858e-07
-8.51466e-07
-5.21998e-07
-1.99064e-07
7.21061e-07
-1.12394e-06
1.12427e-06
-3.37227e-10
-8.29627e-07
8.39262e-07
1.12508e-06
-1.12583e-06
-7.51886e-07
-1.69765e-08
-1.13358e-06
1.12933e-06
-5.87217e-07
8.40997e-10
1.12572e-06
9.81325e-07
-5.42313e-07
-4.39012e-07
8.29516e-07
-1.5621e-07
9.29213e-07
-1.21672e-07
8.52286e-07
-8.55961e-07
1.12365e-06
-1.12364e-06
-5.4393e-12
8.52665e-07
-8.54321e-07
1.03417e-09
-1.12301e-06
1.12198e-06
-4.73367e-07
-1.1385e-07
3.63239e-09
-8.6485e-07
-1.12624e-06
1.60163e-09
7.51886e-07
-7.96107e-07
4.42213e-08
-1.21415e-07
9.19985e-07
-3.6359e-09
-8.35449e-07
8.48276e-07
7.7728e-09
1.12486e-06
-1.12414e-06
-7.2065e-10
1.38233e-09
1.12649e-06
5.70917e-07
-8.51014e-07
8.54646e-07
5.53156e-07
-3.27246e-09
-1.12492e-06
-4.29189e-07
-3.29058e-07
7.58247e-07
-8.13726e-07
-7.49733e-09
7.6461e-07
-6.89548e-07
-7.50616e-08
-1.54868e-07
8.92771e-07
-7.37903e-07
1.12559e-06
-1.12472e-06
-8.73403e-10
1.51558e-09
1.125e-06
7.18707e-09
8.57493e-07
-8.6468e-07
7.36765e-10
-1.12626e-06
-8.42586e-07
8.4503e-07
1.12518e-06
-1.12643e-06
1.24661e-09
1.13063e-06
-4.85993e-09
-7.85187e-07
-3.44086e-08
8.19595e-07
-1.13299e-06
-4.80674e-10
1.0036e-08
-8.62674e-07
-1.15383e-06
1.12471e-06
-1.12368e-06
-7.21025e-07
1.56249e-09
-2.77849e-09
-1.1243e-06
1.12491e-06
1.32475e-09
-1.17394e-06
1.67927e-10
-1.12545e-06
-4.98121e-08
-6.32322e-07
2.35152e-07
-1.12792e-06
1.12792e-06
-7.10591e-07
8.68543e-07
-1.57952e-07
1.13005e-06
-6.74529e-07
8.41028e-07
-1.66499e-07
-7.27132e-07
8.80322e-07
-1.53191e-07
-8.44259e-07
-1.26145e-08
8.70317e-07
-8.57703e-07
-7.31946e-07
7.12844e-07
-1.86639e-07
1.1264e-06
-1.12789e-06
1.48437e-09
1.12622e-06
-1.12771e-06
1.484e-09
1.12545e-06
-1.12705e-06
1.59574e-09
-1.25024e-09
-1.12634e-06
-6.76941e-07
8.54794e-07
-1.77854e-07
1.1258e-06
-1.12493e-06
-8.7315e-10
1.12541e-06
1.58383e-07
-9.01926e-07
1.12481e-06
1.20704e-09
-1.12532e-06
2.49892e-10
2.65844e-07
1.12528e-06
-1.12623e-06
9.50294e-10
2.34895e-08
8.45788e-07
-8.69278e-07
-8.26342e-07
-3.28551e-09
8.29627e-07
-1.12771e-06
-1.12525e-06
1.12381e-06
1.44082e-09
8.57342e-07
-8.47306e-07
-1.12613e-06
1.12472e-06
1.40822e-09
-8.33679e-07
7.99018e-07
3.46602e-08
-1.12627e-06
1.1249e-06
1.36649e-09
1.12802e-06
-1.12666e-06
-1.35771e-09
-8.43942e-07
8.51129e-07
-9.08264e-07
-4.90875e-07
-9.25532e-07
-1.92712e-07
9.29867e-07
-7.37155e-07
1.12378e-06
-3.21456e-09
-1.12218e-06
-8.50855e-07
8.30702e-10
-1.12657e-06
1.12574e-06
-8.96616e-07
8.53677e-07
1.82632e-09
1.12695e-06
1.12454e-06
1.38944e-09
-1.12522e-06
2.79548e-10
-8.86278e-08
-3.1983e-07
-8.60801e-07
8.48186e-07
-8.95414e-07
1.54368e-07
7.41046e-07
-3.01082e-07
-3.3124e-07
-8.56614e-07
8.92454e-07
1.38205e-07
2.50884e-10
1.12418e-06
-1.12443e-06
8.48382e-07
-8.52018e-07
-1.12718e-06
1.13282e-06
-1.12944e-06
-2.82107e-07
-2.37217e-07
5.19325e-07
-8.02759e-07
-2.87375e-08
-1.13322e-06
1.87318e-09
-3.04942e-08
-8.5143e-07
8.49933e-07
1.49706e-09
9.31306e-07
-8.83675e-08
1.12592e-06
-1.12487e-06
-1.04525e-09
1.12441e-06
4.10235e-10
-1.12508e-06
1.12369e-09
1.12527e-06
-1.12564e-06
3.6623e-10
-7.60309e-10
8.03312e-10
-1.13024e-06
-8.31804e-07
-1.80215e-08
3.26543e-08
-9.22967e-07
-5.93168e-09
1.12958e-06
-1.13972e-06
-3.28643e-10
-1.12268e-06
-9.21226e-07
8.93103e-07
3.81327e-10
8.23781e-07
-8.51547e-07
8.50736e-07
8.11114e-10
-7.3339e-07
-1.52143e-07
8.60995e-07
8.09417e-07
-8.43826e-07
1.12486e-06
-1.12466e-06
-8.70791e-07
8.51252e-07
-7.55537e-07
-3.98295e-07
1.12454e-06
-7.63601e-10
-1.12488e-06
1.03083e-06
-8.60223e-07
1.13452e-07
7.4677e-07
1.77407e-07
-8.61942e-07
1.35638e-07
1.08777e-08
1.46077e-07
-8.93603e-07
7.47526e-07
1.7248e-07
-1.05202e-06
8.79536e-07
1.12461e-06
9.84503e-10
-1.08362e-09
-1.12484e-06
1.3974e-07
-8.82093e-07
7.42353e-07
-1.12504e-06
3.18621e-10
1.11934e-08
8.39744e-07
-9.53287e-07
-9.44236e-07
1.3051e-07
-7.81302e-07
8.50158e-07
-8.52843e-07
2.68572e-09
-3.66285e-09
-1.1243e-06
3.98497e-09
1.12232e-06
-6.56059e-07
-6.28359e-07
8.54762e-07
-8.54762e-07
-8.26342e-07
-8.06045e-07
-8.58831e-07
-1.1191e-06
-2.60265e-09
1.1217e-06
-7.82136e-07
-7.94844e-08
1.60113e-07
7.38599e-07
-8.98712e-07
1.69149e-07
7.02865e-07
-8.72014e-07
1.53582e-07
-9.15067e-07
7.61485e-07
8.23065e-07
8.93315e-07
-7.34932e-07
8.89872e-07
9.35557e-07
-8.22816e-07
8.28569e-07
-8.59063e-07
1.12577e-06
-1.12486e-06
-9.02021e-10
-1.09034e-06
-8.51756e-07
1.12444e-06
1.36409e-09
-1.12505e-06
1.23546e-10
1.12439e-06
-5.02215e-08
1.12468e-06
-1.12582e-06
1.14389e-09
1.1266e-06
-1.1219e-06
1.8828e-08
-6.98176e-07
6.79348e-07
4.61076e-10
8.653e-07
7.46289e-09
9.28094e-07
9.54796e-07
-8.12251e-07
-6.81798e-07
-1.78425e-07
5.72448e-08
7.72271e-07
-8.71616e-07
-1.12546e-06
1.12544e-06
1.27476e-11
8.74899e-07
-8.93103e-07
1.82036e-08
-8.91497e-07
1.58107e-07
-1.21937e-06
1.70401e-07
1.04897e-06
1.12595e-06
5.31659e-07
7.40276e-07
1.12682e-06
-1.12682e-06
-3.93185e-07
1.29762e-09
8.45788e-07
-8.62097e-07
3.55046e-09
8.58547e-07
-1.12503e-06
-1.12649e-06
1.12443e-06
1.48838e-09
-1.12489e-06
2.01068e-11
1.12337e-06
-5.05733e-11
-1.12565e-06
-8.78391e-07
7.60041e-09
8.76855e-07
-7.37115e-07
-6.7243e-07
8.25023e-07
-1.12781e-06
9.14038e-07
-7.36631e-07
8.80448e-07
-7.34371e-07
9.06739e-07
-7.34258e-07
-1.31892e-09
1.12512e-06
-1.12965e-06
8.59292e-07
-8.48098e-07
-8.27166e-07
8.27548e-07
-1.1226e-06
-5.49327e-10
1.12315e-06
1.8709e-07
8.55759e-07
-2.36433e-09
-1.12431e-06
1.51081e-08
8.39859e-07
-5.40752e-07
4.15992e-07
1.24759e-07
-8.5143e-07
8.8617e-07
-7.26057e-07
8.91895e-07
-7.22747e-07
8.91978e-07
-7.38397e-07
8.54083e-07
9.9796e-09
-9.54216e-07
1.14126e-06
-1.09294e-06
-1.26424e-07
8.55425e-07
-8.55425e-07
7.5521e-07
-1.14679e-07
-5.24185e-07
4.10334e-07
7.4221e-07
1.50561e-07
1.12465e-06
1.11898e-09
1.13572e-06
-1.12796e-06
-7.76417e-09
-1.12497e-06
1.0842e-10
-1.12582e-06
1.12429e-06
-1.12521e-06
9.19533e-10
-8.53295e-07
1.04375e-08
-8.5278e-07
1.64716e-08
-8.54076e-07
-2.43654e-08
-8.47442e-07
-3.39742e-08
-8.79817e-07
1.69378e-08
-8.66823e-07
2.17606e-08
-8.64237e-07
1.96975e-08
-1.54664e-09
1.12391e-06
-1.12237e-06
-1.12583e-06
1.81581e-09
-2.43334e-09
1.13307e-06
1.12442e-06
-1.12577e-06
1.35419e-09
-1.02566e-06
1.95017e-07
-3.66276e-09
7.20162e-07
2.91512e-08
-9.03054e-07
8.73903e-07
-9.81211e-07
6.24636e-08
1.12635e-06
-1.12543e-06
-7.61323e-07
8.0764e-07
5.89342e-10
-1.12605e-06
1.12307e-06
1.64352e-09
8.53464e-07
-8.53464e-07
-8.22792e-07
5.21243e-07
7.5258e-07
2.54649e-10
-1.1239e-06
-8.51547e-07
-5.11858e-09
-5.49659e-07
2.03795e-06
-1.48829e-06
-6.66517e-07
-8.20568e-07
1.48708e-06
-1.12376e-06
1.12375e-06
8.59097e-13
8.55992e-07
-8.55531e-07
8.30102e-07
-8.22639e-07
-8.52392e-07
8.5261e-07
-2.1774e-10
7.85115e-07
-7.66287e-07
2.89569e-07
-2.77358e-07
-1.22107e-08
-9.21266e-07
7.30049e-08
-1.56602e-07
8.39502e-07
-7.48924e-08
-1.54566e-11
-9.81196e-07
1.12361e-06
2.86415e-10
-1.12442e-06
8.6577e-07
8.78956e-07
8.52957e-07
-6.07244e-07
5.29413e-07
-7.7431e-07
1.12535e-06
-1.12491e-06
-1.57381e-07
-7.34116e-07
-2.85223e-09
-1.15675e-06
1.32715e-06
7.14702e-07
1.56739e-07
-8.71441e-07
-1.45792e-06
1.12634e-06
8.52087e-07
-8.28344e-07
-1.123e-06
-1.12395e-06
1.12543e-06
-1.47149e-09
8.94047e-07
7.94896e-07
-8.11874e-07
-7.31062e-07
8.58396e-07
-1.27334e-07
-4.78222e-09
1.11777e-06
1.12423e-06
-1.12514e-06
9.05678e-10
-2.28402e-09
-9.18866e-07
9.2123e-08
-8.45962e-07
-4.94507e-09
-5.34399e-10
-4.4975e-10
-4.09833e-10
-4.11582e-10
-5.33037e-10
-6.20934e-10
-4.45533e-10
-4.57179e-10
-5.42567e-10
8.92515e-10
1.12918e-06
6.53891e-09
-8.73665e-07
1.10245e-08
-8.52843e-07
8.43826e-07
-8.65521e-07
-1.12512e-06
1.12487e-06
-2.70719e-09
1.12471e-06
7.82034e-07
1.47833e-07
-2.06546e-08
8.82516e-07
-6.62826e-07
-8.70873e-07
1.04749e-08
1.77983e-07
-1.06408e-06
1.24772e-07
-7.41847e-07
6.17075e-07
1.30717e-07
-8.69464e-07
7.38748e-07
1.252e-07
-8.4014e-07
7.1494e-07
2.11189e-07
-1.01061e-06
1.03228e-07
-7.94594e-07
6.91366e-07
3.23641e-07
-9.00383e-07
4.57052e-09
-8.66163e-07
1.55572e-07
-2.35706e-10
1.12664e-06
-8.33874e-07
1.59344e-07
-3.15386e-10
1.12654e-06
-1.1252e-06
-8.79913e-07
1.52782e-07
-1.12533e-06
3.84011e-10
1.12507e-06
-1.12476e-06
1.54671e-07
-8.83129e-07
-8.45826e-07
-8.4577e-07
-8.464e-07
-8.43992e-07
-8.62853e-07
-8.62721e-07
-8.54905e-07
9.71114e-07
-6.85689e-07
1.12553e-06
-1.12491e-06
8.51211e-07
2.2151e-07
-9.16037e-07
8.27901e-07
-8.31564e-07
-1.12293e-06
-1.82117e-07
8.41292e-07
-1.8046e-07
9.36154e-07
-9.52251e-09
-1.11107e-08
-1.36386e-08
-1.50054e-08
2.75197e-08
-9.07867e-07
2.44006e-08
-9.07646e-07
3.48008e-08
-9.21944e-07
-1.12229e-06
-1.12214e-06
5.61404e-11
1.12375e-06
1.20923e-09
1.12351e-06
-7.4053e-07
-8.57947e-07
5.10143e-09
-8.68528e-07
1.44823e-08
-8.72065e-07
1.3862e-08
-8.70483e-07
1.48741e-08
-8.76095e-07
1.12624e-08
-8.72847e-07
1.3473e-08
-8.74545e-07
8.25327e-09
8.59961e-07
2.25927e-08
-8.82553e-07
1.12375e-06
-1.12469e-06
1.99225e-09
1.12291e-06
-3.02063e-08
1.70194e-10
-8.70566e-07
-8.36484e-07
-1.12478e-06
8.29153e-10
1.12405e-06
1.37116e-09
2.75025e-09
8.5386e-07
-8.5661e-07
3.05992e-08
-2.99296e-08
8.28948e-07
1.03809e-06
-5.99017e-10
-8.26637e-07
-3.37144e-09
-8.38064e-07
-1.27698e-08
8.50834e-07
9.54429e-07
-1.72483e-08
1.12347e-06
-1.12627e-06
2.80963e-09
1.70876e-07
-6.4689e-07
-1.75158e-07
-8.88443e-07
-8.92238e-07
1.56665e-07
-8.32056e-07
1.55115e-07
5.32102e-07
1.21063e-07
-9.62736e-07
-3.15059e-09
7.23943e-07
1.61104e-07
-8.85047e-07
-8.88839e-07
1.212e-07
7.67639e-07
7.13187e-07
1.55357e-07
7.35446e-07
1.56532e-07
7.36743e-07
1.55153e-07
6.82414e-07
1.58614e-07
7.30646e-07
1.55524e-07
7.28375e-07
1.51947e-07
7.23083e-07
1.53772e-07
1.54849e-07
-8.91964e-07
-1.12598e-06
-5.87903e-10
-1.12653e-06
-1.68171e-09
-8.52379e-07
1.33091e-07
7.19288e-07
-7.18096e-07
-6.91246e-07
1.40934e-06
1.12506e-06
-1.00391e-09
-1.17844e-09
-1.12407e-06
1.12497e-06
-1.13216e-06
1.45811e-08
1.11758e-06
-7.06252e-07
-1.02621e-07
1.12555e-06
-1.12443e-06
8.20096e-08
-1.23876e-06
7.04021e-07
1.50773e-07
8.44646e-07
7.97654e-07
1.30441e-07
8.8147e-07
-1.3926e-07
2.65047e-08
-8.05455e-07
7.7895e-07
-8.61498e-07
1.3453e-07
-8.79064e-07
7.44534e-07
-1.14299e-08
8.56275e-07
-1.53693e-08
8.51099e-07
2.43986e-08
8.51208e-07
2.20872e-08
8.39862e-07
1.86794e-08
8.66131e-07
-1.96673e-08
8.64952e-07
-1.93632e-08
8.57435e-07
1.85695e-09
8.32349e-07
-1.49601e-09
-8.5196e-07
5.99745e-09
9.24371e-09
1.12725e-06
-1.12645e-06
-8.506e-07
6.65801e-09
4.7279e-09
7.21822e-07
-8.7018e-07
1.48358e-07
-7.46396e-07
8.25605e-07
-1.71224e-09
-9.95959e-07
1.33862e-07
7.94882e-07
1.14546e-07
1.12395e-06
-1.12488e-06
9.29006e-10
-1.12466e-06
1.12466e-06
8.83839e-07
-1.69137e-07
-8.61377e-07
1.55504e-08
-8.65581e-07
1.98111e-08
-8.6507e-07
1.86701e-08
-8.54736e-07
1.07443e-08
-8.77393e-07
1.45399e-08
-8.78425e-07
1.57037e-08
-8.65688e-07
1.07832e-08
-8.54942e-07
7.63571e-09
-2.28788e-09
-1.12796e-06
4.80106e-09
1.12373e-06
1.33275e-09
-1.13039e-06
8.37959e-07
-8.20211e-07
6.33572e-07
-1.5683e-07
8.44359e-07
6.76973e-09
-7.71e-07
7.3869e-07
-8.37118e-07
1.1255e-06
7.84939e-07
-6.47772e-08
5.59154e-07
-7.62984e-07
-8.17632e-07
1.29704e-06
-1.21503e-06
7.35651e-07
-8.8578e-07
1.50129e-07
-8.81454e-07
1.55397e-07
1.12062e-06
-1.1254e-06
-8.78057e-07
1.5531e-07
-8.95682e-07
1.57285e-07
7.31316e-07
1.50154e-07
7.52672e-07
1.54066e-07
7.26756e-07
1.53692e-07
7.57477e-07
1.56561e-07
7.32175e-07
1.64203e-07
-1.24641e-06
1.1258e-06
-1.12443e-06
-1.10234e-07
8.55975e-07
1.12463e-06
-1.12487e-06
-3.65986e-07
2.35557e-09
-2.08239e-07
1.25721e-06
1.12319e-06
-1.12449e-06
1.29823e-09
-6.13348e-07
3.54173e-07
-7.9488e-07
-5.57047e-07
-1.8911e-08
1.14163e-06
1.58638e-07
-8.92754e-07
3.06246e-07
4.52001e-07
8.80182e-07
-8.35744e-07
-1.1233e-06
1.12176e-06
1.12461e-06
-1.1248e-06
-2.32407e-09
-1.12682e-06
1.12606e-06
-8.6869e-07
1.12388e-06
-6.86014e-10
-1.37275e-07
-4.41444e-07
-6.2264e-07
8.21739e-07
-8.62877e-07
-7.64398e-10
-8.00748e-07
1.12467e-06
-1.12179e-06
-8.51014e-07
6.60522e-07
6.00923e-07
-8.28569e-07
7.98639e-07
8.54047e-07
-8.54646e-07
8.00021e-07
-7.98639e-07
-1.38217e-09
-8.30538e-07
8.27166e-07
8.14778e-07
-8.27548e-07
8.5536e-07
-8.5261e-07
-7.9204e-07
8.22639e-07
-8.5536e-07
8.55531e-07
-8.28269e-07
7.66287e-07
6.1982e-08
-8.42307e-07
-1.11908e-07
1.12368e-06
-1.12457e-06
8.91962e-10
7.35266e-07
1.58049e-07
2.27492e-09
-1.03746e-07
4.60227e-07
1.12573e-06
-1.12443e-06
-1.30003e-09
1.32952e-09
-1.12786e-06
-4.33719e-10
1.12649e-06
-1.12606e-06
1.12371e-06
-8.33541e-07
-9.76254e-07
9.76238e-07
-1.12595e-06
2.57523e-09
-8.96087e-07
2.01939e-07
8.66165e-07
-8.7975e-07
1.12452e-06
1.14354e-06
-1.11881e-06
-2.47334e-08
1.12436e-06
-1.12415e-06
-9.26723e-07
-6.9236e-08
-1.12763e-06
-8.1613e-07
-8.20116e-07
2.48473e-09
-1.28781e-07
8.34749e-07
1.1968e-07
1.12195e-06
-1.51301e-07
1.12445e-06
-2.73214e-10
-1.08398e-06
-1.33831e-09
1.13067e-06
8.27901e-07
8.54179e-07
8.21739e-07
8.55717e-07
8.30102e-07
8.39262e-07
-8.31564e-07
-7.9204e-07
8.5827e-07
8.55992e-07
8.80182e-07
-8.28269e-07
8.53609e-07
8.09417e-07
-8.59063e-07
7.85115e-07
7.86971e-07
8.00021e-07
-8.52018e-07
8.14778e-07
8.54047e-07
6.97035e-07
-6.97035e-07
8.55177e-07
-1.12716e-06
-8.8715e-07
8.907e-07
-7.344e-07
8.93037e-07
1.12322e-06
-1.12454e-06
1.32422e-09
-3.44406e-08
-7.17985e-10
-8.71939e-07
3.24849e-09
-8.72273e-08
8.50185e-07
9.69124e-10
-1.11624e-06
1.11527e-06
1.22963e-09
3.75996e-09
-1.11221e-06
4.31937e-10
1.11178e-06
5.04993e-08
-1.15949e-06
1.10899e-06
1.12243e-06
1.49573e-09
-1.12392e-06
1.12232e-06
1.55828e-09
-8.06298e-07
7.36168e-07
1.47672e-07
-1.11784e-06
-6.44196e-09
1.12428e-06
1.13114e-06
2.39313e-09
1.11582e-06
2.77237e-08
1.12397e-06
-1.12352e-06
-1.12463e-06
1.12296e-06
1.16852e-09
5.33203e-08
-1.02957e-06
-1.10052e-09
8.89175e-07
-7.28071e-07
8.6484e-07
-8.52518e-07
-1.23214e-08
1.02508e-06
-6.89871e-07
-3.35205e-07
9.70487e-07
-8.49287e-07
8.91449e-07
-7.36092e-07
8.91361e-07
-7.35789e-07
8.92114e-07
-7.35582e-07
8.92021e-07
-7.36868e-07
8.75679e-07
-7.17065e-07
8.76617e-07
-7.17272e-07
-9.12746e-08
-1.14749e-06
8.88478e-07
-7.32954e-07
8.87687e-07
-7.3574e-07
8.89205e-07
-7.36423e-07
8.90103e-07
-7.36331e-07
8.90883e-07
-7.36034e-07
-4.82216e-10
6.65377e-10
-1.11686e-06
1.11619e-06
-1.93654e-09
1.17369e-06
-2.21133e-08
-1.15158e-06
8.802e-07
-7.15997e-07
8.92464e-07
-7.35179e-07
1.12708e-06
1.02438e-06
-7.187e-07
-3.0568e-07
8.92237e-07
-7.36927e-07
8.88402e-07
-7.33005e-07
8.68545e-07
-7.35454e-07
8.91722e-07
-7.37354e-07
8.72425e-07
8.87643e-07
-7.37489e-07
1.12397e-06
-1.54214e-09
-9.11191e-07
7.77205e-07
1.33986e-07
-1.02143e-06
7.38261e-07
1.11023e-09
1.12316e-06
-1.12406e-06
8.97955e-10
1.29704e-06
-1.55004e-08
1.14468e-06
8.88695e-07
-7.37922e-07
-1.11109e-06
1.1171e-06
-2.10832e-09
-6.0369e-09
-1.12695e-06
4.99008e-10
2.91951e-10
-1.13832e-06
1.18882e-06
-8.12209e-07
-8.35744e-07
-8.46307e-07
8.36922e-07
8.48085e-07
-1.04603e-06
1.19307e-07
8.92013e-07
-7.36898e-07
2.74911e-09
-1.50918e-07
-1.12129e-06
-7.48195e-10
1.12204e-06
6.56622e-08
-8.62877e-07
-8.56051e-07
8.59527e-07
-3.47622e-09
9.94739e-07
-8.44022e-07
-2.0828e-08
-1.18422e-06
9.0234e-07
-1.00017e-07
8.67845e-07
1.12379e-06
-1.12308e-06
1.12435e-06
1.12372e-06
-1.12344e-06
-8.45875e-07
8.44331e-07
1.54382e-09
-8.01414e-07
-4.63134e-09
9.12543e-07
-7.64184e-07
8.73481e-07
2.06224e-09
-7.34705e-07
9.13983e-07
-7.59312e-07
-7.90048e-07
8.93588e-07
-7.37027e-07
8.92588e-07
-7.38896e-07
8.88272e-07
-7.34206e-07
8.93066e-07
-7.51448e-07
-8.56559e-07
8.68251e-07
-1.16922e-08
5.10859e-09
5.83671e-10
8.19509e-07
-1.36012e-08
9.0124e-07
-7.51111e-07
8.88754e-07
-7.38193e-07
-1.12275e-06
1.12425e-06
-1.12952e-06
1.13094e-06
1.88634e-09
1.50391e-06
-1.32935e-06
8.33229e-07
-8.00574e-07
9.2626e-07
-9.3769e-07
8.35713e-07
-8.25276e-07
8.50505e-07
-8.34955e-07
9.18136e-07
-9.33506e-07
8.05431e-07
-7.8896e-07
8.45843e-07
-8.26032e-07
8.93166e-07
-8.68768e-07
1.01698e-06
-1.04135e-06
8.48991e-07
-8.30321e-07
8.91844e-07
-8.69757e-07
1.01026e-06
-1.04423e-06
8.06672e-07
-7.95927e-07
8.201e-07
-8.0142e-07
8.68367e-07
-8.5143e-07
9.11586e-07
-8.97046e-07
9.80619e-07
-1.00029e-06
8.38768e-07
-8.17007e-07
9.09217e-07
-8.93513e-07
9.75597e-07
-9.9496e-07
8.35543e-07
-8.15845e-07
8.95531e-07
-8.84747e-07
9.08052e-07
-9.06195e-07
8.78505e-07
-8.69261e-07
8.88727e-07
-8.81091e-07
8.98728e-07
-9.00224e-07
8.68606e-07
-8.66746e-07
8.52398e-07
-8.46326e-07
8.51106e-07
-8.45109e-07
-1.6037e-09
8.50617e-07
-8.43847e-07
-1.12325e-06
-8.91409e-11
8.50499e-07
-8.43841e-07
1.12405e-06
-1.1229e-06
8.50547e-07
-8.42775e-07
8.49285e-07
-8.44557e-07
1.17369e-06
1.34612e-09
8.49714e-07
-8.45638e-07
-1.12388e-06
-2.39532e-09
-1.12336e-06
1.12336e-06
-1.12974e-06
5.85939e-09
-8.53396e-07
8.51443e-07
-8.44113e-07
1.12401e-06
-9.92709e-07
-4.36782e-08
1.1802e-09
1.12316e-06
-1.12294e-06
-1.16043e-06
1.13961e-06
-1.13307e-06
-1.1147e-06
-1.50428e-08
9.07002e-07
8.50808e-07
-8.46007e-07
3.22684e-09
-6.22926e-09
-5.50915e-09
8.97057e-07
-7.49224e-07
5.42638e-09
-1.12272e-06
1.12402e-06
9.13902e-07
-7.59065e-07
8.47326e-07
-8.48636e-07
1.12646e-06
-1.12688e-06
-1.13589e-06
-3.22029e-07
-1.12296e-06
1.12293e-06
-1.21503e-06
1.12757e-06
8.12527e-07
1.42268e-07
-1.1469e-06
1.15634e-06
3.34185e-07
5.49831e-07
1.32935e-06
-1.22298e-06
1.13961e-06
1.02428e-09
7.36696e-10
-1.12762e-06
2.73675e-09
1.12486e-06
1.12221e-06
1.70182e-09
-1.15634e-06
1.18663e-06
-3.12227e-10
1.12245e-06
1.51842e-09
8.52178e-07
-8.46563e-07
-7.52222e-08
-1.1469e-06
5.71555e-10
-1.11464e-06
1.11407e-06
1.14278e-06
-1.13045e-06
-1.13431e-06
-1.14278e-06
8.95143e-07
-7.36257e-07
1.12814e-06
-4.16277e-09
-1.98027e-09
1.13012e-06
-1.12892e-06
1.47188e-07
-1.12609e-06
1.12592e-06
1.18663e-06
1.22298e-06
1.12609e-06
-1.12778e-06
-1.13271e-06
-3.62849e-09
6.3677e-09
-1.1242e-06
-1.1302e-06
1.12615e-06
1.12592e-06
-1.12621e-06
-1.13177e-06
1.13045e-06
-1.12277e-06
1.12414e-06
1.12276e-06
1.13177e-06
1.12789e-06
-1.12778e-06
-1.13141e-06
-6.70899e-09
1.13543e-06
-1.12342e-06
1.12412e-06
1.03806e-09
-1.12516e-06
1.42137e-09
1.12647e-06
1.12931e-06
-2.36029e-09
-1.13543e-06
1.13141e-06
1.12387e-06
2.53344e-10
1.12719e-06
1.12491e-06
-1.12342e-06
-1.13013e-06
1.85093e-09
-1.12422e-06
1.39732e-09
-1.12415e-06
-1.1345e-06
1.12556e-06
-1.41724e-09
1.11719e-06
-1.11577e-06
1.1247e-06
2.12195e-10
1.12351e-06
1.37641e-09
-1.1241e-06
1.12411e-06
-5.92191e-10
1.28198e-09
-7.72386e-10
1.12447e-06
-1.12369e-06
1.12411e-06
-5.43597e-12
-1.12389e-06
1.12242e-06
1.12284e-06
-1.12343e-06
1.56576e-09
-7.47121e-11
1.11552e-06
-1.11545e-06
1.12466e-06
-1.12577e-06
-5.06349e-10
1.12462e-06
-1.12415e-06
1.12362e-06
-1.62524e-09
1.12356e-06
-1.12194e-06
-1.12528e-06
-1.12263e-06
1.12342e-06
-7.9579e-10
1.1248e-06
1.77532e-09
9.73355e-10
1.12533e-06
-5.35431e-10
1.12332e-06
-1.1266e-06
1.1266e-06
-1.12253e-06
1.12342e-06
1.12309e-06
-1.1241e-06
1.47767e-09
1.12294e-06
-1.12287e-06
1.12294e-06
-1.1222e-06
1.12495e-06
1.48535e-09
1.12188e-06
-1.12279e-06
-8.51421e-10
1.12417e-06
-1.1241e-06
1.12478e-06
-6.46082e-10
1.1222e-06
-1.12275e-06
1.12364e-06
-1.12288e-06
1.12288e-06
-1.1229e-06
7.09079e-10
1.12208e-06
-1.12313e-06
1.37469e-09
-4.72298e-10
1.1243e-06
-6.60514e-10
1.12254e-06
-1.123e-06
1.45543e-09
1.12239e-06
-1.12326e-06
1.1233e-06
-5.82517e-10
1.12269e-06
-1.12313e-06
1.12412e-06
-6.65335e-10
2.50752e-09
1.12248e-06
-1.12335e-06
1.12401e-06
-7.09533e-10
1.12279e-06
-1.12341e-06
1.1248e-06
-5.82287e-10
-6.13016e-10
1.12356e-06
1.12276e-06
-1.12363e-06
-1.12409e-06
1.12351e-06
1.12313e-06
-1.12366e-06
-5.72937e-10
-6.58117e-10
1.01742e-09
1.12289e-06
-1.12391e-06
3.11705e-09
1.12338e-06
-1.12437e-06
1.1242e-06
-6.33779e-10
1.12325e-06
-1.12382e-06
1.12341e-06
2.39616e-09
-1.12406e-06
1.12311e-06
-5.59072e-10
-6.52386e-10
-1.12394e-06
1.12353e-06
-1.1218e-06
1.1218e-06
-1.12214e-06
-7.81768e-12
1.12408e-06
-1.12408e-06
-6.91038e-10
3.20701e-09
-5.02762e-10
-2.77559e-10
1.12287e-06
-2.4795e-11
-5.37305e-10
-7.05574e-10
-9.67037e-10
-2.80618e-09
1.12391e-06
-1.1211e-06
-1.12975e-06
-1.12049e-06
1.12049e-06
-1.12104e-06
-1.12356e-06
1.12326e-06
3.04924e-10
3.46054e-09
-1.62977e-10
-1.12493e-06
1.36622e-09
1.11919e-06
-1.11994e-06
1.11919e-06
2.15155e-09
-1.12444e-06
6.20945e-10
1.77951e-09
1.12168e-06
-1.12095e-06
-7.35406e-10
1.12168e-06
-1.12155e-06
1.12202e-06
-4.73731e-10
1.12155e-06
1.33619e-10
-1.12095e-06
-1.12121e-06
2.64836e-10
1.12501e-06
-1.12299e-06
1.12501e-06
-1.48829e-06
1.12612e-06
-1.12305e-06
-1.12297e-06
1.12297e-06
1.13436e-06
-1.12323e-06
1.12612e-06
1.13436e-06
-1.12284e-06
1.12284e-06
1.1229e-06
-1.1229e-06
1.12323e-06
-1.14079e-06
-1.12316e-06
1.12296e-06
-1.12296e-06
-1.12286e-06
1.12286e-06
-1.11994e-06
1.11285e-06
-1.11285e-06
1.12202e-06
1.12158e-06
-1.12158e-06
1.12293e-06
1.12302e-06
-1.12302e-06
-1.13257e-06
-1.12288e-06
1.12288e-06
-1.13013e-06
-1.1229e-06
-1.12104e-06
-1.12214e-06
1.12038e-06
-1.12038e-06
1.12479e-06
-1.12479e-06
-1.1229e-06
1.1229e-06
-1.12285e-06
1.12285e-06
-1.15158e-06
-1.12965e-06
-1.12289e-06
1.12289e-06
-1.12121e-06
-1.12305e-06
1.12299e-06
-1.12491e-06
-1.12287e-06
1.1228e-06
-1.1228e-06
-1.12277e-06
1.12277e-06
1.12607e-06
-1.12421e-06
-1.12607e-06
1.12421e-06
-1.12491e-06
-1.22422e-09
1.97786e-09
-1.12388e-06
-1.12308e-06
1.12456e-06
-1.03881e-09
1.12667e-06
-1.14188e-09
-1.12553e-06
-1.12306e-06
1.12484e-06
1.12545e-06
1.12743e-06
-1.12451e-06
1.42643e-09
1.12645e-06
1.50541e-09
-1.12165e-06
1.12325e-06
1.1274e-06
3.18386e-09
1.12636e-06
9.00635e-10
-8.69152e-10
-1.12011e-06
1.12073e-06
1.12726e-06
1.12634e-06
-1.1198e-06
1.12117e-06
3.14021e-09
1.12712e-06
1.12625e-06
-9.28574e-10
1.11671e-06
-1.11578e-06
1.12598e-06
2.68584e-10
1.75533e-09
-1.12718e-06
1.12508e-06
-1.12097e-06
1.12313e-06
-1.60495e-10
1.92769e-10
1.12683e-06
-1.1198e-06
1.12326e-06
1.12667e-06
-1.12242e-06
1.12334e-06
3.32578e-09
1.43683e-09
1.12733e-06
-8.42995e-10
1.11844e-06
-1.11759e-06
1.12838e-06
1.12982e-06
-1.12343e-06
1.12289e-06
1.12555e-06
-3.29187e-09
1.1263e-06
-1.12334e-06
1.12318e-06
1.12679e-06
-7.95936e-12
4.42663e-10
-1.12016e-06
1.12336e-06
1.1235e-06
-1.12245e-06
1.1235e-06
3.02399e-09
1.12395e-06
-9.15793e-10
1.11997e-06
-1.11906e-06
-1.12358e-06
1.12261e-06
1.12538e-06
-1.43053e-09
-2.97036e-09
1.12593e-06
1.09797e-09
1.12633e-06
1.12518e-06
-1.1233e-06
1.12328e-06
1.12628e-06
1.95897e-10
1.12331e-06
-1.12043e-06
1.12354e-06
-1.12359e-06
1.12308e-06
1.12367e-06
-1.12224e-06
1.12395e-06
2.85141e-09
1.12079e-09
-1.30579e-09
1.12186e-06
-1.12056e-06
1.12482e-06
-1.1445e-09
1.12594e-06
-2.12688e-09
1.12492e-06
-1.12374e-06
1.12318e-06
-1.09223e-09
-1.12236e-06
1.12476e-06
1.12606e-06
1.58616e-09
1.00261e-09
1.12394e-06
-1.12364e-06
1.12535e-06
1.43728e-09
1.36445e-09
-1.12355e-06
1.12494e-06
-1.1248e-09
1.12342e-06
-1.12229e-06
1.12294e-06
-1.12389e-06
1.12332e-06
-1.12307e-06
-1.12454e-06
1.12204e-06
1.12386e-06
4.54995e-10
8.07634e-10
1.12231e-06
1.54859e-09
-1.12072e-06
1.12323e-06
-1.12178e-06
1.12322e-06
1.12276e-06
-1.32505e-09
1.12394e-06
-1.12262e-06
1.12413e-06
-1.122e-06
1.12345e-06
-1.124e-06
1.12341e-06
1.4425e-09
8.38294e-10
1.12503e-06
1.12415e-06
1.22626e-09
1.12499e-06
-1.12206e-06
1.12347e-06
1.1239e-06
-1.114e-09
1.12466e-06
-1.12343e-06
1.12483e-06
-1.12407e-06
1.12348e-06
1.39132e-09
-1.12238e-06
1.12376e-06
8.90581e-10
1.12389e-06
-1.12271e-06
1.12408e-06
-1.05648e-09
1.08595e-09
1.12436e-06
-1.12328e-06
1.12478e-06
1.12367e-06
1.04641e-09
-1.12241e-06
1.12312e-06
-1.12389e-06
8.4514e-10
1.12456e-06
-1.12437e-06
-1.12195e-06
1.12343e-06
1.12362e-06
1.66999e-09
1.12447e-06
1.12341e-06
-1.12591e-06
1.12648e-06
-5.69758e-10
2.74935e-10
1.12289e-06
1.16532e-09
1.12393e-06
-1.12277e-06
1.12431e-06
-1.11845e-06
1.12168e-06
-3.23035e-09
1.12359e-06
-1.12195e-06
1.12344e-06
-4.60099e-10
1.4785e-09
1.1224e-06
-1.12386e-06
1.46258e-09
1.12386e-06
-1.12213e-06
1.12391e-06
-1.12319e-06
1.12124e-06
1.9465e-09
1.1234e-06
-1.12287e-06
1.12422e-06
-1.13008e-06
1.13e-06
1.30419e-09
-1.72525e-09
-1.11672e-06
1.12411e-06
-7.09201e-10
-1.04047e-09
-1.1224e-06
1.06368e-09
1.12243e-06
-1.12349e-06
1.12376e-06
-3.51158e-09
1.12377e-06
-1.56107e-09
1.12522e-06
-1.45823e-09
2.60871e-10
-1.12345e-06
1.12307e-06
-1.65087e-09
1.12518e-06
-1.12228e-06
-1.61271e-09
-1.12292e-06
1.1239e-06
-1.12629e-06
1.12216e-06
4.1301e-09
1.12414e-06
-1.12455e-06
1.12186e-06
2.69103e-09
-1.58983e-09
1.12283e-06
-1.12339e-06
1.12222e-06
1.16729e-09
-1.12293e-06
1.12449e-06
1.12249e-06
-9.72081e-10
1.12339e-06
-2.01109e-09
1.12399e-06
-9.69013e-10
1.12275e-06
-1.12313e-06
1.12446e-06
-1.02175e-09
1.12286e-06
-1.14099e-10
1.12127e-06
1.12094e-06
1.11877e-06
2.17448e-09
-1.12355e-06
1.12483e-06
1.11676e-06
-1.12346e-06
1.12484e-06
-1.37546e-09
-1.12333e-06
1.1236e-06
-2.68844e-10
-9.09558e-10
-1.12694e-06
1.12507e-06
1.87084e-09
1.12018e-06
-3.42348e-09
4.61086e-09
1.10947e-06
-1.11408e-06
-1.12387e-06
1.12525e-06
-1.12272e-06
1.12105e-06
1.66094e-09
-1.12454e-06
1.46897e-09
1.12378e-06
-1.12754e-06
3.76534e-09
1.11857e-06
-1.63358e-09
-1.12171e-06
1.12334e-06
1.13467e-06
9.61825e-10
-5.74962e-10
-1.12202e-06
1.1226e-06
1.12318e-06
-1.12283e-06
1.12212e-06
7.11792e-10
1.12221e-06
-1.12544e-06
1.12403e-06
-1.12388e-06
1.1253e-06
-1.4271e-09
1.12278e-06
-5.75977e-10
-1.30698e-09
-1.12118e-06
1.12249e-06
1.12238e-06
4.02743e-10
-1.12432e-06
1.12572e-06
-1.12428e-06
1.12583e-06
-1.54881e-09
-1.12294e-06
1.12131e-06
1.62701e-09
1.12107e-06
1.11349e-06
-4.01968e-09
-9.79213e-10
-3.51427e-09
1.1205e-06
1.12273e-06
-1.14751e-09
-1.12466e-06
1.12651e-06
1.11291e-06
1.11851e-06
1.98544e-09
-8.2713e-09
-1.12039e-06
-8.18931e-10
-1.12039e-06
-1.11581e-06
1.11581e-06
-2.96081e-09
1.11712e-06
1.39581e-09
1.16213e-09
4.32316e-09
1.11074e-06
-1.11506e-06
-1.12281e-06
1.1214e-06
1.41879e-09
-1.12453e-06
1.12623e-06
-1.12182e-06
-1.0097e-09
-7.58091e-10
1.12267e-06
-1.12191e-06
8.43685e-07
-1.12282e-06
1.12124e-06
1.57495e-09
-1.123e-06
1.12147e-06
1.52683e-09
1.12035e-06
-3.23561e-09
1.11872e-06
-1.12687e-06
1.12304e-06
-1.12204e-06
1.12253e-06
-4.86372e-10
2.47855e-10
-1.04406e-09
1.12317e-06
1.12207e-06
9.68553e-10
-1.12055e-06
1.12055e-06
9.80451e-10
-1.12324e-06
1.12226e-06
-1.12305e-06
1.12316e-06
-1.08456e-09
4.19038e-09
1.13643e-06
-1.12673e-06
1.12843e-06
-1.7043e-09
1.1224e-06
-1.12258e-06
1.12129e-06
1.28659e-09
-1.12449e-06
1.4366e-09
1.12338e-06
1.12699e-06
8.47885e-10
1.12301e-06
-1.12192e-06
-1.09193e-09
1.12424e-06
-1.1255e-06
1.25396e-09
-4.74475e-09
1.61459e-10
1.12237e-06
-4.20281e-09
1.11729e-06
-6.5506e-09
-1.12684e-06
1.12937e-06
-2.53523e-09
-1.12143e-06
1.12057e-06
8.57663e-10
1.11621e-06
1.1233e-06
-9.33777e-10
1.0074e-09
-1.12325e-06
1.12224e-06
-7.03706e-09
1.12185e-06
1.16204e-09
-1.12239e-06
1.12143e-06
9.62777e-10
1.12226e-06
1.12276e-06
-1.12179e-06
1.12255e-06
-7.56734e-10
1.12326e-06
-9.95235e-10
-1.12131e-06
1.1226e-06
-1.29717e-09
-7.58294e-09
1.142e-06
-1.12058e-06
-1.37237e-08
1.12327e-06
1.12217e-06
9.78065e-10
-1.12315e-06
1.12232e-06
-1.12161e-06
1.11862e-06
2.98589e-09
1.24488e-09
3.11236e-07
8.30862e-07
-1.1421e-06
-1.12007e-06
-1.5431e-09
-9.23527e-10
1.12218e-06
-9.49342e-07
-1.1426e-09
1.12299e-06
1.12304e-06
-8.75406e-10
-1.12224e-06
1.1223e-06
-5.56161e-11
-7.3594e-07
1.12315e-06
9.79214e-10
1.12207e-06
-1.12715e-06
1.12951e-06
-2.36477e-09
4.67318e-12
-4.60115e-09
-1.02779e-06
-1.36619e-07
1.12201e-06
-1.12775e-06
1.13214e-06
-4.38492e-09
-1.12761e-06
1.12908e-06
-1.46956e-09
-1.1265e-06
1.12299e-06
1.12459e-06
1.12459e-06
1.12773e-06
-1.12773e-06
-1.12546e-06
-9.07515e-10
1.12766e-06
-1.12272e-06
1.41098e-09
1.12226e-06
-1.11887e-06
-3.38874e-09
2.095e-09
-1.1268e-06
9.23796e-10
-1.12241e-06
1.12149e-06
1.12173e-06
1.25599e-09
-1.67131e-09
-1.12209e-06
1.12353e-06
-1.44129e-09
-1.12117e-06
1.12455e-06
-3.37888e-09
1.12146e-06
1.53205e-09
-4.13335e-08
1.12273e-06
-9.93739e-10
4.52464e-09
1.12409e-06
-1.12409e-06
1.12341e-06
-1.12272e-06
2.5383e-09
-1.12565e-06
1.12998e-06
-4.33491e-09
-8.87568e-07
-1.12115e-06
1.12835e-06
-7.19755e-09
1.12099e-06
7.64119e-10
-1.12175e-06
1.12143e-06
-1.12675e-06
6.91818e-10
1.12068e-06
3.07771e-10
1.12277e-06
-7.0362e-10
-2.10642e-09
1.12073e-06
1.12236e-06
-1.12178e-06
-6.38145e-10
1.12307e-06
-1.12307e-06
-1.12755e-06
1.13392e-06
1.12945e-06
4.17024e-09
-1.13076e-06
1.12081e-06
8.50933e-07
-8.48577e-07
1.1245e-06
-1.12384e-06
1.13064e-06
1.13129e-06
-1.15527e-09
-1.13013e-06
8.54149e-07
-2.42855e-09
1.12337e-06
-1.1244e-06
1.02905e-09
3.63572e-10
1.12032e-06
8.55706e-07
-3.39028e-07
-4.01502e-07
-1.19731e-08
3.3979e-09
1.12158e-06
-1.12885e-06
1.12406e-06
-1.12814e-06
1.13908e-06
-1.09414e-08
1.12328e-06
1.43005e-07
-1.17079e-06
-2.6351e-10
1.11947e-06
-2.21217e-09
1.11484e-06
-1.11263e-06
-1.12197e-06
-2.87491e-08
-5.11391e-07
5.4014e-07
7.04717e-07
-8.19396e-07
1.11983e-06
1.11802e-06
1.80921e-09
8.59509e-07
1.12239e-06
-1.12279e-06
1.11233e-06
-1.11167e-06
1.0843e-10
-1.31307e-09
-1.11649e-06
1.1178e-06
1.11767e-06
3.52831e-10
1.54243e-07
1.36769e-07
1.72557e-07
2.80616e-07
1.55509e-07
1.55268e-07
1.56325e-07
1.5539e-07
3.09134e-08
1.41308e-07
1.59552e-07
1.71205e-07
-1.12767e-06
1.56882e-07
1.53428e-07
1.53465e-07
1.5368e-07
1.5537e-07
1.54552e-07
-1.12277e-06
-4.02638e-09
1.55448e-07
1.55687e-07
1.11621e-06
1.46513e-09
1.8165e-07
-1.11669e-06
1.13056e-06
-1.38614e-08
1.49845e-07
1.79031e-09
-1.12705e-06
1.52189e-07
-1.12213e-06
1.60708e-10
1.11895e-06
1.37225e-09
-1.1095e-06
1.11497e-06
1.11489e-06
1.12251e-06
-1.12251e-06
-1.15132e-06
1.0249e-06
1.97986e-07
-1.1179e-06
1.14144e-06
-2.35412e-08
1.58409e-07
1.55661e-07
1.55267e-07
1.55712e-07
1.50792e-07
-1.12296e-06
1.1193e-06
8.84803e-07
-7.37131e-07
-1.26555e-08
1.11268e-06
-1.12639e-06
-1.47382e-09
-2.67055e-07
2.81086e-09
1.12436e-06
-1.07614e-09
1.1011e-06
-3.10804e-09
-1.09799e-06
1.54091e-07
-1.11796e-06
1.51265e-07
-1.12603e-06
-1.6027e-09
-8.51969e-10
-1.12478e-06
9.38111e-10
-1.08295e-06
-3.63884e-09
1.08659e-06
1.12259e-06
-1.1171e-06
-6.39864e-09
-1.12266e-06
-6.2512e-09
-1.10466e-06
1.11091e-06
-1.12107e-06
3.11032e-09
1.10956e-06
3.12041e-09
-1.12717e-06
-1.12696e-06
9.16969e-10
-1.02743e-06
2.53122e-07
1.10689e-06
2.67258e-09
1.12964e-06
-1.13058e-06
1.10064e-06
1.10677e-06
8.06785e-09
-1.91252e-07
1.75645e-07
-1.09873e-06
1.16005e-06
-6.13182e-08
1.12266e-06
1.81531e-08
1.11081e-06
1.12289e-06
-1.12218e-06
-1.12299e-06
-1.02539e-06
4.41904e-08
1.09753e-06
1.14846e-06
-3.76545e-08
-1.12302e-06
-1.12331e-06
1.12191e-06
-1.12414e-06
1.11176e-06
6.03566e-09
-1.10945e-06
1.14524e-08
-1.89934e-08
-1.07245e-06
1.09144e-06
8.06182e-07
-1.11835e-06
1.11835e-06
-1.12832e-06
8.58515e-07
8.44457e-07
-8.50285e-07
1.5196e-07
-8.79634e-07
8.77249e-07
-8.77249e-07
-8.53732e-08
-1.0259e-06
1.11127e-06
-4.97315e-08
1.11489e-06
1.25685e-07
-1.01976e-07
2.5229e-08
8.31817e-08
-1.28074e-07
5.68831e-08
6.71344e-08
-1.92354e-07
6.15231e-08
-2.37558e-07
2.41726e-08
6.01561e-08
-1.61519e-07
9.22096e-08
-1.59418e-07
7.96855e-08
-4.0699e-09
-1.0255e-06
1.94654e-08
-1.4348e-08
1.08633e-06
1.12008e-08
4.78022e-09
1.12399e-06
-1.33633e-09
5.50796e-09
6.65154e-09
6.70655e-09
-1.12406e-06
-8.33263e-11
1.02287e-08
6.51018e-09
1.1227e-06
-1.12185e-06
1.12185e-06
-1.91258e-07
5.15675e-09
-1.11855e-06
-8.47867e-07
-1.02946e-06
-1.12625e-06
5.80475e-09
1.118e-06
-1.11743e-06
7.76273e-07
-7.76273e-07
-3.06961e-09
-1.12518e-06
1.12642e-06
-1.24293e-09
1.08269e-06
1.12146e-06
1.09225e-06
1.86564e-08
1.06006e-06
2.6533e-08
-1.07808e-06
6.69438e-09
-1.05968e-06
3.02212e-08
1.1218e-06
1.07595e-06
-1.12277e-06
8.07551e-07
-2.20946e-07
1.0637e-06
4.01825e-09
-9.94053e-07
1.43869e-07
1.12322e-06
-1.12295e-06
1.31954e-09
1.12326e-06
-1.80334e-09
9.48486e-08
-1.12075e-06
-1.33413e-07
1.10345e-06
9.49595e-07
-1.15783e-06
3.10061e-08
-9.35176e-07
-1.13024e-06
3.35734e-08
1.12244e-06
-1.13025e-06
1.12699e-06
5.92507e-08
-1.18624e-06
-1.06407e-06
3.85693e-08
9.95668e-07
-1.07133e-06
7.56661e-08
1.11392e-06
-1.11392e-06
-9.15667e-07
3.5425e-09
-1.12171e-06
-1.03951e-06
-9.3159e-07
1.1225e-06
1.12264e-06
-1.12264e-06
3.66774e-09
1.03986e-06
1.04111e-06
5.03268e-08
1.08269e-07
6.12445e-08
-2.46779e-07
1.11567e-06
3.91673e-09
-1.11959e-06
8.48549e-07
-8.48587e-07
1.11714e-06
8.7147e-07
1.12879e-06
-1.12747e-06
8.1267e-07
-8.1267e-07
-1.12544e-06
1.12372e-06
-1.12307e-06
4.36976e-09
-1.09692e-06
5.74081e-08
-9.74652e-07
1.09396e-06
-8.21127e-07
8.21127e-07
-6.67763e-07
6.67763e-07
8.60772e-07
-8.47454e-07
-7.08131e-07
7.08131e-07
9.07485e-07
-9.07485e-07
-7.71162e-07
-8.23033e-07
8.23033e-07
8.90654e-07
-8.0854e-07
8.0854e-07
-7.95196e-07
7.95196e-07
-7.84568e-07
7.84568e-07
9.3551e-07
-9.3551e-07
7.40027e-07
8.72013e-07
-8.72013e-07
8.74995e-07
9.00723e-07
-9.00723e-07
8.88731e-07
8.72703e-07
-8.02889e-07
8.02889e-07
-9.27622e-07
-8.33106e-07
-7.96107e-07
9.06518e-07
-9.06518e-07
8.17036e-07
-8.17036e-07
8.95417e-07
8.69782e-07
8.81471e-07
9.02841e-07
1.1218e-06
-1.12114e-06
8.8179e-07
-7.25051e-07
1.12416e-06
-1.65774e-09
-1.14769e-06
2.33124e-08
1.12438e-06
1.1218e-06
1.12524e-06
-1.02414e-09
1.06334e-06
-1.12466e-06
1.12574e-06
-8.83562e-07
-1.12627e-06
-1.1275e-06
1.12071e-06
-1.12071e-06
1.47648e-07
1.11111e-06
-1.11014e-06
-3.50253e-09
-8.31823e-07
8.35326e-07
1.12187e-06
1.11189e-06
-1.11189e-06
1.12659e-06
-1.12678e-06
-1.12391e-06
-1.12103e-06
1.11458e-06
-1.12532e-06
1.25851e-09
-8.25952e-07
7.50891e-07
1.1221e-06
-1.1221e-06
-8.90854e-07
1.56149e-07
-9.14866e-07
-8.92339e-07
1.55313e-07
-8.96272e-07
1.57376e-07
-8.88432e-07
1.54226e-07
-9.09525e-07
1.58077e-07
1.12382e-06
-2.02558e-09
-1.12477e-06
3.94539e-07
-1.07039e-06
-8.89535e-07
1.51343e-07
-8.65343e-07
-4.12007e-09
1.11944e-06
7.3632e-07
2.26409e-07
-9.62729e-07
-8.19672e-07
7.53389e-07
2.8984e-07
-1.03007e-06
7.40229e-07
8.63336e-07
-8.95963e-07
-1.11967e-06
1.12882e-06
-9.14888e-09
1.12271e-06
-1.12205e-06
-1.12767e-06
-6.59134e-10
1.129e-06
-1.13006e-06
1.03704e-06
-5.37061e-07
-4.99977e-07
-7.31199e-07
8.89608e-07
-7.30482e-07
8.85749e-07
-1.59767e-07
1.12205e-06
-2.6071e-09
-8.94167e-07
-1.12116e-06
-8.44797e-07
1.44659e-07
-4.98805e-08
-7.57929e-07
-1.13127e-06
1.12058e-06
-2.03547e-07
-1.12262e-06
2.09486e-07
1.12429e-06
-3.71797e-09
-7.36801e-07
7.94046e-07
1.1215e-06
-1.1215e-06
-8.80351e-07
-1.40795e-07
-6.71456e-07
-1.48699e-09
1.12848e-06
1.11996e-06
1.1226e-06
-1.1253e-06
-1.0874e-06
-3.72532e-08
-1.98338e-08
-8.75929e-07
8.75617e-07
-7.36611e-07
8.08817e-07
-6.36259e-07
-7.59358e-07
-6.77228e-07
8.33553e-07
-7.36949e-07
-1.01814e-06
6.06581e-07
4.11557e-07
-7.54964e-07
-6.81749e-07
8.52954e-07
-7.35004e-07
8.64187e-07
-7.10507e-07
8.9122e-07
-7.35533e-07
-7.27876e-07
-2.95016e-09
-1.1184e-06
1.12136e-06
8.42147e-07
-8.48184e-07
-6.91827e-07
8.44016e-07
9.74297e-07
-7.08796e-07
8.64456e-07
1.11778e-06
-1.08844e-06
1.12221e-06
-1.12159e-06
-1.12506e-06
-1.73538e-09
-7.38743e-07
8.5476e-07
2.06372e-07
7.34982e-07
1.24523e-07
-8.59505e-07
7.45772e-07
8.77525e-08
-8.33525e-07
7.38333e-07
6.46447e-08
-8.02978e-07
7.38018e-07
2.72616e-07
-1.01063e-06
7.39344e-07
1.43036e-07
-8.8238e-07
1.12104e-06
1.07027e-06
4.50655e-09
8.07426e-07
-8.57307e-07
-1.92503e-07
1.12357e-06
-1.11334e-06
-1.02311e-08
-1.53718e-07
1.01705e-06
1.1204e-06
-1.1204e-06
-1.12603e-06
-7.11802e-07
7.37031e-07
9.12561e-07
-8.55678e-07
-8.63117e-07
-9.05561e-07
8.78895e-07
8.83017e-07
4.23047e-09
-1.12803e-06
1.11726e-06
-1.11797e-06
7.19716e-10
-8.90009e-07
4.27678e-10
-1.1267e-06
1.10971e-06
8.5034e-07
-8.44832e-07
-1.07607e-06
8.53551e-07
-8.46844e-07
7.40649e-07
1.10675e-06
-1.12179e-06
1.12655e-06
-1.12563e-06
-1.11711e-06
1.12175e-06
8.54319e-07
-8.48514e-07
1.12169e-06
-1.12163e-06
1.12163e-06
-1.10145e-06
-2.36079e-08
1.38589e-07
-8.87813e-07
1.12092e-06
-1.12499e-06
-1.10764e-06
8.93646e-07
8.89208e-07
9.03849e-07
1.12893e-06
-1.12917e-06
1.20065e-07
8.69095e-07
-6.69205e-07
8.95614e-07
-6.21755e-07
9.11595e-07
8.90686e-07
8.96263e-07
-7.38887e-07
1.12068e-06
7.54195e-07
8.73008e-08
-8.41496e-07
8.55133e-07
-8.51591e-07
1.12175e-06
-1.12108e-06
4.1303e-09
1.2662e-09
-1.14098e-06
1.06575e-06
1.12216e-06
-1.26825e-09
-5.52934e-07
1.13832e-06
1.12192e-06
-1.12659e-06
-9.06071e-10
-6.90113e-07
-8.01355e-07
5.81604e-08
-8.19353e-07
-7.52927e-07
-1.11845e-06
1.1211e-06
-1.1211e-06
1.12059e-06
1.12041e-06
-1.12041e-06
-1.62448e-07
9.15836e-07
-1.58726e-07
8.98955e-07
-8.72907e-07
1.73103e-07
1.12725e-06
-2.87805e-09
-1.08825e-06
-5.27262e-08
-1.08949e-06
-4.11096e-09
-1.11053e-06
1.12175e-06
1.12499e-06
3.82925e-09
-1.1131e-06
1.12128e-06
-1.12064e-06
7.21526e-07
-6.43949e-09
-7.40165e-07
1.87468e-07
-7.9305e-07
1.11995e-06
-1.12512e-06
1.10039e-06
-7.36968e-07
8.88233e-07
-8.5169e-07
8.21483e-07
8.54446e-07
-8.56182e-07
3.23755e-07
-3.23755e-07
-8.4212e-07
9.99003e-07
8.88039e-08
-6.76436e-07
8.31806e-07
-7.0648e-07
8.61928e-07
-7.35128e-07
8.71897e-07
-7.07996e-07
8.61462e-07
-7.12798e-07
8.6735e-07
8.26043e-07
-6.76199e-07
-1.52845e-08
8.87252e-07
-7.33161e-07
-1.11657e-06
-1.87821e-09
1.11787e-06
9.1265e-12
-1.12626e-06
1.12148e-06
1.12106e-06
-1.12246e-06
5.33705e-07
-5.33705e-07
8.30465e-07
-8.47714e-07
-1.10164e-06
-9.14545e-10
-1.12587e-06
-1.13193e-06
1.11982e-06
-1.11893e-06
1.12123e-06
-6.09799e-07
8.00913e-08
-8.00913e-08
-1.12209e-06
5.57628e-10
-9.67797e-07
1.11921e-06
1.12654e-06
-1.12612e-06
8.58754e-07
-8.53974e-07
-1.12248e-07
8.63813e-07
-7.51565e-07
-1.10707e-06
-1.80531e-08
1.10886e-06
-1.11909e-06
-1.37949e-07
8.58151e-07
-7.20202e-07
-1.11644e-06
1.11976e-06
2.18857e-09
1.12174e-06
8.63e-07
-7.28749e-07
-1.34251e-07
-2.18809e-07
-1.12474e-06
1.12474e-06
4.74873e-08
1.79269e-07
1.11914e-06
-1.12481e-06
1.11693e-06
-1.12095e-06
1.12212e-06
-1.21236e-07
1.06151e-09
-1.12677e-06
1.8802e-07
1.96406e-07
3.21775e-07
9.48564e-08
7.36883e-08
1.35286e-07
1.78422e-07
1.56191e-07
1.26458e-07
1.56843e-07
3.48938e-07
9.81677e-08
1.67817e-07
-4.24487e-09
1.13129e-06
1.48509e-07
3.37113e-07
-1.77188e-08
-7.08122e-07
-7.33047e-07
-7.35357e-07
-8.75347e-07
-7.33871e-07
-1.12669e-06
1.34579e-09
-1.11356e-06
5.47604e-07
-1.1176e-06
1.15851e-09
-6.82336e-07
-1.01035e-07
-7.40461e-07
1.12487e-06
-1.12631e-06
9.09383e-07
-1.13814e-07
-1.12274e-06
-7.3304e-08
9.12806e-07
6.00135e-07
-7.40929e-07
-5.48344e-09
-8.13325e-07
1.24806e-07
7.50621e-07
-1.12079e-06
8.412e-07
-6.96541e-07
5.23482e-07
5.13555e-07
-9.44937e-08
8.97955e-07
-8.03462e-07
-1.11833e-06
8.31232e-07
-8.03419e-08
1.12318e-06
-1.12318e-06
1.12634e-06
-1.12782e-06
-6.17212e-07
7.96844e-07
2.62302e-08
-8.68862e-07
8.42632e-07
-1.28886e-07
8.27266e-07
-6.98381e-07
-4.42634e-08
8.57634e-07
-7.44182e-07
-1.12892e-06
-1.46584e-08
-1.1175e-06
-1.11696e-06
-1.37485e-09
-1.11794e-06
1.11074e-06
1.12945e-06
1.12459e-06
-1.1254e-06
5.41101e-07
1.94279e-07
1.12327e-06
-3.15375e-08
-6.86978e-08
-5.76956e-07
-1.68571e-07
8.43986e-07
-1.11263e-06
-5.30685e-09
1.6161e-07
-1.11669e-06
1.12219e-06
-1.12219e-06
-7.95314e-07
-1.12228e-06
4.85304e-09
-2.87137e-07
-2.06408e-07
7.74332e-07
4.31572e-08
-8.17489e-07
5.07679e-10
-8.62664e-07
8.08236e-07
-1.00521e-08
1.1153e-06
-2.63167e-08
-1.08898e-06
-1.11601e-06
-1.11731e-06
6.16739e-10
-8.55693e-08
1.12356e-06
-1.12514e-06
-7.88948e-07
-6.83588e-08
1.19631e-07
-6.37907e-07
-1.81489e-07
1.01956e-07
-8.53521e-07
-7.22957e-08
1.07065e-07
-7.10369e-07
-1.11813e-06
-8.6929e-07
1.11787e-06
1.12171e-06
-1.12171e-06
-1.11633e-06
1.11353e-06
-1.11497e-06
-1.26328e-07
-1.68032e-07
1.11893e-06
-2.47846e-09
1.32935e-07
-1.10073e-06
8.08181e-07
-9.60721e-07
-1.11592e-06
-2.20687e-09
-1.11953e-06
8.22124e-07
-1.11406e-06
-9.17194e-10
8.29596e-07
8.76289e-07
1.11563e-06
-7.64717e-07
-6.64759e-09
-1.11411e-06
-8.50173e-07
-1.12711e-06
1.13918e-06
-1.20744e-08
7.04184e-07
1.29368e-07
-8.59453e-07
-1.11576e-06
-9.33626e-07
1.12135e-06
1.11148e-06
2.44525e-09
-8.08181e-07
-6.90675e-08
-1.121e-06
6.09888e-10
1.08763e-08
1.10442e-06
-8.06479e-07
-1.11422e-06
1.04424e-10
-1.10924e-06
-6.51542e-09
1.12105e-06
-1.12105e-06
-8.64957e-07
-1.1149e-06
-1.11336e-06
1.04443e-09
7.09164e-07
-8.90653e-07
7.35279e-07
1.11067e-06
1.21917e-09
-6.25229e-07
1.11663e-06
-1.11608e-06
-1.118e-06
-1.11403e-06
6.75471e-10
-8.90991e-07
-1.11307e-06
5.43597e-07
4.64576e-07
-8.47524e-07
8.40872e-07
7.30449e-07
-7.44804e-07
1.1201e-06
1.1256e-06
1.1692e-09
-1.12729e-06
-1.11396e-06
8.88225e-10
1.13129e-06
-1.11267e-06
-1.11861e-06
1.11449e-06
-1.02507e-06
-9.47634e-10
1.1198e-06
-1.1198e-06
-1.11377e-06
1.09533e-09
-1.13406e-06
8.51675e-07
-1.11547e-06
-1.13201e-06
-1.11655e-06
-1.11235e-06
-6.93927e-07
-1.01375e-07
-2.18492e-10
1.11857e-06
1.14724e-07
-9.18185e-07
-8.75801e-07
7.54566e-07
-1.11358e-06
1.22665e-09
1.11854e-06
-8.73297e-07
1.74916e-07
8.09017e-07
5.71479e-08
-7.53666e-07
-1.112e-06
-1.32838e-07
-7.2974e-07
8.48676e-07
-1.11857e-06
-1.1192e-06
-1.11323e-06
1.23074e-09
-1.22623e-07
9.30859e-07
8.23422e-07
-7.62178e-07
-1.11171e-06
6.72358e-07
-7.16662e-07
-1.72187e-09
-1.11406e-06
1.12381e-06
6.11882e-08
-1.185e-06
-8.47764e-07
-1.12764e-06
-1.113e-06
1.29809e-09
-1.06664e-06
-1.66638e-07
-1.11138e-06
-5.87052e-08
-7.58784e-07
-4.11482e-07
-1.11372e-06
2.34482e-09
8.69355e-07
-8.53232e-07
-1.11064e-06
-1.11206e-06
-1.11595e-06
3.89126e-09
1.11067e-06
1.11148e-06
-2.10885e-09
-1.11295e-06
1.06031e-06
-1.11303e-06
8.46754e-07
5.99465e-08
7.81302e-07
-1.24399e-08
7.86187e-07
8.65321e-10
4.81106e-07
-1.11487e-06
1.11531e-06
-8.41094e-07
1.11772e-06
1.57836e-09
-8.49033e-07
-1.08203e-06
-9.64248e-07
-2.29263e-07
6.95602e-07
-7.01086e-07
-1.11668e-06
8.45887e-07
-2.23296e-09
-1.11184e-06
-1.11458e-06
1.11431e-06
-1.12154e-06
-1.11406e-06
-1.11535e-06
7.76544e-10
-1.11357e-06
-7.7836e-07
-8.52926e-08
-1.11419e-06
-1.09491e-06
-8.67e-07
-1.11296e-06
8.36027e-07
-1.11625e-06
2.05977e-09
-1.11616e-06
8.51675e-07
4.4829e-07
-3.79559e-08
-1.10273e-06
7.02427e-07
-8.9129e-07
5.32173e-07
5.19717e-07
8.45078e-07
-1.11242e-06
6.19342e-10
-1.10214e-06
-2.82863e-07
-1.10322e-07
-1.62915e-07
-1.11279e-06
-1.11316e-06
-1.11497e-06
-1.10675e-06
3.23751e-07
-9.92957e-07
-1.11206e-06
-1.11434e-06
1.11377e-06
-1.12009e-06
-8.38639e-07
-1.11072e-06
8.22294e-07
-8.22294e-07
-1.11645e-06
2.11049e-09
-1.11499e-06
-1.10925e-06
-1.11634e-06
1.35218e-09
1.11957e-06
-1.98907e-09
6.5347e-07
-1.11172e-06
-1.11035e-06
-1.41845e-07
4.98898e-08
7.72404e-07
-4.75393e-07
-3.777e-07
-4.49139e-07
-4.28963e-07
8.98769e-07
-1.10101e-06
-8.46722e-07
-1.11127e-06
8.42228e-07
-1.1132e-06
1.02227e-08
7.11523e-07
-1.11322e-06
1.05895e-07
-1.11096e-06
1.11541e-06
-4.33923e-07
-4.53025e-07
-3.6769e-07
-4.92248e-07
-1.11873e-06
1.10705e-06
-1.11086e-06
-4.45846e-07
-4.40128e-07
-4.79238e-07
-3.95931e-07
-4.70715e-07
-4.13602e-07
-4.4593e-07
-3.89595e-07
-4.40839e-07
-4.39569e-07
-3.39767e-07
-5.28487e-07
8.49033e-07
-1.11112e-06
-1.11045e-06
-8.03427e-07
2.71532e-08
-1.11108e-06
5.56924e-07
-2.07866e-07
-7.17246e-07
9.25113e-07
-6.08437e-07
-1.1102e-06
8.03427e-07
-2.52143e-07
-1.1109e-06
-8.33154e-07
-7.64328e-07
3.14335e-07
7.37218e-07
-1.1098e-06
-1.11092e-06
-1.11173e-06
-9.39356e-10
1.11242e-06
-1.11068e-06
-2.4908e-09
1.11316e-06
-1.11718e-06
-8.51043e-07
-1.12272e-07
-1.1102e-06
-1.10945e-06
-8.3475e-07
-1.10702e-06
-1.11036e-06
-8.86051e-07
-1.10913e-06
1.48366e-07
-1.10889e-06
-1.11005e-06
8.79013e-07
-1.10739e-06
-1.10876e-06
8.41123e-07
-1.10975e-06
-8.46019e-07
-1.10623e-06
-1.16606e-07
-1.10741e-06
-1.11444e-06
-1.1048e-06
-1.11055e-06
8.51244e-07
-1.10618e-06
7.96604e-07
3.41768e-09
8.38413e-08
7.49408e-07
7.92345e-07
-1.10471e-06
6.26772e-07
4.02908e-07
-1.11486e-06
-1.10409e-06
-1.46606e-09
-7.23396e-07
1.04715e-06
1.11852e-06
7.61824e-09
-1.10266e-06
-1.10486e-06
6.87303e-07
-8.04513e-07
-1.10474e-06
1.10552e-06
-1.10361e-06
-1.67739e-09
-1.11301e-06
8.24358e-07
-8.24358e-07
-9.23932e-07
4.54296e-07
-1.11095e-06
-1.11012e-06
5.48852e-08
-8.52106e-07
-8.80731e-07
-2.49555e-07
8.77208e-09
-1.11483e-06
-8.31945e-07
-8.89553e-07
8.89553e-07
-7.47208e-07
-8.47474e-07
-1.10093e-06
1.10305e-06
8.47474e-07
7.78689e-07
-2.73586e-09
-1.09899e-06
-5.47604e-07
-4.77693e-07
-1.09764e-06
1.09866e-06
-1.10065e-06
8.98509e-07
5.73862e-08
-8.3853e-07
-7.96604e-07
8.62526e-07
3.47034e-08
-2.65505e-08
8.49966e-07
-8.23416e-07
1.11991e-06
-8.43548e-07
1.00313e-06
-1.10101e-06
-8.74685e-07
6.30871e-07
-1.0345e-06
4.03632e-07
1.12117e-06
-1.04444e-08
-7.72404e-07
6.4273e-08
1.98783e-07
-8.13455e-07
3.5182e-08
8.20156e-07
-8.69218e-07
-8.28784e-07
-8.93865e-07
-8.32015e-07
6.49214e-07
-1.11314e-06
3.08214e-07
-9.16561e-07
-9.25168e-07
-8.49509e-07
3.05515e-09
-8.95832e-07
8.63129e-07
-8.37003e-07
8.33526e-07
-1.11182e-06
-8.52459e-07
-2.09051e-07
-6.35951e-07
8.32358e-07
-3.71179e-09
1.08569e-06
-1.08569e-06
1.08243e-06
-1.08243e-06
8.33358e-07
-8.33358e-07
-8.69218e-07
-7.64781e-07
-2.16745e-07
-7.76212e-07
-7.809e-07
9.55816e-07
-9.5221e-07
7.85572e-07
-5.99837e-07
-4.1198e-07
5.18738e-07
9.11097e-08
7.92345e-07
-8.55408e-07
-7.82867e-07
-8.74685e-07
-8.07097e-07
7.82867e-07
-1.98585e-07
-1.6226e-07
-3.55127e-07
-5.9266e-07
-4.10508e-07
-1.09095e-07
-5.7324e-07
-8.81499e-07
-8.80731e-07
5.16046e-07
5.20778e-07
5.7141e-07
-1.07577e-07
-1.26518e-08
-6.91366e-08
8.19757e-07
-6.9305e-07
5.83955e-07
1.88633e-07
-8.86051e-07
7.26136e-07
1.47966e-07
8.35201e-07
-7.0095e-07
7.76929e-07
-1.32613e-07
9.36142e-07
-8.387e-07
7.11366e-07
-6.35491e-07
5.18696e-07
-2.83544e-07
-2.35781e-07
-4.19328e-07
-4.59802e-07
-4.26866e-07
-4.23926e-07
-8.9129e-07
-7.76325e-07
8.59455e-07
-5.21766e-07
-3.37689e-07
2.31427e-08
7.39849e-07
-7.99686e-07
2.76198e-07
-6.87225e-08
1.37237e-07
6.41453e-07
5.47604e-07
-7.5585e-07
4.33055e-07
-8.10755e-07
4.19414e-07
-8.48377e-07
-8.22797e-07
8.54803e-07
-2.08406e-08
1.31641e-07
-6.89263e-07
9.97477e-07
-4.26219e-07
-4.61138e-07
7.2241e-07
-8.81962e-07
8.70513e-07
5.12361e-08
7.33879e-07
-7.33879e-07
8.18294e-07
6.7623e-07
9.86899e-07
7.72013e-07
9.96411e-07
3.81103e-07
7.9256e-07
-2.56944e-07
-8.89809e-07
-8.45332e-07
6.26836e-07
-5.6647e-07
-6.73144e-07
-3.1382e-08
8.22589e-07
1.98098e-07
3.20599e-07
-7.72102e-08
-6.64637e-07
-8.41466e-07
-2.71253e-08
-7.29356e-07
7.15431e-07
-8.1834e-07
-5.37734e-07
-8.49509e-07
7.08702e-07
8.15912e-07
6.83823e-07
6.77825e-07
1.96663e-07
6.35695e-07
-1.27074e-06
5.7324e-07
-8.11808e-07
-4.18419e-07
-5.31727e-07
3.55478e-07
-3.93434e-07
1.85835e-08
-8.88266e-07
6.82482e-07
2.82541e-07
6.10842e-07
-5.79315e-07
-4.38823e-07
8.80457e-07
-2.00748e-07
-1.00867e-07
7.81405e-08
7.50807e-07
-5.67571e-07
-7.20217e-07
-8.68803e-08
8.62566e-07
3.64821e-08
-3.27342e-07
4.35464e-08
-8.20514e-07
-6.77459e-08
-8.38919e-07
6.90277e-07
-4.47605e-07
-4.99916e-07
-8.93191e-07
-8.65157e-08
-7.59897e-07
-6.88856e-07
5.37734e-07
3.70244e-07
5.10153e-07
6.96118e-07
-6.30456e-07
-8.99308e-07
1.61788e-08
-3.31641e-07
-3.38055e-07
-6.43674e-07
8.23042e-07
2.98766e-07
6.21219e-07
7.77644e-07
8.09026e-08
-6.71049e-07
-7.55354e-07
8.0659e-07
-8.48384e-07
-7.2835e-07
9.1485e-07
-2.48594e-07
-6.67443e-07
-6.1022e-07
-7.44177e-07
-6.7533e-07
9.12377e-07
-6.73613e-07
6.93629e-07
1.43118e-07
6.61711e-07
-6.78258e-07
9.49624e-07
3.89194e-07
9.57994e-07
3.80439e-07
-6.78342e-07
9.49624e-07
9.57994e-07
-7.21458e-07
-7.17787e-07
-7.63669e-07
7.90822e-07
6.84645e-07
6.16741e-07
-6.14154e-08
4.16893e-07
9.24652e-07
2.00402e-07
6.99973e-07
-6.48733e-07
-7.52551e-07
6.85287e-08
6.71498e-07
5.9151e-07
-8.0779e-07
-7.06757e-08
7.82041e-07
6.93907e-07
7.55138e-07
-6.76998e-07
1.82847e-07
6.76974e-07
6.89763e-07
2.9844e-07
-6.23196e-07
7.4012e-07
-6.12349e-07
9.06101e-07
-7.23396e-07
-1.02169e-07
-7.14867e-07
5.82948e-07
-7.44506e-07
9.23063e-07
1.64933e-07
2.30368e-07
7.10822e-07
-3.9661e-08
6.56736e-07
2.13167e-07
6.60533e-07
-6.60533e-07
-7.25631e-07
6.70526e-07
-1.26041e-07
-5.72135e-07
-5.48541e-07
-5.04027e-07
5.48541e-07
-7.27679e-07
1.74467e-07
5.97804e-07
-8.88885e-10
-7.57895e-07
5.04025e-08
-6.86662e-07
7.58801e-07
-6.25306e-07
-7.14885e-07
-2.56778e-07
-5.74786e-07
1.07865e-07
-8.37606e-07
3.08062e-07
5.9266e-07
-6.89263e-07
7.23273e-07
-6.91741e-07
-1.01803e-06
4.9626e-07
5.31727e-07
7.11904e-07
3.06681e-07
5.99837e-07
7.11894e-07
7.05532e-07
-6.83473e-07
6.83473e-07
-7.26988e-07
-2.23776e-07
-6.55975e-07
1.20159e-07
5.47604e-07
5.94448e-07
2.05172e-07
7.07389e-07
-6.62575e-07
-7.27989e-07
-6.07121e-07
-2.34198e-07
-6.41731e-07
-2.81286e-08
1.07217e-07
2.8505e-08
3.49002e-08
-7.43022e-07
7.22994e-07
-8.03512e-07
-1.5858e-07
5.21581e-07
4.03531e-07
7.49235e-07
7.66427e-07
3.9991e-07
5.55906e-07
3.71311e-07
-5.64377e-10
6.83046e-07
4.06196e-07
6.54375e-07
2.29198e-07
6.06128e-07
5.24433e-08
-8.15912e-07
7.41541e-07
6.35762e-07
-6.35762e-07
6.15849e-07
-6.15849e-07
8.59521e-08
6.22565e-07
-6.22565e-07
6.34309e-07
-6.34309e-07
-8.11709e-07
-7.94867e-08
-6.21599e-07
6.12349e-07
8.73871e-07
-2.13338e-07
-1.0603e-07
-1.66701e-07
-7.26747e-07
-6.72246e-07
-5.10825e-07
-5.23678e-07
1.90398e-07
-7.51347e-07
-7.24848e-07
-2.28613e-07
-6.74441e-07
-6.96034e-07
-1.27782e-07
5.87856e-07
-6.89333e-07
6.8455e-07
6.0176e-07
4.45388e-07
4.3017e-07
-6.48666e-07
-6.45265e-07
7.74634e-07
4.40569e-07
-7.58252e-07
4.4914e-07
7.20147e-07
-2.57627e-07
-2.68316e-07
-6.91565e-07
6.85449e-07
-6.90837e-07
7.62736e-07
-7.49425e-07
7.0806e-07
7.39447e-07
-7.14126e-07
-2.70572e-07
-2.62155e-07
-2.59687e-07
-6.36929e-07
6.58496e-07
8.72006e-07
6.7942e-07
6.26836e-07
-6.62149e-07
7.66154e-07
5.96833e-07
-6.55567e-07
-3.59974e-08
-2.61568e-07
-7.9729e-08
5.28143e-07
4.62109e-07
7.15431e-07
7.10322e-07
-1.27634e-08
-7.89853e-07
-6.74038e-07
-5.08108e-08
7.93987e-07
-2.39144e-07
6.49652e-07
-2.44965e-07
-7.2504e-07
6.34871e-07
7.32594e-08
4.787e-07
6.53397e-07
-6.45436e-07
-2.41417e-07
7.39422e-07
-6.00019e-08
3.73079e-07
5.34531e-07
8.45296e-07
-6.6204e-07
6.60084e-07
7.08114e-07
-2.30421e-07
2.39349e-07
6.66678e-07
-5.83829e-08
-5.46151e-07
6.08804e-07
-7.4903e-07
-2.22558e-07
6.23196e-07
6.14203e-07
5.74786e-07
4.22691e-07
7.00313e-07
-5.04483e-07
7.14867e-07
2.06053e-07
-1.26555e-08
-6.52997e-07
-6.749e-07
1.5155e-07
2.34114e-07
-6.97949e-07
-6.90576e-07
5.8497e-07
-6.82818e-07
7.44505e-07
-7.01965e-08
-5.47891e-07
6.18088e-07
-4.49719e-07
4.72769e-07
3.99237e-07
-7.18323e-07
-7.65579e-07
9.41823e-08
-6.36398e-07
-6.0176e-07
-9.5275e-08
8.19118e-07
-7.55326e-08
6.89736e-07
2.56685e-07
9.88757e-08
2.29988e-07
5.21826e-07
-5.92023e-07
7.19069e-07
6.40311e-07
2.68266e-08
-6.88283e-07
6.61457e-07
-2.49301e-08
5.39284e-08
-1.61771e-07
6.34444e-07
-6.07618e-07
-3.52382e-07
1.45552e-07
-8.40003e-07
1.49633e-07
-5.92187e-07
-2.2039e-08
2.46881e-07
1.32219e-07
4.11708e-07
-5.66069e-07
-6.69702e-07
2.25861e-07
-7.16152e-07
9.13816e-08
6.1893e-07
6.84532e-07
4.39569e-07
-6.05717e-07
1.49986e-07
-1.27699e-07
-1.32805e-07
-6.42998e-07
-4.19379e-07
-4.6905e-07
-9.10185e-08
1.12947e-06
-4.06934e-07
1.13302e-06
-6.62971e-07
6.08999e-07
2.21458e-08
-6.8483e-07
-6.83602e-07
-1.69981e-07
5.09387e-07
-5.55002e-07
6.29002e-07
1.16799e-07
-3.76107e-08
7.12196e-07
5.82816e-07
6.86081e-07
7.30374e-07
-2.36651e-07
-5.90999e-07
-6.293e-07
-5.75371e-07
-1.80243e-07
6.83846e-07
7.29454e-07
6.89471e-08
1.99788e-07
4.4293e-07
-6.92269e-07
6.6639e-07
7.11287e-07
-2.97363e-08
)
;

boundaryField
{
    front
    {
        type            empty;
    }
    back
    {
        type            empty;
    }
    wall
    {
        type            calculated;
        value           uniform 0;
    }
    inlet
    {
        type            calculated;
        value           nonuniform List<scalar> 
12
(
-1.27194e-06
-1.27382e-06
-1.27725e-06
-1.26144e-06
-1.32258e-06
-1.2808e-06
-1.3196e-06
-1.33882e-06
-1.33843e-06
-1.3544e-06
-1.35359e-06
-1.35195e-06
)
;
    }
    outletLeft
    {
        type            calculated;
        value           nonuniform List<scalar> 9(8.78102e-07 8.86948e-07 8.85974e-07 8.84317e-07 8.80409e-07 8.7913e-07 8.80552e-07 9.02625e-07 9.06334e-07);
    }
    aneurysm
    {
        type            calculated;
        value           uniform 0;
    }
    outletRight
    {
        type            calculated;
        value           nonuniform List<scalar> 9(8.53093e-07 8.59938e-07 8.75169e-07 8.35525e-07 8.68253e-07 8.50792e-07 8.59274e-07 8.80192e-07 8.78004e-07);
    }
}


// ************************************************************************* //
