/*--------------------------------*- C++ -*----------------------------------*\
  =========                 |
  \\      /  F ield         | OpenFOAM: The Open Source CFD Toolbox
   \\    /   O peration     | Website:  https://openfoam.org
    \\  /    A nd           | Version:  12
     \\/     M anipulation  |
\*---------------------------------------------------------------------------*/
FoamFile
{
    format      ascii;
    class       labelList;
    note        "nPoints:4838  nCells:4428  nFaces:15702  nInternalFaces:6438";
    location    "constant/polyMesh";
    object      neighbour;
}
// * * * * * * * * * * * * * * * * * * * * * * * * * * * * * * * * * * * * * //


6438
(
14
479
1622
7
131
3113
6
2825
3708
36
352
1872
5
46
461
285
4163
258
4334
139
1420
71
252
1087
42
72
4330
12
428
1842
27
82
109
179
4357
38
208
281
3173
4104
45
384
1546
91
191
1069
18
431
1894
175
4369
41
426
3832
117
295
3404
24
160
3116
26
2828
3806
49
57
2883
169
1465
29
118
1884
290
4345
153
1543
65
3454
3457
164
4378
44
336
4295
35
115
2960
90
312
3166
48
393
4123
86
436
3577
141
1509
3851
4259
122
174
1211
1847
3904
107
369
2833
74
409
3801
76
4249
144
1047
66
126
1451
53
3663
4195
4320
58
3921
49
1016
3804
1859
4121
421
100
345
364
53
148
3912
110
271
3656
132
519
3672
79
209
4403
82
1715
3959
3879
4016
450
990
127
392
3721
83
270
81
321
1861
133
263
942
64
137
2961
166
1508
220
1299
159
361
140
404
2836
142
220
3175
85
95
3911
138
338
173
4130
254
1675
78
1018
3842
102
4206
180
375
1283
77
1389
4105
4191
333
4377
308
4183
89
3861
4309
170
381
3706
478
2946
192
193
3814
3963
3933
3984
95
545
1646
94
165
2971
434
535
176
1366
155
3849
172
444
2839
97
3971
4241
201
1507
358
108
668
4270
732
4410
168
359
103
167
4368
243
1683
134
535
3720
111
4089
367
408
105
4149
4395
1279
4231
143
3782
3896
3913
4235
3927
4157
4015
4100
228
2948
479
3023
121
998
3878
177
493
3786
151
1422
3839
138
199
281
2596
3869
4085
159
362
120
815
3919
3972
4000
353
4384
990
1167
157
3727
3965
233
360
1788
129
203
2968
170
380
4116
4165
222
526
2843
230
1506
206
387
172
2840
3799
4290
3172
3567
477
4090
200
453
718
146
3867
4172
168
4141
964
3910
3949
4218
411
4022
1532
3177
371
4223
190
3745
183
3863
4026
3122
4044
249
542
3875
152
4207
307
403
1679
154
239
2958
368
3310
1693
3860
815
4174
262
1505
212
3740
284
285
3016
373
3026
210
1083
3659
1459
222
2844
282
385
2799
326
337
3122
261
850
3838
697
1248
206
433
3981
266
1502
4124
181
1045
1260
204
323
1981
4208
232
1741
450
1660
604
927
227
3818
3968
4213
287
909
4189
510
818
3950
3989
185
3319
327
412
470
4011
4148
187
283
2970
197
1841
311
416
3752
302
1504
202
308
4299
211
252
3905
430
1699
1307
4109
204
2959
505
2964
195
197
2864
196
3458
224
1862
3320
248
325
1275
313
3765
3447
4097
327
464
1057
3630
3583
524
315
317
3200
4106
313
320
413
231
3765
314
512
357
3755
4053
4126
453
3376
349
446
502
301
3931
3977
216
219
3525
235
3360
425
509
2884
226
1295
3952
224
3041
3445
223
640
4001
4200
4112
4156
3459
229
318
2956
247
1235
863
1695
289
1468
332
1503
349
499
299
2925
4195
4298
978
3987
254
4052
4260
236
3671
256
1432
238
267
3496
253
3602
3680
386
3401
4070
280
3877
4199
322
393
4323
293
3053
370
497
544
273
4032
4301
250
405
3408
300
1433
450
461
4119
4125
374
1085
286
4077
4263
1498
256
3421
4192
279
3858
4073
3558
344
978
3168
3108
3851
260
297
3661
304
3586
704
4083
370
539
3795
4354
267
305
1421
274
355
2941
278
4066
3763
299
324
471
361
362
416
3759
3873
4348
330
343
3005
3904
4255
422
1462
316
4040
4214
339
4007
4173
391
564
652
4221
4304
3920
4153
4230
4358
3083
315
3945
3735
3412
4329
3427
4045
4166
3659
4411
357
395
3510
445
1791
3109
3902
380
381
298
341
3573
3833
3915
309
316
4315
4073
4196
347
420
424
305
3508
329
3692
1284
347
1576
4143
4335
391
633
304
340
1360
3807
3627
331
3883
4253
425
3985
1158
1169
4109
414
756
820
3327
3876
4008
4185
2852
389
3369
2851
4246
364
3053
3768
400
468
565
471
1914
3814
3970
3798
4300
489
3773
1103
1973
1660
3662
4172
4093
334
405
3540
340
3550
388
773
4237
4294
414
797
1419
3913
354
3676
341
376
1256
372
1475
1697
3854
545
2942
4275
4406
3689
3817
383
392
3935
367
3079
3144
3933
3969
4180
411
415
1493
1341
378
402
3953
4071
358
3937
396
3980
4226
877
3806
1501
3949
376
3440
3788
363
487
592
3523
2942
2960
4022
3760
4391
2955
2963
401
1319
3945
433
437
1492
623
772
3843
4094
399
1466
3110
3804
4028
406
3895
473
4030
3726
3854
566
614
4072
4168
3700
409
472
3962
432
3242
456
460
1729
2955
2969
490
542
3880
4046
4361
3908
4112
3097
3867
704
4169
2961
3981
407
4094
550
3268
622
1158
3843
3979
1656
3790
464
470
1491
3495
3848
4321
4414
3879
3902
4018
566
3682
3718
3934
4161
422
3476
420
1958
4128
4343
3940
4390
3111
3842
3686
426
3975
4138
4222
959
3734
1237
691
3821
3837
1521
1506
3583
494
1994
3936
1075
4027
1473
499
502
1490
646
4034
4288
421
2831
4025
1185
3110
3582
492
808
1199
709
3532
3991
3283
496
508
2003
3958
4184
563
732
3372
606
3743
3929
4179
3521
4271
1520
477
1528
439
511
2013
4135
4168
1076
3986
477
562
2953
551
582
492
555
3728
3785
4129
485
607
558
764
4118
3112
3878
451
1196
1505
3680
585
624
4006
515
802
2060
3585
3997
4224
1890
3961
516
659
2046
3741
458
465
2034
567
588
592
1689
589
590
2881
475
2624
527
688
2684
1247
3571
930
469
484
2053
586
603
2423
1519
529
2030
539
544
1489
538
861
2249
592
3571
491
2572
1077
3765
4142
4344
4266
4413
600
621
1086
2617
513
818
862
3890
4038
3928
483
632
2433
522
581
2927
636
638
2785
488
2497
515
2054
709
2943
897
3946
3972
565
3584
635
2446
1627
3783
3777
4010
1342
2564
1288
3909
4149
589
810
540
561
2006
636
758
1504
3735
974
3290
3524
1518
664
666
546
853
952
1078
667
669
2457
538
552
2199
640
957
507
641
2032
593
2217
590
810
3950
4244
3749
4058
638
758
619
1158
561
1842
581
1596
4103
3626
712
752
570
877
982
706
707
4160
4289
574
577
2197
576
629
571
1722
711
717
2485
640
4367
601
976
1021
3113
3910
547
987
596
1497
1567
712
754
591
648
748
1236
2036
633
652
1488
752
754
2638
734
761
3862
594
913
1026
598
602
2245
3629
1517
611
1996
584
927
1036
3354
548
782
2490
1079
3865
629
1883
551
2728
560
2719
634
680
3321
2747
694
940
580
729
1128
567
824
2421
930
1275
626
628
2193
569
595
1119
4228
3925
4227
795
2503
1671
912
939
1503
3768
3648
3938
2206
578
580
1802
1121
1142
648
1872
765
2807
578
579
1912
729
1165
1232
696
1014
804
1034
2679
653
2644
694
941
2675
642
2674
2602
1855
987
2010
673
685
656
1894
660
1065
600
2436
630
1541
4149
603
2099
2852
2814
657
2045
3294
673
1908
674
1684
3613
4209
829
830
698
1125
764
793
4253
2099
1235
1576
696
1015
2421
3828
4059
647
650
2254
3746
3901
976
3532
610
1182
2776
656
735
1959
618
2770
828
1982
637
1235
4150
661
748
2049
1296
3554
644
884
2902
1279
4248
637
4247
644
2775
3268
3308
835
837
2534
632
2474
3298
3308
3298
3312
630
872
3846
4047
4319
700
1258
668
3312
3318
698
1126
1783
3968
678
679
2087
2436
1516
689
2584
666
1803
2814
1021
2747
3313
3372
4241
733
1195
733
1203
914
1073
4299
3344
793
1032
3883
4340
4419
701
1523
1782
875
876
2600
700
1259
672
675
2251
1080
854
819
980
1483
686
687
2089
1609
840
886
888
688
1346
715
3015
739
1348
1096
3988
4376
900
901
2264
667
2078
723
969
2296
2205
1803
772
706
1848
682
771
1644
833
1005
1481
695
1888
1765
868
3563
701
1524
867
1004
2182
809
958
2530
740
1460
739
1347
1776
4240
705
708
2112
699
3044
905
908
2549
917
918
2274
791
2780
741
1658
740
1461
2656
889
844
1033
1485
3848
4137
723
827
2299
871
1013
2341
2204
702
2623
2248
3840
4056
2246
2647
2238
2247
710
1889
783
880
1187
1327
743
1807
2078
717
2218
741
1657
1958
724
2622
734
2501
2027
2730
3441
3578
727
728
2141
878
3504
940
941
2526
1848
808
1010
944
945
2283
1853
3399
3536
726
737
2988
797
820
1487
3150
730
2792
1065
3337
3672
799
2901
738
1986
743
1808
3480
737
2105
1119
1859
3790
4311
2605
2218
805
2773
966
967
2997
742
2625
2071
2086
2108
749
1987
2136
750
751
2786
775
858
755
796
3185
843
1098
2317
3612
751
2626
770
2733
2732
2656
757
777
2888
2624
894
3128
1462
3788
801
2858
1991
763
803
2972
939
3407
782
2653
767
906
3262
821
2918
862
1671
769
826
3028
989
3231
996
997
2290
841
3003
777
2787
1025
1268
4193
3424
4310
986
992
2587
1622
1770
781
849
3085
2859
860
1035
4220
846
1586
4147
789
1006
3335
879
3052
2501
1219
3524
788
890
3156
796
806
2118
873
1174
2333
842
994
3682
919
3129
1140
3316
1014
1015
2506
1029
3778
3964
798
924
3203
829
1913
3322
1515
968
3182
806
2987
807
1173
3365
803
2889
1086
2034
2917
809
3105
1082
1954
3047
1382
3351
4181
2630
2029
1039
1040
2307
823
1427
3398
959
1042
1754
954
1255
1497
897
912
3632
838
1030
4197
875
958
1101
826
2973
855
1179
3829
1946
3384
3114
3592
832
953
2520
3002
834
2300
1036
1609
2070
835
2244
878
954
2016
3012
4302
900
2015
902
2172
1913
845
1163
3439
888
1953
866
2707
1228
1266
4008
952
1783
849
3029
1264
1547
857
2314
917
2017
3244
3428
1023
1941
895
1732
3205
947
1272
2037
3051
3812
916
1171
1992
1109
1110
2325
3943
4334
1026
1765
1099
1188
928
1281
1989
929
2161
926
2800
1166
1276
3865
1032
1312
1342
2053
1291
3704
3819
1125
1126
2484
1067
2720
4001
1146
944
2021
1027
1160
898
1365
3359
883
1404
3472
1019
3176
3015
3366
887
2332
882
973
2387
2255
2025
2611
4345
3581
890
3086
994
1362
996
1011
1809
3375
3403
3432
3461
1731
2669
893
3452
3738
905
2058
977
2147
2244
982
1782
3130
892
1218
1628
1048
1239
3477
3732
906
3184
3145
4173
936
1256
3440
4015
1466
4252
1091
1423
4010
2258
980
2255
997
1809
1007
1353
2095
938
947
2044
1953
3232
981
1092
1781
966
1965
1083
3925
970
1463
2652
921
1976
3497
1528
3973
4324
1057
1437
1039
1058
1828
1071
1107
2271
1005
2258
924
3157
951
972
1884
3489
3498
965
1097
2074
1176
1268
3760
3181
994
3090
3524
1246
4187
1431
3163
1040
1828
1199
1025
1176
3143
979
1227
1756
971
1565
2277
984
1216
1776
1195
1203
1984
1384
1472
1214
1215
2366
948
2063
3460
2539
2523
1124
1234
1220
1231
2640
2285
1033
2271
1000
1324
2332
3195
1070
2527
988
1170
1761
953
1423
1494
1248
1691
1387
4373
2808
995
1013
3164
1001
1170
3805
4112
4276
2025
1655
1007
1130
2100
1066
1091
3880
1041
2026
4328
1043
1500
1624
981
2815
971
2091
2058
992
2231
973
3204
1004
2285
983
2725
2270
1144
1591
3228
3826
3831
1127
3542
1110
1324
3994
1018
1352
2015
1354
1413
1063
2014
1016
4016
1156
1159
2127
1030
2608
1346
1360
3550
1006
3263
3906
1258
1259
2468
1965
1262
1263
2378
2031
3355
2177
2176
1139
1534
1172
1564
2420
2347
3355
1467
1526
3043
4232
1103
1362
2930
2017
3317
3180
1560
2669
3417
1175
1177
2151
1288
1298
1098
2161
1019
1434
2132
2153
2523
2494
2813
1095
1510
1728
2816
2350
1023
1443
1942
1309
1310
2267
2805
1192
1734
2107
1789
1442
1152
1733
1089
1332
1628
1774
2231
1197
1198
2154
2021
1182
2649
1143
3980
1456
1132
1178
1593
1041
1486
1640
2167
2163
1715
3757
1214
1434
1336
1337
2392
1313
1527
1102
1327
4029
1302
1723
1335
1774
1101
1374
1578
1080
1375
1579
1079
1376
1580
1078
1377
1581
1077
1378
1582
1076
1379
1583
1075
1380
1584
1102
1129
3784
1118
1174
2147
1253
1535
3721
1084
1100
2428
1347
1348
1115
3551
3690
1306
1719
1221
1222
2149
3188
1391
1993
1414
1904
1306
1372
1963
1289
1436
1310
1441
1250
1277
1117
1133
1898
1267
1623
1106
1539
4073
1652
1651
1650
1649
1648
1647
1093
1388
1753
1591
1691
3964
1282
2092
1252
3540
3475
1212
2809
1439
3449
3604
1162
2545
1150
1511
1887
2887
1328
1421
3508
1526
1537
4230
1262
2047
4194
4273
1309
1441
2931
1149
1514
1172
2427
1540
1901
1187
1241
1242
2140
1171
1277
1316
1223
3869
1219
3290
1147
1149
3191
2031
2153
2148
1392
1393
2293
1116
1901
3503
1134
1394
1766
1219
1250
1284
3595
3747
1129
1678
1399
1771
1178
1395
3326
1136
1403
1779
1295
1433
1316
1340
1678
1163
1998
2159
1385
1758
2494
2479
1960
4337
1244
1750
1138
1393
1444
1147
1167
1545
1318
4270
1903
3957
1432
3421
1249
1401
2101
1862
3041
1168
1251
2442
1340
1367
1148
1873
1173
3334
1960
2965
4296
3790
4243
1230
1799
1688
1950
1417
1418
2402
1231
2196
3906
1702
1875
2750
1336
2052
1171
1678
1681
1278
1303
1415
1869
3001
1212
1368
2743
1271
1274
2133
1425
1445
1210
1451
1459
1392
1444
1185
1341
1424
1425
2302
1383
3561
1169
1257
4246
1644
2647
1205
1646
1261
1397
2080
1307
3159
3352
2933
1446
1496
1788
1424
1445
3990
1226
3868
1460
1461
1477
1551
4171
3137
1479
1554
4339
1482
1556
3931
1303
1224
1247
1578
1284
1267
1618
1478
1483
2536
1480
1481
2257
1484
1485
2266
1417
2055
1544
1571
4258
1304
1305
2126
2018
1297
1612
1447
1569
1446
1495
4177
1495
1496
2316
1315
1329
1335
1286
1287
1385
1974
1500
1512
2356
1588
1607
1510
1513
2369
1237
1533
4344
1511
1525
2379
1523
1524
2453
1590
1621
1430
1641
1630
1302
1464
2989
2335
2041
2343
1476
1372
1559
1719
4146
4281
1332
2059
1448
1643
1447
1568
1661
1677
1540
3582
1414
1840
1867
1514
1674
1548
1366
1747
1700
1748
1854
1312
1773
2667
1244
1245
1674
1677
4115
1287
3835
2032
3294
1300
1356
1394
3705
1315
3997
1333
1334
2120
1449
1687
1448
1642
1568
1569
2324
1690
1589
1608
1771
1903
1915
4178
1331
3770
2925
2451
2744
1296
1659
1350
1656
1402
1403
3565
1322
1676
2929
1767
1846
2479
2460
1338
1983
1641
1749
2371
1624
2335
3718
1317
3341
3861
1343
1615
4086
3315
1344
1616
3752
1345
1619
3663
1450
1737
1431
2000
1339
1627
4102
1449
1686
1349
1653
4285
1361
4340
3852
1388
1457
3772
1463
2014
1701
1854
1721
1838
1328
1793
1794
1892
3740
1331
3040
3638
1722
3988
1357
1693
3656
1358
1694
3742
1359
1366
1695
3947
1718
2695
3741
1314
1532
1751
1768
1369
1371
2110
1863
1319
1452
1806
1450
1736
2023
1458
1642
1643
2337
2270
2256
1411
4036
4166
1408
1572
1409
1573
1990
3055
3379
4356
3050
4041
1689
1396
2001
3059
1384
1659
3776
1426
3453
1363
1428
1672
2031
3985
4312
1657
1658
3591
2815
1975
1595
1785
3974
2979
2196
1453
1886
1452
1805
2380
1728
2371
1451
1670
1557
1558
3391
1684
3478
1639
2702
1638
2704
1637
2710
2042
2186
2233
1585
1588
1877
1878
1404
2174
3275
1419
2020
1565
2091
1420
2022
1901
2779
4342
1866
1555
1632
1553
1634
1552
1635
2687
1689
1713
1547
1874
2735
1476
1857
1869
2681
3167
3579
1574
1910
1454
1967
1455
1611
2683
1453
1885
1784
1686
1687
2351
1487
1917
1488
1920
1489
1923
1490
1926
1491
1929
1492
1932
1493
1935
1685
2002
2067
1427
3364
1611
2019
1700
1701
2411
2045
4081
1499
1625
1799
4114
4274
1416
2914
2292
2282
2899
2924
1834
2771
1594
1949
1548
1907
1906
3987
4314
1961
2122
1895
3601
1430
1660
2195
1721
1724
4168
1454
1961
1966
1762
1880
1757
1882
1779
1879
3374
1769
1881
1539
1661
4364
2584
4080
2908
3324
3971
1730
2789
2404
1887
2380
4235
4208
2660
2779
2893
2772
2304
2292
1542
1680
3385
1570
2916
1599
2974
3862
1985
2994
2655
1684
2041
1529
1530
2082
1458
2899
3016
1542
1676
3866
1633
3551
1736
1737
2365
2064
2644
4076
1587
1983
2116
2139
2157
2152
2142
2135
2129
2124
2115
2102
1851
1969
1996
3958
1979
1846
2648
2186
2212
1540
2982
1720
1978
1572
4200
2893
1472
2929
1612
1696
1613
3918
4031
1614
1695
3916
1615
1694
4333
1616
4038
1617
1693
4035
1619
4205
2813
1614
1817
2015
2342
1617
1821
2017
2184
2342
1620
1825
2530
2021
2183
2184
1897
2589
1600
1601
1602
1603
1604
1605
1606
1545
1749
2315
2304
3581
1630
3982
1752
1759
2132
1654
4218
1655
3891
1647
1648
1649
1650
1651
4106
1652
4124
1653
4141
2125
2121
2047
2125
2052
2121
2661
1647
1662
1648
1663
1649
1664
1650
1665
1651
1666
1652
1667
1653
1668
1646
1669
3911
2460
2443
2055
2119
3214
1711
1841
4117
1594
1948
1563
2043
1709
1841
2864
1710
1704
3948
1654
1705
1655
1707
1656
1708
4361
1744
3234
1830
1955
3604
4153
3366
4389
1890
1715
1716
1645
1865
2520
1714
1741
2816
1612
1812
4272
1716
1815
4174
1613
1816
1614
1818
1615
1819
1616
1820
1617
1823
1619
1824
1620
1826
1827
1867
1977
2001
1726
1740
1714
1839
3908
1626
1838
3950
1610
2688
1734
2404
2978
3347
3590
3611
1676
4151
2327
2315
1629
1822
1630
1852
2723
2724
4225
1636
2809
1898
3975
4223
3532
1682
1699
3901
1916
1662
1919
1663
1922
1664
1925
1665
1928
1666
1931
1667
1934
1668
1937
1669
1940
1670
1943
1938
1739
1856
1688
1947
1951
1645
1682
1893
2924
3218
2463
1738
2631
1722
4376
1805
1806
2373
1807
1808
1800
3720
1662
1918
1663
1921
1664
1924
1665
1927
1666
1930
1667
1933
1668
1936
1669
1939
1644
1789
1972
1698
2595
2682
2026
2750
3046
3977
1670
1945
3781
3016
3046
2047
2734
4249
3991
2811
1742
1850
1988
1682
1720
1909
1743
1837
1745
1830
1746
1836
1747
1833
1714
1843
1743
1902
1746
1900
1747
1899
1716
1832
2897
2339
2327
4139
2752
2235
2212
4128
2651
2895
3020
1692
1698
1980
3261
1863
3853
3953
2884
3549
1786
1896
3503
3544
1763
1860
2759
3058
2352
2339
2648
1739
1811
1790
1798
2794
3942
3873
4005
1755
1870
2690
1723
2097
2096
2040
3983
3994
1751
1876
1777
1875
1772
1876
4211
1754
1877
1775
1878
1778
1879
1760
1882
1778
1880
1764
1881
4374
1729
4034
1885
1886
2389
1890
1896
3011
1723
3984
1888
1889
2434
1745
2749
1739
1834
2635
2052
2004
1810
1971
1740
3031
3036
4007
3491
4062
2934
1804
2012
3212
2364
2352
1864
1971
2758
2809
2780
4341
3847
1855
3877
3258
3903
2080
2744
2999
1784
1802
1906
1866
3726
1857
1794
4354
4048
3899
1979
1793
4039
3727
1895
3836
3801
3898
3928
3702
1975
4292
1907
3956
4242
2040
1811
1993
4125
3039
3205
1948
1949
2447
3168
2708
2773
3929
3658
4074
2990
3562
3733
2723
2724
3306
3588
3825
1858
1964
2007
1844
1911
1944
1944
2862
3060
1863
2746
2035
2998
3136
1963
2454
1964
2033
2377
2364
2235
2208
3153
1962
2841
1977
2695
2696
2696
2697
4000
2697
2698
3919
2698
2703
2699
2700
2700
2701
2701
2709
2702
2713
2704
2705
2705
2706
1874
2740
2706
2716
2710
2711
2711
2712
2712
2714
2714
2717
3155
2691
3548
3709
2803
1952
1968
2232
2703
2736
2709
2738
1977
2720
2722
4156
2713
2739
2716
2741
2722
2726
2717
2742
1996
2726
2757
2005
2880
1903
2800
4215
2631
4255
2465
1966
1967
2400
2860
2012
2689
2743
2755
3628
3703
3161
3077
2708
2866
2020
1968
2740
3694
3833
1983
2805
3374
1962
2938
2755
2781
2660
2811
1976
2179
3443
3966
4037
2020
2813
3967
2045
2022
3955
2007
2644
4375
2648
2388
2377
2055
2443
2417
2723
2815
3941
2724
4113
2781
2799
2773
2655
3004
2736
3005
2734
2738
3006
2739
3007
2741
3008
2742
3009
2752
2816
3960
2734
2752
2780
4366
2799
2851
2757
3014
2069
2857
1963
1974
2512
1973
1995
2004
2818
2818
2819
2819
2820
2820
2821
2821
2822
2822
2823
2823
2824
2824
2825
2825
2826
2826
2827
2827
2828
2828
2829
2829
2830
2830
2831
2831
2832
2832
2833
2833
2834
2834
2835
2835
2836
2836
2837
2837
2838
2838
2839
2839
2840
2840
2842
2842
2843
2843
2844
2844
2845
2845
2847
2847
2849
2793
2849
2850
1998
3397
2850
2853
2077
2084
2853
2856
2856
2861
2619
2546
2861
2867
1957
3032
1986
1987
1970
3771
3584
2867
2878
2979
2877
3237
2558
2397
2388
2033
1997
2019
2884
3123
1993
2878
2890
2023
3060
3637
2851
3132
2687
2075
2763
2811
2908
2890
2909
1989
1999
2916
3020
2208
2215
2619
2000
3060
4331
2008
2011
3544
3622
1995
2243
2663
3411
2014
2023
2018
3017
2424
2517
2011
2028
3063
2759
2981
2909
2936
3162
2013
2868
3197
3634
2048
2227
2573
2048
3510
3517
2024
2040
2032
2037
3105
2589
2038
2039
2029
2243
2038
2050
2689
2051
2646
3293
2037
2044
2046
3176
2068
2227
2077
2567
2049
2068
2057
2051
2226
2066
2061
2065
2062
2606
3163
2063
2071
2545
2659
2061
2226
2499
2994
2064
2073
2066
2220
2502
2981
2488
2862
2719
2415
2481
3546
3712
2074
2415
2076
2467
2595
2081
2083
2455
2080
2084
2097
2088
2091
2429
2441
2086
2087
2439
2412
3589
3724
2093
2415
2093
2095
2093
2103
2092
2096
2109
3159
2104
2109
2934
2098
2408
2430
2100
2103
2111
2387
3426
2114
2122
2108
2107
2391
2106
2239
2622
2119
2113
2403
2114
2128
2113
2116
2113
2130
3386
2128
2131
2123
2118
2987
2221
2386
2131
2137
2376
2390
2127
2130
2137
2138
2361
2138
2143
2134
2374
2143
2144
2136
3353
2355
2144
2155
2139
2145
2155
2156
2145
2362
3323
2150
2156
2164
2145
2166
2164
2165
2348
3246
2147
2148
2167
2322
2165
2170
2151
2166
2162
2169
2170
2336
2168
2169
2334
3169
2162
2168
2159
3397
2223
2161
2163
2177
2668
2305
2323
3038
2625
2318
2298
2900
2312
2172
2176
2181
3150
2174
3438
2222
2178
2181
2930
2288
2301
2182
2275
2180
2210
3471
2284
2183
2272
2260
2187
2190
3332
2189
2192
2213
3179
2192
3257
2191
2236
3363
2194
2242
2246
2860
2200
2237
2247
2254
2201
2225
2204
2249
3129
3181
3184
3262
2225
2497
3239
2251
2623
3003
3051
3497
2511
3588
2919
3334
3365
2732
2245
2246
2605
2858
2917
2249
3185
3472
3439
3364
3398
2602
3480
2918
3002
3052
3130
2663
3612
2733
2859
2508
2248
2242
2252
2988
3263
3335
3182
3228
2250
2253
2250
2253
2254
2261
2262
2500
2263
2265
2269
2261
2499
2600
2265
2268
2262
2264
2349
3698
2267
3687
2268
2276
2269
3678
2273
2273
2278
2276
2280
2274
2277
2280
2286
3665
2278
2281
2280
3489
3505
2283
2978
2287
3180
2287
2286
2291
2289
3645
2289
2291
2295
2293
2295
2303
3631
2297
2296
2295
3461
3479
2297
2299
2626
2786
2302
2306
3153
2303
2308
2306
3607
2309
2308
2311
2309
2311
2320
3596
2313
2311
3428
3450
2787
2888
2316
2931
2321
3155
2319
2317
2319
2320
2326
2321
3569
2324
2326
2330
2889
2972
2329
2330
2338
3557
2331
2330
3384
3411
2331
2933
2333
2340
2337
2973
3028
2370
2338
2346
2340
3530
2344
2344
2346
2353
2349
2359
3267
2347
2346
3351
3385
2351
3029
3085
2470
2353
2360
2354
2357
3494
2357
3434
2360
2363
2363
2367
2359
2360
3316
3352
2365
2367
2375
3086
3156
3455
2368
2366
2368
2372
2370
2375
2381
2373
2384
3231
3317
2378
3157
3203
3402
2381
2385
2383
2383
2385
2393
2395
2382
3128
3232
2384
2389
3342
2393
2398
2390
2394
2392
3204
2398
2405
2394
3271
2395
2400
2422
2433
3600
2407
2992
2399
2901
3047
2402
2414
2423
3614
2407
2405
2413
2410
3054
2422
2423
3608
2410
2413
2418
2426
2437
3748
2416
2418
2434
2433
2446
2911
2421
3590
2420
3198
2418
2792
2432
2448
2764
2425
2436
2671
3096
2427
2863
2445
2448
2432
2440
3161
2463
2472
2434
2444
2446
2454
3441
2440
2454
2457
3578
2450
3737
2457
2465
3568
2444
2453
2445
2480
2688
2456
2463
2444
2449
2453
2462
3754
2450
2935
2451
2452
2456
3562
2462
2468
2464
2468
2475
2567
2465
2485
3560
2462
2490
2503
3536
2472
3733
2477
2493
3559
2475
2484
2503
2512
3527
2536
3707
2490
2495
3399
2477
2525
2793
2880
2497
2479
2496
2690
2794
2480
2518
2531
3126
2483
2485
2495
2484
2498
2763
2487
2504
2492
2507
3716
2492
2768
2498
2506
2506
2514
2857
2512
2534
3516
2496
2504
3731
2498
2501
2505
2500
2527
2514
2526
2507
2513
3548
3725
2509
3394
2552
2511
2551
3738
2524
2912
2523
2528
2555
3538
2549
2558
3481
2526
2538
2547
2553
2541
2547
2882
3191
2546
2549
3493
2534
2546
3502
2525
3709
2528
3195
2532
2538
2554
2671
2570
2566
2579
2537
3025
2551
2552
2544
2562
2569
2543
2541
2559
2539
3629
2554
2564
2783
2544
2558
2587
3467
2570
3717
2553
2682
3058
2563
2579
2583
2570
2630
3723
3452
3425
2560
3478
2559
3703
2564
2577
2874
2593
2614
3442
2562
2566
2576
2574
2582
2607
3697
2585
3199
2587
2593
3456
2574
2595
2577
2594
2915
2576
3691
2609
2627
2634
2577
3626
2683
3328
2583
2586
2590
2607
2582
2581
2639
3272
3170
2897
2999
3100
2627
2650
3685
2590
3914
2597
2618
2591
3668
2614
2640
3420
2699
2597
2601
2637
2594
2617
2977
2608
3475
2672
2995
2601
2617
2621
3019
2621
2638
3045
2606
2613
2603
2675
2605
2674
2678
3679
2707
2629
3241
2630
2679
3732
2678
2715
2641
2642
2673
2620
2629
2667
2640
2659
3400
2659
2664
3381
2629
3230
2740
2634
2643
2624
2665
2665
2668
2668
3259
2638
2662
3057
3083
2664
2683
3349
2636
2666
2673
2641
2866
2984
2658
3633
2643
3660
2676
3081
2650
2643
3652
2674
2675
2662
2684
3350
2756
2770
2666
2936
3018
2692
2761
2719
2775
2795
2902
3360
2662
2678
2692
2982
2685
2729
3496
3012
3191
2689
2682
2676
2707
3520
2684
2728
3136
2753
2852
2906
3649
2685
2748
2778
3098
2727
3167
3242
4343
3273
3389
2686
2694
3309
3586
2768
2768
3644
3794
2765
2731
2751
2796
2718
2745
3064
3221
3065
4304
3066
3486
3067
3068
4066
3070
4108
3071
3160
3217
3072
3222
3073
3219
3223
2765
3137
3220
3074
2731
2928
3075
2728
2760
3118
3224
2788
3011
3078
2756
3477
2745
3617
3666
3731
2748
2802
2802
3383
3414
3079
2760
2785
3135
3034
3080
3035
3531
3089
2935
2751
2989
3042
2760
2769
2803
2986
4140
3609
2783
3151
2784
2790
2797
3226
2767
3213
2986
2996
2882
2788
2804
2784
2873
2876
2862
2863
3756
2776
2777
2855
2875
2871
3715
2774
2817
2898
2984
3124
2983
2999
2777
2806
2804
2804
2790
2806
3270
3547
3097
2869
2881
2980
2848
3196
2791
2900
2900
2795
2865
2920
2846
2869
3087
2911
2912
2912
2854
2817
3597
2806
3235
2885
2896
2921
3781
2919
3484
3030
3888
3018
3088
3145
3453
3048
3431
2877
2892
2995
2869
2855
4362
4047
3106
4017
4382
3107
4013
3108
4003
3109
4359
3110
4067
3111
4061
3112
2865
2904
3113
3116
2873
2894
3251
2874
3183
3119
3529
3121
3000
3017
3580
3624
2981
2985
2985
2916
3683
3040
3374
2879
3229
3127
2871
3367
3062
3651
2898
2996
3031
3134
2885
2891
2894
3570
2910
3013
2913
3739
2886
2923
3025
2906
3025
4018
4025
2886
2910
2914
2983
3038
3038
3767
2915
3211
2906
3022
3393
2896
3100
3414
3553
3020
3344
3412
3054
3082
3056
3084
4072
2910
2913
2920
2923
3469
3429
3595
4367
3154
2997
2937
2922
2975
3103
3103
3133
2922
2923
3543
3245
3501
4020
2928
3125
3309
3088
3206
3098
3573
3150
3153
3158
3743
3155
3159
3161
3789
3013
3022
2995
3083
3166
3818
3048
4063
3476
3552
3775
4182
3912
4295
4019
4130
4298
3658
3158
4332
4021
4064
3876
3922
3706
4078
4009
3745
4330
3936
4050
4369
4028
3773
3819
4291
4378
4360
3062
4057
4357
3166
4024
4071
4055
3979
4093
3169
3169
3042
3269
2977
3238
3084
3165
3192
3010
3180
2992
3022
3061
3163
3120
3117
3171
3194
3194
3207
3696
3809
3407
3483
4087
3198
3446
3623
3195
3236
3054
3125
3345
3059
3082
3273
3333
3209
3209
3064
3139
3066
3068
3140
3070
3149
3072
3141
3075
3142
3019
3249
3017
3261
3138
3089
3148
3593
3810
3037
3036
3146
3174
3173
3186
3147
3172
3187
3102
3178
3144
3201
3240
3246
3246
3032
3247
3082
3165
3330
4355
4399
3189
3264
3190
3265
3039
3045
3266
3139
3198
3565
3329
3099
3378
3315
3049
3427
3271
4273
3057
3274
3218
3379
3279
3279
3210
3325
4032
3336
3462
3293
3096
3134
3087
3138
4212
4069
4303
3284
3282
4043
3424
3280
3423
3281
3944
4017
4167
3896
3283
3895
3288
3287
3289
3286
3454
3291
3081
3274
3304
3206
3297
3278
3292
4368
3208
3277
3309
3989
3323
3323
3131
3215
3295
3764
3831
3141
3172
3300
3142
3175
3301
3140
3173
3299
3139
3174
3302
3148
3178
3303
3126
3296
3345
3340
3387
3120
3118
3136
3255
3248
3907
3315
3930
3137
4278
4317
4065
4265
4259
4068
4377
4384
3239
3375
3133
3179
3673
3319
3250
3305
3225
3320
3458
3245
3459
3525
4262
3165
4244
3134
3252
3304
3151
3558
3602
3342
3343
3343
3135
3202
3200
3207
3518
3225
3196
3189
3190
3445
3160
3240
3577
3517
3598
4279
3795
4198
3248
3208
3782
3170
3200
3210
3314
3627
3661
3353
3353
3746
3307
3193
3383
3176
3267
3448
3240
3183
3247
3276
4046
4263
3899
4170
4238
3227
3368
3368
3199
3371
3371
3189
4206
3190
3954
3504
3523
3247
3462
3237
3539
3202
3468
3670
3211
3307
3513
3235
3386
3386
3453
3811
3356
4386
4214
3230
3254
3357
3248
3278
3340
3346
3689
3692
3321
4196
3264
3280
3418
3277
3281
3265
3283
3282
3284
3287
3288
3286
3289
3291
3292
3285
3295
3296
3257
3684
3396
3305
3307
3238
3402
3402
3310
3812
3297
3346
3285
3252
3276
3357
3241
3410
3249
3358
4169
4293
3275
3438
3406
3259
3252
3463
3319
3320
3379
3388
3390
3328
3572
3270
3345
3269
3362
3392
3311
3417
3762
3266
3269
3373
4099
4202
3430
3430
3962
3832
3272
3434
3285
3322
3274
3487
3450
3464
4326
3813
4142
3299
4165
3302
4351
4154
3300
4277
3622
3301
4327
3304
3466
3303
4044
3808
4075
3923
4077
3935
4287
3509
3634
3675
3882
3332
3693
3841
3356
4040
3455
3455
3632
3404
3342
3378
4250
3391
3998
3556
3563
3742
3855
3377
3356
3362
4273
4376
3408
3415
3485
3348
3378
3395
3473
3473
3470
3514
3714
4289
3346
3676
3700
3373
3392
3490
3780
3373
3388
3520
3638
3770
3363
3701
3361
3377
3480
3494
3494
3358
3521
3434
3566
3482
3393
3435
3565
3381
3599
4286
3382
3512
3512
3618
3419
3520
3404
4388
3416
3447
3519
3426
3447
3500
3594
3433
3549
3940
3405
3394
3711
3526
3530
3530
3395
3415
3492
3435
3444
3416
3418
3448
4365
3555
3409
3528
3403
3545
3545
3546
3405
3413
4349
4364
3410
3615
3414
3469
3603
3938
3425
3719
3557
3541
3420
3625
3686
3506
3419
3537
3670
3436
3705
3426
3592
3770
3486
4122
3486
3437
3921
3569
3535
3575
3603
4355
3443
3471
3623
3774
3736
3442
3639
3452
3730
3587
3587
3776
3589
3451
3479
3515
3826
3531
3534
3710
3482
3690
3710
3596
3456
3650
3531
3465
4225
4351
3529
3529
3483
4311
3607
3464
3464
3470
3467
3657
3612
3474
3575
3675
3526
3509
3616
3616
3481
3664
3626
3576
3803
3629
3631
3488
3875
4358
3498
3655
3528
3864
3515
3528
3493
3674
3645
3492
3824
3563
4321
3506
3499
3517
4049
3705
3655
3518
3502
3681
3506
3849
3537
3541
3511
3547
3510
3518
3665
3513
3514
3577
3772
3513
3516
3688
4135
3827
3522
3537
4042
3777
3527
3695
3714
3624
3543
3533
3536
3699
3669
3667
3628
3709
3543
3553
3776
4229
3852
4325
3653
3644
3555
3716
3771
3805
3762
3584
3677
3566
3718
3653
3694
4098
3561
3683
3666
3733
3564
3712
3569
3737
3568
3722
3570
3835
3923
3574
3572
3582
3580
3805
3578
3729
3747
3648
3784
3939
3594
3593
3872
4331
4425
3772
3758
3696
3592
3784
4349
3613
3597
3753
3601
3599
3713
3823
3609
3606
3724
3607
3739
3787
3619
3773
3608
3744
3610
3615
3614
3750
3614
3751
3618
3617
3625
4322
3783
3889
3786
3884
3785
3885
3793
3766
3671
3633
3767
3644
3843
3990
3637
3927
3639
3715
3785
3791
3786
3792
3645
3756
3649
3796
3886
3797
3887
3796
3798
3797
3799
3791
3798
3792
3799
3677
3650
3652
3800
3999
3657
3736
3782
3957
4079
3847
3660
3800
3714
3664
3789
3969
4037
3847
3668
3673
3696
3675
3758
3674
3690
3753
3779
3683
4006
3678
3679
3780
3684
3681
3859
3685
3764
3687
3688
3780
3693
3691
3810
3695
3811
3698
4294
3697
3699
3701
3703
3808
3707
3845
4155
3916
4201
3830
3711
4013
4136
3774
3717
3794
4023
4120
3803
3802
3719
3723
3853
3891
3725
3802
3730
3809
3729
3857
3857
3947
4338
3731
3732
3757
4176
3844
3793
3822
3825
3763
3900
3900
3903
3850
3748
3822
3850
3881
3779
3750
4372
4409
3754
3754
3756
3903
3778
3848
3845
3876
3930
3836
3915
4246
3779
3767
3897
3978
3834
4076
4107
4203
3787
3787
3889
4143
4313
3837
4134
4162
3820
3807
4338
4213
3826
3802
3892
4323
4160
3926
3825
3967
4003
3810
3817
3822
3817
4219
3907
3932
3888
3930
4305
3978
4306
3924
3924
3936
3956
4046
4318
3849
4082
3831
3864
4380
4404
4086
4283
4100
3954
4004
3979
3951
4004
4169
4219
4342
4383
4394
3856
4159
3960
4028
4362
4421
4081
4192
4238
3922
3942
4161
4307
4196
4071
3890
4019
4099
4099
4078
3897
4141
3961
4012
4393
3917
4115
4115
3886
4396
3887
4397
4093
3946
3886
4054
4123
3998
4103
3955
3914
4125
4190
4336
3934
4220
3893
3909
3894
4398
4234
4147
4035
4221
4051
4210
4400
4401
4108
4108
3938
3976
4127
4127
4139
4080
4020
4130
4140
4257
4156
4231
3941
4147
4152
4067
4240
4214
4171
4085
4283
4011
4171
4174
4293
4140
4164
4154
4352
4089
4117
4186
4178
4205
4045
4327
3983
4159
4165
3963
4381
4002
4343
3978
4200
4084
4136
4375
4382
4426
4393
4064
4243
4014
4211
4061
4113
4204
4129
4150
4202
4105
4208
4275
4223
4187
4328
4387
4218
4074
4206
3970
4352
4257
4374
4088
4252
4235
4412
4039
4055
4088
4005
4167
4366
4119
4255
4249
4166
4170
4102
4274
3986
4126
4258
4256
4256
4268
4106
4269
4197
4244
4193
4268
3995
4312
3996
4314
4269
4306
4305
4281
4301
4074
4131
4272
4367
4128
4392
4259
4272
4412
4279
4333
4090
4260
4373
4201
4131
4151
4265
4222
4405
4021
4240
4278
4068
4280
4285
4282
4027
4292
4185
4284
4359
4291
4124
4083
4342
4295
4148
4328
4285
4101
4298
4303
4339
4111
4374
4379
4339
4379
4286
4157
4356
4097
4229
4116
4304
4287
4111
4317
4191
4353
4137
4173
4179
4383
4354
4330
4332
4216
4347
4381
4378
4184
4380
4357
4369
4110
4360
4384
4226
4340
4194
4372
4348
4203
4382
4368
4377
4359
4224
4362
4153
4293
4135
4104
4326
4324
4327
4387
4215
4386
4345
4334
4109
4365
4219
4217
4402
4388
4183
4199
4355
4307
4186
4192
4144
4228
4145
4227
4176
4132
4248
4133
4247
4181
4237
4321
4282
4110
4195
4162
4399
4134
4198
4375
4420
4320
4257
4175
4288
4331
4221
4407
4216
4418
4301
4297
4424
4216
4417
4239
4310
4323
4336
4398
4212
4400
4401
4158
4420
4275
4155
4211
4190
4239
4162
4396
4397
4319
4341
4387
4236
4188
4207
4204
4176
4407
4215
4350
4416
4252
4177
4329
4217
4422
4263
4180
4225
4308
4385
4394
4394
4393
4385
4266
4335
4299
4404
4402
4404
4209
4254
4234
4346
4258
4415
4270
4409
4409
4415
4399
4291
4271
4426
4277
4413
4280
4245
4353
4415
4254
4290
4284
4414
4310
4421
4419
4346
4347
4408
4264
4370
4250
4264
4251
4322
4389
4416
4371
4398
4414
4262
4405
4307
4297
4406
4300
4316
4322
4371
4370
4410
4325
4337
4418
4296
4267
4422
4427
4287
4363
4420
4341
4366
4302
4419
4320
4360
4308
4422
4424
4421
4403
4315
4425
4411
4412
4318
4417
4316
4338
4313
4425
4391
4390
4351
4356
4407
4423
4390
4373
4391
4365
4337
4427
4361
4427
4426
4395
4350
4408
4336
4402
4413
4405
4397
4396
4392
4386
4363
4423
4392
4400
4401
4408
4403
4395
4424
4423
4416
4418
)


// ************************************************************************* //
