/*--------------------------------*- C++ -*----------------------------------*\
  =========                 |
  \\      /  F ield         | OpenFOAM: The Open Source CFD Toolbox
   \\    /   O peration     | Website:  https://openfoam.org
    \\  /    A nd           | Version:  12
     \\/     M anipulation  |
\*---------------------------------------------------------------------------*/
FoamFile
{
    format      ascii;
    class       surfaceScalarField;
    location    "0.28";
    object      phi;
}
// * * * * * * * * * * * * * * * * * * * * * * * * * * * * * * * * * * * * * //

dimensions      [0 3 -1 0 0 0 0];

internalField   nonuniform List<scalar> 
6438
(
-4.51929e-08
5.68033e-06
-5.63514e-06
-4.87021e-08
6.59926e-06
-6.55056e-06
-6.19256e-06
-1.05689e-06
7.24945e-06
5.87311e-06
-6.44986e-06
5.76749e-07
9.02029e-06
-7.04896e-06
-1.97133e-06
2.03423e-06
6.98606e-06
-7.04476e-06
8.52195e-07
-6.09984e-06
6.05114e-06
6.5988e-06
-7.8731e-06
1.2743e-06
6.12304e-06
-7.18547e-06
1.06243e-06
-5.92102e-06
7.21146e-06
-1.29044e-06
1.42001e-06
-6.48537e-06
5.06536e-06
-7.3429e-06
1.42188e-06
5.62745e-06
2.58468e-06
-8.21213e-06
5.29043e-06
-5.33562e-06
-2.99255e-07
6.19916e-06
-5.89991e-06
-7.81103e-06
7.57702e-06
2.34004e-07
-5.91437e-06
7.18854e-06
-1.27417e-06
-7.34367e-06
1.4293e-06
2.3312e-06
4.91946e-06
-7.25066e-06
-1.6963e-06
-1.10694e-06
2.80324e-06
-3.59756e-07
6.49146e-06
-6.1317e-06
-6.02559e-06
-9.75802e-07
7.00139e-06
-7.37952e-06
3.23272e-06
4.1468e-06
-6.39403e-06
6.03427e-06
-5.67854e-06
6.90328e-06
-1.22474e-06
-6.95637e-06
9.30779e-07
6.58131e-06
-5.1613e-06
-5.97891e-06
-1.12697e-06
7.10588e-06
-7.24082e-06
1.56228e-06
5.52974e-06
-6.96542e-06
1.43568e-06
3.03452e-08
-6.77762e-06
6.74727e-06
6.63369e-06
-6.67722e-06
4.35237e-08
-6.57325e-06
1.10173e-06
5.47152e-06
-8.87315e-06
1.43915e-06
7.43399e-06
6.24159e-06
-6.21124e-06
6.29977e-06
-4.26652e-07
4.08663e-06
5.72661e-06
-9.81324e-06
-2.03545e-06
7.6629e-06
-5.85986e-06
6.44109e-06
-5.81223e-07
-6.7923e-06
6.732e-06
6.0297e-08
-2.81594e-06
5.14714e-06
6.07071e-06
5.23351e-08
-7.29974e-06
7.15029e-06
1.49447e-07
6.52842e-06
-9.98681e-07
-4.92903e-06
4.62977e-06
-8.48882e-06
1.43987e-06
6.45623e-06
6.2031e-07
-7.07654e-06
-5.00455e-06
-1.56871e-06
-9.23284e-07
-6.03795e-06
6.85249e-06
-8.14537e-07
-4.47939e-06
6.47464e-06
-1.99525e-06
6.5117e-06
-6.5117e-06
2.04903e-06
4.93834e-06
6.48974e-07
-5.58732e-06
2.89783e-06
1.4144e-06
-4.31222e-06
5.51119e-06
1.16951e-06
-6.68071e-06
5.32543e-06
-2.09271e-06
-3.08691e-06
-5.40191e-06
-6.42035e-08
5.74151e-06
-5.67731e-06
-7.07956e-06
7.07956e-06
-7.33755e-06
7.41579e-06
-7.82483e-08
2.98293e-07
5.44901e-06
-5.7473e-06
2.02728e-08
-6.67966e-06
6.65938e-06
6.19953e-06
-6.17925e-06
-6.76031e-06
7.81393e-07
-6.77623e-06
-5.2351e-07
-5.82906e-06
6.41076e-06
-5.81705e-07
6.45178e-07
5.58217e-06
-6.22735e-06
-6.85702e-06
6.5934e-06
2.63618e-07
6.68208e-06
-6.68208e-06
6.20604e-06
3.92765e-07
-4.07949e-06
-3.10598e-06
5.82144e-06
1.22761e-06
-7.04905e-06
-5.70826e-06
-1.08404e-06
5.07272e-06
3.91633e-06
-8.98905e-06
-7.85155e-06
5.03561e-06
-5.00393e-06
-2.84762e-06
6.92662e-06
-1.10518e-06
4.1234e-06
-1.22557e-06
5.60125e-06
6.44882e-07
-6.24613e-06
-6.908e-06
-4.29544e-07
-9.74176e-07
-1.68461e-06
-5.39495e-06
7.4916e-06
-7.4916e-06
-4.94757e-06
-1.90945e-06
-4.48046e-07
-8.4251e-06
-6.46389e-06
6.43788e-06
2.60091e-08
2.33019e-07
-6.54373e-06
6.31071e-06
-7.18859e-07
6.32011e-06
6.46814e-06
1.65556e-07
-6.75706e-06
-1.05397e-06
-6.82686e-06
7.0027e-06
-1.7584e-07
7.11323e-06
-3.98211e-06
-3.13112e-06
6.38928e-06
-6.15626e-06
1.29511e-07
7.15776e-06
-3.64251e-06
-3.51525e-06
4.07461e-06
3.03862e-06
6.5749e-06
-6.5749e-06
-5.04266e-06
7.23607e-06
-2.19341e-06
-6.33938e-06
3.01428e-07
-8.65863e-07
-5.13624e-06
6.00211e-06
-5.94053e-06
2.3227e-07
-6.3681e-06
1.32544e-06
5.49638e-06
1.21709e-06
-6.71347e-06
-3.75403e-07
5.87179e-06
-5.73867e-06
6.63093e-06
-8.92255e-07
-6.09826e-06
2.38393e-07
4.19367e-06
2.96409e-06
6.34611e-06
-1.28075e-06
2.72334e-07
6.23937e-06
-5.47955e-06
-4.60978e-07
5.73045e-06
1.21984e-06
-6.95028e-06
-3.16644e-06
-2.73453e-06
5.90097e-06
4.17059e-06
-5.22243e-07
-3.64835e-06
-6.77762e-06
1.37353e-06
6.79978e-06
-8.17331e-06
-3.15058e-06
1.45428e-06
6.78235e-06
1.20925e-07
7.34346e-06
-3.80256e-06
-3.5409e-06
2.45975e-06
4.8837e-06
6.867e-06
-1.13655e-06
8.37299e-06
-4.28636e-06
-6.20352e-06
1.46659e-08
6.18885e-06
-8.87148e-06
9.09946e-07
7.96154e-06
-1.01725e-07
-6.15689e-06
6.25861e-06
6.77398e-06
3.76308e-07
-5.22346e-06
5.15925e-06
-6.23365e-06
6.35916e-06
-1.25519e-07
6.31181e-06
-6.41353e-06
6.51136e-06
-6.51136e-06
6.41632e-06
1.82945e-07
6.42877e-06
-1.49042e-06
6.34343e-06
-6.04513e-06
-5.58602e-06
4.72015e-06
5.72693e-08
6.15466e-06
-6.21193e-06
7.22802e-06
-5.0665e-06
-2.16152e-06
-6.67966e-06
-9.55414e-08
7.44637e-08
-6.1743e-06
-6.18982e-06
3.60757e-07
7.16931e-08
6.1699e-06
5.97078e-06
-5.3256e-06
-6.15783e-06
4.19163e-07
6.24884e-06
-1.78132e-07
-2.22781e-07
5.43703e-06
-5.21425e-06
4.27275e-06
2.95527e-06
-6.40534e-06
1.37299e-06
5.03235e-06
6.52509e-06
-5.04564e-08
-8.63199e-06
7.88616e-07
7.84338e-06
-8.73929e-08
-6.12438e-06
6.21177e-06
4.07144e-06
9.91494e-08
3.87929e-07
6.13717e-06
6.07584e-06
5.05471e-07
6.27453e-06
-6.36192e-06
-6.53847e-06
-2.18588e-07
6.66817e-06
-7.16153e-06
4.93361e-07
-5.96439e-06
-2.3913e-07
-7.25787e-06
3.14706e-06
4.11081e-06
6.12603e-09
6.276e-06
2.15452e-07
-5.9048e-06
6.8658e-06
-9.61e-07
-6.51588e-06
5.60875e-06
9.07129e-07
-8.80436e-07
2.2745e-06
-1.39407e-06
-2.0399e-06
-5.20092e-06
-6.54373e-06
-5.17667e-08
6.25129e-06
1.91272e-06
5.32335e-06
-1.04753e-07
-6.36447e-06
-2.95553e-08
-1.3402e-07
-6.96028e-06
5.88265e-06
1.07762e-06
-4.10542e-07
5.18388e-06
1.02216e-06
1.01738e-05
-4.44716e-06
-2.15291e-06
-5.19076e-06
6.38224e-06
8.58992e-08
-5.48185e-06
2.31541e-06
-2.45851e-06
-3.88453e-06
6.34304e-06
-2.19528e-06
-5.14762e-06
-3.57599e-06
8.64871e-06
-6.57771e-06
2.1324e-07
-6.2119e-06
6.23591e-06
-2.40106e-08
-5.13636e-06
4.91358e-06
-7.49466e-08
-6.08808e-06
6.16302e-06
-6.69154e-06
1.13834e-07
5.58327e-06
-6.64297e-06
1.0597e-06
6.2199e-06
-6.29484e-06
5.55888e-06
-2.10539e-06
-3.45349e-06
-8.4052e-06
2.97612e-06
5.42907e-06
5.70148e-06
5.47356e-07
4.70991e-06
2.86711e-06
1.37777e-06
6.11383e-06
-1.6321e-06
-5.8595e-06
-6.76928e-06
6.71043e-06
5.88549e-08
-6.7515e-06
-1.77827e-08
-6.71609e-06
-3.5413e-08
1.88847e-08
1.74565e-06
-9.78424e-06
8.03858e-06
-7.27027e-06
8.64379e-06
5.74112e-06
-5.68385e-06
6.13304e-06
2.56246e-07
5.00808e-07
5.05807e-06
-6.15689e-06
-5.5825e-06
5.55525e-06
6.9421e-07
-6.24946e-06
-3.23717e-08
-1.32379e-06
9.77135e-06
-8.44756e-06
9.26993e-06
-6.68526e-06
-2.80998e-06
4.22437e-06
-1.78153e-06
-5.47634e-06
-4.86742e-06
-3.53777e-06
-6.15593e-06
-3.82543e-07
-6.19847e-06
6.1976e-06
8.65777e-10
-9.81003e-07
5.82153e-06
-4.84053e-06
-6.65075e-06
6.69759e-06
-4.68403e-08
-6.58142e-06
-6.93287e-08
-8.46259e-06
5.26025e-07
7.93657e-06
-5.91696e-06
-3.83847e-07
6.30081e-06
6.6256e-06
7.19834e-08
-1.17813e-06
-7.24122e-06
2.63587e-06
4.60536e-06
4.23579e-08
-3.83593e-06
-3.40529e-06
-9.04852e-08
-6.77624e-08
-6.05422e-06
6.12198e-06
-6.22746e-06
3.10503e-07
5.62775e-06
7.54488e-07
6.48597e-06
-6.21364e-06
6.16202e-06
-6.22979e-06
6.13463e-06
1.77183e-07
3.01405e-06
6.25588e-06
6.41037e-06
-1.22649e-06
-5.02692e-07
-8.36879e-06
-3.67783e-07
5.05765e-06
-4.68987e-06
-6.55014e-06
-3.12733e-08
-6.54926e-06
-8.88004e-10
6.60246e-06
-6.55536e-06
-4.70982e-08
6.52986e-06
7.26014e-08
-6.12438e-06
1.51128e-06
-2.07613e-06
5.64844e-07
-7.39386e-06
4.32421e-06
3.06964e-06
3.31521e-06
-6.64464e-06
3.32943e-06
-5.79972e-06
-5.39657e-07
-6.17784e-06
6.1472e-06
3.06382e-08
-6.4288e-06
6.1994e-06
2.29405e-07
-5.13103e-07
6.57874e-06
-6.06564e-06
-6.38301e-06
1.55552e-07
-7.08686e-06
8.83251e-06
-6.59948e-07
-5.74539e-06
-6.66241e-06
6.14931e-06
-5.22126e-06
-4.80928e-07
5.70219e-06
-4.89698e-06
6.48754e-06
4.232e-08
-4.44727e-06
-1.1893e-06
1.31879e-06
-1.29492e-07
-6.17201e-08
2.37911e-07
-8.45432e-06
8.21641e-06
-4.7412e-06
-2.30356e-06
-6.58202e-06
6.44636e-06
1.35657e-07
-6.48076e-06
-1.01265e-07
-2.33209e-06
1.45165e-06
6.12367e-06
1.50859e-07
6.54146e-06
-1.09245e-06
6.47397e-06
-6.46605e-06
-7.91541e-09
-1.75592e-08
-6.00806e-06
6.02562e-06
6.77508e-06
-4.86236e-06
-8.13925e-08
6.72721e-06
3.79276e-06
-1.052e-05
6.66616e-06
-6.66616e-06
1.02854e-06
6.05102e-06
-2.35203e-06
-4.15967e-06
-5.31173e-06
6.40098e-06
-1.08925e-06
-7.10932e-07
-5.71787e-06
6.13108e-06
-6.14863e-06
-5.87013e-06
1.00891e-07
5.76924e-06
1.12702e-06
-5.95034e-06
4.82332e-06
-6.1604e-06
6.09719e-06
6.32112e-08
3.93452e-06
2.84056e-06
-1.92293e-07
-9.97009e-07
-3.69658e-06
-3.69728e-06
-1.41235e-06
-6.57581e-06
6.71015e-07
-6.08808e-06
5.51642e-06
1.15175e-06
-5.1273e-06
-5.75499e-06
5.33729e-07
-5.87268e-06
3.41417e-06
6.6628e-06
-5.41708e-06
-1.24572e-06
1.13885e-06
5.34713e-06
-4.72062e-06
-2.23575e-06
-6.51896e-06
6.51896e-06
6.51913e-06
-6.26829e-06
-2.50837e-07
3.76042e-07
-6.17577e-06
-5.21542e-06
5.89555e-06
-6.80131e-07
-2.06758e-06
9.60637e-07
6.07429e-06
-6.10386e-06
2.95693e-08
6.37724e-06
6.91275e-08
6.44547e-06
7.36558e-08
9.74127e-06
-6.2159e-06
-1.6711e-07
-5.45347e-06
4.47247e-06
6.11568e-06
1.04217e-07
6.42567e-06
-6.38878e-06
-3.68875e-08
-5.50897e-08
-8.88139e-08
6.70816e-07
-5.50965e-06
4.83883e-06
-1.94045e-07
-8.43795e-06
2.01801e-06
4.56076e-07
-5.6715e-06
-6.1478e-06
6.05412e-06
9.36865e-08
6.13475e-06
-5.51479e-07
-2.86591e-06
-3.8113e-06
-8.59406e-06
6.37086e-07
-3.44706e-06
-1.02056e-06
2.54216e-08
6.32006e-06
-5.62585e-06
-6.05422e-06
-6.06422e-06
1.57851e-07
5.90637e-06
8.56144e-06
1.20991e-06
4.93344e-06
2.48236e-06
5.97072e-06
-2.65551e-06
6.23653e-06
-3.53878e-07
1.42996e-05
-1.05068e-05
-9.78424e-06
-3.13544e-06
-3.38044e-06
-7.88608e-08
6.64733e-06
-6.22768e-06
-4.19648e-07
6.29989e-06
1.45583e-07
7.29036e-07
-6.04076e-06
-4.48192e-06
5.15273e-06
6.10905e-06
5.29768e-08
4.79891e-06
2.12772e-06
6.40881e-06
2.38515e-07
6.40273e-06
-6.3109e-06
-9.18324e-08
-2.88178e-06
-4.08364e-06
-2.88253e-07
5.897e-06
1.0976e-07
-6.79184e-06
5.30923e-06
-4.18221e-06
-8.88897e-08
1.34443e-07
5.17701e-06
-5.62308e-06
4.46078e-07
9.45978e-07
5.455e-06
8.68978e-06
-8.45187e-06
3.02388e-06
3.8286e-06
-6.13211e-06
6.06002e-06
7.20884e-08
-1.41617e-07
-3.5631e-06
1.94972e-06
1.61337e-06
-6.3843e-08
6.66232e-06
-6.66232e-06
7.52205e-06
-4.36063e-06
-3.16143e-06
-5.52411e-06
-9.25757e-07
4.65733e-06
2.20966e-06
6.37214e-06
3.66732e-08
-6.00806e-06
5.96106e-06
3.78168e-08
-5.99888e-06
4.88127e-06
6.79184e-06
-6.74727e-06
1.72367e-07
7.9318e-06
-7.02185e-06
6.14266e-06
-6.54524e-06
6.09886e-06
-1.37799e-07
5.50552e-06
-5.9572e-06
5.92578e-06
3.14196e-08
2.79062e-07
4.779e-06
-5.05806e-06
-5.42212e-06
4.4778e-06
-4.06361e-07
5.67163e-06
7.69454e-07
-5.41689e-08
-5.24218e-06
-9.1565e-07
-7.8482e-06
4.96641e-06
8.26475e-09
-5.97265e-06
-6.36074e-06
-3.01669e-07
8.52072e-06
-4.60439e-06
6.12391e-08
-1.10207e-06
6.77482e-06
-5.67274e-06
-2.8944e-06
-6.68695e-07
5.93396e-06
-5.99827e-06
6.43038e-08
-6.14266e-06
6.08942e-06
2.641e-06
3.77424e-06
-6.41524e-06
6.38563e-06
-1.20862e-06
5.30825e-07
5.66834e-06
6.26248e-06
6.03317e-07
6.83035e-07
8.28247e-07
-6.65938e-06
1.48028e-07
-5.28755e-06
6.01659e-06
-3.06224e-06
3.69932e-06
5.6564e-07
-5.55567e-06
4.99003e-06
-4.47226e-08
1.18429e-07
-5.54291e-06
-6.3024e-06
6.18711e-06
1.1529e-07
-6.04656e-06
6.29484e-07
3.94426e-06
3.5778e-06
-3.40249e-06
6.97755e-06
-3.57506e-06
6.99175e-06
-6.52741e-06
-4.64349e-07
1.73389e-07
4.30441e-06
-6.00006e-06
-6.41626e-08
6.0899e-06
8.95847e-09
3.01179e-06
-1.06206e-06
7.75226e-06
-6.96364e-06
5.56014e-06
8.50628e-07
3.51062e-07
-6.18352e-06
9.41336e-07
9.50965e-08
-5.38265e-06
6.90537e-06
-5.57993e-06
5.62993e-06
-3.42724e-07
-5.35904e-06
5.70176e-06
-6.06041e-06
6.31087e-06
-7.49615e-08
-9.18099e-06
7.33428e-07
-3.87582e-08
5.94482e-06
1.15197e-07
-5.61443e-06
-6.16033e-06
6.13434e-06
2.59885e-08
7.36978e-06
-4.27898e-06
-3.0908e-06
-5.17004e-06
-4.65168e-07
5.63521e-06
-1.39573e-08
-6.09332e-06
1.31013e-07
-6.58432e-07
6.50708e-06
-5.84865e-06
-5.96562e-06
5.99519e-06
-8.65664e-06
-1.26406e-06
-8.37437e-06
8.16465e-06
2.09716e-07
4.7805e-06
2.43096e-06
5.59615e-06
5.01582e-07
-6.09773e-06
5.94624e-06
-2.44759e-07
4.79477e-06
2.39377e-06
-4.24367e-06
1.34927e-06
-6.00897e-06
5.22065e-06
-5.93951e-06
-8.06766e-06
8.03835e-06
2.9308e-08
7.28938e-06
-5.85023e-06
5.9436e-06
-1.78201e-08
3.65363e-07
-5.54298e-06
5.17761e-06
-8.962e-08
-7.97804e-06
7.20341e-06
-7.20341e-06
-3.27726e-06
6.17984e-06
-2.90258e-06
-5.94898e-06
5.94898e-06
6.0823e-06
-5.37725e-06
-7.05056e-07
5.65849e-06
1.34421e-06
6.33902e-06
-5.20017e-06
6.26799e-06
-7.03895e-08
-4.90729e-06
-7.86278e-07
5.69357e-06
-7.96927e-06
7.99623e-06
-2.69576e-08
7.34881e-06
-4.42357e-06
-2.92524e-06
1.07449e-06
5.26453e-06
-8.05269e-06
8.0124e-06
4.02927e-08
-1.26979e-09
-5.85857e-08
7.94656e-06
-7.88798e-06
-8.02193e-06
8.02193e-06
-9.55698e-08
6.02953e-06
8.60796e-06
-8.0247e-06
-5.83262e-07
-8.05767e-06
7.99909e-06
8.05081e-06
-8.00971e-06
-4.10987e-08
-5.86614e-06
-1.32127e-07
6.86118e-06
-9.14735e-08
7.99719e-06
-7.90571e-06
7.9997e-06
-8.01474e-06
1.50371e-08
-6.04615e-06
7.95817e-06
-1.16085e-08
-6.15292e-06
6.09788e-06
5.5043e-08
-7.95663e-06
7.98523e-06
-2.8603e-08
6.09445e-06
-5.93659e-06
-8.03638e-06
7.94491e-06
6.1631e-06
-1.95853e-06
2.93506e-06
3.83975e-06
-4.45625e-06
-3.39194e-06
-8.00844e-06
8.00844e-06
-8.04516e-06
-1.25101e-08
7.44779e-06
-1.36524e-06
-6.08255e-06
-5.25117e-06
3.56657e-06
2.00785e-07
7.97094e-06
-7.99558e-06
2.46397e-08
5.86726e-06
-5.86116e-06
-6.09238e-09
8.21928e-06
-8.00588e-06
-2.13396e-07
7.9296e-06
4.13417e-08
7.91501e-06
8.21812e-08
-1.62438e-08
-5.93274e-06
-7.34115e-06
4.04033e-06
3.30083e-06
-5.92437e-06
5.96218e-06
7.95466e-06
-2.5065e-08
8.35566e-07
5.40097e-06
4.27754e-06
-1.63654e-06
-8.02475e-06
-1.16331e-08
6.54498e-06
3.88413e-06
-6.61866e-06
-1.00772e-06
-8.17326e-06
5.97012e-06
-6.00441e-06
3.42912e-08
-2.76666e-07
-8.0977e-06
6.21673e-06
-6.95279e-08
6.91276e-06
-4.73006e-06
-2.18271e-06
-5.98314e-06
7.96674e-06
-7.96674e-06
5.69887e-06
7.24894e-08
-5.77136e-06
6.13521e-06
-7.98349e-06
7.97304e-06
1.04493e-08
7.92715e-06
-8.00344e-06
7.62918e-08
5.04727e-06
-6.67937e-06
-2.12604e-08
-7.92729e-06
7.94855e-06
7.90902e-06
-7.93028e-06
-2.64927e-07
8.42958e-06
-6.33468e-06
6.8607e-06
-7.16505e-06
4.96977e-06
-1.25992e-07
8.16434e-06
6.86714e-07
3.53766e-06
6.54845e-08
7.38231e-06
-2.12818e-08
6.38985e-06
-6.36857e-06
-5.42612e-08
-8.00267e-06
-5.00209e-08
6.56794e-06
-6.56801e-07
-5.91114e-06
-7.94939e-06
7.94939e-06
4.66935e-06
-4.02037e-06
-8.01529e-06
7.99432e-06
2.09691e-08
6.12112e-06
-6.12112e-06
5.96021e-06
-9.2951e-08
7.96027e-06
-7.97305e-06
1.27824e-08
-7.68314e-06
2.10064e-06
8.07528e-09
-5.91294e-06
5.90486e-06
6.41278e-06
-5.362e-08
7.9771e-06
7.37108e-08
4.83886e-06
8.26141e-07
-5.665e-06
8.0014e-06
-4.32255e-08
6.21514e-06
-6.21514e-06
7.9505e-06
-7.92289e-06
-2.76114e-08
-6.07903e-06
6.03451e-06
4.45169e-08
8.01134e-06
-7.98702e-06
-2.43189e-08
-7.96252e-06
7.96252e-06
1.18387e-06
5.57446e-06
1.87876e-07
-5.76233e-06
-8.01594e-06
7.99511e-06
2.0834e-08
-2.94795e-08
-6.00206e-06
5.96786e-06
2.25934e-09
7.45068e-06
-1.40944e-06
-6.04124e-06
5.14724e-06
7.93033e-06
-7.95219e-06
2.18596e-08
6.12852e-06
6.54764e-06
9.23028e-08
5.60656e-06
8.13178e-06
-1.54687e-07
7.90435e-06
2.59805e-08
5.81608e-06
-5.81608e-06
-3.06224e-06
8.04216e-06
-7.97903e-06
-2.44069e-08
7.97485e-06
-7.94481e-06
-3.0046e-08
1.55823e-07
-8.12622e-06
7.97039e-06
8.35173e-07
-8.03858e-06
-8.00144e-06
7.98767e-06
1.37676e-08
5.7765e-06
-5.77368e-06
-2.81498e-09
6.0823e-06
-5.36816e-06
5.36816e-06
7.92036e-06
-1.60077e-08
-5.93893e-06
-5.54298e-06
5.59615e-06
6.16127e-06
-6.40843e-08
-1.79936e-08
6.31012e-07
-7.8661e-06
7.97357e-06
-7.97607e-06
2.50016e-09
1.91068e-07
5.58543e-06
1.83949e-07
6.38399e-06
6.00741e-06
-4.72055e-08
-7.98354e-06
7.97432e-06
9.21333e-09
7.91319e-06
-7.9352e-06
2.20102e-08
-7.97645e-06
-3.88419e-08
7.95475e-06
-7.93387e-06
-2.08768e-08
6.00617e-06
1.14955e-07
7.95976e-06
3.45593e-08
-9.96845e-09
7.94186e-06
3.24667e-08
-1.2151e-09
-5.88245e-06
-8.06292e-06
8.48784e-08
-5.96732e-06
5.96732e-06
7.3101e-08
7.37758e-06
-6.06357e-06
1.15628e-06
4.16649e-08
7.95804e-06
3.30799e-07
-5.73237e-06
5.40157e-06
5.51481e-08
7.96678e-06
7.60024e-06
-8.28963e-06
6.00025e-06
2.14893e-07
7.90902e-06
-6.15232e-08
5.63598e-06
-5.80315e-06
2.94639e-08
5.71701e-06
-8.78145e-07
-7.92878e-06
7.92878e-06
-7.97129e-06
-4.46478e-08
5.37725e-06
-5.5742e-06
1.96957e-07
-7.96678e-06
5.8722e-06
-5.86413e-06
7.95585e-06
3.92602e-08
-7.95959e-06
-7.07848e-06
4.92556e-06
-7.9935e-06
7.98022e-06
1.32745e-08
5.43595e-06
5.1029e-07
5.91294e-06
3.60451e-08
-7.90321e-06
7.95731e-06
-5.4102e-08
-6.0025e-06
5.94905e-06
5.34545e-08
-7.92851e-06
2.53013e-08
5.9805e-06
-1.26374e-08
3.32347e-07
-6.1827e-06
5.85036e-06
7.92661e-06
-7.96167e-06
3.50511e-08
6.44809e-06
-6.74975e-06
7.92574e-06
-7.92488e-06
-8.62862e-10
-5.0664e-06
5.0664e-06
-6.23721e-06
6.23721e-06
-7.91666e-06
-1.18462e-08
-3.69932e-06
4.38604e-06
-7.93926e-06
7.92758e-06
1.16722e-08
6.18129e-08
7.94663e-06
4.95168e-06
-4.38604e-06
-4.95168e-06
5.23074e-06
5.25697e-06
-6.04325e-06
7.24414e-06
-4.29343e-06
-2.95072e-06
-7.9677e-06
-3.37414e-08
-1.14998e-06
-5.23074e-06
6.38072e-06
7.95773e-06
2.99375e-08
-6.02882e-06
5.58777e-06
7.98055e-06
-7.96443e-06
-1.61107e-08
-7.93377e-06
-5.97481e-06
6.00112e-06
-1.85038e-07
-2.12269e-08
7.97589e-06
7.94261e-06
-5.90486e-06
-8.13187e-06
-4.7703e-06
6.09773e-06
-1.32743e-06
-7.89877e-06
-2.85219e-08
7.93221e-06
9.64778e-09
4.62633e-06
-4.72539e-06
9.90583e-08
9.08074e-09
5.5742e-06
-5.79771e-06
2.23505e-07
3.6507e-06
3.71908e-06
-7.96411e-06
-2.93824e-08
-6.03119e-06
7.89734e-06
-7.89076e-06
-6.5779e-09
7.95462e-06
2.56026e-08
-7.97761e-06
7.96903e-06
8.57935e-09
6.09772e-06
6.00617e-06
-7.91758e-06
7.9003e-06
1.72776e-08
7.97346e-06
-7.96997e-06
-3.48278e-09
-5.9294e-06
6.00025e-06
7.91382e-06
-7.91382e-06
3.14595e-08
7.98094e-06
-4.99694e-06
-1.06663e-06
7.93047e-06
-3.85933e-09
-1.02045e-06
5.41792e-06
-4.39747e-06
7.91012e-06
-7.90327e-06
-6.84931e-09
2.41843e-08
7.94256e-06
7.89577e-06
-7.90276e-06
6.99383e-09
-7.98797e-06
-7.95931e-06
-4.79249e-06
6.82651e-09
7.96621e-06
-8.32917e-09
-7.93762e-06
7.94595e-06
-7.91437e-06
7.89712e-06
1.72438e-08
-7.96379e-06
-1.38196e-08
-6.02884e-06
-5.82216e-06
1.90157e-08
7.9557e-06
1.33329e-08
-7.90721e-06
7.90387e-06
3.33827e-09
-7.91265e-06
2.97028e-08
7.88295e-06
7.9614e-06
1.91452e-08
-7.93678e-06
-2.76597e-08
-5.78903e-06
-2.70476e-08
7.95749e-06
-7.96241e-06
4.91543e-09
7.91014e-06
-7.91847e-06
-7.92656e-06
7.91563e-06
1.09283e-08
7.90683e-06
-7.90042e-06
-6.40788e-09
5.96202e-06
5.29739e-09
7.96014e-06
1.33189e-08
-7.94906e-06
-2.09119e-08
-7.97825e-06
6.00112e-06
-7.91106e-06
7.89531e-06
1.57469e-08
5.25074e-06
-5.59346e-06
-7.88874e-06
7.9183e-06
-2.95569e-08
7.91316e-06
-7.92496e-06
1.17948e-08
-1.92685e-08
-7.95611e-06
-7.6785e-09
-2.06034e-08
-7.02286e-06
4.98296e-06
-1.35606e-08
7.91014e-06
-1.30766e-08
-8.41547e-09
-7.96283e-06
6.71799e-09
3.04413e-06
6.69117e-06
-9.73529e-06
-1.64905e-06
7.95756e-06
-7.37805e-11
-7.94256e-06
1.46237e-08
7.93476e-06
-7.94743e-06
-1.49708e-08
-5.98187e-06
-7.97076e-06
7.92615e-09
2.77617e-08
7.93251e-06
-1.27516e-09
3.76085e-08
-7.83584e-06
7.79823e-06
7.96852e-06
-7.96445e-06
-4.07716e-09
-6.08858e-06
1.09164e-06
7.95318e-06
-7.93924e-06
-1.39401e-08
-7.95843e-06
-5.90075e-06
-3.11176e-07
7.90515e-06
-7.89891e-06
-6.23911e-09
4.14716e-08
-7.8433e-06
7.80183e-06
-7.96654e-06
7.95169e-06
1.48534e-08
-6.02356e-06
5.97398e-06
4.95831e-08
7.02492e-09
-7.96648e-06
-4.2739e-09
-6.05642e-06
1.25614e-06
4.80028e-06
-7.95606e-06
-1.04815e-08
7.96592e-06
2.60894e-09
-7.95286e-06
-1.15908e-08
-3.16178e-08
-7.96697e-06
4.92249e-10
-5.72871e-06
-6.70074e-07
6.39878e-06
4.57619e-06
3.34442e-08
-7.93476e-06
5.97515e-06
-2.61012e-08
-7.9047e-06
7.9047e-06
-1.52873e-08
7.96209e-06
3.83055e-09
-6.30132e-09
1.23385e-08
1.27028e-08
7.9651e-06
-3.01634e-09
4.70704e-09
7.96304e-06
-7.9631e-06
5.95625e-11
5.74796e-06
-5.74796e-06
-7.9466e-06
7.92953e-06
1.70746e-08
7.91792e-06
-7.90978e-06
-8.13467e-09
-1.11659e-08
7.96011e-06
4.98756e-09
7.96051e-06
2.53326e-09
-2.98597e-09
7.96132e-06
7.95351e-06
-7.95792e-06
4.40916e-09
-8.03025e-06
-7.92809e-06
-1.85109e-08
6.12928e-06
-7.51591e-08
7.94637e-06
7.14322e-09
6.66399e-08
7.95243e-06
-7.9437e-06
-8.72855e-09
-5.68081e-06
5.68081e-06
4.44314e-08
7.91809e-06
-7.90346e-06
7.91614e-06
-1.26747e-08
7.95074e-06
1.69321e-09
6.3792e-08
5.94362e-06
7.94132e-06
-7.93835e-06
-2.97393e-09
-7.87874e-06
-2.47242e-08
7.91881e-06
-7.92529e-06
6.47911e-09
7.9362e-06
5.12891e-09
7.95088e-06
9.63135e-09
-7.87947e-08
-7.85883e-06
-1.34887e-08
-7.00155e-07
-5.34061e-06
7.90644e-06
-7.9141e-06
7.66451e-09
2.3817e-07
5.50979e-06
7.94031e-06
-7.93287e-06
-7.43884e-09
-7.04743e-09
-1.35265e-07
-6.6085e-06
6.74377e-06
-5.75158e-06
5.81686e-06
-6.52846e-08
-7.86939e-06
7.87191e-06
-2.51573e-09
7.93119e-06
9.12217e-09
-7.90776e-06
-4.94447e-06
7.98859e-06
7.93427e-06
-7.92299e-06
-1.12798e-08
-7.94196e-06
7.94217e-06
-2.11119e-10
7.91908e-06
-7.9119e-06
-7.18615e-09
-7.694e-07
-6.7923e-06
7.5617e-06
7.92614e-06
8.12625e-09
-7.87539e-06
5.99786e-09
7.93541e-06
-7.92523e-06
-1.01751e-08
5.96202e-06
-6.10564e-06
6.10564e-06
7.93247e-06
-7.91753e-06
-1.49392e-08
-1.52934e-08
7.93565e-06
-1.24335e-08
-5.97058e-06
7.9213e-06
1.1167e-08
-7.94125e-06
-1.48126e-08
-7.86334e-06
7.8675e-06
-4.1605e-09
7.94203e-06
4.33875e-09
1.33936e-07
7.86229e-06
-1.67145e-09
7.93463e-06
2.01171e-08
5.94322e-06
3.1927e-08
9.27188e-10
-7.87108e-06
7.73686e-09
6.06329e-07
2.19815e-08
2.56314e-07
7.91166e-06
-7.91908e-06
7.42176e-09
-7.85501e-06
7.86413e-06
-9.12013e-09
1.40188e-07
-5.95149e-06
5.81131e-06
1.06378e-06
-6.19934e-06
5.13556e-06
2.27328e-06
5.61908e-06
-5.61908e-06
7.90621e-06
-7.90621e-06
-6.51286e-06
3.6444e-09
-7.92122e-06
6.06766e-06
7.93291e-06
1.78304e-08
-1.49725e-06
-2.78205e-06
4.2793e-06
-7.86644e-06
1.14299e-08
-7.87099e-06
-2.5523e-07
3.36366e-06
-5.55087e-06
2.1872e-06
-5.44134e-09
5.36595e-08
7.86464e-06
2.26822e-08
5.95782e-06
-7.94407e-06
1.66978e-08
7.91208e-06
5.04712e-06
-6.15826e-06
1.11114e-06
5.137e-06
-1.77333e-06
-9.87196e-09
-7.9045e-06
7.94523e-06
-7.89157e-06
-7.92256e-06
-7.84463e-06
7.83718e-06
7.44805e-09
1.73344e-09
7.92585e-06
7.89801e-06
8.19527e-09
7.21682e-06
-4.78877e-06
-2.42805e-06
-2.8573e-08
6.02882e-06
7.92373e-06
1.2468e-08
7.2141e-06
-7.9835e-06
5.34669e-08
7.86445e-06
-9.33291e-09
-7.90173e-06
-7.85376e-06
9.13428e-09
-5.77012e-06
1.85444e-08
6.06174e-06
-4.85988e-06
-1.20187e-06
7.88397e-06
-7.88467e-06
6.91899e-10
-9.14258e-09
2.2745e-06
-3.19749e-06
-2.99644e-06
6.19394e-06
7.89861e-06
-7.91077e-06
1.21673e-08
6.2966e-06
-6.22411e-06
-2.26729e-08
6.02884e-06
-5.17754e-06
3.68029e-06
7.89066e-06
-7.8986e-06
7.94005e-09
7.93598e-06
-7.88252e-06
-5.94477e-06
1.96806e-07
-5.96745e-06
5.96039e-06
7.06039e-09
5.79771e-06
-5.93297e-06
1.2552e-07
7.85971e-06
-6.01876e-06
5.84025e-06
-2.125e-07
7.92378e-06
-7.91417e-06
-9.60947e-09
6.17022e-06
-5.89521e-06
-2.75012e-07
7.89801e-06
-4.7627e-09
-7.90244e-06
-5.84172e-06
1.95575e-08
7.3206e-07
4.48723e-06
-5.21929e-06
-7.83461e-06
7.82612e-06
8.49757e-09
7.88563e-06
2.75306e-08
-4.99473e-06
-1.04851e-06
5.72714e-08
7.86181e-06
7.91076e-06
-7.92918e-06
1.84166e-08
7.90098e-06
-1.46081e-08
-7.87615e-06
-6.18091e-06
-1.04146e-06
7.91475e-06
1.64324e-08
8.41342e-06
-1.72225e-06
-4.77658e-08
7.9068e-06
-7.85903e-06
7.90343e-06
7.33289e-09
-7.84573e-06
1.11125e-08
-7.86869e-06
-5.6195e-08
-1.51255e-08
7.80124e-06
-7.78612e-06
1.02493e-08
7.90357e-06
7.93702e-06
-7.87975e-06
-7.91208e-06
-3.00745e-08
6.03119e-06
-8.23614e-09
5.98275e-06
-3.1013e-07
-5.67262e-06
8.02198e-08
5.90253e-06
-7.81236e-06
7.79723e-06
-7.91098e-06
-1.71156e-08
5.02195e-06
1.03979e-06
-3.00551e-08
6.11949e-06
-6.08944e-06
-5.06787e-06
-4.24092e-06
4.97298e-06
-6.61276e-06
8.16644e-07
5.79612e-06
7.90025e-06
6.01416e-09
-7.90929e-06
7.83535e-08
7.86688e-06
7.88836e-06
-7.88952e-06
1.15843e-09
7.90561e-06
-7.88209e-06
-2.35164e-08
-7.91631e-06
5.16076e-09
-1.14674e-08
-5.97306e-06
5.98453e-06
1.13847e-09
7.91449e-06
-5.49153e-06
1.60699e-06
-7.90589e-06
7.9015e-06
4.39109e-09
-7.82361e-06
7.81429e-06
9.31591e-09
7.61072e-08
6.46969e-06
-6.28182e-06
4.73945e-06
-1.13118e-07
-4.09128e-08
7.91123e-06
-7.87031e-06
-7.05536e-06
3.85787e-06
7.89749e-06
6.99398e-09
-7.90741e-06
7.90573e-06
2.04171e-08
-7.39005e-06
7.45488e-08
7.3155e-06
1.23312e-08
-7.83594e-06
7.89008e-06
-7.88178e-06
-8.29897e-09
-2.49148e-07
7.93696e-06
-7.68782e-06
-1.18037e-08
-1.62112e-06
7.427e-06
-5.80588e-06
-5.94477e-06
-6.6002e-06
7.89504e-06
-4.3801e-09
6.91583e-08
7.86682e-06
7.69635e-06
7.96938e-06
-7.96325e-06
-6.13714e-09
-8.53377e-10
-5.98175e-06
5.9826e-06
-7.89956e-06
7.89421e-06
5.35329e-09
1.59597e-07
-5.94863e-06
5.78903e-06
7.91001e-06
-7.9067e-06
-3.31826e-09
-6.12498e-06
6.09493e-06
7.88674e-06
-7.88068e-06
-6.06469e-09
2.21074e-08
7.8835e-06
-8.46656e-08
7.92877e-06
-7.90468e-06
8.44527e-08
-5.83175e-06
7.90419e-06
-7.90286e-06
-1.33326e-09
7.90038e-06
4.61713e-09
-7.90352e-06
7.85996e-06
1.67194e-08
-7.87668e-06
1.88144e-09
7.90523e-06
-7.88313e-06
-1.87232e-08
-5.98633e-06
6.00505e-06
4.24381e-06
-6.24565e-06
2.00185e-06
-1.33332e-06
-6.05672e-06
-5.79993e-06
-1.30706e-06
-5.09448e-06
-7.89552e-06
4.54074e-08
7.85011e-06
-6.02293e-06
5.98633e-06
3.66042e-08
-1.83241e-06
-4.84696e-06
-7.89152e-06
7.04556e-06
-7.87518e-06
7.88901e-06
-1.38314e-08
-6.58217e-06
6.54814e-07
5.92736e-06
6.28027e-06
-4.82636e-06
-1.45391e-06
-7.90269e-06
1.5796e-08
7.88689e-06
5.99521e-06
-5.92074e-06
1.64888e-08
7.87359e-06
-7.90357e-06
8.0086e-09
7.8967e-06
7.89565e-06
2.56544e-08
-1.30212e-09
-7.90146e-06
-2.54371e-08
-7.88045e-06
-7.88307e-06
5.98815e-06
-5.91361e-06
-3.3533e-08
1.68727e-06
5.2255e-06
-5.41296e-06
5.41296e-06
6.84305e-08
7.86859e-06
-8.95701e-06
-7.28816e-06
7.28731e-06
7.90631e-06
5.98374e-06
-5.94121e-06
-7.89407e-06
7.86863e-06
-6.6718e-06
6.8314e-06
7.88863e-06
-7.88174e-06
-6.88817e-09
9.51158e-09
7.89693e-06
-7.9892e-06
6.01228e-06
-6.03101e-06
-7.89191e-06
1.31734e-08
2.97108e-06
7.91124e-06
-7.90162e-06
-9.61789e-09
-7.90609e-06
7.88899e-06
-7.88241e-06
-6.57936e-09
-7.88764e-06
-7.87729e-09
7.87105e-06
-7.84694e-06
-6.03438e-06
7.25422e-06
7.8822e-06
-7.87959e-06
-2.61085e-09
-1.38914e-08
7.87385e-06
-6.02293e-06
5.21927e-06
-5.65712e-06
4.37853e-07
-9.70575e-06
9.70575e-06
7.90257e-06
7.90412e-06
-2.00057e-08
1.31831e-08
-7.90204e-06
7.92929e-06
-2.72465e-08
7.88662e-06
-7.88003e-06
-6.58675e-09
-6.54498e-06
6.2338e-06
2.4237e-08
7.88256e-06
-7.90262e-06
2.12916e-08
7.88132e-06
-7.87955e-06
7.89657e-06
-7.88597e-06
-6.05149e-06
-7.89606e-06
2.63043e-08
7.86976e-06
-6.06056e-06
-1.69834e-08
5.91574e-06
-5.96115e-06
4.54145e-08
7.87628e-06
-7.88292e-06
6.63807e-09
1.45618e-07
-7.89593e-06
7.88286e-06
1.30623e-08
7.89059e-06
-5.785e-06
-5.74384e-06
-9.78813e-08
7.90099e-06
-7.90099e-06
-4.07117e-08
6.00273e-06
-7.8967e-06
7.88515e-06
-7.87857e-06
-6.5727e-09
7.89993e-06
-4.39325e-08
-7.88994e-06
-5.8725e-06
-7.36001e-07
-6.01856e-06
4.72042e-06
-5.27247e-06
5.52053e-07
-1.18276e-06
-5.09718e-06
6.27994e-06
7.87074e-06
-7.84992e-06
5.09751e-06
-5.95149e-06
-1.69462e-08
-7.88574e-06
7.88938e-06
-7.88283e-06
-6.54226e-09
6.06105e-06
-6.09061e-06
-1.6691e-06
-1.09928e-06
2.76838e-06
-6.28773e-06
6.34007e-06
6.08295e-06
-6.00273e-06
-2.39758e-08
-5.89868e-06
5.92265e-06
-2.71989e-08
-5.85427e-06
5.88147e-06
1.98182e-08
-6.13235e-06
6.11253e-06
5.60635e-08
-6.15702e-06
6.10096e-06
2.83649e-08
-6.03449e-06
6.00613e-06
-1.20306e-08
-5.9055e-06
5.91753e-06
-1.42635e-08
-5.90059e-06
5.91486e-06
3.55408e-06
-2.39426e-06
-1.15982e-06
5.24026e-06
3.82928e-08
7.87293e-06
5.77761e-06
-5.8084e-06
3.07913e-08
1.85563e-08
-7.88629e-06
7.86773e-06
7.90663e-06
-7.90663e-06
7.80194e-06
-2.04372e-09
-7.7999e-06
-2.61456e-08
-7.86793e-06
7.88457e-06
-7.87772e-06
-6.85986e-09
-4.90014e-06
-6.43485e-06
-1.47322e-07
5.16694e-06
1.00328e-06
7.90028e-06
-7.88976e-06
-1.05244e-08
-6.01394e-06
6.24795e-06
2.61021e-08
7.87913e-06
-4.33351e-06
-2.72185e-06
5.73677e-08
5.6617e-06
-5.71906e-06
-4.04254e-06
-6.82848e-07
-1.35624e-06
-8.4083e-07
2.19707e-06
5.93056e-06
5.93157e-06
6.19146e-06
6.19127e-06
6.14834e-06
6.07052e-06
-2.75739e-08
-5.94778e-06
5.97535e-06
5.95012e-06
-6.89054e-09
-2.34447e-06
7.8871e-06
-7.86855e-06
-1.94522e-07
6.34383e-06
-7.91123e-06
-5.40176e-06
6.67606e-06
7.7913e-06
7.0588e-09
-7.79835e-06
7.91695e-06
-1.59609e-08
-7.90001e-06
2.82591e-08
7.87175e-06
-5.95794e-06
-5.97306e-06
5.97296e-06
-6.00053e-06
-5.43632e-06
6.5702e-06
-1.13388e-06
-1.40809e-08
-7.88198e-06
4.11538e-06
-5.13583e-06
1.30272e-08
-7.8948e-06
-7.88555e-06
-2.09816e-06
-3.07938e-06
-7.8714e-06
-1.48938e-08
6.04369e-06
1.88498e-06
4.5938e-06
7.87695e-06
-7.87089e-06
-6.06036e-09
6.00622e-06
-3.97915e-06
-2.02706e-06
-2.85871e-06
1.50247e-06
-3.31287e-06
7.17075e-06
-2.87364e-06
5.97431e-06
-3.10067e-06
2.33802e-09
7.89627e-06
-7.84234e-06
7.88242e-06
-7.88703e-06
4.60606e-09
-4.4652e-06
1.90545e-06
2.55975e-06
-2.63645e-08
-5.94601e-06
5.97237e-06
8.25734e-06
-3.65756e-06
-4.59978e-06
5.93873e-09
7.796e-06
-1.71593e-06
-2.74928e-06
-5.76133e-06
5.8187e-06
4.91397e-06
3.26293e-07
-5.73152e-06
-1.20693e-08
-5.95461e-06
5.96668e-06
6.15205e-06
-5.96098e-06
-3.66349e-06
-1.38795e-06
5.05144e-06
-7.87035e-06
7.87265e-06
-2.30415e-09
-5.81947e-06
5.90392e-06
7.87913e-06
-7.88423e-06
-5.26679e-06
-1.46178e-07
-7.93758e-06
7.90753e-06
-4.11018e-06
5.95853e-09
7.88305e-06
6.87736e-06
-3.80094e-06
-3.07642e-06
5.82321e-06
-1.10279e-06
6.50253e-06
-8.40829e-07
5.96324e-06
-5.98961e-06
7.86833e-06
-7.86877e-06
4.41512e-10
5.9707e-06
-5.98277e-06
7.23985e-09
-7.86437e-06
7.85713e-06
-3.31809e-06
-7.92096e-07
1.28447e-08
-6.04723e-06
-7.88652e-06
1.11275e-08
5.26679e-06
-5.57499e-06
3.08201e-07
-8.55877e-07
6.44131e-06
-3.20597e-08
-5.84044e-06
5.92638e-06
6.17725e-08
7.8771e-06
-7.87197e-06
-5.13342e-09
9.51474e-09
7.8885e-06
4.00372e-06
-5.95557e-06
5.96841e-06
3.87615e-06
-2.25175e-08
-7.87749e-06
-3.00977e-06
-2.30217e-06
5.31194e-06
-5.69116e-06
-5.26746e-08
5.36737e-06
-4.8397e-06
-5.27672e-07
-1.07039e-06
6.23731e-06
-5.16692e-06
7.88218e-06
-7.8761e-06
-6.07678e-09
1.0522e-08
7.87811e-06
5.35755e-08
6.0073e-06
-6.06087e-06
5.16045e-09
-7.8869e-06
-5.89803e-06
5.91758e-06
7.87931e-06
-7.88809e-06
8.77329e-09
7.91695e-06
-3.31665e-08
-5.51473e-06
-2.41763e-07
5.75649e-06
-7.93223e-06
-2.96624e-09
7.91193e-08
-6.04657e-06
-8.0873e-06
7.87611e-06
-7.86887e-06
-5.05865e-06
1.08083e-08
-1.90131e-08
-7.87361e-06
7.87748e-06
9.1341e-09
-8.2124e-06
1.29099e-09
-7.88132e-06
-3.58507e-07
-4.43258e-06
1.65054e-06
-7.89811e-06
7.89811e-06
-4.97829e-06
6.07442e-06
-1.09613e-06
7.91338e-06
-4.72032e-06
5.88313e-06
-1.16281e-06
-5.08778e-06
6.15871e-06
-1.07093e-06
-5.91198e-06
-8.66231e-08
6.09115e-06
-6.00453e-06
-5.14149e-06
4.98633e-06
-1.30605e-06
7.88792e-06
-7.89829e-06
1.03768e-08
7.88659e-06
-7.89696e-06
1.03744e-08
7.88118e-06
-7.89234e-06
1.11549e-08
-8.58963e-09
-7.88734e-06
-4.7368e-06
5.98055e-06
-1.24376e-06
7.88363e-06
-7.87758e-06
-6.04263e-09
7.88149e-06
1.11518e-06
-6.31536e-06
7.87679e-06
8.35655e-09
-7.88044e-06
1.8633e-09
1.8477e-06
7.88006e-06
-7.88663e-06
6.57184e-09
1.62226e-07
5.92072e-06
-6.08295e-06
-5.79229e-06
-2.71805e-08
5.81947e-06
-7.89705e-06
-7.87988e-06
7.8697e-06
1.01825e-08
6.0054e-06
-5.92628e-06
-7.8857e-06
7.87589e-06
9.80812e-09
-5.83401e-06
5.5963e-06
2.37706e-07
-7.88659e-06
7.87705e-06
9.53677e-09
7.89909e-06
-7.88943e-06
-9.65919e-09
-5.90938e-06
5.96295e-06
-6.37727e-06
-3.43597e-06
-6.47216e-06
-1.3412e-06
6.50456e-06
-5.16336e-06
7.86979e-06
-2.18345e-08
-7.85884e-06
-5.94863e-06
6.48242e-09
-7.88949e-06
7.88301e-06
-6.30932e-06
5.99919e-06
1.2492e-08
7.8917e-06
7.87489e-06
9.68138e-09
-7.87977e-06
2.05483e-09
-6.21039e-07
-2.23767e-06
-6.02433e-06
5.93771e-06
-6.26904e-06
1.08891e-06
5.18013e-06
-2.10806e-06
-2.32452e-06
-5.98175e-06
6.25041e-06
9.66405e-07
2.00026e-09
7.87232e-06
-7.87432e-06
5.93297e-06
-5.96503e-06
-7.89335e-06
7.93057e-06
-7.90855e-06
-1.9756e-06
-1.66346e-06
3.63906e-06
-5.61816e-06
-2.13592e-07
-7.93552e-06
1.26289e-08
-2.04075e-07
-5.95606e-06
5.94601e-06
1.00488e-08
6.53023e-06
-6.27702e-07
7.88441e-06
-7.87725e-06
-7.16249e-09
7.87401e-06
2.9383e-09
-7.8787e-06
7.80298e-09
7.87995e-06
-7.88256e-06
2.61148e-09
-7.01267e-09
3.58408e-09
-7.91214e-06
-5.8187e-06
-1.26071e-07
2.25015e-07
-6.53424e-06
-4.12829e-08
7.90961e-06
-7.99107e-06
-2.36711e-09
-7.86201e-06
-6.44809e-06
6.25356e-06
8.66579e-10
5.77674e-06
-5.95932e-06
5.95461e-06
4.71196e-09
-5.13466e-06
-1.06468e-06
6.02766e-06
5.65744e-06
-5.8992e-06
7.8775e-06
-7.87602e-06
-6.10052e-06
5.9665e-06
-5.29731e-06
-2.78999e-06
7.87491e-06
-5.047e-09
-7.87737e-06
7.2141e-06
-6.00641e-06
7.97849e-07
5.20856e-06
1.2392e-06
-6.02797e-06
9.43788e-07
7.81345e-08
1.02546e-06
-6.25621e-06
5.23075e-06
1.19324e-06
-7.35352e-06
6.16028e-06
7.87537e-06
6.80672e-09
-7.58595e-09
-7.87708e-06
9.79449e-07
-6.17668e-06
5.19723e-06
-7.87838e-06
2.27518e-09
8.44163e-08
5.87597e-06
-6.701e-06
-6.62017e-06
9.29009e-07
-5.4418e-06
5.94778e-06
-5.9674e-06
1.96251e-08
-2.52623e-08
-7.87334e-06
2.75076e-08
7.8596e-06
-4.5991e-06
-4.38995e-06
5.98307e-06
-5.98307e-06
-5.79229e-06
-5.64534e-06
-6.01394e-06
-7.83623e-06
-1.78938e-08
7.85412e-06
-5.48076e-06
-5.38004e-07
1.11197e-06
5.18989e-06
-6.30186e-06
1.17664e-06
4.93221e-06
-6.10886e-06
1.08059e-06
-6.41597e-06
5.33537e-06
5.7682e-06
6.25379e-06
-5.13861e-06
6.2338e-06
6.54564e-06
-5.76425e-06
5.79907e-06
-6.00315e-06
7.88328e-06
-7.87715e-06
-6.12462e-09
-7.62894e-06
-5.96466e-06
7.8742e-06
9.42875e-09
-7.87853e-06
9.42236e-10
7.87414e-06
-3.48743e-07
7.87585e-06
-7.88393e-06
8.08012e-09
7.88931e-06
-7.85682e-06
1.30837e-07
-4.88868e-06
4.75784e-06
6.20604e-09
6.05484e-06
5.81201e-08
6.48752e-06
6.69246e-06
-5.69056e-06
-4.77161e-06
-1.23479e-06
3.98279e-07
5.42493e-06
-6.10246e-06
-7.88129e-06
7.88239e-06
-1.09823e-09
6.12498e-06
-6.25356e-06
1.28584e-07
-6.24205e-06
1.10738e-06
-8.53661e-06
1.18684e-06
7.34976e-06
7.88531e-06
3.77882e-06
5.26396e-06
7.89052e-06
-7.89052e-06
-2.74833e-06
1.00045e-08
5.92072e-06
-6.03395e-06
2.66661e-08
6.00729e-06
-7.87751e-06
-7.8885e-06
7.87416e-06
1.02469e-08
-7.87745e-06
1.96485e-10
7.86686e-06
-1.67519e-10
-7.88267e-06
-6.15675e-06
5.62245e-08
6.1363e-06
-5.15685e-06
-4.70604e-06
5.77597e-06
-7.89923e-06
6.39533e-06
-5.15613e-06
6.16237e-06
-5.13691e-06
6.33496e-06
-5.14172e-06
-8.26344e-09
7.87897e-06
-7.91049e-06
6.01906e-06
-5.93464e-06
-5.79569e-06
5.79655e-06
-7.86104e-06
-3.67296e-09
7.86471e-06
1.30066e-06
5.98665e-06
-1.6003e-08
-7.87352e-06
1.04214e-07
5.87953e-06
-3.79043e-06
2.90128e-06
8.8915e-07
-5.95606e-06
6.19517e-06
-5.08319e-06
6.23789e-06
-5.06125e-06
6.24587e-06
-5.16528e-06
5.9754e-06
7.29233e-08
-6.6931e-06
7.9835e-06
-7.6549e-06
-8.81709e-07
5.98942e-06
-5.98942e-06
5.28779e-06
-8.00557e-07
-3.66975e-06
2.87765e-06
5.19659e-06
1.04072e-06
7.87561e-06
7.66782e-09
7.95256e-06
-7.89854e-06
-5.40227e-08
-7.87799e-06
8.30381e-10
-7.88328e-06
7.87318e-06
-7.87959e-06
6.41727e-09
-5.97387e-06
7.51876e-08
-5.96177e-06
1.07505e-07
-5.97359e-06
-1.5876e-07
-5.92365e-06
-2.33369e-07
-6.15095e-06
1.16456e-07
-6.06216e-06
1.56663e-07
-6.04977e-06
1.49178e-07
-1.08454e-08
7.87061e-06
-7.85976e-06
-7.8836e-06
1.25225e-08
-1.70878e-08
7.93404e-06
7.87382e-06
-7.88332e-06
9.4995e-09
-7.17563e-06
1.3757e-06
-4.80518e-10
5.03609e-06
2.0502e-07
-6.34728e-06
6.14226e-06
-6.87169e-06
4.36835e-07
7.88758e-06
-7.88107e-06
-5.32503e-06
5.65133e-06
5.83184e-09
-7.88712e-06
7.86471e-06
1.13954e-08
5.97117e-06
-5.97117e-06
-5.76133e-06
3.70672e-06
5.34682e-06
1.3709e-09
-7.87014e-06
-5.95932e-06
-3.49208e-08
-3.83175e-06
1.42314e-05
-1.03996e-05
-4.65461e-06
-5.80001e-06
1.04546e-05
-7.86935e-06
7.86933e-06
2.48199e-11
5.99026e-06
-5.98405e-06
5.80917e-06
-5.75105e-06
-5.96668e-06
5.9671e-06
-4.18662e-10
5.48779e-06
-5.35695e-06
2.03111e-06
-1.94236e-06
-8.87533e-08
-6.44954e-06
5.0833e-07
-1.1021e-06
5.88977e-06
-5.22401e-07
1.52303e-09
-6.87321e-06
7.86851e-06
2.25231e-09
-7.87422e-06
6.09957e-06
6.15535e-06
5.96504e-06
-4.23949e-06
3.71725e-06
-5.42901e-06
7.88061e-06
-7.87757e-06
-1.10329e-06
-5.13876e-06
-1.94765e-08
-8.10056e-06
9.28741e-06
5.00743e-06
1.09252e-06
-6.09995e-06
-1.0209e-05
7.88746e-06
5.96236e-06
-5.80543e-06
-7.86445e-06
-7.87074e-06
7.88103e-06
-1.02916e-08
6.24795e-06
5.55486e-06
-5.66798e-06
-5.11707e-06
6.01037e-06
-8.93303e-07
-3.62976e-08
7.82759e-06
7.87273e-06
-7.87901e-06
6.27762e-09
-1.56734e-08
-6.44064e-06
6.55641e-07
-5.923e-06
-3.81527e-08
-3.84994e-09
-3.21657e-09
-2.95342e-09
-2.97942e-09
-3.80212e-09
-4.3624e-09
-3.15326e-09
-3.24856e-09
-3.82039e-09
6.25867e-09
7.90708e-06
4.5475e-08
-6.09413e-06
7.55676e-08
-5.9674e-06
5.8992e-06
-6.05475e-06
-7.87897e-06
7.8772e-06
-1.93581e-08
7.87624e-06
5.47014e-06
1.03442e-06
-1.39893e-07
6.17416e-06
-4.64729e-06
-6.09493e-06
7.19932e-08
1.24191e-06
-7.45555e-06
8.70057e-07
-5.19396e-06
4.3239e-06
9.14424e-07
-6.08986e-06
5.17544e-06
8.74593e-07
-5.89569e-06
5.0211e-06
1.48431e-06
-7.09874e-06
7.30252e-07
-5.57782e-06
4.84757e-06
2.25873e-06
-6.34237e-06
4.07921e-08
-6.06446e-06
1.08617e-06
-1.81594e-09
7.88973e-06
-5.8382e-06
1.11788e-06
-2.3928e-09
7.88898e-06
-7.87972e-06
-6.1566e-06
1.06882e-06
-7.88101e-06
2.51629e-09
7.87867e-06
-7.87659e-06
1.084e-06
-6.18118e-06
-5.92428e-06
-5.91726e-06
-5.91854e-06
-5.89766e-06
-6.03566e-06
-6.03074e-06
-5.97768e-06
6.80121e-06
-4.79937e-06
7.88193e-06
-7.8775e-06
5.9617e-06
1.5445e-06
-6.44148e-06
5.81699e-06
-5.81747e-06
-7.86408e-06
-1.2713e-06
5.92863e-06
-1.25277e-06
6.57612e-06
-6.85107e-08
-7.81165e-08
-9.39278e-08
-1.02666e-07
1.92867e-07
-6.34913e-06
1.73455e-07
-6.35271e-06
2.47915e-07
-6.45916e-06
-7.85939e-06
-7.85833e-06
1.35714e-10
7.86956e-06
7.90642e-09
7.86798e-06
-5.18744e-06
-6.00201e-06
3.14292e-08
-6.07022e-06
9.54079e-08
-6.09734e-06
9.52774e-08
-6.0888e-06
1.05651e-07
-6.12444e-06
7.82865e-08
-6.10401e-06
9.50456e-08
-6.12389e-06
6.34723e-08
6.02056e-06
1.59364e-07
-6.17992e-06
7.8697e-06
-7.87609e-06
1.33328e-08
7.86372e-06
-2.17048e-07
8.93996e-10
-6.0915e-06
-5.8634e-06
-7.87669e-06
5.94317e-09
7.87143e-06
9.59974e-09
1.60585e-08
5.97767e-06
-5.99372e-06
2.06529e-07
-2.08489e-07
5.80479e-06
7.25336e-06
8.57483e-10
-5.79278e-06
-1.56186e-08
-5.89517e-06
-8.34269e-08
5.9786e-06
6.6933e-06
-1.23106e-07
7.86426e-06
-7.88998e-06
2.57276e-08
1.19028e-06
-4.52717e-06
-1.2052e-06
-6.22036e-06
-6.26703e-06
1.10573e-06
-5.82236e-06
1.08557e-06
3.72479e-06
8.36254e-07
-6.73616e-06
-1.05804e-08
5.07345e-06
1.12727e-06
-6.20071e-06
-6.23439e-06
8.52291e-07
5.3821e-06
4.99019e-06
1.08423e-06
5.15004e-06
1.09583e-06
5.15337e-06
1.08452e-06
4.7719e-06
1.11123e-06
5.10795e-06
1.08722e-06
5.09479e-06
1.06392e-06
5.05994e-06
1.07635e-06
1.08867e-06
-6.24552e-06
-7.88435e-06
-5.14254e-09
-7.88994e-06
-1.21004e-08
-5.96322e-06
9.29843e-07
5.03338e-06
-5.06865e-06
-4.84202e-06
9.91067e-06
7.87851e-06
-7.07398e-09
-7.89035e-09
-7.8717e-06
7.8782e-06
-7.92759e-06
1.01408e-07
7.82619e-06
-4.94569e-06
-7.1931e-07
7.88201e-06
-7.87421e-06
5.70042e-07
-8.6706e-06
4.92766e-06
1.05289e-06
5.91495e-06
5.59821e-06
8.89311e-07
6.15865e-06
-9.62056e-07
1.79864e-07
-5.64102e-06
5.46116e-06
-6.03124e-06
9.38767e-07
-6.15615e-06
5.21738e-06
-8.18782e-08
5.9934e-06
-1.11932e-07
5.9509e-06
1.61629e-07
5.95554e-06
1.45416e-07
5.87682e-06
1.2931e-07
6.05438e-06
-1.36851e-07
6.04483e-06
-1.29976e-07
5.99813e-06
2.09333e-08
5.82421e-06
-7.34702e-09
-5.96805e-06
4.50471e-08
7.07581e-08
7.89214e-06
-7.88855e-06
-5.96239e-06
5.30156e-08
3.651e-08
5.05197e-06
-6.08958e-06
1.03762e-06
-5.22329e-06
5.77534e-06
-1.19716e-08
-6.97675e-06
9.42799e-07
5.57371e-06
8.16141e-07
7.87076e-06
-7.87722e-06
6.46261e-09
-7.87548e-06
7.87548e-06
6.18021e-06
-1.17278e-06
-6.02483e-06
1.00548e-07
-6.04631e-06
1.29049e-07
-6.05082e-06
1.32273e-07
-5.98247e-06
8.48051e-08
-6.13267e-06
9.70086e-08
-6.13988e-06
1.09136e-07
-6.0616e-06
8.39181e-08
-5.98357e-06
5.72876e-08
-1.37197e-08
-7.89842e-06
2.84148e-08
7.86921e-06
9.29711e-09
-7.91562e-06
5.86025e-06
-5.74586e-06
4.43981e-06
-1.09665e-06
5.91182e-06
5.1128e-08
-5.39697e-06
5.17462e-06
-5.85746e-06
7.88184e-06
5.48354e-06
-4.47453e-07
3.99219e-06
-5.34112e-06
-5.71333e-06
9.07458e-06
-8.50454e-06
5.15082e-06
-6.20142e-06
1.0506e-06
-6.16859e-06
1.0854e-06
7.84678e-06
-7.88308e-06
-6.14696e-06
1.08571e-06
-6.26662e-06
1.10135e-06
5.12697e-06
1.03168e-06
5.25982e-06
1.07514e-06
5.08681e-06
1.07556e-06
5.30022e-06
1.09511e-06
5.12866e-06
1.15128e-06
-8.73328e-06
7.88365e-06
-7.87425e-06
-7.70395e-07
5.98206e-06
7.87555e-06
-7.8772e-06
-2.56339e-06
4.69201e-09
-1.45368e-06
8.80344e-06
7.86543e-06
-7.87456e-06
9.12821e-09
-4.30012e-06
2.48396e-06
-5.58995e-06
-3.90113e-06
-1.42357e-07
7.98574e-06
1.11124e-06
-6.25e-06
2.14655e-06
3.16539e-06
6.15748e-06
-5.85605e-06
-7.86624e-06
7.8554e-06
7.87545e-06
-7.87666e-06
-3.60095e-08
-7.89141e-06
7.8844e-06
-6.06361e-06
7.87026e-06
-4.82884e-09
-9.63481e-07
-3.09183e-06
-4.36372e-06
5.75767e-06
-6.04592e-06
-5.34748e-09
-5.60879e-06
7.87582e-06
-7.85581e-06
-5.95557e-06
4.7004e-06
4.28336e-06
-5.79907e-06
5.59058e-06
5.96927e-06
-5.96841e-06
5.60076e-06
-5.59058e-06
-1.01774e-08
-5.81131e-06
5.79569e-06
5.71313e-06
-5.79655e-06
5.98316e-06
-5.9671e-06
-5.54452e-06
5.75105e-06
-5.98316e-06
5.98405e-06
-5.7806e-06
5.35695e-06
4.23651e-07
-5.8937e-06
-7.99393e-07
7.86877e-06
-7.87499e-06
6.21239e-09
5.14587e-06
1.10792e-06
1.50854e-08
-7.31275e-07
3.29088e-06
7.88317e-06
-7.87401e-06
-9.15749e-09
1.13458e-08
-7.90129e-06
-7.2173e-10
7.88754e-06
-7.88682e-06
7.86959e-06
-5.8294e-06
-6.83695e-06
6.83847e-06
-7.88643e-06
1.77421e-08
-6.28035e-06
1.42048e-06
6.08511e-06
-6.18299e-06
7.87497e-06
8.00693e-06
-7.83467e-06
-1.72257e-07
7.87368e-06
-7.87221e-06
-6.49221e-06
-4.84543e-07
-7.89853e-06
-5.71401e-06
-5.75463e-06
4.13e-08
-9.08771e-07
5.84137e-06
8.51937e-07
7.85813e-06
-1.06015e-06
7.87432e-06
-1.99947e-09
-7.58936e-06
-1.01494e-08
7.91768e-06
5.81699e-06
5.97535e-06
5.75767e-06
5.9826e-06
5.80917e-06
5.90392e-06
-5.81747e-06
-5.54452e-06
6.00505e-06
5.99026e-06
6.15748e-06
-5.7806e-06
5.97237e-06
5.65744e-06
-6.00315e-06
5.48779e-06
5.50979e-06
5.60076e-06
-5.96503e-06
5.71313e-06
5.96927e-06
4.89361e-06
-4.89361e-06
5.98453e-06
-7.89342e-06
-6.20661e-06
6.23327e-06
-5.14145e-06
6.2527e-06
7.86554e-06
-7.87488e-06
9.33623e-09
-2.50859e-07
-7.82964e-09
-6.07731e-06
1.37025e-08
-6.1085e-07
5.95798e-06
7.3498e-09
-7.81706e-06
7.80971e-06
7.19119e-09
1.68827e-08
-7.78897e-06
3.44766e-09
7.78552e-06
3.51792e-07
-8.11813e-06
7.76634e-06
7.86009e-06
1.04954e-08
-7.87059e-06
7.85941e-06
1.08461e-08
-5.63542e-06
5.14497e-06
1.03524e-06
-7.82813e-06
-4.51874e-08
7.87332e-06
7.92018e-06
1.65827e-08
7.81381e-06
1.93115e-07
7.87096e-06
-7.86779e-06
-7.87555e-06
7.86389e-06
7.84173e-09
3.75502e-07
-7.21245e-06
-9.02327e-09
6.21646e-06
-5.08919e-06
6.04424e-06
-5.96439e-06
-7.98494e-08
7.16846e-06
-4.82179e-06
-2.34667e-06
6.79911e-06
-5.94682e-06
6.23626e-06
-5.15203e-06
6.23595e-06
-5.14978e-06
6.24314e-06
-5.14731e-06
6.2413e-06
-5.15678e-06
6.12667e-06
-5.01544e-06
6.13431e-06
-5.01644e-06
-6.35783e-07
-8.03482e-06
6.2146e-06
-5.12738e-06
6.21102e-06
-5.14711e-06
6.2201e-06
-5.15127e-06
6.22607e-06
-5.14972e-06
6.23215e-06
-5.14347e-06
-3.49027e-09
5.05064e-09
-7.82124e-06
7.81619e-06
-1.88228e-08
8.21686e-06
-1.54006e-07
-8.06285e-06
6.16304e-06
-5.01176e-06
6.24541e-06
-5.14406e-06
7.89337e-06
7.16804e-06
-5.00913e-06
-2.15891e-06
6.24342e-06
-5.15771e-06
6.21345e-06
-5.12805e-06
6.06329e-06
-5.13344e-06
6.24217e-06
-5.15327e-06
6.09187e-06
6.19266e-06
-5.16097e-06
7.87081e-06
-1.07207e-08
-6.37645e-06
5.45001e-06
9.2644e-07
-7.19059e-06
5.15514e-06
7.78684e-09
7.86511e-06
-7.87142e-06
6.31231e-09
9.07458e-06
-1.07853e-07
8.01494e-06
6.21421e-06
-5.16132e-06
-7.78081e-06
7.82229e-06
-1.47295e-08
-4.10814e-08
-7.88906e-06
5.06219e-10
-6.81911e-09
-7.97071e-06
8.3225e-06
-5.67462e-06
-5.85605e-06
-5.92835e-06
5.8501e-06
5.93529e-06
-7.32735e-06
8.35148e-07
6.24113e-06
-5.15557e-06
1.92973e-08
-1.06539e-06
-7.85186e-06
-5.03741e-09
7.8569e-06
4.48087e-07
-6.04592e-06
-5.97983e-06
6.0107e-06
-3.08702e-08
6.96074e-06
-5.90849e-06
-1.38739e-07
-8.29068e-06
6.32569e-06
-7.19127e-07
6.09076e-06
7.8696e-06
-7.86474e-06
7.874e-06
7.86935e-06
-7.8673e-06
-5.92214e-06
5.91074e-06
1.1403e-08
-5.61509e-06
-3.0251e-08
6.38379e-06
-5.34618e-06
6.10342e-06
1.30471e-08
-5.14208e-06
6.39631e-06
-5.31231e-06
-5.5392e-06
6.25659e-06
-5.16148e-06
6.24774e-06
-5.17217e-06
6.21155e-06
-5.13641e-06
6.25418e-06
-5.2509e-06
-5.98017e-06
6.07114e-06
-9.09696e-08
5.56595e-08
-1.8959e-09
5.74933e-06
-1.13355e-07
6.30718e-06
-5.25658e-06
6.20801e-06
-5.16729e-06
-7.86232e-06
7.87282e-06
-7.90966e-06
7.91887e-06
1.30908e-08
1.05068e-05
-9.29689e-06
5.82334e-06
-5.59832e-06
6.49248e-06
-6.57436e-06
5.85402e-06
-5.77884e-06
5.94713e-06
-5.84658e-06
6.42965e-06
-6.54158e-06
5.63043e-06
-5.52292e-06
5.90781e-06
-5.77876e-06
6.22908e-06
-6.06745e-06
7.12434e-06
-7.2831e-06
5.93064e-06
-5.79836e-06
6.24304e-06
-6.09762e-06
7.07342e-06
-7.30679e-06
5.63565e-06
-5.55085e-06
5.73566e-06
-5.60635e-06
6.07152e-06
-5.95506e-06
6.37675e-06
-6.27975e-06
6.86097e-06
-6.99782e-06
5.86366e-06
-5.70699e-06
6.35674e-06
-6.2476e-06
6.82931e-06
-6.95929e-06
5.84604e-06
-5.69686e-06
6.26832e-06
-6.18441e-06
6.36025e-06
-6.33931e-06
6.15637e-06
-6.08561e-06
6.22338e-06
-6.1661e-06
6.29162e-06
-6.29896e-06
6.08351e-06
-6.06497e-06
5.97072e-06
-5.92531e-06
5.96223e-06
-5.91718e-06
-1.11762e-08
5.95858e-06
-5.90746e-06
-7.86578e-06
-6.56926e-10
5.95613e-06
-5.90311e-06
7.87149e-06
-7.86348e-06
5.95394e-06
-5.89217e-06
5.94114e-06
-5.90463e-06
8.21686e-06
9.54217e-09
5.9428e-06
-5.91087e-06
-7.85769e-06
-3.22939e-08
-7.86649e-06
7.86649e-06
-7.90427e-06
4.65839e-08
-5.97291e-06
5.95361e-06
-5.90016e-06
7.8707e-06
-6.95185e-06
-3.04319e-07
8.39731e-09
7.86513e-06
-7.86375e-06
-8.12471e-06
7.97951e-06
-7.93404e-06
-7.79421e-06
-1.10062e-07
6.35393e-06
5.94562e-06
-5.91721e-06
2.18213e-08
-4.43091e-08
-3.75721e-08
6.27714e-06
-5.24272e-06
3.76471e-08
-7.86214e-06
7.87126e-06
6.40651e-06
-5.32888e-06
5.92217e-06
-5.9348e-06
7.88793e-06
-7.89125e-06
-7.96235e-06
-2.24668e-06
-7.86389e-06
7.86348e-06
-8.50454e-06
7.89587e-06
5.67973e-06
1.01272e-06
-8.03079e-06
8.09743e-06
2.34019e-06
3.85375e-06
9.29689e-06
-8.56346e-06
7.97951e-06
6.87173e-09
4.70715e-09
-7.89596e-06
1.87919e-08
7.87725e-06
7.85858e-06
1.20253e-08
-8.09743e-06
8.30714e-06
-6.05979e-09
7.86017e-06
1.0647e-08
5.95691e-06
-5.92262e-06
-5.24342e-07
-8.03079e-06
3.62661e-09
-7.80552e-06
7.8019e-06
8.00148e-06
-7.9166e-06
-7.94252e-06
-8.00148e-06
6.26372e-06
-5.15258e-06
7.90028e-06
-2.89625e-08
-1.30304e-08
7.91332e-06
-7.90613e-06
1.03389e-06
-7.88585e-06
7.88457e-06
8.30714e-06
8.56346e-06
7.88585e-06
-7.89746e-06
-7.9316e-06
-2.56876e-08
4.43987e-08
-7.87253e-06
-7.91401e-06
7.8864e-06
7.88457e-06
-7.88628e-06
-7.92487e-06
7.9166e-06
-7.8625e-06
7.8721e-06
7.86288e-06
7.92487e-06
7.89793e-06
-7.89746e-06
-7.92314e-06
-4.60053e-08
7.9501e-06
-7.86792e-06
7.87211e-06
7.04514e-09
-7.87916e-06
9.74232e-09
7.88819e-06
7.90792e-06
-1.62154e-08
-7.9501e-06
7.92314e-06
7.87024e-06
1.86936e-09
7.89324e-06
7.87757e-06
-7.86792e-06
-7.91393e-06
1.28218e-08
-7.87259e-06
9.80644e-09
-7.87213e-06
-7.94407e-06
7.88189e-06
-1.01445e-08
7.82344e-06
-7.81329e-06
7.87602e-06
1.54963e-09
7.86772e-06
9.62309e-09
-7.87176e-06
7.87196e-06
-4.24e-09
8.98257e-09
-5.45478e-09
7.87441e-06
-7.86895e-06
7.87203e-06
-7.1093e-11
-7.87031e-06
7.86002e-06
7.86309e-06
-7.86733e-06
1.09211e-08
-7.44651e-10
7.81183e-06
-7.81108e-06
7.87542e-06
-7.88344e-06
-3.29332e-09
7.87533e-06
-7.87213e-06
7.86865e-06
-1.15627e-08
7.86821e-06
-7.85665e-06
-7.88011e-06
-7.86141e-06
7.86708e-06
-5.67358e-09
7.87649e-06
1.24043e-08
6.86844e-09
7.8803e-06
-3.81302e-09
7.86647e-06
-7.88902e-06
7.88947e-06
-7.86081e-06
7.86707e-06
7.86484e-06
-7.87177e-06
1.03649e-08
7.86349e-06
-7.863e-06
7.86349e-06
-7.85871e-06
7.87754e-06
1.04289e-08
7.85657e-06
-7.86269e-06
-5.87544e-09
7.87234e-06
-7.87166e-06
7.87658e-06
-4.24029e-09
7.85846e-06
-7.86228e-06
7.86849e-06
-7.86296e-06
7.86296e-06
-7.86317e-06
5.00897e-09
7.85785e-06
-7.86502e-06
9.65265e-09
-3.07406e-09
7.87322e-06
-4.72873e-09
7.86078e-06
-7.86403e-06
1.01689e-08
7.85995e-06
-7.86599e-06
7.86633e-06
-4.23464e-09
7.86181e-06
-7.86497e-06
7.87185e-06
-4.42345e-09
1.72409e-08
7.86056e-06
-7.86664e-06
7.87113e-06
-4.7995e-09
7.86261e-06
-7.86697e-06
7.87656e-06
-4.23593e-09
-4.08016e-09
7.86792e-06
7.86247e-06
-7.86853e-06
-7.87176e-06
7.86768e-06
7.8649e-06
-7.8687e-06
-4.17789e-09
-4.40447e-09
6.81108e-09
7.86392e-06
-7.87074e-06
2.15818e-08
7.86691e-06
-7.87377e-06
7.87249e-06
-4.57217e-09
7.8659e-06
-7.86984e-06
7.86686e-06
1.67168e-08
-7.87156e-06
7.86499e-06
-4.02818e-09
-4.50006e-09
-7.8707e-06
7.86774e-06
-7.85551e-06
7.85551e-06
-7.85782e-06
-4.77408e-11
7.87215e-06
-7.8721e-06
-4.7949e-09
2.22254e-08
-3.63269e-09
-1.79488e-09
7.86311e-06
9.41819e-12
-3.81571e-09
-4.85605e-09
-6.9049e-09
-2.00228e-08
7.87113e-06
-7.85111e-06
-7.91159e-06
-7.84648e-06
7.84648e-06
-7.85016e-06
-7.86801e-06
7.86601e-06
2.00081e-09
2.41967e-08
-1.05283e-09
-7.87754e-06
9.53115e-09
7.83743e-06
-7.84247e-06
7.83743e-06
1.48982e-08
-7.8742e-06
4.4655e-09
1.23895e-08
7.85477e-06
-7.84961e-06
-5.15619e-09
7.85477e-06
-7.85373e-06
7.85694e-06
-3.20994e-09
7.85373e-06
1.03492e-09
-7.84961e-06
-7.85146e-06
1.8458e-09
7.87787e-06
-7.8641e-06
7.87787e-06
-1.03996e-05
7.88551e-06
-7.86454e-06
-7.8639e-06
7.8639e-06
7.94253e-06
-7.86624e-06
7.88551e-06
7.94253e-06
-7.8627e-06
7.8627e-06
7.86321e-06
-7.86321e-06
7.86624e-06
-7.98797e-06
-7.8661e-06
7.86374e-06
-7.86374e-06
-7.86283e-06
7.86283e-06
-7.84247e-06
7.79315e-06
-7.79315e-06
7.85694e-06
7.8541e-06
-7.8541e-06
7.86348e-06
7.86431e-06
-7.86431e-06
-7.93028e-06
-7.86312e-06
7.86312e-06
-7.91393e-06
-7.86317e-06
-7.85016e-06
-7.85782e-06
7.84574e-06
-7.84574e-06
7.87556e-06
-7.87556e-06
-7.86314e-06
7.86314e-06
-7.86281e-06
7.86281e-06
-8.06285e-06
-7.91049e-06
-7.86303e-06
7.86303e-06
-7.85146e-06
-7.86454e-06
7.8641e-06
-7.87718e-06
-7.863e-06
7.86271e-06
-7.86271e-06
-7.86206e-06
7.86206e-06
7.88514e-06
-7.87232e-06
-7.88514e-06
7.87232e-06
-7.87718e-06
-8.30531e-09
1.36014e-08
-7.87042e-06
-7.86478e-06
7.87515e-06
-7.16224e-09
7.88978e-06
-7.90448e-09
-7.88187e-06
-7.86438e-06
7.87677e-06
7.88147e-06
7.89507e-06
-7.87466e-06
9.87805e-09
7.88822e-06
1.0777e-08
-7.85469e-06
7.86585e-06
7.89486e-06
2.20762e-08
7.8877e-06
6.23959e-09
-6.03116e-09
-7.84401e-06
7.84848e-06
7.89394e-06
7.88753e-06
-7.84179e-06
7.85132e-06
2.18352e-08
7.89288e-06
7.88685e-06
-6.68679e-09
7.82009e-06
-7.8134e-06
7.88509e-06
1.76151e-09
1.20777e-08
-7.89315e-06
7.87885e-06
-7.84984e-06
7.86473e-06
-1.07509e-09
1.48519e-09
7.89093e-06
-7.8419e-06
7.8661e-06
7.88986e-06
-7.85995e-06
7.86643e-06
2.28342e-08
1.00171e-08
7.89446e-06
-6.14935e-09
7.83226e-06
-7.82611e-06
7.90145e-06
7.91147e-06
-7.86713e-06
7.86332e-06
7.88192e-06
-2.27594e-08
7.8874e-06
-7.86634e-06
7.86529e-06
7.89069e-06
8.3971e-11
3.10524e-09
-7.84456e-06
7.86678e-06
7.86793e-06
-7.86015e-06
7.86757e-06
2.07314e-08
7.87103e-06
-6.63016e-09
7.84296e-06
-7.83633e-06
-7.86815e-06
7.86125e-06
7.88073e-06
-9.69216e-09
-2.04236e-08
7.88488e-06
7.71817e-09
7.8873e-06
7.87916e-06
-7.86599e-06
7.866e-06
7.88688e-06
1.58635e-09
7.86646e-06
-7.84645e-06
7.86803e-06
-7.8682e-06
7.86457e-06
7.86907e-06
-7.85873e-06
7.8709e-06
1.9551e-08
7.75888e-09
-9.30004e-09
7.85624e-06
-7.84694e-06
7.87685e-06
-7.78043e-09
7.88461e-06
-1.48663e-08
7.87742e-06
-7.86917e-06
7.86514e-06
-7.57428e-09
-7.85963e-06
7.87635e-06
7.8855e-06
1.12668e-08
6.99741e-09
7.87064e-06
-7.86859e-06
7.88038e-06
1.00112e-08
9.1844e-09
-7.86803e-06
7.87763e-06
-7.7565e-09
7.86721e-06
-7.85946e-06
7.86374e-06
-7.87023e-06
7.86605e-06
-7.86465e-06
-7.87459e-06
7.85761e-06
7.87016e-06
3.2471e-09
5.79529e-09
7.85947e-06
1.06888e-08
-7.84851e-06
7.86575e-06
-7.85552e-06
7.8657e-06
7.86272e-06
-9.09506e-09
7.87083e-06
-7.86173e-06
7.8719e-06
-7.85708e-06
7.86725e-06
-7.87096e-06
7.86673e-06
1.02334e-08
5.88143e-09
7.87818e-06
7.87212e-06
8.61617e-09
7.878e-06
-7.8575e-06
7.86731e-06
7.87042e-06
-7.75395e-09
7.87567e-06
-7.86705e-06
7.87689e-06
-7.87144e-06
7.86721e-06
9.75583e-09
-7.85985e-06
7.8695e-06
6.21947e-09
7.87031e-06
-7.86196e-06
7.87149e-06
-7.36051e-09
7.45472e-09
7.87332e-06
-7.86586e-06
7.87653e-06
7.86877e-06
7.54556e-09
-7.8599e-06
7.86491e-06
-7.87061e-06
5.84939e-09
7.87498e-06
-7.87368e-06
-7.85689e-06
7.86726e-06
7.86844e-06
1.15903e-08
7.87429e-06
7.86693e-06
-7.88436e-06
7.88843e-06
-4.06973e-09
2.09952e-09
7.86303e-06
8.02211e-09
7.87046e-06
-7.86244e-06
7.87324e-06
-7.83241e-06
7.8549e-06
-2.24955e-08
7.86811e-06
-7.85669e-06
7.86712e-06
-3.19095e-09
1.05654e-08
7.86009e-06
-7.86994e-06
9.85209e-09
7.87021e-06
-7.85804e-06
7.87045e-06
-7.86524e-06
7.85145e-06
1.37885e-08
7.86702e-06
-7.86321e-06
7.87271e-06
-7.91307e-06
7.91233e-06
9.07693e-09
-1.08019e-08
-7.82161e-06
7.87191e-06
-4.89074e-09
-7.23871e-09
-7.86006e-06
7.55086e-09
7.85971e-06
-7.86726e-06
7.8693e-06
-2.42726e-08
7.86942e-06
-1.08316e-08
7.87948e-06
-1.01779e-08
1.81071e-09
-7.86705e-06
7.86458e-06
-1.16009e-08
7.87933e-06
-7.85894e-06
-1.13712e-08
-7.86355e-06
7.87042e-06
-7.88726e-06
7.85866e-06
2.86058e-08
7.87213e-06
-7.87524e-06
7.85631e-06
1.89266e-08
-1.09249e-08
7.86238e-06
-7.86676e-06
7.85874e-06
8.02062e-09
-7.86368e-06
7.8746e-06
7.86053e-06
-6.81188e-09
7.86683e-06
-1.37792e-08
7.87091e-06
-6.74299e-09
7.86234e-06
-7.86494e-06
7.87427e-06
-7.34109e-09
7.86294e-06
-5.99188e-10
7.85202e-06
7.84965e-06
7.83488e-06
1.47698e-08
-7.86796e-06
7.87694e-06
7.8211e-06
-7.86732e-06
7.87696e-06
-9.64191e-09
-7.86653e-06
7.86846e-06
-1.9325e-09
-6.31672e-09
-7.89144e-06
7.87826e-06
1.31839e-08
7.8445e-06
-2.33944e-08
3.19459e-08
7.7698e-06
-7.80174e-06
-7.87023e-06
7.87986e-06
-7.86225e-06
7.85072e-06
1.15366e-08
-7.87501e-06
1.03602e-08
7.86959e-06
-7.89585e-06
2.62622e-08
7.83312e-06
-1.14974e-08
-7.85494e-06
7.86644e-06
7.94663e-06
6.72962e-09
-4.01142e-09
-7.85737e-06
7.86138e-06
7.86507e-06
-7.86293e-06
7.85792e-06
5.01484e-09
7.85826e-06
-7.88124e-06
7.8711e-06
-7.87025e-06
7.88023e-06
-9.98026e-09
7.86239e-06
-4.13299e-09
-8.84078e-09
-7.85047e-06
7.85931e-06
7.85943e-06
2.96205e-09
-7.87338e-06
7.88319e-06
-7.87301e-06
7.88389e-06
-1.08799e-08
-7.86381e-06
7.85239e-06
1.14203e-08
7.85059e-06
7.79804e-06
-2.8239e-08
-6.84459e-09
-2.47501e-08
7.84658e-06
7.86234e-06
-8.08357e-09
-7.87578e-06
7.88861e-06
7.79391e-06
7.83305e-06
1.35291e-08
-5.65675e-08
-7.84562e-06
-5.83912e-09
-7.84562e-06
-7.81383e-06
7.81383e-06
-2.06791e-08
7.82348e-06
9.56503e-09
8.11059e-09
3.00376e-08
7.77882e-06
-7.80886e-06
-7.86276e-06
7.85278e-06
9.98004e-09
-7.87467e-06
7.88669e-06
-7.8559e-06
-7.02944e-09
-5.37355e-09
7.86183e-06
-7.85646e-06
5.91199e-06
-7.86287e-06
7.85183e-06
1.10415e-08
-7.86406e-06
7.85333e-06
1.07284e-08
7.84563e-06
-2.21428e-08
7.83413e-06
-7.89121e-06
7.86417e-06
-7.85773e-06
7.86105e-06
-3.31951e-09
1.93116e-09
-7.32205e-09
7.86524e-06
7.85735e-06
6.81544e-09
-7.84672e-06
7.84672e-06
6.91295e-09
-7.86536e-06
7.85845e-06
-7.86463e-06
7.86518e-06
-7.826e-09
2.896e-08
7.95773e-06
-7.89007e-06
7.9022e-06
-1.21251e-08
7.8598e-06
-7.86118e-06
7.85212e-06
9.05678e-09
-7.87461e-06
9.97576e-09
7.86672e-06
7.89196e-06
5.92902e-09
7.86425e-06
-7.85653e-06
-7.72198e-09
7.87268e-06
-7.88098e-06
8.30856e-09
-3.28878e-08
1.10068e-09
7.85969e-06
-2.90204e-08
7.82442e-06
-4.56018e-08
-7.89056e-06
7.90832e-06
-1.77583e-08
-7.85316e-06
7.84709e-06
6.07245e-09
7.8166e-06
7.86625e-06
-6.56725e-09
7.0716e-09
-7.86582e-06
7.85875e-06
-4.87639e-08
7.85601e-06
8.24051e-09
-7.85979e-06
7.85301e-06
6.77539e-09
7.85893e-06
7.86246e-06
-7.85625e-06
7.86154e-06
-5.29934e-09
7.86586e-06
-7.41396e-09
-7.85217e-06
7.86131e-06
-9.13569e-09
-5.20758e-08
7.99699e-06
-7.84706e-06
-9.54633e-08
7.866e-06
7.85825e-06
6.89109e-09
-7.86514e-06
7.8593e-06
-7.85446e-06
7.83355e-06
2.09104e-08
8.71575e-09
2.17651e-06
5.8226e-06
-7.99911e-06
-7.84354e-06
-1.09187e-08
-6.52751e-09
7.85828e-06
-6.63458e-06
-8.02457e-09
7.86403e-06
7.86445e-06
-6.20764e-09
-7.85871e-06
7.85896e-06
-2.433e-10
-5.14729e-06
7.86517e-06
6.93469e-09
7.85752e-06
-7.89304e-06
7.90975e-06
-1.6712e-08
-1.5504e-10
-3.14967e-08
-7.20589e-06
-9.6742e-07
7.85715e-06
-7.89724e-06
7.92767e-06
-3.04253e-08
-7.89651e-06
7.9071e-06
-1.05903e-08
-7.88845e-06
7.86408e-06
7.87434e-06
7.87434e-06
7.89684e-06
-7.89684e-06
-7.8814e-06
-6.38575e-09
7.89677e-06
-7.86217e-06
9.99702e-09
7.859e-06
-7.83597e-06
-2.30305e-08
1.44363e-08
-7.89059e-06
6.54717e-09
-7.86003e-06
7.85348e-06
7.85522e-06
8.85917e-09
-1.16202e-08
-7.85762e-06
7.86752e-06
-9.89495e-09
-7.8513e-06
7.87474e-06
-2.34428e-08
7.85331e-06
1.07215e-08
-2.8768e-07
7.86222e-06
-6.99444e-09
3.11584e-08
7.87142e-06
-7.87142e-06
7.86694e-06
-7.86214e-06
1.77679e-08
-7.88278e-06
7.91304e-06
-3.02542e-08
-6.24779e-06
-7.85108e-06
7.90108e-06
-5.00043e-08
7.84997e-06
5.44568e-09
-7.85542e-06
7.85308e-06
-7.88859e-06
1.76509e-09
7.84796e-06
2.01664e-09
7.86248e-06
-4.95958e-09
-1.47321e-08
7.84828e-06
7.85963e-06
-7.85548e-06
-4.54038e-09
7.86437e-06
-7.86437e-06
-7.8961e-06
7.9405e-06
7.90718e-06
2.90949e-08
-7.91903e-06
7.84871e-06
5.9472e-06
-5.94251e-06
7.87466e-06
-7.87027e-06
7.91809e-06
7.92231e-06
-7.7359e-09
-7.91458e-06
5.9754e-06
-1.69312e-08
7.86697e-06
-7.87427e-06
7.30081e-09
2.68313e-09
7.84527e-06
5.98434e-06
-2.37612e-06
-2.81132e-06
-8.33367e-08
2.36659e-08
7.85416e-06
-7.90497e-06
7.87309e-06
-7.8994e-06
7.9759e-06
-7.64984e-08
7.8661e-06
9.93818e-07
-8.19971e-06
-1.94129e-09
7.83942e-06
-1.56991e-08
7.80729e-06
-7.79159e-06
-7.85685e-06
-2.09402e-07
-3.59966e-06
3.80906e-06
4.93738e-06
-5.73794e-06
7.84211e-06
7.82931e-06
1.27983e-08
6.01304e-06
7.85976e-06
-7.86272e-06
7.78923e-06
-7.78418e-06
3.89885e-10
-8.95095e-09
-7.81868e-06
7.82763e-06
7.82704e-06
2.2637e-09
1.07785e-06
9.55044e-07
1.20407e-06
1.97733e-06
1.08897e-06
1.08392e-06
1.09336e-06
1.08517e-06
2.16213e-07
9.89757e-07
1.11888e-06
1.19816e-06
-7.89689e-06
1.09809e-06
1.0693e-06
1.07299e-06
1.0748e-06
1.08664e-06
1.08243e-06
-7.86322e-06
-2.73692e-08
1.08607e-06
1.0987e-06
7.81657e-06
1.04761e-08
1.27283e-06
-7.82122e-06
7.91824e-06
-9.70214e-08
1.05416e-06
1.19711e-08
-7.89242e-06
1.05921e-06
-7.85797e-06
1.12014e-09
7.83586e-06
9.41373e-09
-7.76982e-06
7.80743e-06
7.80762e-06
7.86049e-06
-7.86049e-06
-8.0615e-06
7.17979e-06
1.38455e-06
-7.82853e-06
7.99281e-06
-1.64285e-07
1.11253e-06
1.09003e-06
1.0835e-06
1.10091e-06
1.0473e-06
-7.86401e-06
7.83812e-06
6.19556e-06
-5.16033e-06
-8.97097e-08
7.79192e-06
-7.88934e-06
-1.19495e-08
-1.86971e-06
1.94463e-08
7.87376e-06
-7.66335e-09
7.71173e-06
-2.22343e-08
-7.68949e-06
1.07981e-06
-7.82887e-06
1.04704e-06
-7.88762e-06
-1.09111e-08
-6.07665e-09
-7.87673e-06
6.46411e-09
-7.5845e-06
-2.62627e-08
7.61076e-06
7.86128e-06
-7.82326e-06
-4.4003e-08
-7.86283e-06
-4.31801e-08
-7.73618e-06
7.77936e-06
-7.85064e-06
2.17687e-08
7.77048e-06
2.14344e-08
-7.89373e-06
-7.89147e-06
4.34336e-09
-7.19577e-06
1.76676e-06
7.75147e-06
1.90161e-08
7.91047e-06
-7.91693e-06
7.70829e-06
7.7508e-06
5.64884e-08
-1.33821e-06
1.22822e-06
-7.6951e-06
8.12175e-06
-4.26649e-07
7.86163e-06
1.27231e-07
7.77942e-06
7.86337e-06
-7.85852e-06
-7.86476e-06
-7.18077e-06
3.07559e-07
7.68605e-06
8.04211e-06
-2.62698e-07
-7.86433e-06
-7.86612e-06
7.85656e-06
-7.8725e-06
7.78582e-06
4.18052e-08
-7.76981e-06
8.03201e-08
-1.3171e-07
-7.51133e-06
7.64304e-06
5.64682e-06
-7.83172e-06
7.83172e-06
-7.90816e-06
5.99572e-06
5.90622e-06
-5.95342e-06
1.06373e-06
-6.15821e-06
6.15937e-06
-6.15937e-06
-6.0193e-07
-7.19048e-06
7.79241e-06
-3.47015e-07
7.80726e-06
8.94155e-07
-7.20333e-07
1.68294e-07
5.83069e-07
-9.11157e-07
3.84885e-07
4.5032e-07
-1.35246e-06
4.44676e-07
-1.67114e-06
1.84813e-07
4.21691e-07
-1.13416e-06
6.49749e-07
-1.11325e-06
5.71465e-07
-3.04291e-08
-7.18202e-06
1.37774e-07
-9.42461e-08
7.6085e-06
7.75525e-08
3.69244e-08
7.8711e-06
-9.46046e-09
4.14007e-08
4.86701e-08
5.08321e-08
-7.87259e-06
9.08636e-11
7.10785e-08
4.89704e-08
7.86194e-06
-7.85598e-06
7.85598e-06
-1.32506e-06
3.81662e-08
-7.83344e-06
-5.93487e-06
-7.2112e-06
-7.88808e-06
4.27453e-08
7.82937e-06
-7.82575e-06
5.43557e-06
-5.43557e-06
-2.12706e-08
-7.88172e-06
7.8895e-06
-7.77415e-09
7.58224e-06
7.85334e-06
7.64964e-06
1.29723e-07
7.42439e-06
1.86368e-07
-7.55378e-06
4.54617e-08
-7.42104e-06
2.09837e-07
7.85572e-06
7.53849e-06
-7.86254e-06
5.69099e-06
-1.54419e-06
7.45053e-06
2.94927e-08
-6.96033e-06
1.00238e-06
7.86565e-06
-7.86386e-06
4.95844e-09
7.86591e-06
-1.2578e-08
6.61222e-07
-7.8517e-06
-9.30035e-07
7.72719e-06
6.65441e-06
-8.10809e-06
2.15859e-07
-6.55677e-06
-7.915e-06
2.29824e-07
7.85998e-06
-7.91544e-06
7.89952e-06
4.15706e-07
-8.31522e-06
-7.45388e-06
2.71862e-07
6.97403e-06
-7.50219e-06
5.28161e-07
7.79919e-06
-7.79919e-06
-6.43098e-06
2.21078e-08
-7.85525e-06
-7.28192e-06
-6.52349e-06
7.86062e-06
7.86145e-06
-7.86145e-06
2.5222e-08
7.28159e-06
7.29235e-06
3.50689e-07
7.58093e-07
4.28042e-07
-1.73519e-06
7.81294e-06
2.7439e-08
-7.84038e-06
5.93777e-06
-5.94386e-06
7.82341e-06
6.09966e-06
7.90457e-06
-7.89524e-06
5.69719e-06
-5.69719e-06
-7.88139e-06
7.8693e-06
-7.8646e-06
2.45841e-08
-7.68374e-06
4.01822e-07
-6.82499e-06
7.66014e-06
-5.75161e-06
5.75161e-06
-4.68262e-06
4.68262e-06
6.02562e-06
-5.93274e-06
-4.9675e-06
4.9675e-06
6.40209e-06
-6.40209e-06
-5.39495e-06
-5.82184e-06
5.82184e-06
6.23937e-06
-5.6839e-06
5.6839e-06
-5.5632e-06
5.5632e-06
-5.49954e-06
5.49954e-06
6.53989e-06
-6.53989e-06
5.17761e-06
6.12009e-06
-6.12009e-06
6.12198e-06
6.35486e-06
-6.35486e-06
6.21177e-06
6.11383e-06
-5.62501e-06
5.62501e-06
-6.54524e-06
-5.8595e-06
-5.57499e-06
6.39165e-06
-6.39165e-06
5.70809e-06
-5.70809e-06
6.25861e-06
6.08942e-06
6.16302e-06
6.31071e-06
7.85584e-06
-7.85134e-06
6.17067e-06
-5.07815e-06
7.87225e-06
-1.16349e-08
-8.04783e-06
1.65544e-07
7.88229e-06
7.85554e-06
7.87996e-06
-6.81331e-09
7.44988e-06
-7.87653e-06
7.88354e-06
-6.19338e-06
-7.8897e-06
-7.89957e-06
7.84814e-06
-7.84814e-06
1.03221e-06
7.78066e-06
-7.77331e-06
-2.176e-08
-5.84173e-06
5.86349e-06
7.85622e-06
7.78167e-06
-7.78167e-06
7.88933e-06
-7.89263e-06
-7.87054e-06
-7.85041e-06
7.80522e-06
-7.88079e-06
8.19969e-09
-5.78482e-06
5.25715e-06
7.8577e-06
-7.8577e-06
-6.23315e-06
1.09107e-06
-6.40156e-06
-6.24069e-06
1.07921e-06
-6.27012e-06
1.09795e-06
-6.2097e-06
1.07329e-06
-6.35833e-06
1.10743e-06
7.86982e-06
-1.42854e-08
-7.87734e-06
2.76088e-06
-7.49738e-06
-6.21257e-06
1.04528e-06
-6.06137e-06
-3.62961e-08
7.8394e-06
5.16111e-06
1.60162e-06
-6.76273e-06
-5.74396e-06
5.28298e-06
2.03259e-06
-7.21687e-06
5.18429e-06
6.04606e-06
-6.28519e-06
-7.8469e-06
7.90395e-06
-5.70475e-08
7.86217e-06
-7.85776e-06
-7.90047e-06
-7.68508e-09
7.90724e-06
-7.93277e-06
7.2404e-06
-3.72238e-06
-3.51802e-06
-5.12453e-06
6.23706e-06
-5.10957e-06
6.19307e-06
-1.11925e-06
7.85775e-06
-1.8356e-08
-6.2607e-06
-7.85133e-06
-5.91079e-06
1.01034e-06
-3.49911e-07
-5.30721e-06
-7.91847e-06
7.84716e-06
-1.41765e-06
-7.86151e-06
1.47675e-06
7.87302e-06
-2.5851e-08
-5.15806e-06
5.55634e-06
7.85369e-06
-7.85369e-06
-6.16551e-06
-9.75383e-07
-4.71517e-06
-3.65388e-09
7.90317e-06
7.84276e-06
7.86133e-06
-7.88189e-06
-7.61625e-06
-2.6028e-07
-1.39416e-07
-6.16098e-06
6.15492e-06
-5.1553e-06
5.66262e-06
-4.45855e-06
-5.31259e-06
-4.74271e-06
5.83607e-06
-5.15552e-06
-7.12479e-06
4.25385e-06
2.87094e-06
-5.28037e-06
-4.77123e-06
5.9694e-06
-5.1404e-06
6.04428e-06
-4.96948e-06
6.21972e-06
-5.12102e-06
-5.0855e-06
-2.07018e-08
-7.83203e-06
7.85274e-06
5.89591e-06
-5.93699e-06
-4.83668e-06
5.89589e-06
6.83955e-06
-4.96056e-06
6.05059e-06
7.82758e-06
-7.63213e-06
7.85861e-06
-7.85453e-06
-7.87894e-06
-1.56487e-08
-5.16527e-06
5.98655e-06
1.44046e-06
5.14231e-06
8.73446e-07
-6.01575e-06
5.21777e-06
6.15927e-07
-5.8337e-06
5.17666e-06
4.53526e-07
-5.63019e-06
5.16963e-06
1.89806e-06
-7.06769e-06
5.17955e-06
1.00614e-06
-6.18569e-06
7.8505e-06
7.4907e-06
3.1827e-08
5.65367e-06
-6.00358e-06
-1.3447e-06
7.86836e-06
-7.79682e-06
-7.15415e-08
-1.06756e-06
7.11362e-06
7.84034e-06
-7.84034e-06
-7.88601e-06
-4.99517e-06
5.16346e-06
6.42309e-06
-6.0382e-06
-6.09366e-06
-6.39176e-06
6.20989e-06
6.22995e-06
3.02394e-08
-7.90123e-06
7.82408e-06
-7.82896e-06
4.88152e-09
-6.22595e-06
-8.6386e-10
-7.88884e-06
7.77134e-06
5.9569e-06
-5.9155e-06
-7.53808e-06
5.9751e-06
-5.92426e-06
5.17988e-06
7.76722e-06
-7.87728e-06
7.88966e-06
-7.88532e-06
-7.82297e-06
7.85551e-06
5.97696e-06
-5.93421e-06
7.85481e-06
-7.85457e-06
7.85457e-06
-7.71395e-06
-1.6499e-07
9.72037e-07
-6.21476e-06
7.8493e-06
-7.87824e-06
-7.75765e-06
6.25587e-06
6.2156e-06
6.32521e-06
7.90237e-06
-7.9085e-06
8.42877e-07
6.08569e-06
-4.67877e-06
6.28039e-06
-4.39898e-06
6.43157e-06
6.22483e-06
6.27583e-06
-5.17788e-06
7.84785e-06
5.27742e-06
6.12686e-07
-5.89011e-06
5.9814e-06
-5.95929e-06
7.85545e-06
-7.85102e-06
1.32929e-08
5.47876e-09
-7.98892e-06
7.46457e-06
7.85875e-06
-8.63793e-09
-3.87915e-06
7.96555e-06
7.85656e-06
-7.89434e-06
-5.2239e-09
-4.86467e-06
-5.61143e-06
4.1388e-07
-5.73948e-06
-5.27905e-06
-7.83217e-06
7.8509e-06
-7.8509e-06
7.8471e-06
7.84609e-06
-7.84609e-06
-1.13134e-06
6.41432e-06
-1.10602e-06
6.29031e-06
-6.10964e-06
1.2095e-06
7.90203e-06
-1.974e-08
-7.62143e-06
-3.67485e-07
-7.63042e-06
-2.74451e-08
-7.77808e-06
7.85534e-06
7.87771e-06
2.62383e-08
-7.79541e-06
7.85227e-06
-7.84803e-06
5.05083e-06
-4.79581e-08
-5.18255e-06
1.31528e-06
-5.55282e-06
7.84277e-06
-7.87837e-06
7.70611e-06
-5.15727e-06
6.2043e-06
-5.96718e-06
5.75013e-06
5.97933e-06
-5.99497e-06
2.27943e-06
-2.27943e-06
-5.89459e-06
6.99269e-06
6.17282e-07
-4.73302e-06
5.81966e-06
-4.94922e-06
6.03529e-06
-5.14428e-06
6.09932e-06
-4.95253e-06
6.02552e-06
-4.98454e-06
6.06696e-06
5.78087e-06
-4.72672e-06
-1.06901e-07
6.19606e-06
-5.11625e-06
-7.81947e-06
-1.2703e-08
7.82853e-06
-4.88994e-09
-7.88319e-06
7.85349e-06
7.85095e-06
-7.8607e-06
3.73534e-06
-3.73534e-06
5.81087e-06
-5.93398e-06
-7.71509e-06
-5.22809e-09
-7.88741e-06
-7.92575e-06
7.84185e-06
-7.83586e-06
7.85185e-06
-4.26835e-06
5.65822e-07
-5.65822e-07
-7.85765e-06
3.88569e-09
-6.77999e-06
7.83756e-06
7.89054e-06
-7.89141e-06
6.01271e-06
-5.97578e-06
-7.84723e-07
6.0443e-06
-5.25958e-06
-7.75274e-06
-1.25628e-07
7.76551e-06
-7.83705e-06
-9.62886e-07
6.00592e-06
-5.04304e-06
-7.81844e-06
7.84124e-06
1.68817e-08
7.85533e-06
6.04104e-06
-5.10368e-06
-9.37351e-07
-1.53924e-06
-7.87588e-06
7.87588e-06
3.42465e-07
1.24385e-06
7.83698e-06
-7.87666e-06
7.822e-06
-7.84992e-06
7.85789e-06
-8.47437e-07
7.06344e-09
-7.89263e-06
1.31757e-06
1.36762e-06
2.24998e-06
6.64143e-07
5.18334e-07
9.44025e-07
1.23518e-06
1.09175e-06
8.85125e-07
1.09748e-06
2.44069e-06
6.95372e-07
1.16918e-06
-2.9767e-08
7.92165e-06
1.03079e-06
2.37445e-06
-1.26118e-07
-4.96604e-06
-5.13063e-06
-5.13833e-06
-6.12367e-06
-5.1549e-06
-7.89373e-06
8.84878e-09
-7.79782e-06
3.83449e-06
-7.82615e-06
7.71574e-09
-4.7703e-06
-7.0762e-07
-5.18249e-06
7.87683e-06
-7.88706e-06
6.38072e-06
-7.82806e-07
-7.86235e-06
-5.11694e-07
6.40147e-06
4.20722e-06
-5.18261e-06
-2.26696e-08
-5.70885e-06
8.78555e-07
5.25619e-06
-7.8482e-06
5.89017e-06
-4.87982e-06
3.65907e-06
3.58133e-06
-6.59718e-07
6.28742e-06
-5.6277e-06
-7.83131e-06
5.81891e-06
-5.61758e-07
7.86523e-06
-7.86523e-06
7.90602e-06
-7.90967e-06
-4.3289e-06
5.58503e-06
1.83845e-07
-6.08356e-06
5.89971e-06
-9.00661e-07
5.78968e-06
-4.88902e-06
-3.13506e-07
6.00435e-06
-5.2065e-06
-7.90592e-06
-1.01741e-07
-7.82585e-06
-7.822e-06
-9.30493e-09
-7.82835e-06
7.77835e-06
7.90718e-06
7.87495e-06
-7.88075e-06
3.78256e-06
1.36468e-06
7.86597e-06
-2.19638e-07
-4.85793e-07
-4.04203e-06
-1.17726e-06
5.90608e-06
-7.79154e-06
-3.68126e-08
1.1261e-06
-7.82016e-06
7.85826e-06
-7.85826e-06
-5.57568e-06
-7.85857e-06
3.28298e-08
-2.02043e-06
-1.42663e-06
5.42543e-06
3.04226e-07
-5.72966e-06
2.20523e-09
-6.04534e-06
5.6628e-06
-6.9859e-08
7.80799e-06
-1.84597e-07
-7.62339e-06
-7.81498e-06
-7.82411e-06
3.95497e-09
-5.96923e-07
7.86767e-06
-7.87893e-06
-5.52365e-06
-4.79932e-07
8.37808e-07
-4.46974e-06
-1.2682e-06
7.10321e-07
-5.9699e-06
-4.98815e-07
7.46645e-07
-4.97206e-06
-7.82995e-06
-6.08541e-06
7.82853e-06
7.85486e-06
-7.85486e-06
-7.81704e-06
7.79784e-06
-7.80774e-06
-8.95889e-07
-1.18024e-06
7.83586e-06
-1.71364e-08
9.28305e-07
-7.7083e-06
5.65905e-06
-6.72536e-06
-7.81455e-06
-1.54e-08
-7.84007e-06
5.74625e-06
-7.80148e-06
-6.25414e-09
5.80749e-06
6.13575e-06
7.814e-06
-5.35262e-06
-4.45768e-08
-7.80173e-06
-5.94729e-06
-7.89167e-06
7.97543e-06
-8.37565e-08
4.92883e-06
9.07245e-07
-6.01275e-06
-7.81345e-06
-6.54495e-06
7.85209e-06
7.78306e-06
1.61313e-08
-5.65905e-06
-5.0032e-07
-7.84996e-06
4.23055e-09
7.86691e-08
7.72932e-06
-5.647e-06
-7.80259e-06
8.65771e-10
-7.76836e-06
-4.50939e-08
7.85037e-06
-7.85037e-06
-6.05277e-06
-7.80724e-06
-7.79652e-06
6.94379e-09
4.9681e-06
-6.23631e-06
5.14708e-06
7.77515e-06
6.52773e-09
-4.37796e-06
7.818e-06
-7.81095e-06
-7.82927e-06
-7.8013e-06
4.78253e-09
-6.24799e-06
-7.79453e-06
3.84922e-06
3.25666e-06
-5.93328e-06
5.88461e-06
5.1353e-06
-5.21996e-06
7.84337e-06
7.88343e-06
9.19892e-09
-7.90061e-06
-7.80082e-06
6.28761e-09
7.92165e-06
-7.79176e-06
-7.83191e-06
7.80447e-06
-7.18013e-06
5.40755e-09
7.84166e-06
-7.84166e-06
-7.79947e-06
7.70863e-09
-7.94272e-06
5.96146e-06
-7.81124e-06
-7.92825e-06
-7.81917e-06
-7.78949e-06
-4.86375e-06
-7.06434e-07
-1.42954e-09
7.83315e-06
8.00433e-07
-6.42813e-06
-6.13241e-06
5.28498e-06
-7.79811e-06
8.61945e-09
7.83242e-06
-6.11023e-06
1.22121e-06
5.68984e-06
3.95269e-07
-5.27243e-06
-7.78707e-06
-9.3311e-07
-5.11345e-06
5.93724e-06
-7.83315e-06
-7.83737e-06
-7.79576e-06
8.69006e-09
-8.63325e-07
6.52613e-06
5.75901e-06
-5.33096e-06
-7.78503e-06
4.7063e-06
-5.018e-06
-1.19356e-08
-7.80147e-06
7.86208e-06
4.14788e-07
-8.27687e-06
-5.9314e-06
-7.88832e-06
-7.79417e-06
9.14341e-09
-7.49488e-06
-1.16431e-06
-7.78275e-06
-4.06385e-07
-5.32327e-06
-2.879e-06
-7.79919e-06
1.64361e-08
6.09077e-06
-5.9711e-06
-7.77706e-06
-7.78765e-06
-7.81501e-06
2.73607e-08
7.77515e-06
7.78306e-06
-1.48177e-08
-7.79404e-06
7.42637e-06
-7.79385e-06
5.92418e-06
4.15283e-07
5.4418e-06
-2.88396e-08
5.50558e-06
6.39937e-09
3.36808e-06
-7.80771e-06
7.80114e-06
-5.88542e-06
7.82555e-06
1.07228e-08
-5.94346e-06
-7.57799e-06
-6.74975e-06
-1.60398e-06
4.87036e-06
-4.89303e-06
-7.82051e-06
5.91524e-06
-1.54339e-08
-7.78631e-06
-7.80518e-06
7.80325e-06
-7.85368e-06
-7.80229e-06
-7.81052e-06
5.33492e-09
-7.79763e-06
-5.44487e-06
-6.00268e-07
-7.8025e-06
-7.66791e-06
-6.06872e-06
-7.79354e-06
5.84882e-06
-7.81716e-06
1.46631e-08
-7.81578e-06
5.96146e-06
3.12935e-06
-2.51697e-07
-7.72246e-06
4.92025e-06
-6.23185e-06
3.69833e-06
3.65048e-06
5.91178e-06
-7.7897e-06
4.59177e-09
-7.7202e-06
-1.96952e-06
-7.78808e-07
-1.14112e-06
-7.79232e-06
-7.79325e-06
-7.80854e-06
-7.75051e-06
2.26405e-06
-6.94282e-06
-7.78732e-06
-7.80364e-06
7.79957e-06
-7.84346e-06
-5.86161e-06
-7.77263e-06
5.75995e-06
-5.75995e-06
-7.81825e-06
1.46123e-08
-7.8084e-06
-7.76788e-06
-7.81774e-06
9.3325e-09
7.84023e-06
-1.40443e-08
4.57589e-06
-7.78501e-06
-7.7756e-06
-9.99792e-07
3.47399e-07
5.41255e-06
-3.32773e-06
-2.65993e-06
-3.14177e-06
-3.02879e-06
6.29444e-06
-7.703e-06
-5.92213e-06
-7.78186e-06
5.89259e-06
-7.79563e-06
6.80359e-08
4.99004e-06
-7.79633e-06
7.61636e-07
-7.77984e-06
7.81075e-06
-3.03807e-06
-3.17515e-06
-2.57324e-06
-3.45851e-06
-7.8339e-06
7.75238e-06
-7.77897e-06
-3.12777e-06
-3.08911e-06
-3.34271e-06
-2.77393e-06
-3.30672e-06
-2.89142e-06
-3.16177e-06
-2.75059e-06
-3.10159e-06
-3.0793e-06
-2.37893e-06
-3.67818e-06
5.94346e-06
-7.78091e-06
-7.77613e-06
-5.62852e-06
1.92949e-07
-7.78067e-06
3.9016e-06
-1.45304e-06
-5.03949e-06
6.49254e-06
-4.25283e-06
-7.77438e-06
5.62852e-06
-1.76187e-06
-7.77934e-06
-5.82363e-06
-5.34838e-06
2.21294e-06
5.1616e-06
-7.77164e-06
-7.77963e-06
-7.78525e-06
-6.64645e-09
7.7897e-06
-7.77784e-06
-1.81048e-08
7.79325e-06
-7.82266e-06
-5.95341e-06
-7.87033e-07
-7.77475e-06
-7.76922e-06
-5.84504e-06
-7.75267e-06
-7.77561e-06
-6.19477e-06
-7.76692e-06
1.03429e-06
-7.76538e-06
-7.77345e-06
6.15855e-06
-7.7546e-06
-7.7643e-06
5.89044e-06
-7.77172e-06
-5.92132e-06
-7.74688e-06
-8.0426e-07
-7.75528e-06
-7.80405e-06
-7.73701e-06
-7.77668e-06
5.96095e-06
-7.74631e-06
5.5703e-06
3.04609e-08
5.8579e-07
5.25446e-06
5.56572e-06
-7.73595e-06
4.42448e-06
2.82497e-06
-7.80442e-06
-7.73199e-06
-1.00408e-08
-5.06124e-06
7.32529e-06
7.83251e-06
5.16064e-08
-7.72202e-06
-7.73742e-06
4.82933e-06
-5.64652e-06
-7.73728e-06
7.74262e-06
-7.72911e-06
-1.15106e-08
-7.79385e-06
5.76594e-06
-5.76594e-06
-6.46489e-06
3.18763e-06
-7.77919e-06
-7.7742e-06
3.81195e-07
-5.96112e-06
-6.1576e-06
-1.7454e-06
6.00921e-08
-7.8068e-06
-5.81615e-06
-6.23253e-06
6.23253e-06
-5.2303e-06
-5.94195e-06
-7.71012e-06
7.72473e-06
5.94195e-06
5.44925e-06
-1.97752e-08
-7.69633e-06
-3.83779e-06
-3.32726e-06
-7.68699e-06
7.69434e-06
-7.70838e-06
6.29045e-06
4.03877e-07
-5.88022e-06
-5.5703e-06
6.05102e-06
2.43981e-07
-1.77431e-07
5.95935e-06
-5.78191e-06
7.84243e-06
-5.89754e-06
7.02084e-06
-7.703e-06
-6.1183e-06
4.40442e-06
-7.23904e-06
2.83462e-06
7.84772e-06
-7.50951e-08
-5.41255e-06
4.45056e-07
1.39855e-06
-5.70176e-06
2.4985e-07
5.74837e-06
-6.08322e-06
-5.79905e-06
-6.27674e-06
-5.83744e-06
4.54904e-06
-7.79422e-06
2.14248e-06
-6.43449e-06
-6.50448e-06
-5.94285e-06
2.12748e-08
-6.30709e-06
6.07564e-06
-5.85414e-06
5.83483e-06
-7.78482e-06
-5.96928e-06
-1.46083e-06
-4.44553e-06
5.81315e-06
-1.41289e-08
7.59636e-06
-7.59636e-06
7.57414e-06
-7.57414e-06
5.83751e-06
-5.83751e-06
-6.08322e-06
-5.35904e-06
-1.52096e-06
-5.42186e-06
-5.47216e-06
6.69337e-06
-6.66595e-06
5.50164e-06
-4.20213e-06
-2.87635e-06
3.63622e-06
6.4308e-07
5.56572e-06
-6.00681e-06
-5.48001e-06
-6.1183e-06
-5.65846e-06
5.48001e-06
-1.39407e-06
-1.15044e-06
-2.49791e-06
-4.15363e-06
-2.86924e-06
-7.62422e-07
-4.00787e-06
-6.19842e-06
-6.1576e-06
3.58117e-06
3.66298e-06
3.99621e-06
-7.60621e-07
-7.5653e-08
-4.94159e-07
5.75035e-06
-4.85857e-06
4.09615e-06
1.31879e-06
-6.19477e-06
5.0986e-06
1.03857e-06
5.85344e-06
-4.91609e-06
5.43703e-06
-9.26493e-07
6.5547e-06
-5.87571e-06
4.98241e-06
-4.46318e-06
3.64149e-06
-1.99096e-06
-1.64811e-06
-2.9248e-06
-3.26011e-06
-2.98396e-06
-3.00925e-06
-6.23185e-06
-5.44386e-06
6.01391e-06
-3.64744e-06
-2.36646e-06
1.68595e-07
5.17615e-06
-5.60607e-06
1.92294e-06
-4.87879e-07
9.54007e-07
4.49524e-06
3.83449e-06
-5.28614e-06
3.01895e-06
-5.67888e-06
2.92829e-06
-5.95707e-06
-5.75789e-06
5.98159e-06
-1.52578e-07
9.29602e-07
-4.81147e-06
6.95395e-06
-3.02635e-06
-3.26685e-06
5.05375e-06
-6.17262e-06
6.09435e-06
3.57145e-07
5.13064e-06
-5.13064e-06
5.72767e-06
4.7418e-06
6.95197e-06
5.42907e-06
6.9748e-06
2.66809e-06
5.5642e-06
-1.79475e-06
-6.22792e-06
-5.9163e-06
4.40684e-06
-3.97054e-06
-4.71164e-06
-2.1642e-07
5.76123e-06
1.38171e-06
2.25978e-06
-5.28857e-07
-4.6651e-06
-5.88757e-06
-1.92293e-07
-5.10509e-06
5.00538e-06
-5.7309e-06
-3.76117e-06
-5.94285e-06
4.95531e-06
5.71058e-06
4.80847e-06
4.7506e-06
1.36307e-06
4.45008e-06
-8.89991e-06
4.00787e-06
-5.67759e-06
-2.95398e-06
-3.70834e-06
2.4953e-06
-2.74699e-06
1.28863e-07
-6.21652e-06
4.78687e-06
2.0258e-06
4.2708e-06
-4.04219e-06
-3.08261e-06
6.17654e-06
-1.40353e-06
-6.96682e-07
5.53511e-07
5.25128e-06
-3.98015e-06
-5.05309e-06
-6.05365e-07
6.04524e-06
2.5557e-07
-2.28776e-06
2.83502e-07
-5.74481e-06
-4.65427e-07
-5.88032e-06
4.85606e-06
-3.14691e-06
-3.5338e-06
-6.28939e-06
-6.11177e-07
-5.33028e-06
-4.86343e-06
3.76117e-06
2.61431e-06
3.57454e-06
4.86692e-06
-4.41883e-06
-6.33796e-06
1.05916e-07
-2.3245e-06
-2.38108e-06
-4.50451e-06
5.76058e-06
2.13577e-06
4.33392e-06
5.44455e-06
5.62731e-07
-4.69969e-06
-5.29157e-06
5.64872e-06
-5.93719e-06
-5.09663e-06
6.39932e-06
-1.77394e-06
-4.66753e-06
-4.19952e-06
-5.13422e-06
-4.65913e-06
6.3815e-06
-4.66207e-06
4.87991e-06
1.01658e-06
4.63153e-06
-4.66444e-06
6.59055e-06
2.68327e-06
6.64513e-06
2.62625e-06
-4.67365e-06
6.59055e-06
6.64513e-06
-5.05127e-06
-5.01401e-06
-5.3468e-06
5.53975e-06
4.80385e-06
4.33034e-06
-4.48391e-07
2.94369e-06
6.52031e-06
1.39686e-06
4.90654e-06
-4.52986e-06
-5.29396e-06
4.87742e-07
4.68987e-06
4.15957e-06
-5.66522e-06
-4.94862e-07
5.47727e-06
4.8748e-06
5.29394e-06
-4.74042e-06
1.27824e-06
4.73868e-06
4.83692e-06
2.11593e-06
-4.35639e-06
5.21678e-06
-4.28497e-06
6.34226e-06
-5.06124e-06
-7.09446e-07
-4.99864e-06
4.09101e-06
-5.21425e-06
6.45746e-06
1.15962e-06
1.60876e-06
4.96641e-06
-2.76923e-07
4.60082e-06
1.48423e-06
4.59535e-06
-4.59535e-06
-5.07837e-06
4.69499e-06
-8.90483e-07
-3.99819e-06
-3.83299e-06
-3.53218e-06
3.83299e-06
-5.0816e-06
1.24939e-06
4.17554e-06
-1.0088e-08
-5.31318e-06
3.5934e-07
-4.81789e-06
5.32972e-06
-4.39192e-06
-5.01376e-06
-1.80883e-06
-4.00864e-06
7.49657e-07
-5.86311e-06
2.20124e-06
4.15363e-06
-4.81147e-06
5.05765e-06
-4.86742e-06
-7.1105e-06
3.46306e-06
3.70834e-06
4.98296e-06
2.18952e-06
4.20213e-06
4.96977e-06
4.92556e-06
-4.74564e-06
4.74564e-06
-5.0934e-06
-1.60328e-06
-4.57971e-06
8.4483e-07
3.83779e-06
4.15967e-06
1.46974e-06
4.95334e-06
-4.64614e-06
-5.1047e-06
-4.27583e-06
-1.68565e-06
-4.47532e-06
-1.93271e-07
7.58114e-07
2.055e-07
2.36538e-07
-5.20258e-06
5.06006e-06
-5.61926e-06
-1.10286e-06
3.67796e-06
2.81458e-06
5.25013e-06
5.37191e-06
2.80438e-06
3.88899e-06
2.61127e-06
-6.74274e-09
4.79361e-06
2.83599e-06
4.58e-06
1.64079e-06
4.2227e-06
3.62406e-07
-5.71058e-06
5.20789e-06
4.42544e-06
-4.42544e-06
4.28581e-06
-4.28581e-06
5.94466e-07
4.34716e-06
-4.34716e-06
4.41527e-06
-4.41527e-06
-5.69394e-06
-5.53504e-07
-4.33953e-06
4.28497e-06
6.07669e-06
-1.48134e-06
-7.39953e-07
-1.19242e-06
-5.09908e-06
-4.72043e-06
-3.55168e-06
-3.68736e-06
1.33105e-06
-5.2824e-06
-5.08334e-06
-1.63622e-06
-4.71105e-06
-4.86412e-06
-9.08095e-07
4.12616e-06
-4.83122e-06
4.78461e-06
4.23127e-06
3.09402e-06
2.98434e-06
-4.55305e-06
-4.52208e-06
5.42932e-06
3.10506e-06
-5.31172e-06
3.14266e-06
5.04489e-06
-1.76993e-06
-1.8466e-06
-4.84924e-06
4.85077e-06
-4.8438e-06
5.3362e-06
-5.2411e-06
4.95728e-06
5.18505e-06
-5.00841e-06
-1.85981e-06
-1.80196e-06
-1.85849e-06
-4.45083e-06
4.63666e-06
6.10593e-06
4.75796e-06
4.40684e-06
-4.63914e-06
5.36666e-06
4.21348e-06
-4.6044e-06
-2.44838e-07
-1.83513e-06
-5.54155e-07
3.73992e-06
3.24614e-06
5.00538e-06
5.00672e-06
-9.07635e-08
-5.54196e-06
-4.73853e-06
-3.44812e-07
5.58762e-06
-1.72577e-06
4.595e-06
-1.71335e-06
-5.08761e-06
4.45625e-06
5.11241e-07
3.35443e-06
4.62048e-06
-4.52075e-06
-1.74414e-06
5.17894e-06
-4.20981e-07
2.61418e-06
3.72886e-06
5.91129e-06
-4.65645e-06
4.61804e-06
4.96021e-06
-1.63294e-06
1.71114e-06
4.71044e-06
-4.10761e-07
-3.827e-06
4.30436e-06
-5.24451e-06
-1.59177e-06
4.35639e-06
4.30079e-06
4.00864e-06
2.94531e-06
4.90547e-06
-3.52203e-06
4.99864e-06
1.45763e-06
-8.87149e-08
-4.6109e-06
-4.76471e-06
1.08236e-06
1.65687e-06
-4.8979e-06
-4.83046e-06
4.07704e-06
-4.77503e-06
5.21289e-06
-4.83219e-07
-3.82747e-06
4.31069e-06
-3.1437e-06
3.29151e-06
2.81442e-06
-5.03542e-06
-5.35471e-06
6.62966e-07
-4.45855e-06
-4.23127e-06
-6.62337e-07
5.74462e-06
-5.26471e-07
4.82727e-06
1.82194e-06
7.19242e-07
1.62643e-06
3.63682e-06
-4.12004e-06
5.03579e-06
4.48449e-06
1.88964e-07
-4.84846e-06
4.6595e-06
-1.74823e-07
3.82428e-07
-1.1634e-06
4.40953e-06
-4.22057e-06
-2.47773e-06
1.04563e-06
-5.96082e-06
1.11386e-06
-4.14703e-06
-1.58252e-07
1.75053e-06
9.47919e-07
2.90286e-06
-3.9555e-06
-4.72703e-06
1.56466e-06
-5.01245e-06
6.51884e-07
4.34847e-06
4.79269e-06
3.08911e-06
-4.25106e-06
1.07655e-06
-9.51224e-07
-9.83588e-07
-4.49184e-06
-2.94074e-06
-3.30539e-06
-6.43772e-07
7.94723e-06
-2.85251e-06
7.97307e-06
-4.63563e-06
4.26622e-06
1.49701e-07
-4.76998e-06
-4.8092e-06
-1.22176e-06
3.60798e-06
-3.88501e-06
4.39789e-06
8.16481e-07
-2.72864e-07
4.98371e-06
4.07746e-06
4.81122e-06
5.11993e-06
-1.6747e-06
-4.12985e-06
-4.40371e-06
-4.02128e-06
-1.26899e-06
4.79628e-06
5.11345e-06
5.00008e-07
1.40936e-06
3.10549e-06
-4.84455e-06
4.66505e-06
4.97883e-06
-2.04574e-07
)
;

boundaryField
{
    front
    {
        type            empty;
    }
    back
    {
        type            empty;
    }
    wall
    {
        type            calculated;
        value           uniform 0;
    }
    inlet
    {
        type            calculated;
        value           nonuniform List<scalar> 
12
(
-9.04277e-06
-9.05354e-06
-9.06084e-06
-8.98376e-06
-9.25371e-06
-9.0909e-06
-9.23197e-06
-9.27382e-06
-9.27138e-06
-9.33373e-06
-9.32358e-06
-9.33572e-06
)
;
    }
    outletLeft
    {
        type            calculated;
        value           nonuniform List<scalar> 9(6.17056e-06 6.21321e-06 6.21688e-06 6.19814e-06 6.18089e-06 6.18491e-06 6.19514e-06 6.26187e-06 6.28525e-06);
    }
    aneurysm
    {
        type            calculated;
        value           uniform 0;
    }
    outletRight
    {
        type            calculated;
        value           nonuniform List<scalar> 9(5.98766e-06 6.03175e-06 6.11664e-06 5.91235e-06 6.05711e-06 5.99321e-06 6.0453e-06 6.11709e-06 6.08777e-06);
    }
}


// ************************************************************************* //
