/*--------------------------------*- C++ -*----------------------------------*\
  =========                 |
  \\      /  F ield         | OpenFOAM: The Open Source CFD Toolbox
   \\    /   O peration     | Website:  https://openfoam.org
    \\  /    A nd           | Version:  12
     \\/     M anipulation  |
\*---------------------------------------------------------------------------*/
FoamFile
{
    format      ascii;
    class       surfaceScalarField;
    location    "0.18";
    object      phi;
}
// * * * * * * * * * * * * * * * * * * * * * * * * * * * * * * * * * * * * * //

dimensions      [0 3 -1 0 0 0 0];

internalField   nonuniform List<scalar> 
6438
(
-2.93311e-08
3.65219e-06
-3.62286e-06
-3.19075e-08
4.24276e-06
-4.21085e-06
-3.97973e-06
-6.75151e-07
4.65488e-06
3.7759e-06
-4.14417e-06
3.68264e-07
5.80177e-06
-4.53241e-06
-1.26936e-06
1.31551e-06
4.48625e-06
-4.52339e-06
5.43656e-07
-3.92113e-06
3.88922e-06
4.23669e-06
-5.05768e-06
8.20988e-07
3.93803e-06
-4.6181e-06
6.80069e-07
-3.80806e-06
4.63205e-06
-8.23992e-07
9.13904e-07
-4.17366e-06
3.25976e-06
-4.71621e-06
9.08148e-07
3.61896e-06
1.66185e-06
-5.28082e-06
3.40006e-06
-3.42939e-06
-1.92264e-07
3.98511e-06
-3.79285e-06
-5.02063e-06
4.869e-06
1.51631e-07
-3.80128e-06
4.6165e-06
-8.1522e-07
-4.71369e-06
9.12408e-07
1.49628e-06
3.16245e-06
-4.65873e-06
-1.08994e-06
-7.12572e-07
1.80251e-06
-2.32071e-07
4.17364e-06
-3.94157e-06
-3.87121e-06
-6.26955e-07
4.49816e-06
-4.73962e-06
2.07889e-06
2.66073e-06
-4.11186e-06
3.87979e-06
-3.65166e-06
4.43878e-06
-7.8712e-07
-4.46599e-06
5.94784e-07
4.23151e-06
-3.31761e-06
-3.84371e-06
-7.20193e-07
4.5639e-06
-4.65005e-06
9.98395e-07
3.56079e-06
-4.47587e-06
9.15083e-07
1.98946e-08
-4.35806e-06
4.33817e-06
4.26505e-06
-4.29013e-06
2.50794e-08
-4.22558e-06
7.10335e-07
3.51525e-06
-5.70615e-06
9.23338e-07
4.78281e-06
4.01259e-06
-3.99269e-06
4.0488e-06
-2.72893e-07
2.62678e-06
3.67911e-06
-6.30589e-06
-1.30047e-06
4.91943e-06
-3.76863e-06
4.14036e-06
-3.71727e-07
-4.36645e-06
4.32652e-06
3.99394e-08
-1.81373e-06
3.31e-06
3.90402e-06
3.40112e-08
-4.69309e-06
4.59755e-06
9.55378e-08
4.20385e-06
-6.43063e-07
-3.15972e-06
2.96745e-06
-5.45527e-06
9.22857e-07
4.14773e-06
3.99141e-07
-4.54687e-06
-3.22133e-06
-1.00425e-06
-5.91892e-07
-3.8797e-06
4.40193e-06
-5.2223e-07
-2.88842e-06
4.1695e-06
-1.28108e-06
4.18616e-06
-4.18616e-06
1.31543e-06
3.17464e-06
4.17574e-07
-3.59221e-06
1.86341e-06
9.05664e-07
-2.76907e-06
3.54512e-06
7.45499e-07
-4.29062e-06
3.42303e-06
-1.34414e-06
-1.98483e-06
-3.47044e-06
-4.13619e-08
3.69062e-06
-3.64925e-06
-4.55185e-06
4.55185e-06
-4.71526e-06
4.76358e-06
-4.83197e-08
1.90191e-07
3.50585e-06
-3.69604e-06
1.30629e-08
-4.29529e-06
4.28223e-06
3.98599e-06
-3.97293e-06
-4.3463e-06
5.02595e-07
-4.35763e-06
-3.35459e-07
-3.74835e-06
4.11951e-06
-3.71166e-07
4.14402e-07
3.5884e-06
-4.00281e-06
-4.40703e-06
4.23838e-06
1.68646e-07
4.29606e-06
-4.29606e-06
3.99268e-06
2.44012e-07
-2.62325e-06
-1.99485e-06
3.74154e-06
7.88664e-07
-4.5302e-06
-3.6705e-06
-6.95951e-07
3.26046e-06
2.51955e-06
-5.78001e-06
-5.0498e-06
3.23607e-06
-3.2234e-06
-1.8264e-06
4.44824e-06
-7.06701e-07
2.65075e-06
-7.8734e-07
3.60208e-06
4.11462e-07
-4.01354e-06
-4.44144e-06
-2.73823e-07
-6.28543e-07
-1.08118e-06
-3.47067e-06
4.81461e-06
-4.81461e-06
-3.18323e-06
-1.2238e-06
-2.88527e-07
-5.41762e-06
-4.15419e-06
4.13747e-06
1.67237e-08
1.49516e-07
-4.2078e-06
4.05828e-06
-4.62649e-07
4.06473e-06
4.15876e-06
1.06283e-07
-4.34409e-06
-6.76548e-07
-4.38625e-06
4.49796e-06
-1.11709e-07
4.57918e-06
-2.56275e-06
-2.01644e-06
4.10779e-06
-3.95827e-06
8.41866e-08
4.60759e-06
-2.34491e-06
-2.26268e-06
2.62104e-06
1.95814e-06
4.2281e-06
-4.2281e-06
-3.24304e-06
4.6523e-06
-1.40926e-06
-4.07548e-06
1.95784e-07
-5.57548e-07
-3.30072e-06
3.85827e-06
-3.8199e-06
1.49393e-07
-4.0931e-06
8.50062e-07
3.5314e-06
7.78143e-07
-4.30954e-06
-2.4739e-07
3.77879e-06
-3.68838e-06
4.26142e-06
-5.73042e-07
-3.9189e-06
1.50266e-07
2.7039e-06
1.90369e-06
4.08233e-06
-8.22574e-07
1.7548e-07
4.01068e-06
-3.52329e-06
-2.9661e-07
3.68349e-06
7.83775e-07
-4.46726e-06
-2.03658e-06
-1.75689e-06
3.79346e-06
2.68153e-06
-3.38708e-07
-2.34282e-06
-4.35806e-06
8.84499e-07
4.36841e-06
-5.25291e-06
-2.02528e-06
9.3534e-07
4.35837e-06
8.04048e-08
4.72604e-06
-2.44522e-06
-2.28082e-06
1.58205e-06
3.14399e-06
4.41085e-06
-7.27362e-07
5.38148e-06
-2.75471e-06
-3.98765e-06
1.15799e-08
3.97607e-06
-5.70296e-06
5.81843e-07
5.12111e-06
-6.53943e-08
-3.9592e-06
4.02459e-06
4.3547e-06
2.42847e-07
-3.35907e-06
3.31771e-06
-4.00764e-06
4.08815e-06
-8.051e-08
4.05807e-06
-4.12347e-06
4.18771e-06
-4.18771e-06
4.12373e-06
1.1903e-07
4.13159e-06
-9.56956e-07
4.07552e-06
-3.88533e-06
-3.5904e-06
3.03285e-06
3.69742e-08
3.95678e-06
-3.99375e-06
4.65501e-06
-3.26198e-06
-1.39304e-06
-4.29529e-06
-6.19994e-08
4.83006e-08
-3.96943e-06
-3.97796e-06
2.2961e-07
4.56893e-08
3.9669e-06
3.83899e-06
-3.42459e-06
-3.9591e-06
2.70716e-07
4.01657e-06
-1.1255e-07
-1.43358e-07
3.49548e-06
-3.35212e-06
2.751e-06
1.90402e-06
-4.11656e-06
8.84182e-07
3.23238e-06
4.19673e-06
-2.72354e-08
-5.54982e-06
5.04447e-07
5.04537e-06
-5.61294e-08
-3.93835e-06
3.99448e-06
2.61779e-06
6.37392e-08
2.50525e-07
3.94621e-06
3.90524e-06
3.26275e-07
4.03445e-06
-4.09058e-06
-4.20432e-06
-1.39765e-07
4.28865e-06
-4.60831e-06
3.19653e-07
-3.8342e-06
-1.53443e-07
-4.66649e-06
2.02299e-06
2.6435e-06
7.46774e-10
4.03414e-06
1.39495e-07
-3.79714e-06
4.41581e-06
-6.18666e-07
-4.1847e-06
3.60497e-06
5.79729e-07
-5.65934e-07
1.46273e-06
-8.96798e-07
-1.31221e-06
-3.33785e-06
-4.2078e-06
-3.3179e-08
4.01917e-06
1.23264e-06
3.41966e-06
-6.71957e-08
-4.09237e-06
-1.94913e-08
-8.67337e-08
-4.4736e-06
3.78011e-06
6.93494e-07
-2.62517e-07
3.33496e-06
6.57716e-07
6.54037e-06
-2.86126e-06
-1.38388e-06
-3.32981e-06
4.10219e-06
5.6572e-08
-3.52164e-06
1.48507e-06
-1.5813e-06
-2.4962e-06
4.07751e-06
-1.41196e-06
-3.30425e-06
-2.29626e-06
5.55672e-06
-4.23116e-06
1.38788e-07
-3.9943e-06
4.00955e-06
-1.52433e-08
-3.29941e-06
3.15606e-06
-4.80375e-08
-3.91475e-06
3.96279e-06
-4.30454e-06
7.33849e-08
3.58949e-06
-4.27115e-06
6.81657e-07
3.99931e-06
-4.04734e-06
3.57394e-06
-1.35295e-06
-2.22099e-06
-5.40603e-06
1.91444e-06
3.49159e-06
3.66443e-06
3.5214e-07
3.02656e-06
1.84244e-06
8.84075e-07
3.93053e-06
-1.04988e-06
-3.76472e-06
-4.35699e-06
4.31795e-06
3.90389e-08
-4.34501e-06
-1.19842e-08
-4.32309e-06
-2.19139e-08
1.34076e-08
1.12509e-06
-6.29345e-06
5.16836e-06
-4.67289e-06
5.55739e-06
3.68993e-06
-3.65295e-06
3.94321e-06
1.64579e-07
3.21468e-07
3.25247e-06
-3.9592e-06
-3.58953e-06
3.5729e-06
4.44927e-07
-4.01783e-06
-2.00877e-08
-8.52621e-07
6.28224e-06
-5.42962e-06
5.9591e-06
-4.29724e-06
-1.80837e-06
2.71403e-06
-1.14666e-06
-3.51983e-06
-3.12648e-06
-2.27955e-06
-3.95802e-06
-2.46305e-07
-3.98597e-06
3.98535e-06
6.25554e-10
-6.29137e-07
3.74142e-06
-3.11228e-06
-4.28027e-06
4.31042e-06
-3.01443e-08
-4.23549e-06
-4.47841e-08
-5.44242e-06
3.39657e-07
5.10277e-06
-3.8028e-06
-2.46683e-07
4.04948e-06
4.26484e-06
4.55759e-08
-7.579e-07
-4.66002e-06
1.69906e-06
2.96096e-06
2.65034e-08
-2.46663e-06
-2.19338e-06
-5.82524e-08
-4.3524e-08
-3.89219e-06
3.93571e-06
-4.00226e-06
1.99463e-07
3.61709e-06
4.85101e-07
4.16864e-06
-3.99316e-06
3.96124e-06
-4.00477e-06
3.94472e-06
1.13352e-07
1.93958e-06
4.01952e-06
4.11352e-06
-7.78562e-07
-3.23441e-07
-5.37952e-06
-2.35018e-07
3.25128e-06
-3.01626e-06
-4.21524e-06
-2.02466e-08
-4.2146e-06
-6.39565e-10
4.24817e-06
-4.21779e-06
-3.03805e-08
4.20226e-06
4.59119e-08
-3.93835e-06
9.73174e-07
-1.3363e-06
3.63123e-07
-4.75998e-06
2.78624e-06
1.97374e-06
2.13005e-06
-4.27117e-06
2.14112e-06
-3.7287e-06
-3.46781e-07
-3.97263e-06
3.95294e-06
1.96985e-08
-4.13231e-06
3.9857e-06
1.46611e-07
-3.30071e-07
4.22889e-06
-3.89882e-06
-4.10268e-06
1.00421e-07
-4.55554e-06
5.68063e-06
-4.21958e-07
-3.69461e-06
-4.28297e-06
3.9529e-06
-3.35558e-06
-3.08563e-07
3.66414e-06
-3.14324e-06
4.1753e-06
2.69655e-08
-2.85826e-06
-7.653e-07
8.48465e-07
-8.31648e-08
-3.93045e-08
1.53644e-07
-5.43499e-06
5.28135e-06
-3.04568e-06
-1.4777e-06
-4.23377e-06
4.14769e-06
8.60816e-08
-4.16892e-06
-6.4848e-08
-1.49857e-06
9.32634e-07
3.93747e-06
9.69833e-08
4.2037e-06
-6.97846e-07
4.16523e-06
-4.16064e-06
-4.59158e-09
-1.11626e-08
-3.86216e-06
3.87333e-06
4.36087e-06
-3.12824e-06
-5.25644e-08
4.3217e-06
2.44132e-06
-6.76302e-06
4.28206e-06
-4.28206e-06
6.63427e-07
3.88842e-06
-1.51128e-06
-2.67488e-06
-3.41404e-06
4.11539e-06
-7.01348e-07
-4.54104e-07
-3.67821e-06
3.94131e-06
-3.95247e-06
-3.7746e-06
6.35572e-08
3.71104e-06
7.24292e-07
-3.82568e-06
3.10139e-06
-3.96115e-06
3.91997e-06
4.11724e-08
2.53076e-06
1.83011e-06
-1.23931e-07
-6.41369e-07
-2.38111e-06
-2.37887e-06
-9.12409e-07
-4.22957e-06
4.32429e-07
-3.91475e-06
3.5476e-06
7.41052e-07
-3.29279e-06
-3.69984e-06
3.44257e-07
-3.77488e-06
2.19358e-06
4.28311e-06
-3.48191e-06
-8.01197e-07
7.31374e-07
3.43727e-06
-3.03002e-06
-1.43598e-06
-4.18945e-06
4.18945e-06
4.19182e-06
-4.03129e-06
-1.60534e-07
2.41307e-07
-3.97001e-06
-3.35398e-06
3.79216e-06
-4.38178e-07
-1.32822e-06
6.15652e-07
3.90464e-06
-3.92372e-06
1.90767e-08
4.10349e-06
4.41965e-08
4.145e-06
4.6817e-08
6.26128e-06
-3.99526e-06
-1.07425e-07
-3.50591e-06
2.87677e-06
3.93185e-06
6.74592e-08
4.13288e-06
-4.10985e-06
-2.30247e-08
-3.60484e-08
-5.71438e-08
4.31903e-07
-3.54426e-06
3.11236e-06
-1.23884e-07
-5.42593e-06
1.2978e-06
2.90879e-07
-3.64486e-06
-3.95228e-06
3.89197e-06
6.03164e-08
3.94314e-06
-3.53656e-07
-1.84085e-06
-2.44928e-06
-5.52551e-06
4.09399e-07
-2.21777e-06
-6.5667e-07
1.75581e-08
4.0614e-06
-3.61647e-06
-3.89219e-06
-3.89826e-06
1.0162e-07
3.79664e-06
5.50287e-06
7.79372e-07
3.17297e-06
1.59061e-06
3.83841e-06
-1.70837e-06
4.00773e-06
-2.27619e-07
9.19832e-06
-6.757e-06
-6.29345e-06
-2.01706e-06
-2.16764e-06
-5.10933e-08
4.27395e-06
-4.00443e-06
-2.69529e-07
4.0522e-06
9.28085e-08
4.68449e-07
-3.88249e-06
-2.88117e-06
3.31307e-06
3.927e-06
3.42385e-08
3.08307e-06
1.36517e-06
4.12035e-06
1.53602e-07
4.11715e-06
-4.05815e-06
-5.90013e-08
-1.85531e-06
-2.62056e-06
-1.85796e-07
3.79077e-06
7.05661e-08
-4.36663e-06
3.41367e-06
-2.68937e-06
-5.76546e-08
8.58626e-08
3.33226e-06
-3.61639e-06
2.84127e-07
6.0907e-07
3.50632e-06
5.58539e-06
-5.43175e-06
1.94333e-06
2.4586e-06
-3.94168e-06
3.89579e-06
4.58906e-08
-9.06154e-08
-2.2926e-06
1.25696e-06
1.03563e-06
-4.12522e-08
4.28244e-06
-4.28244e-06
4.84324e-06
-2.80898e-06
-2.03426e-06
-3.54621e-06
-5.97962e-07
2.99268e-06
1.41817e-06
4.09747e-06
2.28798e-08
-3.86216e-06
3.83189e-06
2.44609e-08
-3.85635e-06
3.13645e-06
4.36663e-06
-4.33817e-06
1.10069e-07
5.09766e-06
-4.51581e-06
3.94661e-06
-4.20166e-06
3.9205e-06
-8.86125e-08
3.53917e-06
-3.83001e-06
3.80996e-06
2.00522e-08
1.78501e-07
3.07422e-06
-3.25272e-06
-3.48403e-06
2.87866e-06
-2.60864e-07
3.64331e-06
4.9705e-07
-3.51656e-08
-3.37103e-06
-5.88064e-07
-5.04959e-06
3.19429e-06
6.17763e-09
-3.84038e-06
-4.08892e-06
-1.9405e-07
5.47556e-06
-2.956e-06
3.93242e-08
-7.08265e-07
4.35451e-06
-3.64624e-06
-1.86062e-06
-4.31975e-07
3.81473e-06
-3.85554e-06
4.08079e-08
-3.94661e-06
3.91563e-06
1.69831e-06
2.42489e-06
-4.12319e-06
4.10255e-06
-7.70285e-07
3.40272e-07
3.64484e-06
4.02334e-06
3.92465e-07
4.39213e-07
5.33961e-07
-4.28223e-06
9.45176e-08
-3.39844e-06
3.86689e-06
-1.96889e-06
2.37829e-06
3.62916e-07
-3.57069e-06
3.20777e-06
-2.92992e-08
7.42277e-08
-3.56084e-06
-4.05218e-06
3.97771e-06
7.44714e-08
-3.88633e-06
4.0442e-07
2.53814e-06
2.3051e-06
-2.18758e-06
4.48397e-06
-2.29639e-06
4.49484e-06
-4.19599e-06
-2.98844e-07
1.12757e-07
2.7659e-06
-3.8571e-06
-4.116e-08
3.91486e-06
5.63724e-09
1.93494e-06
-6.77981e-07
4.98302e-06
-4.47858e-06
3.57005e-06
5.49465e-07
2.24465e-07
-3.97451e-06
6.03476e-07
6.01317e-08
-3.45857e-06
4.43778e-06
-3.58772e-06
3.61825e-06
-2.20159e-07
-3.44478e-06
3.66494e-06
-3.89599e-06
4.05754e-06
-4.79935e-08
-5.9023e-06
4.72672e-07
-2.52808e-08
3.82203e-06
7.37628e-08
-3.60772e-06
-3.96056e-06
3.94427e-06
1.62892e-08
4.74354e-06
-2.75644e-06
-1.9871e-06
-3.32334e-06
-2.98789e-07
3.62213e-06
-8.85628e-09
-3.91524e-06
8.42114e-08
-4.23928e-07
4.18321e-06
-3.75929e-06
-3.83476e-06
3.85384e-06
-5.56631e-06
-8.12057e-07
-5.38361e-06
5.24858e-06
1.35032e-07
3.072e-06
1.56005e-06
3.59511e-06
3.22892e-07
-3.918e-06
3.82123e-06
-1.56806e-07
3.08021e-06
1.53629e-06
-2.72939e-06
8.68766e-07
-3.86319e-06
3.35532e-06
-3.81797e-06
-5.18613e-06
5.16735e-06
1.8786e-08
4.68293e-06
-3.7596e-06
3.8216e-06
-1.1648e-08
2.35082e-07
-3.56407e-06
3.32899e-06
-5.76168e-08
-5.12851e-06
4.63091e-06
-4.63091e-06
-2.10854e-06
3.97345e-06
-1.86491e-06
-3.82414e-06
3.82414e-06
3.91161e-06
-3.45794e-06
-4.53672e-07
3.63445e-06
8.63503e-07
4.07501e-06
-3.34363e-06
4.03034e-06
-4.49868e-08
-3.15396e-06
-5.05135e-07
3.65909e-06
-5.12303e-06
5.1405e-06
-1.74678e-08
4.72992e-06
-2.84771e-06
-1.88221e-06
6.90609e-07
3.3844e-06
-5.17665e-06
5.1507e-06
2.59483e-08
-1.23565e-09
-3.77883e-08
5.10839e-06
-5.0706e-06
-5.15711e-06
5.15711e-06
-6.13173e-08
3.87605e-06
5.53472e-06
-5.15913e-06
-3.75588e-07
-5.17992e-06
5.14213e-06
5.17532e-06
-5.149e-06
-2.63111e-08
-3.77048e-06
-8.50616e-08
4.41127e-06
-5.89761e-08
5.14108e-06
-5.0821e-06
5.14267e-06
-5.15237e-06
9.69883e-09
-3.8876e-06
5.11586e-06
-7.47274e-09
-3.95611e-06
3.92086e-06
3.52498e-08
-5.11491e-06
5.13341e-06
-1.85051e-08
3.91767e-06
-3.81605e-06
-5.16622e-06
5.10724e-06
3.96247e-06
-1.26015e-06
1.88737e-06
2.46713e-06
-2.86405e-06
-2.18554e-06
-5.14832e-06
5.14832e-06
-5.1719e-06
-8.02072e-09
4.78758e-06
-8.77665e-07
-3.90992e-06
-3.37347e-06
2.29229e-06
1.28902e-07
5.12413e-06
-5.14003e-06
1.58983e-08
3.7713e-06
-3.76844e-06
-2.86883e-09
5.28377e-06
-5.14648e-06
-1.37287e-07
5.0974e-06
2.67308e-08
5.08802e-06
5.30619e-08
-1.05287e-08
-3.81361e-06
-4.71899e-06
2.59646e-06
2.12253e-06
-3.80826e-06
3.83272e-06
5.11361e-06
-1.62094e-08
5.36572e-07
3.47116e-06
2.75057e-06
-1.05226e-06
-5.15882e-06
-7.40356e-09
4.20698e-06
2.49629e-06
-4.25318e-06
-6.48446e-07
-5.25385e-06
3.83911e-06
-3.86186e-06
2.27416e-08
-1.78047e-07
-5.20556e-06
3.9975e-06
-4.45674e-08
4.44381e-06
-3.03968e-06
-1.40413e-06
-3.8472e-06
5.12143e-06
-5.12143e-06
3.666e-06
4.8699e-08
-3.7147e-06
3.94489e-06
-5.13221e-06
5.12546e-06
6.74895e-09
5.0958e-06
-5.14499e-06
4.91928e-08
3.2419e-06
-4.29178e-06
-1.37107e-08
-5.09608e-06
5.10979e-06
5.08431e-06
-5.09802e-06
-1.69791e-07
5.41837e-06
-4.06889e-06
4.40855e-06
-4.6086e-06
3.19664e-06
-8.10034e-08
5.24835e-06
4.41146e-07
2.27289e-06
4.45693e-08
4.74301e-06
-1.4178e-08
4.10484e-06
-4.09066e-06
-3.50117e-08
-5.14445e-06
-3.22021e-08
4.2239e-06
-4.23317e-07
-3.80058e-06
-5.11028e-06
5.11028e-06
2.99944e-06
-2.58186e-06
-5.1526e-06
5.13907e-06
1.35264e-08
3.9353e-06
-3.9353e-06
3.83047e-06
-5.91608e-08
5.11726e-06
-5.12548e-06
8.22271e-09
-4.94096e-06
1.35143e-06
4.71481e-09
-3.80111e-06
3.7964e-06
4.12257e-06
-3.44201e-08
5.12791e-06
4.74026e-08
3.11096e-06
5.30797e-07
-3.64176e-06
5.14366e-06
-2.78042e-08
3.9967e-06
-3.9967e-06
5.111e-06
-5.09319e-06
-1.78053e-08
-3.90874e-06
3.87938e-06
2.93598e-08
5.15001e-06
-5.13442e-06
-1.55908e-08
-5.11878e-06
5.11878e-06
7.64008e-07
3.58469e-06
1.2118e-07
-3.70587e-06
-5.15302e-06
5.13958e-06
1.34325e-08
-1.91074e-08
-3.85913e-06
3.83663e-06
2.48126e-09
4.7892e-06
-9.04002e-07
-3.8852e-06
3.30907e-06
5.09801e-06
-5.1121e-06
1.40875e-08
3.94056e-06
4.20804e-06
5.93225e-08
3.60667e-06
5.22758e-06
-9.96693e-08
5.0812e-06
1.68132e-08
3.73969e-06
-3.73969e-06
-1.96889e-06
5.16997e-06
-5.12929e-06
-1.57034e-08
5.12672e-06
-5.10743e-06
-1.9288e-08
1.00435e-07
-5.22403e-06
5.1236e-06
5.37449e-07
-5.16836e-06
-5.1437e-06
5.13482e-06
8.88351e-09
3.71371e-06
-3.71141e-06
-2.29636e-09
3.91161e-06
-3.45194e-06
3.45194e-06
5.09154e-06
-1.03433e-08
-3.81729e-06
-3.56407e-06
3.59511e-06
3.96127e-06
-4.12984e-08
-1.16261e-08
4.05918e-07
-5.05667e-06
5.12581e-06
-5.12749e-06
1.68206e-09
1.22253e-07
3.59145e-06
1.18414e-07
4.10549e-06
3.85983e-06
-2.9363e-08
-5.13229e-06
5.12628e-06
6.00727e-09
5.08702e-06
-5.10133e-06
1.43143e-08
-5.12759e-06
-2.50119e-08
5.11373e-06
-5.10025e-06
-1.34817e-08
3.86144e-06
7.38665e-08
5.11682e-06
2.22549e-08
-6.47803e-09
5.10544e-06
2.08461e-08
-7.76492e-10
-3.78261e-06
-5.18322e-06
5.47071e-08
-3.83596e-06
3.83596e-06
4.81862e-08
4.74102e-06
-3.89825e-06
7.4429e-07
2.69404e-08
5.11573e-06
2.13521e-07
-3.68856e-06
3.47504e-06
3.57275e-08
5.12138e-06
4.88627e-06
-5.32892e-06
3.85836e-06
1.38338e-07
5.08431e-06
-3.92094e-08
3.6239e-06
-3.72958e-06
1.81738e-08
3.67539e-06
-5.64432e-07
-5.09702e-06
5.09702e-06
-5.12428e-06
-2.87325e-08
3.45794e-06
-3.58256e-06
1.24616e-07
-5.12138e-06
3.77415e-06
-3.76944e-06
5.11431e-06
2.52765e-08
-5.11664e-06
-4.55192e-06
3.16804e-06
-5.13859e-06
5.13001e-06
8.5759e-09
3.49236e-06
3.28874e-07
3.80111e-06
2.30255e-08
-5.08046e-06
5.11539e-06
-3.49295e-08
-3.86051e-06
3.82633e-06
3.41743e-08
-5.09672e-06
1.62583e-08
3.8441e-06
-7.46465e-09
2.12095e-07
-3.97362e-06
3.76152e-06
5.09558e-06
-5.11819e-06
2.26105e-08
4.14494e-06
-4.33899e-06
5.095e-06
-5.09444e-06
-5.60614e-10
-3.25491e-06
3.25491e-06
-4.00849e-06
4.00849e-06
-5.08913e-06
-7.58895e-09
-2.37829e-06
2.81943e-06
-5.10374e-06
5.09622e-06
7.51637e-09
3.99246e-08
5.10839e-06
3.18235e-06
-2.81943e-06
-3.18235e-06
3.36085e-06
3.3779e-06
-3.88303e-06
4.66323e-06
-2.76243e-06
-1.90079e-06
-5.12198e-06
-2.17188e-08
-7.37356e-07
-3.36085e-06
4.09821e-06
5.11555e-06
1.92693e-08
-3.87598e-06
3.59142e-06
5.13028e-06
-5.1199e-06
-1.03792e-08
-5.1001e-06
-3.84128e-06
3.85968e-06
-1.19984e-07
-1.36907e-08
5.1273e-06
5.10572e-06
-3.7964e-06
-5.22749e-06
-3.06827e-06
3.918e-06
-8.4973e-07
-5.07767e-06
-1.84097e-08
5.09919e-06
6.24375e-09
2.97359e-06
-3.03823e-06
6.46443e-08
5.87384e-09
3.58256e-06
-3.72691e-06
1.44351e-07
2.35484e-06
2.3887e-06
-5.11968e-06
-1.89087e-08
-3.87828e-06
5.07677e-06
-5.07251e-06
-4.25575e-09
5.11353e-06
1.64825e-08
-5.12837e-06
5.12285e-06
5.52109e-09
3.92055e-06
3.86144e-06
-5.08981e-06
5.07863e-06
1.11777e-08
5.12573e-06
-5.12345e-06
-2.27233e-09
-3.81232e-06
3.85836e-06
5.08741e-06
-5.08741e-06
2.03035e-08
5.1304e-06
-3.21223e-06
-6.86022e-07
5.09804e-06
-2.45976e-09
-6.54534e-07
3.48186e-06
-2.82732e-06
5.08499e-06
-5.08059e-06
-4.4002e-09
1.55887e-08
5.10584e-06
5.07573e-06
-5.08027e-06
4.53859e-09
-5.13512e-06
-5.11662e-06
-3.08226e-06
4.43032e-09
5.12103e-06
-5.42407e-09
-5.10297e-06
5.1084e-06
-5.08773e-06
5.07661e-06
1.11244e-08
-5.11947e-06
-8.90494e-09
-3.87517e-06
-3.74288e-06
1.3292e-08
5.11422e-06
8.63276e-09
-5.08311e-06
5.08097e-06
2.14874e-09
-5.0866e-06
1.91642e-08
5.06743e-06
5.11795e-06
1.23252e-08
-5.1021e-06
-1.77969e-08
-3.72204e-06
-1.76546e-08
5.11545e-06
-5.11858e-06
3.1377e-09
5.08526e-06
-5.09069e-06
-5.09557e-06
5.08853e-06
7.03451e-09
5.08286e-06
-5.07875e-06
-4.1168e-09
3.83266e-06
3.29941e-09
5.11712e-06
8.60472e-09
-5.10996e-06
-1.34898e-08
-5.1287e-06
3.85968e-06
-5.0856e-06
5.07544e-06
1.01572e-08
3.37564e-06
-3.5958e-06
-5.07125e-06
5.0903e-06
-1.90426e-08
5.087e-06
-5.0946e-06
7.60383e-09
-1.24725e-08
-5.11454e-06
-4.92387e-09
-1.32807e-08
-4.51547e-06
3.20327e-06
-8.73764e-09
5.08526e-06
-8.44951e-09
-5.46241e-09
-5.11885e-06
4.30581e-09
1.95842e-06
4.29975e-06
-6.25817e-06
-1.05935e-06
5.11545e-06
-7.41425e-12
-5.10584e-06
9.46018e-09
5.10082e-06
-5.10889e-06
-9.69694e-09
-3.84529e-06
-5.12394e-06
5.09205e-09
1.79607e-08
5.0993e-06
-7.84831e-10
2.42665e-08
-5.0373e-06
5.01303e-06
5.12253e-06
-5.11993e-06
-2.60226e-09
-3.91402e-06
7.01795e-07
5.11267e-06
-5.10372e-06
-8.94865e-09
-5.11602e-06
-3.7937e-06
-2.00049e-07
5.08179e-06
-5.07777e-06
-4.02034e-09
2.67393e-08
-5.04208e-06
5.01534e-06
-5.12124e-06
5.1117e-06
9.54213e-09
-3.87216e-06
3.84001e-06
3.21546e-08
4.47351e-09
-5.12118e-06
-2.75786e-09
-3.89472e-06
8.08136e-07
3.08659e-06
-5.11452e-06
-6.72762e-09
5.12083e-06
1.70187e-09
-5.11244e-06
-7.48645e-09
-2.0413e-08
-5.12153e-06
3.47673e-10
-3.68309e-06
-4.28024e-07
4.11112e-06
2.94393e-06
2.15213e-08
-5.10082e-06
3.84095e-06
-1.46152e-08
-5.08155e-06
5.08155e-06
-9.8287e-09
5.11838e-06
2.44643e-09
-4.06066e-09
7.98624e-09
8.2358e-09
5.12032e-06
-1.9329e-09
3.01053e-09
5.11898e-06
-5.11902e-06
4.80138e-11
3.69465e-06
-3.69465e-06
-5.10841e-06
5.09742e-06
1.09877e-08
5.09006e-06
-5.08484e-06
-5.21367e-09
-7.19385e-09
5.11712e-06
3.19793e-09
5.11736e-06
1.62e-09
-1.90632e-09
5.11781e-06
5.11287e-06
-5.11569e-06
2.81971e-09
-5.16222e-06
-5.09652e-06
-1.18919e-08
3.94024e-06
-4.82689e-08
5.1083e-06
4.56362e-09
4.27891e-08
5.11217e-06
-5.10657e-06
-5.60003e-09
-3.65142e-06
3.65142e-06
2.86974e-08
5.09008e-06
-5.08069e-06
5.08886e-06
-8.17372e-09
5.11109e-06
1.07905e-09
3.79946e-08
3.82183e-06
5.10504e-06
-5.1031e-06
-1.94387e-09
-5.06476e-06
-1.59257e-08
5.09069e-06
-5.09485e-06
4.16361e-09
5.10174e-06
3.30555e-09
5.11117e-06
6.18609e-09
-5.06464e-08
-5.05233e-06
-8.04403e-09
-4.5032e-07
-3.43217e-06
5.08264e-06
-5.08757e-06
4.92992e-09
1.51948e-07
3.54271e-06
5.1044e-06
-5.0996e-06
-4.79658e-09
-4.51687e-09
-8.7662e-08
-4.24428e-06
4.33194e-06
-3.69722e-06
3.73942e-06
-4.21979e-08
-5.05877e-06
5.0604e-06
-1.63284e-09
5.0985e-06
5.90034e-09
-5.0834e-06
-3.17702e-06
5.13543e-06
5.10052e-06
-5.09326e-06
-7.25252e-09
-5.10545e-06
5.10558e-06
-1.26148e-10
5.09084e-06
-5.08623e-06
-4.60771e-09
-4.95324e-07
-4.36653e-06
4.86186e-06
5.09526e-06
5.25367e-09
-5.06267e-06
3.90103e-09
5.10125e-06
-5.09472e-06
-6.52923e-09
3.83266e-06
-3.92516e-06
3.92516e-06
5.09935e-06
-5.08974e-06
-9.60995e-09
-9.87041e-09
5.10141e-06
-8.02827e-09
-3.83792e-06
5.09214e-06
7.2091e-09
-5.10498e-06
-9.54113e-09
-5.05487e-06
5.05758e-06
-2.70211e-09
5.10553e-06
2.77168e-09
8.63994e-08
5.0541e-06
-1.04236e-09
5.10078e-06
1.29492e-08
3.82066e-06
2.02923e-08
6.00638e-10
-5.05989e-06
5.01901e-09
3.89509e-07
1.41834e-08
1.64517e-07
5.08608e-06
-5.09084e-06
4.76612e-09
-5.04951e-06
5.0554e-06
-5.88809e-09
9.09238e-08
-3.82629e-06
3.73537e-06
6.83931e-07
-3.98538e-06
3.30145e-06
1.46002e-06
3.61391e-06
-3.61391e-06
5.08254e-06
-5.08254e-06
-4.18191e-06
2.33279e-09
-5.09214e-06
3.90032e-06
5.09961e-06
1.14804e-08
-9.61317e-07
-1.7887e-06
2.75002e-06
-5.05691e-06
7.39362e-09
-5.05969e-06
-1.64347e-07
2.16231e-06
-3.56753e-06
1.40522e-06
-3.48659e-09
3.46045e-08
5.05569e-06
1.25971e-08
3.8315e-06
-5.10689e-06
1.07536e-08
5.08627e-06
3.24461e-06
-3.95903e-06
7.1442e-07
3.30124e-06
-1.13893e-06
-6.36605e-09
-5.08137e-06
5.10766e-06
-5.07306e-06
-5.09299e-06
-5.04285e-06
5.03805e-06
4.7912e-09
1.1418e-09
5.09508e-06
5.07726e-06
5.28362e-09
4.6395e-06
-3.0796e-06
-1.5599e-06
-1.76234e-08
3.87598e-06
5.09367e-06
8.06503e-09
4.63784e-06
-5.13316e-06
3.45093e-08
5.05555e-06
-6.01253e-09
-5.07959e-06
-5.04877e-06
5.92358e-09
-3.70823e-06
1.1002e-08
3.89674e-06
-3.12455e-06
-7.72192e-07
5.06818e-06
-5.06861e-06
4.31277e-10
-5.92875e-09
1.46273e-06
-2.05569e-06
-1.92545e-06
3.98114e-06
5.07765e-06
-5.08546e-06
7.80586e-09
4.04322e-06
-3.99452e-06
-1.37352e-08
3.87517e-06
-3.32763e-06
2.36631e-06
5.07252e-06
-5.07761e-06
5.09141e-09
5.10171e-06
-5.0672e-06
-3.82181e-06
1.27153e-07
-3.83653e-06
3.83155e-06
4.98124e-09
3.72691e-06
-3.81457e-06
8.09988e-08
5.05242e-06
-3.87192e-06
3.75388e-06
-1.36792e-07
5.09377e-06
-5.0876e-06
-6.17414e-09
3.9658e-06
-3.78786e-06
-1.77946e-07
5.07726e-06
-3.06933e-09
-5.08005e-06
-3.75518e-06
1.23026e-08
4.70976e-07
2.88461e-06
-3.35559e-06
-5.03641e-06
5.03094e-06
5.46845e-09
5.06921e-06
1.77892e-08
-3.21015e-06
-6.72886e-07
3.69663e-08
5.05387e-06
5.08531e-06
-5.09721e-06
1.19e-08
5.0791e-06
-9.37464e-09
-5.06313e-06
-3.96952e-06
-6.69416e-07
5.08792e-06
1.05764e-08
5.41006e-06
-1.11031e-06
-3.08936e-08
5.08293e-06
-5.05203e-06
5.08061e-06
4.69917e-09
-5.0436e-06
7.19769e-09
-5.05813e-06
-3.6317e-08
-9.68617e-09
5.01497e-06
-5.00528e-06
6.60741e-09
5.0808e-06
5.10238e-06
-5.06542e-06
-5.08627e-06
-1.86053e-08
3.87828e-06
-5.33983e-09
3.84645e-06
-1.97844e-07
-3.64861e-06
5.18963e-08
3.79456e-06
-5.02214e-06
5.01245e-06
-5.0855e-06
-1.1018e-08
3.22828e-06
6.68462e-07
-1.92203e-08
3.93326e-06
-3.91404e-06
-3.25898e-06
-2.7256e-06
3.19657e-06
-4.25044e-06
5.26087e-07
3.72435e-06
5.07862e-06
3.88386e-09
-5.08447e-06
5.05607e-08
5.0571e-06
5.07102e-06
-5.07177e-06
7.53116e-10
5.0821e-06
-5.06697e-06
-1.51362e-08
-5.08896e-06
3.36343e-09
-7.319e-09
-3.8402e-06
3.84752e-06
7.50612e-10
5.08778e-06
-3.52967e-06
1.03346e-06
-5.08233e-06
5.07947e-06
2.86515e-09
-5.02932e-06
5.02332e-06
6.00213e-09
4.98352e-08
4.15512e-06
-4.03394e-06
3.04695e-06
-7.33604e-08
-2.64644e-08
5.08578e-06
-5.05931e-06
-4.53443e-06
2.47874e-06
5.07685e-06
4.49666e-09
-5.08324e-06
5.08213e-06
1.3133e-08
-4.74955e-06
4.74249e-08
4.70213e-06
7.97544e-09
-5.0373e-06
5.0721e-06
-5.06678e-06
-5.32884e-09
-1.61066e-07
5.1021e-06
-4.94103e-06
-7.61155e-09
-1.04352e-06
4.77483e-06
-3.73131e-06
-3.82181e-06
-4.23381e-06
5.0753e-06
-2.77944e-09
4.46342e-08
5.05707e-06
4.94872e-06
5.12335e-06
-5.1196e-06
-3.74839e-09
3.63431e-10
-3.84695e-06
3.84659e-06
-5.07823e-06
5.07478e-06
3.45106e-09
1.02649e-07
-3.82469e-06
3.72204e-06
5.08494e-06
-5.08284e-06
-2.10418e-09
-3.93715e-06
3.91793e-06
5.06999e-06
-5.06608e-06
-3.90798e-09
1.42347e-08
5.06787e-06
-5.63116e-08
5.09696e-06
-5.08146e-06
5.16539e-08
-3.74769e-06
5.08123e-06
-5.08035e-06
-8.83083e-10
5.07872e-06
2.9656e-09
-5.08074e-06
5.05271e-06
1.07144e-08
-5.06343e-06
1.21399e-09
5.08187e-06
-5.06764e-06
-1.213e-08
-3.84808e-06
3.86021e-06
2.72906e-06
-4.01519e-06
1.28613e-06
-8.53868e-07
-3.89569e-06
-3.73232e-06
-8.38473e-07
-3.2751e-06
-5.07564e-06
2.93108e-08
5.04633e-06
-3.87149e-06
3.84808e-06
2.34067e-08
-1.17821e-06
-3.11357e-06
-5.07298e-06
4.52871e-06
-5.06249e-06
5.07142e-06
-8.93214e-09
-4.23084e-06
4.20229e-07
3.81061e-06
4.04037e-06
-3.10458e-06
-9.35796e-07
-5.08026e-06
1.02042e-08
5.07005e-06
3.85451e-06
-3.8062e-06
1.06436e-08
5.06146e-06
-5.0808e-06
5.16781e-09
5.07638e-06
5.07561e-06
1.65261e-08
-8.46449e-10
-5.07942e-06
-1.64812e-08
-5.06585e-06
-5.06759e-06
3.85001e-06
-3.80258e-06
-2.15907e-08
1.08539e-06
3.35841e-06
-3.47513e-06
3.47513e-06
4.41322e-08
5.05825e-06
-5.75843e-06
-4.68469e-06
4.68506e-06
5.08252e-06
3.84719e-06
-3.81919e-06
-5.07474e-06
5.05825e-06
-4.28962e-06
4.39227e-06
5.07118e-06
-5.06675e-06
-4.43215e-09
6.15729e-09
5.07648e-06
-5.13582e-06
3.86426e-06
-3.87639e-06
-5.07328e-06
8.51455e-09
1.91105e-06
5.08571e-06
-5.07953e-06
-6.178e-09
-5.0824e-06
5.07142e-06
-5.06719e-06
-4.22979e-09
-5.07057e-06
-5.06199e-09
5.05979e-06
-5.04429e-06
-3.87925e-06
4.66302e-06
5.06704e-06
-5.06539e-06
-1.65433e-09
-8.9491e-09
5.06166e-06
-3.87149e-06
3.35563e-06
-3.63656e-06
2.80927e-07
-6.24347e-06
6.24347e-06
5.08012e-06
5.08111e-06
-1.28741e-08
8.52655e-09
-5.07961e-06
5.09731e-06
-1.76994e-08
5.06989e-06
-5.06564e-06
-4.24647e-09
-4.20698e-06
4.00693e-06
1.56872e-08
5.06724e-06
-5.08018e-06
1.37307e-08
5.06645e-06
-5.06529e-06
5.07624e-06
-5.06945e-06
-3.89048e-06
-5.07597e-06
1.69708e-08
5.059e-06
-3.89603e-06
-1.09755e-08
3.80209e-06
-3.83072e-06
2.86317e-08
5.06324e-06
-5.06751e-06
4.26777e-09
9.38665e-08
-5.0759e-06
5.06747e-06
8.42365e-09
5.0727e-06
-3.7196e-06
-3.69359e-06
-6.15918e-08
5.0792e-06
-5.0792e-06
-2.58761e-08
3.85854e-06
-5.07638e-06
5.06894e-06
-5.06471e-06
-4.23758e-09
5.07841e-06
-2.83187e-08
-5.07193e-06
-3.7761e-06
-4.68184e-07
-3.87261e-06
3.03385e-06
-3.3887e-06
3.54853e-07
-7.59487e-07
-3.27698e-06
4.03647e-06
5.05961e-06
-5.04621e-06
3.28089e-06
-3.82629e-06
-1.09503e-08
-5.06931e-06
5.07167e-06
-5.06747e-06
-4.20765e-09
3.89635e-06
-3.91584e-06
-1.07108e-06
-7.08052e-07
1.77914e-06
-4.04164e-06
4.07565e-06
3.91044e-06
-3.85854e-06
-1.52748e-08
-3.79219e-06
3.80746e-06
-1.84093e-08
-3.76302e-06
3.78143e-06
1.27117e-08
-3.9439e-06
3.93119e-06
3.60851e-08
-3.95974e-06
3.92365e-06
1.82742e-08
-3.87981e-06
3.86154e-06
-7.37954e-09
-3.79738e-06
3.80476e-06
-8.40106e-09
-3.79422e-06
3.80262e-06
2.28347e-06
-1.53871e-06
-7.44762e-07
3.36842e-06
2.47683e-08
5.06101e-06
3.71298e-06
-3.7348e-06
2.18159e-08
1.19252e-08
-5.06967e-06
5.05774e-06
5.08281e-06
-5.08281e-06
5.01549e-06
-1.14174e-09
-5.01435e-06
-1.69367e-08
-5.0578e-06
5.06857e-06
-5.06415e-06
-4.41522e-09
-3.15043e-06
-4.13636e-06
-9.44715e-08
3.32152e-06
6.44277e-07
5.07876e-06
-5.0719e-06
-6.86234e-09
-3.86593e-06
4.01756e-06
1.68406e-08
5.06503e-06
-2.78681e-06
-1.74763e-06
3.79591e-08
3.63865e-06
-3.67661e-06
-2.59823e-06
-4.4e-07
-8.71794e-07
-5.39595e-07
1.41139e-06
3.81363e-06
3.81422e-06
3.98074e-06
3.98098e-06
3.95327e-06
3.90214e-06
-1.78083e-08
-3.82353e-06
3.84134e-06
3.82592e-06
-5.26295e-09
-1.50668e-06
5.07021e-06
-5.05828e-06
-1.25361e-07
4.07826e-06
-5.0855e-06
-3.47162e-06
4.29261e-06
5.00889e-06
4.23226e-09
-5.01312e-06
5.08949e-06
-1.02965e-08
-5.07854e-06
1.82395e-08
5.0603e-06
-3.83021e-06
-3.8402e-06
3.83945e-06
-3.85726e-06
-3.49448e-06
4.22068e-06
-7.26198e-07
-9.07759e-09
-5.0669e-06
2.64812e-06
-3.30266e-06
8.3709e-09
-5.07515e-06
-5.06916e-06
-1.34836e-06
-1.97927e-06
-5.06008e-06
-9.58632e-09
3.88505e-06
1.21238e-06
2.95486e-06
5.06365e-06
-5.05975e-06
-3.90399e-09
3.85975e-06
-2.55606e-06
-1.30369e-06
-1.83801e-06
9.66219e-07
-2.13048e-06
4.60922e-06
-1.84709e-06
3.83965e-06
-1.99256e-06
1.61046e-09
5.07604e-06
-5.04132e-06
5.06718e-06
-5.07014e-06
2.95738e-09
-2.86989e-06
1.22384e-06
1.64605e-06
-1.69328e-08
-3.82244e-06
3.83937e-06
5.30749e-06
-2.34952e-06
-2.95797e-06
3.74952e-09
5.01174e-06
-1.1032e-06
-1.76669e-06
-3.70315e-06
3.74111e-06
3.15932e-06
2.09102e-07
-3.68539e-06
-7.79738e-09
-3.82766e-06
3.83546e-06
3.95379e-06
-3.83154e-06
-2.35406e-06
-8.92593e-07
3.24665e-06
-5.05946e-06
5.06092e-06
-1.46388e-09
-3.74101e-06
3.79266e-06
5.06504e-06
-5.06833e-06
-3.3864e-06
-8.87362e-08
-5.10273e-06
5.08344e-06
-2.64191e-06
3.82343e-09
5.0676e-06
4.41989e-06
-2.44273e-06
-1.97716e-06
3.74126e-06
-7.07412e-07
4.17979e-06
-5.41138e-07
3.83342e-06
-3.85035e-06
5.05816e-06
-5.05838e-06
2.18183e-10
3.83748e-06
-3.84528e-06
4.65114e-09
-5.05555e-06
5.0509e-06
-2.13251e-06
-5.09393e-07
9.86278e-09
-3.88911e-06
-5.06984e-06
7.16678e-09
3.3864e-06
-3.58344e-06
1.97045e-07
-5.50284e-07
4.14174e-06
-1.9545e-08
-3.75655e-06
3.81094e-06
3.90723e-08
5.06376e-06
-5.06047e-06
-3.28966e-09
6.13212e-09
5.07113e-06
2.5728e-06
-3.82854e-06
3.83841e-06
2.49129e-06
-1.45194e-08
-5.06402e-06
-1.9343e-06
-1.47996e-06
3.41426e-06
-3.66008e-06
-3.35021e-08
3.44863e-06
-3.1091e-06
-3.39534e-07
-6.89436e-07
4.01097e-06
-3.32153e-06
5.06703e-06
-5.06312e-06
-3.91343e-09
6.77727e-09
5.0644e-06
3.37489e-08
3.86101e-06
-3.89476e-06
3.31439e-09
-5.07006e-06
-3.79126e-06
3.80356e-06
5.06519e-06
-5.07083e-06
5.63864e-09
5.08949e-06
-2.14058e-08
-3.54158e-06
-1.55386e-07
3.69697e-06
-5.09939e-06
-1.93958e-09
4.99562e-08
-3.88649e-06
-5.19744e-06
5.06312e-06
-5.05847e-06
-3.2507e-06
6.96076e-09
-1.2262e-08
-5.06146e-06
5.064e-06
5.8894e-09
-5.28066e-06
8.17075e-10
-5.06646e-06
-2.29389e-07
-2.84859e-06
1.05989e-06
-5.07734e-06
5.07734e-06
-3.20005e-06
3.90602e-06
-7.05965e-07
5.08707e-06
-3.03438e-06
3.78263e-06
-7.48253e-07
-3.27137e-06
3.95969e-06
-6.88318e-07
-3.80011e-06
-5.5919e-08
3.91555e-06
-3.85964e-06
-3.30331e-06
3.20596e-06
-8.39655e-07
5.07071e-06
-5.07738e-06
6.67413e-09
5.06987e-06
-5.07654e-06
6.67324e-09
5.06639e-06
-5.07356e-06
7.17369e-09
-5.53714e-09
-5.07036e-06
-3.04551e-06
3.84454e-06
-7.99027e-07
5.06797e-06
-5.06407e-06
-3.89743e-09
5.06653e-06
7.16111e-07
-4.05974e-06
5.06356e-06
5.38317e-09
-5.06589e-06
1.18319e-09
1.18943e-06
5.06567e-06
-5.0699e-06
4.2328e-09
1.04637e-07
3.8058e-06
-3.91044e-06
-3.72269e-06
-1.83135e-08
3.74101e-06
-5.07659e-06
-5.06554e-06
5.059e-06
6.53888e-09
3.86035e-06
-3.81039e-06
-5.06932e-06
5.06301e-06
6.31227e-09
-3.75145e-06
3.59716e-06
1.54285e-07
-5.06991e-06
5.06377e-06
6.14141e-09
5.07789e-06
-5.07172e-06
-6.17644e-09
-3.79851e-06
3.83226e-06
-4.09698e-06
-2.20891e-06
-4.16106e-06
-8.63515e-07
4.18195e-06
-3.31844e-06
5.05904e-06
-1.41222e-08
-5.05196e-06
-3.82469e-06
4.08455e-09
-5.07169e-06
5.06761e-06
-4.0512e-06
3.85336e-06
8.07084e-09
5.07316e-06
5.06234e-06
6.22827e-09
-5.06546e-06
1.30506e-09
-4.00094e-07
-1.43792e-06
-3.87281e-06
3.8169e-06
-4.03117e-06
6.99848e-07
3.33132e-06
-1.35492e-06
-1.49367e-06
-3.84695e-06
4.01784e-06
6.21657e-07
1.25814e-09
5.06069e-06
-5.06195e-06
3.81457e-06
-3.83412e-06
-5.07422e-06
5.0984e-06
-5.08408e-06
-1.26956e-06
-1.06932e-06
2.33887e-06
-3.61147e-06
-1.36221e-07
-5.10134e-06
8.15415e-09
-1.33199e-07
-3.82908e-06
3.82244e-06
6.64277e-09
4.19508e-06
-4.00519e-07
5.06848e-06
-5.06385e-06
-4.62708e-09
5.06177e-06
1.88146e-09
-5.06477e-06
5.02352e-09
5.0656e-06
-5.06728e-06
1.67435e-09
-4.32939e-09
2.50072e-09
-5.08658e-06
-3.74111e-06
-8.06999e-08
1.45078e-07
-4.19171e-06
-2.65694e-08
5.08473e-06
-5.13633e-06
-1.50791e-09
-5.05404e-06
-4.14494e-06
4.01958e-06
4.78582e-10
3.71251e-06
-3.83083e-06
3.82766e-06
3.17437e-09
-3.30087e-06
-6.84502e-07
3.87426e-06
3.63804e-06
-3.79342e-06
5.06399e-06
-5.06305e-06
-3.9207e-06
3.83397e-06
-3.40426e-06
-1.79318e-06
5.06235e-06
-3.2735e-09
-5.06392e-06
4.63784e-06
-3.86258e-06
5.12343e-07
3.35023e-06
7.96514e-07
-3.87611e-06
6.07731e-07
4.97728e-08
6.59186e-07
-4.02171e-06
3.36253e-06
7.68094e-07
-4.7288e-06
3.96071e-06
5.06264e-06
4.38735e-09
-4.87867e-09
-5.06373e-06
6.29346e-07
-3.97083e-06
3.34148e-06
-5.06458e-06
1.45844e-09
5.34605e-08
3.77809e-06
-4.30369e-06
-4.25323e-06
5.93151e-07
-3.5023e-06
3.82353e-06
-3.83618e-06
1.26465e-08
-1.628e-08
-5.06133e-06
1.77331e-08
5.05247e-06
-2.95592e-06
-2.8241e-06
3.84651e-06
-3.84651e-06
-3.72269e-06
-3.62979e-06
-3.86593e-06
-5.03756e-06
-1.15396e-08
5.0491e-06
-3.52342e-06
-3.48497e-07
7.1584e-07
3.33394e-06
-4.04978e-06
7.57287e-07
3.17e-06
-3.92728e-06
6.94475e-07
-4.12412e-06
3.42965e-06
3.70711e-06
4.02029e-06
-3.30418e-06
4.00693e-06
4.2076e-06
-3.705e-06
3.72774e-06
-3.86094e-06
5.06775e-06
-5.06379e-06
-3.96084e-09
-4.90516e-06
-3.83361e-06
5.06189e-06
6.07788e-09
-5.06467e-06
5.97574e-10
5.06182e-06
-2.24139e-07
5.06296e-06
-5.06814e-06
5.18442e-09
5.07161e-06
-5.05066e-06
8.34426e-08
-3.14182e-06
3.05838e-06
3.68856e-09
3.89266e-06
3.66698e-08
4.17093e-06
4.29971e-06
-3.65774e-06
-3.06809e-06
-7.94488e-07
2.56988e-07
3.48428e-06
-3.92223e-06
-5.06649e-06
5.06703e-06
-5.46138e-10
3.93715e-06
-4.01958e-06
8.24331e-08
-4.01266e-06
7.11787e-07
-5.48804e-06
7.63923e-07
4.72412e-06
5.06896e-06
2.42028e-06
3.37366e-06
5.07246e-06
-5.07246e-06
-1.76741e-06
6.30533e-09
3.8058e-06
-3.87873e-06
1.70805e-08
3.86165e-06
-5.06413e-06
-5.07113e-06
5.06187e-06
6.609e-09
-5.06397e-06
1.21236e-10
5.05715e-06
-1.25192e-10
-5.06734e-06
-3.95655e-06
3.58451e-08
3.94515e-06
-3.31581e-06
-3.02511e-06
3.71294e-06
-5.07782e-06
4.11128e-06
-3.31476e-06
3.96184e-06
-3.30265e-06
4.07295e-06
-3.30485e-06
-5.41945e-09
5.06501e-06
-5.08527e-06
3.86904e-06
-3.81558e-06
-3.72426e-06
3.72474e-06
-5.05348e-06
-2.35198e-09
5.05583e-06
8.34666e-07
3.85039e-06
-1.03479e-08
-5.06142e-06
6.72977e-08
3.77989e-06
-2.43622e-06
1.86624e-06
5.69987e-07
-3.82908e-06
3.98249e-06
-3.26665e-06
4.011e-06
-3.25372e-06
4.01496e-06
-3.32048e-06
3.84123e-06
4.61799e-08
-4.29941e-06
5.13316e-06
-4.92072e-06
-5.67318e-07
3.85018e-06
-3.85018e-06
3.40039e-06
-5.15782e-07
-2.35863e-06
1.84923e-06
3.34077e-06
6.70194e-07
5.0628e-06
4.95334e-09
5.11237e-06
-5.07759e-06
-3.47809e-08
-5.06432e-06
5.28551e-10
-5.06781e-06
5.06123e-06
-5.06536e-06
4.12902e-09
-3.8398e-06
4.76119e-08
-3.83355e-06
7.05281e-08
-3.84062e-06
-1.03283e-07
-3.80895e-06
-1.50789e-07
-3.95516e-06
7.53462e-08
-3.898e-06
1.00617e-07
-3.88938e-06
9.51684e-08
-6.9713e-09
5.05957e-06
-5.0526e-06
-5.06797e-06
8.07629e-09
-1.09809e-08
5.10047e-06
5.06167e-06
-5.06778e-06
6.10621e-09
-4.61209e-06
8.79771e-07
-3.80086e-09
3.23987e-06
1.31807e-07
-4.07703e-06
3.94522e-06
-4.41734e-06
2.8098e-07
5.07049e-06
-5.06631e-06
-3.424e-06
3.6331e-06
3.52575e-09
-5.07001e-06
5.05578e-06
7.33978e-09
3.83854e-06
-3.83854e-06
-3.70315e-06
2.3739e-06
3.42722e-06
9.43128e-10
-5.05932e-06
-3.83083e-06
-2.254e-08
-2.46575e-06
9.15471e-06
-6.68896e-06
-2.99645e-06
-3.71915e-06
6.7156e-06
-5.05879e-06
5.05877e-06
1.84135e-11
3.8513e-06
-3.84761e-06
3.73417e-06
-3.6975e-06
-3.83546e-06
3.836e-06
-5.36649e-10
3.52807e-06
-3.44462e-06
1.30461e-06
-1.24873e-06
-5.58766e-08
-4.14594e-06
3.26747e-07
-7.09643e-07
3.78338e-06
-3.34747e-07
8.1663e-10
-4.41816e-06
5.05822e-06
1.42258e-09
-5.06189e-06
3.91774e-06
3.95652e-06
3.83486e-06
-2.72679e-06
2.38808e-06
-3.4891e-06
5.06601e-06
-5.06405e-06
-7.0914e-07
-3.30352e-06
-1.25673e-08
-5.20736e-06
5.97129e-06
3.21939e-06
7.02844e-07
-3.92224e-06
-6.56273e-06
5.07042e-06
3.83278e-06
-3.73112e-06
-5.05558e-06
-5.05967e-06
5.06629e-06
-6.62068e-09
4.01756e-06
3.57184e-06
-3.6452e-06
-3.28959e-06
3.86372e-06
-5.7413e-07
-2.30236e-08
5.03191e-06
5.06095e-06
-5.06499e-06
4.04214e-09
-1.01165e-08
-4.13834e-06
4.18742e-07
-3.8073e-06
-2.34206e-08
-2.4598e-09
-2.0593e-09
-1.88891e-09
-1.89866e-09
-2.43187e-09
-2.80365e-09
-2.02249e-09
-2.08276e-09
-2.45183e-09
4.01308e-09
5.08309e-06
2.92833e-08
-3.9215e-06
4.8896e-08
-3.83618e-06
3.79342e-06
-3.89401e-06
-5.06501e-06
5.06385e-06
-1.22335e-08
5.06319e-06
3.51656e-06
6.65391e-07
-9.02241e-08
3.97002e-06
-2.98646e-06
-3.91793e-06
4.64439e-08
7.98247e-07
-4.79141e-06
5.59441e-07
-3.33853e-06
2.77909e-06
5.88342e-07
-3.91475e-06
3.32641e-06
5.62224e-07
-3.78912e-06
3.22689e-06
9.54015e-07
-4.56173e-06
4.699e-07
-3.58447e-06
3.11457e-06
1.45217e-06
-4.07273e-06
2.54892e-08
-3.89868e-06
6.98625e-07
-1.14978e-09
5.07186e-06
-3.75308e-06
7.18704e-07
-1.51706e-09
5.07138e-06
-5.06541e-06
-3.95819e-06
6.8682e-07
-5.06621e-06
1.636e-09
5.06475e-06
-5.06341e-06
6.96686e-07
-3.97367e-06
-3.80764e-06
-3.80419e-06
-3.80537e-06
-3.79266e-06
-3.88069e-06
-3.87795e-06
-3.84349e-06
4.37153e-06
-3.08539e-06
5.06685e-06
-5.06401e-06
3.83224e-06
9.93127e-07
-4.13637e-06
3.73652e-06
-3.74032e-06
-5.05534e-06
-8.15115e-07
3.8078e-06
-8.05016e-07
4.22468e-06
-4.34933e-08
-4.98421e-08
-6.02456e-08
-6.59295e-08
1.23677e-07
-4.08195e-06
1.10607e-07
-4.08353e-06
1.58327e-07
-4.15102e-06
-5.05235e-06
-5.05167e-06
1.15087e-10
5.05889e-06
5.13963e-09
5.05787e-06
-3.33419e-06
-3.85865e-06
2.07261e-08
-3.90343e-06
6.21494e-08
-3.92073e-06
6.16038e-08
-3.91481e-06
6.76065e-08
-3.9379e-06
5.0301e-08
-3.92424e-06
6.1049e-08
-3.93642e-06
4.04221e-08
3.86976e-06
1.02517e-07
-3.97228e-06
5.05898e-06
-5.06308e-06
8.63826e-09
5.05513e-06
-1.38844e-07
3.81326e-10
-3.91622e-06
-3.76813e-06
-5.06348e-06
3.80505e-09
5.06012e-06
6.16886e-09
1.12313e-08
3.84284e-06
-3.85407e-06
1.33991e-07
-1.33654e-07
3.73082e-06
4.66327e-06
-2.52881e-10
-3.72369e-06
-1.11097e-08
-3.78673e-06
-5.46297e-08
3.84136e-06
4.29915e-06
-7.84734e-08
5.05594e-06
-5.07185e-06
1.59119e-08
7.65015e-07
-2.90995e-06
-7.78616e-07
-3.99873e-06
-4.02639e-06
7.08778e-07
-3.7428e-06
6.97289e-07
2.39437e-06
5.37917e-07
-4.33077e-06
-8.41279e-09
3.2615e-06
7.26527e-07
-3.98802e-06
-4.00553e-06
5.45479e-07
3.46005e-06
3.20877e-06
6.97248e-07
3.31033e-06
7.04623e-07
3.31388e-06
6.97119e-07
3.0677e-06
7.14931e-07
3.28318e-06
6.99312e-07
3.27664e-06
6.83055e-07
3.25328e-06
6.91868e-07
6.9955e-07
-4.01536e-06
-5.06852e-06
-3.17375e-09
-5.07188e-06
-7.73773e-09
-3.83313e-06
5.97323e-07
3.23581e-06
-3.25132e-06
-3.11384e-06
6.36516e-06
5.06467e-06
-4.54198e-09
-5.11223e-09
-5.06028e-06
5.06443e-06
-5.0963e-06
6.53023e-08
5.031e-06
-3.17921e-06
-4.62543e-07
5.06691e-06
-5.06189e-06
3.67119e-07
-5.57448e-06
3.16793e-06
6.76612e-07
3.80244e-06
3.59782e-06
5.73109e-07
3.96033e-06
-6.19558e-07
1.16206e-07
-3.62632e-06
3.51012e-06
-3.87686e-06
6.03987e-07
-3.95748e-06
3.3535e-06
-5.21745e-08
3.85251e-06
-7.10773e-08
3.82648e-06
1.04704e-07
3.82893e-06
9.47249e-08
3.7778e-06
8.3743e-08
3.89271e-06
-8.79528e-08
3.88657e-06
-8.39515e-08
3.85666e-06
1.23796e-08
3.74452e-06
-5.09928e-09
-3.83579e-06
2.84835e-08
4.47633e-08
5.07368e-06
-5.07117e-06
-3.83193e-06
3.34233e-08
2.33371e-08
3.2475e-06
-3.91499e-06
6.67492e-07
-3.35801e-06
3.71286e-06
-7.69835e-09
-4.48439e-06
6.05658e-07
3.58259e-06
5.2225e-07
5.05968e-06
-5.06385e-06
4.16288e-09
-5.06275e-06
5.06275e-06
3.97439e-06
-7.54994e-07
-3.87323e-06
6.55899e-08
-3.88863e-06
8.44448e-08
-3.89053e-06
8.51653e-08
-3.8454e-06
5.27411e-08
-3.94302e-06
6.23274e-08
-3.94762e-06
6.96713e-08
-3.89709e-06
5.35914e-08
-3.84704e-06
3.66479e-08
-9.00542e-09
-5.07758e-06
1.9178e-08
5.05868e-06
5.98255e-09
-5.08857e-06
3.76821e-06
-3.69312e-06
2.85346e-06
-7.0491e-07
3.79994e-06
3.23169e-08
-3.47091e-06
3.32554e-06
-3.76554e-06
5.06678e-06
3.52703e-06
-2.87155e-07
2.55429e-06
-3.43426e-06
-3.67449e-06
5.83488e-06
-5.46776e-06
3.31101e-06
-3.98687e-06
6.75865e-07
-3.96483e-06
6.98174e-07
5.04436e-06
-5.06738e-06
-3.95181e-06
6.98097e-07
-4.02881e-06
7.08325e-07
3.29522e-06
6.65114e-07
3.38154e-06
6.91404e-07
3.27014e-06
6.91696e-07
3.40715e-06
7.04126e-07
3.29675e-06
7.39721e-07
-5.61317e-06
5.06798e-06
-5.06191e-06
-4.95303e-07
3.84816e-06
5.06276e-06
-5.06385e-06
-1.64883e-06
4.54615e-09
-9.35115e-07
5.65923e-06
5.05626e-06
-5.06212e-06
5.86286e-09
-2.76323e-06
1.59574e-06
-3.59059e-06
-2.50723e-06
-8.9724e-08
5.1351e-06
7.1422e-07
-4.01774e-06
1.37962e-06
2.03464e-06
3.95983e-06
-3.76404e-06
-5.05678e-06
5.04981e-06
5.06269e-06
-5.06348e-06
-2.09973e-08
-5.07294e-06
5.06861e-06
-3.90095e-06
5.05936e-06
-3.10128e-09
-6.19121e-07
-1.98676e-06
-2.80465e-06
3.7003e-06
-3.8861e-06
-3.43692e-09
-3.60534e-06
5.06293e-06
-5.05004e-06
-3.82854e-06
3.00928e-06
2.74142e-06
-3.72774e-06
3.59409e-06
3.83815e-06
-3.83841e-06
3.60011e-06
-3.59409e-06
-6.02167e-09
-3.73537e-06
3.72426e-06
3.67011e-06
-3.72474e-06
3.84723e-06
-3.836e-06
-3.56351e-06
3.6975e-06
-3.84723e-06
3.84761e-06
-3.71806e-06
3.44462e-06
2.73435e-07
-3.78978e-06
-5.09634e-07
5.05841e-06
-5.06241e-06
4.00023e-09
3.30812e-06
7.12172e-07
9.80723e-09
-4.70307e-07
2.10489e-06
5.06764e-06
-5.06177e-06
-5.87695e-09
7.04965e-09
-5.07893e-06
-7.32444e-10
5.07064e-06
-5.06991e-06
5.05888e-06
-3.74897e-06
-4.39514e-06
4.39596e-06
-5.06955e-06
1.14197e-08
-4.03638e-06
9.11826e-07
3.9089e-06
-3.97049e-06
5.06236e-06
5.14738e-06
-5.0365e-06
-1.10879e-07
5.06155e-06
-5.06061e-06
-4.17301e-06
-3.11374e-07
-5.07728e-06
-3.67305e-06
-3.69743e-06
2.29481e-08
-5.83287e-07
3.75635e-06
5.42801e-07
5.05141e-06
-6.81674e-07
5.06196e-06
-1.27325e-09
-4.87857e-06
-6.44663e-09
5.08988e-06
3.73652e-06
3.84134e-06
3.7003e-06
3.84659e-06
3.73417e-06
3.79266e-06
-3.74032e-06
-3.56351e-06
3.86021e-06
3.8513e-06
3.95983e-06
-3.71806e-06
3.83937e-06
3.63804e-06
-3.86094e-06
3.52807e-06
3.54271e-06
3.60011e-06
-3.83412e-06
3.67011e-06
3.83815e-06
3.14385e-06
-3.14385e-06
3.84752e-06
-5.07426e-06
-3.99011e-06
4.00719e-06
-3.30512e-06
4.01934e-06
5.05634e-06
-5.06233e-06
5.99145e-09
-1.59549e-07
-4.87754e-09
-3.91118e-06
1.02347e-08
-3.92358e-07
3.82962e-06
4.66941e-09
-5.02513e-06
5.02046e-06
4.78871e-09
1.14807e-08
-5.00705e-06
2.17508e-09
5.00488e-06
2.2643e-07
-5.21895e-06
4.99252e-06
5.05282e-06
6.74363e-09
-5.05957e-06
5.05238e-06
6.98161e-09
-3.62475e-06
3.30941e-06
6.64973e-07
-5.03225e-06
-2.90111e-08
5.06126e-06
5.09157e-06
1.06801e-08
5.02308e-06
1.24299e-07
5.05981e-06
-5.05777e-06
-5.06276e-06
5.05526e-06
5.06853e-09
2.40989e-07
-4.63613e-06
-5.6475e-09
3.99824e-06
-3.27171e-06
3.88698e-06
-3.83108e-06
-5.59005e-08
4.60544e-06
-3.09993e-06
-1.5055e-06
4.36578e-06
-3.82031e-06
4.01005e-06
-3.3128e-06
4.00934e-06
-3.31071e-06
4.01349e-06
-3.30887e-06
4.01265e-06
-3.31553e-06
3.93916e-06
-3.22422e-06
3.94338e-06
-3.22468e-06
-4.09223e-07
-5.16526e-06
3.99489e-06
-3.29558e-06
3.99243e-06
-3.30937e-06
3.9989e-06
-3.31208e-06
4.003e-06
-3.31113e-06
4.00695e-06
-3.3074e-06
-2.23614e-09
3.20621e-09
-5.02783e-06
5.02462e-06
-1.14366e-08
5.28255e-06
-9.91353e-08
-5.18341e-06
3.961e-06
-3.22128e-06
4.01515e-06
-3.30683e-06
5.07416e-06
4.60599e-06
-3.22329e-06
-1.3827e-06
4.01395e-06
-3.31585e-06
3.99434e-06
-3.29616e-06
3.89942e-06
-3.30209e-06
4.0133e-06
-3.31345e-06
3.91902e-06
3.98318e-06
-3.31806e-06
5.05973e-06
-6.9047e-09
-4.09909e-06
3.50281e-06
5.96272e-07
-4.61693e-06
3.31646e-06
5.00425e-09
5.05607e-06
-5.06012e-06
4.05701e-09
5.83488e-06
-6.94445e-08
5.15253e-06
3.99464e-06
-3.31803e-06
-5.00185e-06
5.02859e-06
-9.47603e-09
-2.62649e-08
-5.07182e-06
6.50602e-10
-3.58837e-09
-5.12404e-06
5.35047e-06
-3.64936e-06
-3.76404e-06
-3.81055e-06
3.76223e-06
3.81557e-06
-4.7099e-06
5.3689e-07
4.01145e-06
-3.31416e-06
1.22603e-08
-6.84037e-07
-5.04758e-06
-3.2296e-09
5.05081e-06
2.91293e-07
-3.8861e-06
-3.8468e-06
3.86499e-06
-1.81853e-08
4.47375e-06
-3.79887e-06
-9.02414e-08
-5.32995e-06
4.06448e-06
-4.57804e-07
3.91501e-06
5.05894e-06
-5.05581e-06
5.06172e-06
5.05874e-06
-5.05746e-06
-3.80723e-06
3.7999e-06
7.32884e-09
-3.6093e-06
-2.04869e-08
4.10401e-06
-3.43651e-06
3.9258e-06
8.53713e-09
-3.30557e-06
4.11176e-06
-3.41508e-06
-3.5604e-06
4.02184e-06
-3.31771e-06
4.01637e-06
-3.32468e-06
3.99324e-06
-3.30183e-06
4.02011e-06
-3.37584e-06
-3.84777e-06
3.90444e-06
-5.6668e-08
3.33744e-08
-3.8514e-10
3.69414e-06
-7.02382e-08
4.05518e-06
-3.37932e-06
3.99233e-06
-3.32213e-06
-5.05426e-06
5.06101e-06
-5.0847e-06
5.09071e-06
8.42506e-09
6.757e-06
-5.97763e-06
3.74578e-06
-3.6007e-06
4.17138e-06
-4.22356e-06
3.76289e-06
-3.71528e-06
3.82437e-06
-3.75878e-06
4.13185e-06
-4.20293e-06
3.62163e-06
-3.5511e-06
3.80031e-06
-3.71587e-06
4.00796e-06
-3.90326e-06
4.57841e-06
-4.68169e-06
3.81531e-06
-3.73015e-06
4.0149e-06
-3.92018e-06
4.54713e-06
-4.69792e-06
3.62442e-06
-3.57168e-06
3.68872e-06
-3.60498e-06
3.90377e-06
-3.82842e-06
4.10035e-06
-4.03802e-06
4.40975e-06
-4.4977e-06
3.77152e-06
-3.6709e-06
4.08747e-06
-4.0178e-06
4.38896e-06
-4.47291e-06
3.75939e-06
-3.66423e-06
4.03044e-06
-3.97685e-06
4.08856e-06
-4.07618e-06
3.95715e-06
-3.91239e-06
4.00067e-06
-3.96402e-06
4.04453e-06
-4.04963e-06
3.91013e-06
-3.89913e-06
3.83742e-06
-3.80878e-06
3.83181e-06
-3.80332e-06
-7.1892e-09
3.82954e-06
-3.79723e-06
-5.05648e-06
-4.26626e-10
3.82835e-06
-3.79492e-06
5.06015e-06
-5.05499e-06
3.8275e-06
-3.78843e-06
3.8197e-06
-3.79637e-06
5.28255e-06
6.12032e-09
3.82076e-06
-3.80046e-06
-5.05277e-06
-1.9088e-08
-5.05697e-06
5.05697e-06
-5.08216e-06
2.93962e-08
-3.83965e-06
3.82787e-06
-3.79369e-06
5.05971e-06
-4.46892e-06
-1.95866e-07
5.38189e-09
5.05609e-06
-5.05517e-06
-5.22318e-06
5.12976e-06
-5.10047e-06
-5.01304e-06
-6.91212e-08
4.08458e-06
3.82339e-06
-3.80421e-06
1.41167e-08
-2.83187e-08
-2.42554e-08
4.03598e-06
-3.37059e-06
2.40312e-08
-5.05414e-06
5.06e-06
4.11829e-06
-3.4248e-06
3.80798e-06
-3.81545e-06
5.07076e-06
-5.07286e-06
-5.11721e-06
-1.44552e-06
-5.05526e-06
5.05503e-06
-5.46776e-06
5.07585e-06
3.65306e-06
6.46649e-07
-5.16262e-06
5.20541e-06
1.5045e-06
2.47664e-06
5.97763e-06
-5.50496e-06
5.12976e-06
4.4423e-09
3.07856e-09
-5.07594e-06
1.21148e-08
5.06386e-06
5.05185e-06
7.71761e-09
-5.20541e-06
5.34044e-06
-3.19317e-09
5.05288e-06
6.84287e-09
3.83014e-06
-3.8074e-06
-3.3743e-07
-5.16262e-06
2.37518e-09
-5.01774e-06
5.01536e-06
5.14384e-06
-5.08913e-06
-5.10595e-06
-5.14384e-06
4.027e-06
-3.31258e-06
5.07865e-06
-1.89785e-08
-8.44714e-09
5.08709e-06
-5.08235e-06
6.63631e-07
-5.06938e-06
5.0686e-06
5.34044e-06
5.50496e-06
5.06938e-06
-5.07686e-06
-5.09888e-06
-1.65007e-08
2.85557e-08
-5.0608e-06
-5.08753e-06
5.06972e-06
5.0686e-06
-5.0697e-06
-5.09455e-06
5.08913e-06
-5.05437e-06
5.06054e-06
5.05458e-06
5.09455e-06
5.07719e-06
-5.07686e-06
-5.09336e-06
-2.96895e-08
5.11083e-06
-5.05776e-06
5.06054e-06
4.55223e-09
-5.06509e-06
6.28809e-09
5.07091e-06
5.08363e-06
-1.04711e-08
-5.11083e-06
5.09336e-06
5.05935e-06
1.18918e-09
5.07416e-06
5.06404e-06
-5.05776e-06
-5.08745e-06
8.25896e-09
-5.06086e-06
6.29972e-09
-5.06056e-06
-5.10689e-06
5.06685e-06
-6.49751e-09
5.02926e-06
-5.02276e-06
5.06306e-06
9.84581e-10
5.05773e-06
6.18894e-09
-5.06033e-06
5.06044e-06
-2.71353e-09
5.77207e-09
-3.4967e-09
5.06202e-06
-5.05852e-06
5.06048e-06
-3.744e-11
-5.0594e-06
5.05278e-06
5.05474e-06
-5.05745e-06
7.02318e-09
-4.54153e-10
5.02179e-06
-5.02133e-06
5.06272e-06
-5.06783e-06
-2.15205e-09
5.06263e-06
-5.06057e-06
5.0583e-06
-7.40632e-09
5.05802e-06
-5.05061e-06
-5.06569e-06
-5.05368e-06
5.05731e-06
-3.63331e-09
5.06338e-06
7.97617e-09
4.41006e-09
5.06584e-06
-2.4521e-09
5.0569e-06
-5.07144e-06
5.07166e-06
-5.05328e-06
5.05729e-06
5.05585e-06
-5.06034e-06
6.65799e-09
5.05506e-06
-5.05471e-06
5.05506e-06
-5.05191e-06
5.06408e-06
6.6998e-09
5.05052e-06
-5.05448e-06
-3.7994e-09
5.0607e-06
-5.06028e-06
5.06342e-06
-2.75793e-09
5.05178e-06
-5.05424e-06
5.05824e-06
-5.05471e-06
5.05471e-06
-5.05484e-06
3.21662e-09
5.05136e-06
-5.05599e-06
6.19904e-09
-2.02862e-09
5.06126e-06
-3.01319e-09
5.05328e-06
-5.05537e-06
6.5377e-09
5.05271e-06
-5.05661e-06
5.05682e-06
-2.69706e-09
5.05394e-06
-5.05597e-06
5.06041e-06
-2.8764e-09
1.1115e-08
5.0531e-06
-5.05702e-06
5.05993e-06
-3.10222e-09
5.05445e-06
-5.05725e-06
5.06342e-06
-2.70423e-09
-2.65304e-09
5.05787e-06
5.05434e-06
-5.05824e-06
-5.06032e-06
5.05771e-06
5.05592e-06
-5.05836e-06
-2.66698e-09
-2.86225e-09
4.40815e-09
5.05523e-06
-5.05963e-06
1.39016e-08
5.05719e-06
-5.0616e-06
5.0608e-06
-2.92932e-09
5.05655e-06
-5.0591e-06
5.0572e-06
1.07498e-08
-5.0602e-06
5.05596e-06
-2.56745e-09
-2.91252e-09
-5.05964e-06
5.05775e-06
-5.04993e-06
5.04993e-06
-5.0514e-06
-3.98417e-11
5.06052e-06
-5.06048e-06
-3.08716e-09
1.43129e-08
-2.32136e-09
-1.16685e-09
5.05479e-06
-2.11642e-11
-2.45172e-09
-3.13284e-09
-4.40615e-09
-1.28309e-08
5.05985e-06
-5.04701e-06
-5.08589e-06
-5.04412e-06
5.04412e-06
-5.04647e-06
-5.05792e-06
5.05662e-06
1.29566e-09
1.55559e-08
-6.89535e-10
-5.06405e-06
6.13031e-09
5.03829e-06
-5.04152e-06
5.03829e-06
9.60477e-09
-5.0619e-06
2.85793e-09
7.97631e-09
5.04944e-06
-5.04612e-06
-3.31386e-09
5.04944e-06
-5.04878e-06
5.05085e-06
-2.06839e-09
5.04878e-06
6.5511e-10
-5.04612e-06
-5.0473e-06
1.18336e-09
5.0643e-06
-5.05541e-06
5.0643e-06
-6.68896e-06
5.06924e-06
-5.05571e-06
-5.05529e-06
5.05529e-06
5.10596e-06
-5.05677e-06
5.06924e-06
5.10596e-06
-5.05453e-06
5.05453e-06
5.05487e-06
-5.05487e-06
5.05677e-06
-5.13512e-06
-5.05667e-06
5.05523e-06
-5.05523e-06
-5.05465e-06
5.05465e-06
-5.04152e-06
5.00979e-06
-5.00979e-06
5.05085e-06
5.04899e-06
-5.04899e-06
5.05503e-06
5.05556e-06
-5.05556e-06
-5.09802e-06
-5.05479e-06
5.05479e-06
-5.08745e-06
-5.05484e-06
-5.04647e-06
-5.0514e-06
5.04362e-06
-5.04362e-06
5.06291e-06
-5.06291e-06
-5.05483e-06
5.05483e-06
-5.05462e-06
5.05462e-06
-5.18341e-06
-5.08527e-06
-5.05475e-06
5.05475e-06
-5.0473e-06
-5.05571e-06
5.05541e-06
-5.06386e-06
-5.05471e-06
5.05453e-06
-5.05453e-06
-5.05413e-06
5.05413e-06
5.06899e-06
-5.06075e-06
-5.06899e-06
5.06075e-06
-5.06386e-06
-5.37292e-09
8.77661e-09
-5.05944e-06
-5.05582e-06
5.06249e-06
-4.62186e-09
5.07191e-06
-5.09569e-09
-5.06681e-06
-5.05559e-06
5.06357e-06
5.06654e-06
5.07531e-06
-5.06218e-06
6.36329e-09
5.07091e-06
6.90339e-09
-5.04935e-06
5.05652e-06
5.07518e-06
1.42179e-08
5.07056e-06
4.01907e-09
-3.88685e-09
-5.04248e-06
5.04533e-06
5.07458e-06
5.07046e-06
-5.04106e-06
5.04719e-06
1.40472e-08
5.07391e-06
5.07003e-06
-4.27812e-09
5.0271e-06
-5.02282e-06
5.06888e-06
1.14468e-09
7.79251e-09
-5.07411e-06
5.06486e-06
-5.04623e-06
5.05584e-06
-6.96392e-10
9.55604e-10
5.07265e-06
-5.04111e-06
5.05667e-06
5.07196e-06
-5.05274e-06
5.0569e-06
1.47241e-08
6.44407e-09
5.07491e-06
-3.92794e-09
5.03492e-06
-5.03099e-06
5.07945e-06
5.0859e-06
-5.05734e-06
5.05489e-06
5.06685e-06
-1.46709e-08
5.07036e-06
-5.05685e-06
5.05616e-06
5.07249e-06
5.09357e-11
1.99585e-09
-5.0428e-06
5.05711e-06
5.05782e-06
-5.05287e-06
5.05764e-06
1.33629e-08
5.05982e-06
-4.24062e-09
5.0418e-06
-5.03756e-06
-5.05799e-06
5.05359e-06
5.06609e-06
-6.27417e-09
-1.31811e-08
5.06873e-06
4.95618e-09
5.07033e-06
5.06511e-06
-5.05664e-06
5.05661e-06
5.07007e-06
1.00228e-09
5.05689e-06
-5.04401e-06
5.05791e-06
-5.05801e-06
5.05569e-06
5.05856e-06
-5.05195e-06
5.05975e-06
1.26037e-08
4.9952e-09
-5.96485e-09
5.05034e-06
-5.04437e-06
5.0636e-06
-5.03407e-09
5.06859e-06
-9.55915e-09
5.06398e-06
-5.05866e-06
5.05609e-06
-4.88058e-09
-5.05253e-06
5.06328e-06
5.06917e-06
7.22168e-09
4.50116e-09
5.05961e-06
-5.05828e-06
5.06588e-06
6.4454e-09
5.94549e-09
-5.05791e-06
5.06411e-06
-5.00191e-09
5.05739e-06
-5.05238e-06
5.05516e-06
-5.05935e-06
5.05668e-06
-5.05574e-06
-5.06217e-06
5.0512e-06
5.05929e-06
2.08259e-09
3.71194e-09
5.0524e-06
6.88993e-09
-5.04534e-06
5.05645e-06
-5.04989e-06
5.05643e-06
5.05448e-06
-5.85872e-09
5.05971e-06
-5.05385e-06
5.06043e-06
-5.05088e-06
5.05742e-06
-5.05981e-06
5.0571e-06
6.56583e-09
3.77997e-09
5.06447e-06
5.06056e-06
5.54307e-09
5.06434e-06
-5.05116e-06
5.05748e-06
5.05946e-06
-4.99415e-09
5.06285e-06
-5.05731e-06
5.06362e-06
-5.06011e-06
5.05741e-06
6.25484e-09
-5.05267e-06
5.05887e-06
4.00011e-09
5.05939e-06
-5.05404e-06
5.06018e-06
-4.73789e-09
4.80675e-09
5.06135e-06
-5.05654e-06
5.06339e-06
5.0584e-06
4.82882e-09
-5.0527e-06
5.05592e-06
-5.05954e-06
3.77175e-09
5.0624e-06
-5.06157e-06
-5.05075e-06
5.05741e-06
5.05819e-06
7.47723e-09
5.06196e-06
5.05723e-06
-5.06843e-06
5.07104e-06
-2.61113e-09
1.33177e-09
5.05475e-06
5.16894e-09
5.0595e-06
-5.05433e-06
5.06128e-06
-5.035e-06
5.04946e-06
-1.44656e-08
5.05799e-06
-5.05065e-06
5.05735e-06
-2.05454e-09
6.76499e-09
5.0528e-06
-5.05916e-06
6.35897e-09
5.05933e-06
-5.05152e-06
5.05949e-06
-5.05615e-06
5.04731e-06
8.84334e-09
5.05727e-06
-5.05481e-06
5.06092e-06
-5.08694e-06
5.08649e-06
5.8292e-09
-6.95735e-09
-5.02804e-06
5.06042e-06
-3.14843e-09
-4.67848e-09
-5.05278e-06
4.83945e-09
5.05261e-06
-5.05744e-06
5.05877e-06
-1.5628e-08
5.05883e-06
-6.97526e-09
5.06529e-06
-6.52976e-09
1.16575e-09
-5.05731e-06
5.05571e-06
-7.44979e-09
5.06519e-06
-5.05209e-06
-7.30357e-09
-5.05504e-06
5.05945e-06
-5.07028e-06
5.05185e-06
1.84313e-08
5.06055e-06
-5.06253e-06
5.05037e-06
1.21536e-08
-7.03988e-09
5.05434e-06
-5.05712e-06
5.05195e-06
5.17207e-09
-5.05511e-06
5.06213e-06
5.0531e-06
-4.3812e-09
5.05716e-06
-8.89424e-09
5.05979e-06
-4.34451e-09
5.05426e-06
-5.05596e-06
5.06195e-06
-4.70914e-09
5.05467e-06
-4.04086e-10
5.04763e-06
5.04612e-06
5.03657e-06
9.54658e-09
-5.05788e-06
5.06365e-06
5.02768e-06
-5.05747e-06
5.06367e-06
-6.1987e-09
-5.05695e-06
5.05819e-06
-1.2354e-09
-4.0662e-09
-5.07301e-06
5.06454e-06
8.46416e-09
5.04278e-06
-1.50983e-08
2.05794e-08
4.99472e-06
-5.0153e-06
-5.05934e-06
5.06553e-06
-5.0542e-06
5.04677e-06
7.4251e-09
-5.0624e-06
6.65883e-09
5.05892e-06
-5.07581e-06
1.68936e-08
5.03547e-06
-7.38571e-09
-5.04953e-06
5.05691e-06
5.10839e-06
4.33563e-09
-2.57399e-09
-5.05107e-06
5.05364e-06
5.05605e-06
-5.05465e-06
5.05143e-06
3.21584e-09
5.05167e-06
-5.06641e-06
5.05991e-06
-5.05935e-06
5.06577e-06
-6.41897e-09
5.05432e-06
-2.65244e-09
-5.7137e-09
-5.04672e-06
5.05243e-06
5.05244e-06
1.88933e-09
-5.06136e-06
5.06766e-06
-5.06114e-06
5.06813e-06
-6.99136e-09
-5.0552e-06
5.04786e-06
7.3373e-09
5.04672e-06
5.01287e-06
-1.81511e-08
-4.40701e-09
-1.58985e-08
5.04415e-06
5.05425e-06
-5.18883e-09
-5.0629e-06
5.07116e-06
5.01022e-06
5.0354e-06
8.74788e-09
-3.64999e-08
-5.04357e-06
-3.73562e-09
-5.04357e-06
-5.02309e-06
5.02309e-06
-1.32939e-08
5.02923e-06
6.17421e-09
5.22232e-09
1.93428e-08
5.00051e-06
-5.01985e-06
-5.05455e-06
5.04814e-06
6.4078e-09
-5.06221e-06
5.06993e-06
-5.05013e-06
-4.52156e-09
-3.44485e-09
5.05394e-06
-5.05049e-06
3.79959e-06
-5.05461e-06
5.04751e-06
7.09566e-09
-5.05538e-06
5.04849e-06
6.89133e-09
5.04351e-06
-1.42857e-08
5.03613e-06
-5.07283e-06
5.05547e-06
-5.05126e-06
5.05341e-06
-2.14568e-09
1.226e-09
-4.70237e-09
5.05614e-06
5.05109e-06
4.3796e-09
-5.04424e-06
5.04424e-06
4.43603e-09
-5.05626e-06
5.05182e-06
-5.05572e-06
5.0561e-06
-5.01058e-09
1.86694e-08
5.11563e-06
-5.07211e-06
5.07987e-06
-7.75857e-09
5.05265e-06
-5.05352e-06
5.04771e-06
5.81405e-09
-5.06214e-06
6.42111e-09
5.05709e-06
5.07333e-06
3.8104e-09
5.05548e-06
-5.05054e-06
-4.94807e-09
5.06092e-06
-5.0663e-06
5.38504e-09
-2.11536e-08
6.70292e-10
5.05257e-06
-1.87058e-08
5.02987e-06
-2.93586e-08
-5.07247e-06
5.08388e-06
-1.1411e-08
-5.04837e-06
5.04448e-06
3.88994e-09
5.02485e-06
5.05678e-06
-4.20984e-09
4.54066e-09
-5.05651e-06
5.05197e-06
-3.14025e-08
5.05021e-06
5.27805e-09
-5.05264e-06
5.04829e-06
4.3456e-09
5.05208e-06
5.05434e-06
-5.05027e-06
5.05368e-06
-3.41048e-09
5.05653e-06
-4.70933e-09
-5.04775e-06
5.05361e-06
-5.85903e-09
-3.36132e-08
5.14086e-06
-5.04448e-06
-6.14718e-08
5.05662e-06
5.05164e-06
4.42099e-09
-5.05607e-06
5.05232e-06
-5.04918e-06
5.03575e-06
1.34369e-08
5.60014e-09
1.39945e-06
3.74243e-06
-5.14188e-06
-5.04219e-06
-6.9954e-09
-4.18628e-09
5.05167e-06
-4.26592e-06
-5.15269e-09
5.05536e-06
5.05562e-06
-3.97664e-09
-5.05195e-06
5.05213e-06
-1.82923e-10
-3.31004e-06
5.05609e-06
4.44183e-09
5.05118e-06
-5.07403e-06
5.08474e-06
-1.07084e-08
-7.57116e-11
-2.03506e-08
-4.63192e-06
-6.20985e-07
5.05094e-06
-5.07672e-06
5.09631e-06
-1.95913e-08
-5.07621e-06
5.08298e-06
-6.76826e-09
-5.07107e-06
5.05538e-06
5.06213e-06
5.06213e-06
5.0765e-06
-5.0765e-06
-5.06652e-06
-4.09873e-09
5.07641e-06
-5.05415e-06
6.40261e-09
5.05212e-06
-5.03726e-06
-1.4861e-08
9.30311e-09
-5.07244e-06
4.19148e-09
-5.05277e-06
5.04858e-06
5.0497e-06
5.68057e-09
-7.47489e-09
-5.05125e-06
5.05765e-06
-6.39645e-09
-5.04718e-06
5.06228e-06
-1.51076e-08
5.04847e-06
6.88996e-09
-1.85215e-07
5.05419e-06
-4.4871e-09
2.00944e-08
5.06015e-06
-5.06015e-06
5.05723e-06
-5.05414e-06
1.14176e-08
-5.06739e-06
5.08685e-06
-1.94562e-08
-4.01127e-06
-5.04705e-06
5.07926e-06
-3.22106e-08
5.04633e-06
3.47992e-09
-5.04981e-06
5.04833e-06
-5.07146e-06
1.55401e-09
5.04501e-06
1.32232e-09
5.05436e-06
-3.17918e-09
-9.46719e-09
5.04521e-06
5.05252e-06
-5.04987e-06
-2.90355e-09
5.05565e-06
-5.05565e-06
-5.07595e-06
5.10451e-06
5.08332e-06
1.8723e-08
-5.09065e-06
5.04552e-06
3.82411e-06
-3.81956e-06
5.0622e-06
-5.05933e-06
5.09008e-06
5.09281e-06
-5.02775e-09
-5.08778e-06
3.84131e-06
-1.08944e-08
5.05722e-06
-5.06189e-06
4.67967e-09
1.69666e-09
5.04331e-06
3.84712e-06
-1.52716e-06
-1.80703e-06
-5.36545e-08
1.52382e-08
5.049e-06
-5.08169e-06
5.061e-06
-5.0782e-06
5.12736e-06
-4.91609e-08
5.05668e-06
6.39241e-07
-5.27116e-06
-1.22908e-09
5.03954e-06
-1.00441e-08
5.01883e-06
-5.00878e-06
-5.05074e-06
-1.34383e-07
-2.31259e-06
2.44697e-06
3.17305e-06
-3.68883e-06
5.04123e-06
5.03304e-06
8.19553e-09
3.86527e-06
5.05262e-06
-5.0545e-06
5.00729e-06
-5.00409e-06
3.02533e-10
-5.80367e-09
-5.02618e-06
5.03198e-06
5.03154e-06
1.49869e-09
6.94064e-07
6.15263e-07
7.7436e-07
1.26585e-06
7.00006e-07
6.96542e-07
7.02777e-07
6.97887e-07
1.40695e-07
6.36505e-07
7.19155e-07
7.70213e-07
-5.0767e-06
7.06286e-07
6.87576e-07
6.89529e-07
6.90922e-07
6.9842e-07
6.95814e-07
-5.05477e-06
-1.76666e-08
6.98761e-07
7.05899e-07
5.02485e-06
6.68541e-09
8.18132e-07
-5.02769e-06
5.09003e-06
-6.23404e-08
6.76128e-07
7.76809e-09
-5.07362e-06
6.81081e-07
-5.05147e-06
7.26348e-10
5.03722e-06
6.08964e-09
-4.99476e-06
5.01903e-06
5.01905e-06
5.05313e-06
-5.05313e-06
-5.18244e-06
4.61512e-06
8.90484e-07
-5.03251e-06
5.13818e-06
-1.0567e-07
7.15012e-07
7.00518e-07
6.97076e-07
7.06664e-07
6.7311e-07
-5.05531e-06
5.03872e-06
3.98228e-06
-3.3173e-06
-5.75216e-08
5.009e-06
-5.07147e-06
-7.45874e-09
-1.20183e-06
1.25464e-08
5.06158e-06
-4.90179e-09
4.95731e-06
-1.41971e-08
-4.94311e-06
6.93427e-07
-5.03274e-06
6.74263e-07
-5.07019e-06
-7.09009e-09
-3.89261e-09
-5.06351e-06
4.18072e-09
-4.87556e-06
-1.67336e-08
4.89229e-06
5.05358e-06
-5.02912e-06
-2.83267e-08
-5.05447e-06
-2.78659e-08
-4.9731e-06
5.00096e-06
-5.04675e-06
1.40038e-08
4.99515e-06
1.38576e-08
-5.07439e-06
-5.0731e-06
3.09122e-09
-4.62524e-06
1.13614e-06
4.98299e-06
1.21582e-08
5.08522e-06
-5.0894e-06
4.95512e-06
4.98253e-06
3.62947e-08
-8.60555e-07
7.89841e-07
-4.94667e-06
5.22133e-06
-2.74661e-07
5.05383e-06
8.17448e-08
5.00089e-06
5.05494e-06
-5.05181e-06
-5.05574e-06
-4.61618e-06
1.98018e-07
4.94093e-06
5.16987e-06
-1.68978e-07
-5.05554e-06
-5.05671e-06
5.05054e-06
-5.06077e-06
5.00502e-06
2.69574e-08
-4.99469e-06
5.15838e-08
-8.48881e-08
-4.82846e-06
4.91335e-06
3.62997e-06
-5.0346e-06
5.0346e-06
-5.0829e-06
3.85609e-06
3.79731e-06
-3.82667e-06
6.83838e-07
-3.95893e-06
3.95565e-06
-3.95565e-06
-3.86293e-07
-4.62148e-06
5.00778e-06
-2.23196e-07
5.01888e-06
5.70681e-07
-4.6067e-07
1.09096e-07
3.7307e-07
-5.81298e-07
2.49212e-07
2.92091e-07
-8.66377e-07
2.84754e-07
-1.0735e-06
1.17038e-07
2.71926e-07
-7.26181e-07
4.16566e-07
-7.13519e-07
3.66216e-07
-1.92125e-08
-4.61692e-06
8.82797e-08
-6.17157e-08
4.89092e-06
5.00075e-08
2.3024e-08
5.05989e-06
-6.06298e-09
2.6218e-08
3.11206e-08
3.2578e-08
-5.06073e-06
-4.51742e-11
4.57841e-08
3.1274e-08
5.05402e-06
-5.05023e-06
5.05023e-06
-8.54074e-07
2.43895e-08
-5.03565e-06
-3.81503e-06
-4.63539e-06
-5.07081e-06
2.74024e-08
5.03303e-06
-5.03066e-06
3.49483e-06
-3.49483e-06
-1.37166e-08
-5.06642e-06
5.07156e-06
-5.14474e-09
4.87418e-06
5.04848e-06
4.91742e-06
8.35455e-08
4.77262e-06
1.19675e-07
-4.85521e-06
2.97008e-08
-4.77059e-06
1.35196e-07
5.05001e-06
4.84575e-06
-5.05439e-06
3.65469e-06
-9.93957e-07
4.7893e-06
1.87091e-08
-4.47484e-06
6.44631e-07
5.05641e-06
-5.05524e-06
3.77021e-09
5.05657e-06
-8.09257e-09
4.25418e-07
-5.0469e-06
-5.98377e-07
4.96742e-06
4.27709e-06
-5.21221e-06
1.38965e-07
-4.21372e-06
-5.08811e-06
1.4784e-07
5.05278e-06
-5.08834e-06
5.07901e-06
2.66937e-07
-5.34595e-06
-4.79133e-06
1.74412e-07
4.48308e-06
-4.82283e-06
3.39759e-07
5.01382e-06
-5.01382e-06
-4.13444e-06
1.46886e-08
-5.04971e-06
-4.6808e-06
-4.19386e-06
5.05316e-06
5.05375e-06
-5.05375e-06
1.62445e-08
4.68109e-06
4.68764e-06
2.25709e-07
4.87236e-07
2.75091e-07
-1.11681e-06
5.0225e-06
1.76231e-08
-5.04012e-06
3.81738e-06
-3.82025e-06
5.02918e-06
3.92071e-06
5.08142e-06
-5.07543e-06
3.66199e-06
-3.66199e-06
-5.06649e-06
5.05873e-06
-5.05572e-06
1.67095e-08
-4.9391e-06
2.58306e-07
-4.38679e-06
4.92368e-06
-3.69597e-06
3.69597e-06
-3.00903e-06
3.00903e-06
3.87333e-06
-3.81361e-06
-3.19245e-06
3.19245e-06
4.10937e-06
-4.10937e-06
-3.47067e-06
-3.7356e-06
3.7356e-06
4.01068e-06
-3.65176e-06
3.65176e-06
-3.57645e-06
3.57645e-06
-3.53477e-06
3.53477e-06
4.20421e-06
-4.20421e-06
3.32899e-06
3.93135e-06
-3.93135e-06
3.93571e-06
4.08045e-06
-4.08045e-06
3.99448e-06
3.93053e-06
-3.61575e-06
3.61575e-06
-4.20166e-06
-3.76472e-06
-3.58344e-06
4.10478e-06
-4.10478e-06
3.67089e-06
-3.67089e-06
4.02459e-06
3.91563e-06
3.96279e-06
4.05828e-06
5.05009e-06
-5.04718e-06
3.96691e-06
-3.26407e-06
5.06063e-06
-7.4685e-09
-5.17254e-06
1.07303e-07
5.06524e-06
5.04992e-06
5.06558e-06
-4.41796e-09
4.7886e-06
-5.06326e-06
5.06787e-06
-3.98061e-06
-5.07155e-06
-5.07765e-06
5.04517e-06
-5.04517e-06
6.63839e-07
5.00178e-06
-4.99711e-06
-1.3054e-08
-3.75321e-06
3.76627e-06
5.05034e-06
5.00292e-06
-5.00292e-06
5.07161e-06
-5.07351e-06
-5.05954e-06
-5.04657e-06
5.01756e-06
-5.06608e-06
5.35654e-09
-3.71846e-06
3.37893e-06
5.05134e-06
-5.05134e-06
-4.00695e-06
7.01383e-07
-4.11643e-06
-4.01237e-06
6.9466e-07
-4.03144e-06
7.06761e-07
-3.99261e-06
6.90779e-07
-4.08798e-06
7.12143e-07
5.05908e-06
-9.16336e-09
-5.06381e-06
1.77408e-06
-4.81943e-06
-3.99563e-06
6.735e-07
-3.89617e-06
-2.22524e-08
5.03949e-06
3.31682e-06
1.02754e-06
-4.34436e-06
-3.69168e-06
3.39507e-06
1.30397e-06
-4.63697e-06
3.333e-06
3.88614e-06
-4.03959e-06
-5.0443e-06
5.08193e-06
-3.76274e-08
5.05415e-06
-5.05128e-06
-5.07876e-06
-4.13907e-09
5.08298e-06
-5.09785e-06
4.66111e-06
-2.40168e-06
-2.25943e-06
-3.29401e-06
4.00902e-06
-3.28471e-06
3.98179e-06
-7.1956e-07
5.05127e-06
-1.178e-08
-4.02468e-06
-5.04719e-06
-3.7997e-06
6.49607e-07
-2.25533e-07
-3.41103e-06
-5.09069e-06
5.0445e-06
-9.1208e-07
-5.05373e-06
9.4662e-07
5.06114e-06
-1.66407e-08
-3.31557e-06
3.57256e-06
5.04872e-06
-5.04872e-06
-3.96325e-06
-6.27216e-07
-3.03053e-06
-1.67545e-09
5.08069e-06
5.04169e-06
5.05362e-06
-5.06663e-06
-4.89589e-06
-1.67374e-07
-8.86149e-08
-3.95683e-06
3.95364e-06
-3.31289e-06
3.63925e-06
-2.86489e-06
-3.41642e-06
-3.04905e-06
3.75183e-06
-3.31449e-06
-4.58511e-06
2.73562e-06
1.84949e-06
-3.39493e-06
-3.06667e-06
3.83688e-06
-3.30504e-06
3.88576e-06
-3.19484e-06
4.00073e-06
-3.29483e-06
-3.26985e-06
-1.32899e-08
-5.03477e-06
5.04806e-06
3.78976e-06
-3.81603e-06
-3.11047e-06
3.79155e-06
4.3968e-06
-3.1889e-06
3.88941e-06
5.03192e-06
-4.9056e-06
5.05188e-06
-5.04923e-06
-5.06486e-06
-9.29298e-09
-3.32252e-06
3.84787e-06
9.26963e-07
3.30549e-06
5.61443e-07
-3.86693e-06
3.35412e-06
3.96064e-07
-3.75018e-06
3.32665e-06
2.91618e-07
-3.61827e-06
3.3233e-06
1.22017e-06
-4.54346e-06
3.32964e-06
6.46315e-07
-3.97595e-06
5.04664e-06
4.81319e-06
2.03966e-08
3.63365e-06
-3.85918e-06
-8.64794e-07
5.05808e-06
-5.0121e-06
-4.59857e-08
-6.8784e-07
4.57398e-06
5.04091e-06
-5.04091e-06
-5.0694e-06
-3.21035e-06
3.31945e-06
4.12472e-06
-3.87551e-06
-3.91206e-06
-4.10351e-06
3.98661e-06
4.00067e-06
1.94291e-08
-5.07912e-06
5.02966e-06
-5.03281e-06
3.151e-09
-4.00328e-06
3.70148e-11
-5.07159e-06
4.99574e-06
3.82806e-06
-3.80185e-06
-4.8454e-06
3.84096e-06
-3.80838e-06
3.33073e-06
4.99055e-06
-5.05967e-06
5.07177e-06
-5.06868e-06
-5.02895e-06
5.04986e-06
3.84242e-06
-3.81501e-06
5.04946e-06
-5.04928e-06
5.04928e-06
-4.95878e-06
-1.06079e-07
6.24746e-07
-3.99534e-06
5.0459e-06
-5.06445e-06
-4.9868e-06
4.02131e-06
3.99627e-06
4.06626e-06
5.08042e-06
-5.08417e-06
5.4109e-07
3.91212e-06
-3.00893e-06
4.03647e-06
-2.82445e-06
4.12842e-06
4.00314e-06
4.03497e-06
-3.32821e-06
5.04495e-06
3.39308e-06
3.9239e-07
-3.78547e-06
3.84534e-06
-3.83065e-06
5.04985e-06
-5.04698e-06
1.02349e-08
3.72185e-09
-5.13581e-06
4.79838e-06
5.05191e-06
-5.58504e-09
-2.49301e-06
5.1218e-06
5.05055e-06
-5.07405e-06
-3.60097e-09
-3.12419e-06
-3.60674e-06
2.64269e-07
-3.68886e-06
-3.39327e-06
-5.03488e-06
5.04692e-06
-5.04692e-06
5.04449e-06
5.04385e-06
-5.04385e-06
-7.27309e-07
4.12238e-06
-7.11555e-07
4.04456e-06
-3.9276e-06
7.77166e-07
5.07819e-06
-1.29523e-08
-4.89932e-06
-2.36498e-07
-4.90506e-06
-1.77974e-08
-4.99994e-06
5.04977e-06
5.06467e-06
1.72567e-08
-5.01114e-06
5.0478e-06
-5.04504e-06
3.24715e-06
-3.0482e-08
-3.3315e-06
8.46075e-07
-3.57086e-06
5.04168e-06
-5.06468e-06
4.9538e-06
-3.3153e-06
3.98956e-06
-3.83471e-06
3.69587e-06
3.84382e-06
-3.85311e-06
1.46412e-06
-1.46412e-06
-3.7892e-06
4.49548e-06
3.97289e-07
-3.04357e-06
3.74199e-06
-3.17997e-06
3.87873e-06
-3.30547e-06
3.92074e-06
-3.18425e-06
3.87378e-06
-3.20486e-06
3.90067e-06
3.71567e-06
-3.03955e-06
-6.87112e-08
3.9849e-06
-3.29147e-06
-5.02667e-06
-8.2025e-09
5.03254e-06
-2.41514e-09
-5.06839e-06
5.04857e-06
5.04692e-06
-5.05318e-06
2.40167e-06
-2.40167e-06
3.73559e-06
-3.81406e-06
-4.95955e-06
-3.56736e-09
-5.06994e-06
-5.09518e-06
5.0411e-06
-5.03724e-06
5.0475e-06
-2.74457e-06
3.62838e-07
-3.62838e-07
-5.05125e-06
2.48637e-09
-4.35817e-06
5.03834e-06
5.07225e-06
-5.07221e-06
3.8645e-06
-3.84147e-06
-5.0447e-07
3.88592e-06
-3.38145e-06
-4.98379e-06
-8.08856e-08
4.99197e-06
-5.03795e-06
-6.1935e-07
3.8602e-06
-3.24085e-06
-5.02602e-06
5.04073e-06
1.06783e-08
5.04976e-06
3.88342e-06
-3.27995e-06
-6.03467e-07
-9.89146e-07
-5.06304e-06
5.06304e-06
2.19818e-07
8.01819e-07
5.03798e-06
-5.06349e-06
5.02826e-06
-5.04626e-06
5.05141e-06
-5.45407e-07
4.57359e-09
-5.07354e-06
8.45842e-07
8.79097e-07
1.44643e-06
4.27506e-07
3.33774e-07
6.07849e-07
7.95874e-07
7.01505e-07
5.68745e-07
7.05835e-07
1.56954e-06
4.45828e-07
7.52e-07
-1.91156e-08
5.09247e-06
6.62377e-07
1.52171e-06
-8.04388e-08
-3.19077e-06
-3.29818e-06
-3.30436e-06
-3.93561e-06
-3.31358e-06
-5.074e-06
5.73776e-09
-5.01279e-06
2.46541e-06
-5.031e-06
4.98394e-09
-3.06827e-06
-4.5492e-07
-3.33055e-06
5.06361e-06
-5.07018e-06
4.09821e-06
-5.04771e-07
-5.05428e-06
-3.29324e-07
4.11271e-06
2.70378e-06
-3.331e-06
-1.73899e-08
-3.668e-06
5.64773e-07
3.37837e-06
-5.04526e-06
3.78642e-06
-3.13681e-06
2.35604e-06
2.30507e-06
-4.24726e-07
4.04168e-06
-3.61695e-06
-5.03432e-06
3.74035e-06
-3.61426e-07
5.05616e-06
-5.05616e-06
5.07977e-06
-5.08145e-06
-2.78224e-06
3.59037e-06
1.18195e-07
-3.91022e-06
3.79202e-06
-5.79512e-07
3.72205e-06
-3.14253e-06
-2.01065e-07
3.85946e-06
-3.34712e-06
-5.08224e-06
-6.55123e-08
-5.03079e-06
-5.02831e-06
-6.00173e-09
-5.03248e-06
5.00027e-06
5.08332e-06
5.0624e-06
-5.06612e-06
2.43296e-06
8.7611e-07
5.0566e-06
-1.41382e-07
-3.11608e-07
-2.59815e-06
-7.57435e-07
3.79653e-06
-5.00875e-06
-2.37261e-08
7.23391e-07
-5.02713e-06
5.0517e-06
-5.0517e-06
-3.58283e-06
-5.0519e-06
2.12404e-08
-1.29774e-06
-9.2003e-07
3.48688e-06
1.95731e-07
-3.68261e-06
1.48974e-09
-3.88566e-06
3.63935e-06
-4.49975e-08
5.01877e-06
-1.18983e-07
-4.89979e-06
-5.02386e-06
-5.02969e-06
2.55432e-09
-3.84055e-07
5.05773e-06
-5.06495e-06
-3.55072e-06
-3.08461e-07
5.38806e-07
-2.8728e-06
-8.16038e-07
4.57052e-07
-3.83851e-06
-3.21327e-07
4.81192e-07
-3.19653e-06
-5.03342e-06
-3.91215e-06
5.03254e-06
5.04951e-06
-5.04951e-06
-5.02519e-06
5.0128e-06
-5.0192e-06
-5.76482e-07
-7.59814e-07
5.03724e-06
-1.10557e-08
5.97084e-07
-4.95525e-06
3.63836e-06
-4.32355e-06
-5.02353e-06
-9.89364e-09
-5.03993e-06
3.69544e-06
-5.01515e-06
-4.05205e-09
3.73322e-06
3.94393e-06
5.02303e-06
-3.44122e-06
-2.88692e-08
-5.01533e-06
-3.82338e-06
-5.07315e-06
5.12709e-06
-5.39368e-08
3.1702e-06
5.81632e-07
-3.86674e-06
-5.02286e-06
-4.20487e-06
5.04773e-06
5.00336e-06
1.04609e-08
-3.63836e-06
-3.17286e-07
-5.04631e-06
2.71049e-09
4.97988e-08
4.96897e-06
-3.63023e-06
-5.01586e-06
5.3197e-10
-4.99381e-06
-2.90447e-08
5.04661e-06
-5.04661e-06
-3.89116e-06
-5.01886e-06
-5.01197e-06
4.49442e-09
3.19303e-06
-4.00906e-06
3.30836e-06
4.99851e-06
4.41016e-09
-2.81434e-06
5.02591e-06
-5.02168e-06
-5.03299e-06
-5.01504e-06
3.06263e-09
-4.01503e-06
-5.01069e-06
2.47119e-06
2.09271e-06
-3.81383e-06
3.78271e-06
3.29959e-06
-3.3559e-06
5.04212e-06
5.06774e-06
5.80678e-09
-5.07802e-06
-5.01472e-06
4.0272e-09
5.09247e-06
-5.0089e-06
-5.03484e-06
5.01705e-06
-4.61549e-06
1.75298e-09
5.041e-06
-5.041e-06
-5.01385e-06
4.94838e-09
-5.10585e-06
3.83217e-06
-5.02141e-06
-5.09652e-06
-5.0265e-06
-5.00744e-06
-3.12595e-06
-4.53625e-07
-9.17333e-10
5.03552e-06
5.15369e-07
-4.13232e-06
-3.94218e-06
3.39678e-06
-5.01298e-06
5.53557e-09
5.03507e-06
-3.92834e-06
7.85804e-07
3.65471e-06
2.54189e-07
-3.38953e-06
-5.00588e-06
-5.99539e-07
-3.28679e-06
3.81674e-06
-5.03552e-06
-5.03822e-06
-5.01146e-06
5.5739e-09
-5.54399e-07
4.19375e-06
3.70346e-06
-3.42836e-06
-5.00457e-06
3.02567e-06
-3.2258e-06
-7.68401e-09
-5.01513e-06
5.05499e-06
2.68908e-07
-5.3239e-06
-3.81306e-06
-5.07225e-06
-5.01044e-06
5.87192e-09
-4.81254e-06
-7.49157e-07
-5.0031e-06
-2.62238e-07
-3.42037e-06
-1.85328e-06
-5.01366e-06
1.05606e-08
3.91361e-06
-3.83853e-06
-4.99955e-06
-5.00624e-06
-5.0238e-06
1.75684e-08
4.99851e-06
5.00336e-06
-9.51234e-09
-5.01034e-06
4.77384e-06
-5.01034e-06
3.80873e-06
2.67077e-07
3.5023e-06
-2.71622e-08
3.53914e-06
4.07106e-09
2.16512e-06
-5.01908e-06
5.01611e-06
-3.78358e-06
5.03077e-06
6.93029e-09
-3.82054e-06
-4.87137e-06
-4.33899e-06
-1.03141e-06
3.13091e-06
-3.1483e-06
-5.02732e-06
3.80311e-06
-9.94026e-09
-5.00536e-06
-5.01751e-06
5.01628e-06
-5.04873e-06
-5.01558e-06
-5.02095e-06
3.43657e-09
-5.01276e-06
-3.50035e-06
-3.84986e-07
-5.01578e-06
-4.92921e-06
-3.90111e-06
-5.0101e-06
3.76017e-06
-5.02518e-06
9.40374e-09
-5.02438e-06
3.83217e-06
2.01173e-06
-1.62498e-07
-4.96431e-06
3.16283e-06
-4.00719e-06
2.38529e-06
2.34462e-06
3.80042e-06
-5.00762e-06
2.92164e-09
-4.96274e-06
-1.26697e-06
-5.00435e-07
-7.33343e-07
-5.00931e-06
-5.01007e-06
-5.01963e-06
-4.98235e-06
1.45574e-06
-4.46467e-06
-5.00608e-06
-5.01652e-06
5.01391e-06
-5.04217e-06
-3.7691e-06
-4.99721e-06
3.70291e-06
-3.70291e-06
-5.02591e-06
9.39572e-09
-5.01955e-06
-4.99353e-06
-5.02557e-06
6.01444e-09
5.04003e-06
-9.03265e-09
2.94205e-06
-5.00459e-06
-4.9985e-06
-6.40781e-07
2.2357e-07
3.47934e-06
-2.1393e-06
-1.7073e-06
-2.01964e-06
-1.94191e-06
4.04618e-06
-4.95312e-06
-3.80725e-06
-5.00255e-06
3.7882e-06
-5.01136e-06
4.49478e-08
3.20752e-06
-5.01177e-06
4.84302e-07
-5.00123e-06
5.0211e-06
-1.95381e-06
-2.041e-06
-1.65416e-06
-2.22204e-06
-5.03603e-06
4.98359e-06
-5.0007e-06
-2.01011e-06
-1.9846e-06
-2.15286e-06
-1.78342e-06
-2.1245e-06
-1.8592e-06
-2.02629e-06
-1.76361e-06
-1.99093e-06
-1.97921e-06
-1.52932e-06
-2.36798e-06
3.82054e-06
-5.00192e-06
-4.99886e-06
-3.61832e-06
1.2349e-07
-5.00177e-06
2.50772e-06
-9.3321e-07
-3.2397e-06
4.17291e-06
-2.73436e-06
-4.99774e-06
3.61832e-06
-1.13138e-06
-5.00092e-06
-3.74457e-06
-3.43771e-06
1.42065e-06
3.31765e-06
-4.99597e-06
-5.00109e-06
-5.0047e-06
-4.25472e-09
5.00762e-06
-4.99995e-06
-1.15631e-08
5.01007e-06
-5.02881e-06
-3.8275e-06
-5.05622e-07
-4.99794e-06
-4.99441e-06
-3.75662e-06
-4.98372e-06
-4.99851e-06
-3.98334e-06
-4.99294e-06
6.65862e-07
-4.99192e-06
-4.99712e-06
3.95768e-06
-4.98502e-06
-4.99125e-06
3.78616e-06
-4.99596e-06
-3.80629e-06
-4.98003e-06
-5.18449e-07
-4.9854e-06
-5.0168e-06
-4.97367e-06
-4.99923e-06
3.83135e-06
-4.97967e-06
3.58165e-06
1.84558e-08
3.77128e-07
3.37675e-06
3.57567e-06
-4.97301e-06
2.84076e-06
1.81412e-06
-5.01727e-06
-4.97046e-06
-6.48039e-09
-3.25487e-06
4.71061e-06
5.03511e-06
3.33516e-08
-4.96404e-06
-4.97393e-06
3.10328e-06
-3.62744e-06
-4.97378e-06
4.97722e-06
-4.96855e-06
-7.42558e-09
-5.01028e-06
3.70648e-06
-3.70648e-06
-4.15738e-06
2.04884e-06
-5.00088e-06
-4.99759e-06
2.44637e-07
-3.83236e-06
-3.95932e-06
-1.12251e-06
3.87639e-08
-5.01857e-06
-3.7394e-06
-4.0057e-06
4.0057e-06
-3.36251e-06
-3.8188e-06
-4.95637e-06
4.96577e-06
3.8188e-06
3.50259e-06
-1.26402e-08
-4.94753e-06
-2.46795e-06
-2.14065e-06
-4.94152e-06
4.94623e-06
-4.95526e-06
4.04419e-06
2.60224e-07
-3.78006e-06
-3.58165e-06
3.88842e-06
1.56623e-07
-1.15304e-07
3.82983e-06
-3.71452e-06
5.04145e-06
-3.79197e-06
4.51373e-06
-4.95312e-06
-3.93349e-06
2.8367e-06
-4.65688e-06
1.82019e-06
5.04551e-06
-4.82968e-08
-3.47934e-06
2.8689e-07
8.97291e-07
-3.66494e-06
1.59058e-07
3.69473e-06
-3.91043e-06
-3.72786e-06
-4.03194e-06
-3.75136e-06
2.92367e-06
-5.01057e-06
1.37924e-06
-4.1346e-06
-4.17915e-06
-3.821e-06
1.36944e-08
-4.04982e-06
3.9002e-06
-3.76391e-06
3.75091e-06
-5.00453e-06
-3.83677e-06
-9.38935e-07
-2.86009e-06
3.73918e-06
-1.02607e-08
4.88429e-06
-4.88429e-06
4.86989e-06
-4.86989e-06
3.75254e-06
-3.75254e-06
-3.91043e-06
-3.44478e-06
-9.78358e-07
-3.48631e-06
-3.5172e-06
4.30301e-06
-4.28538e-06
3.53622e-06
-2.70335e-06
-1.84857e-06
2.33596e-06
4.14058e-07
3.57567e-06
-3.85691e-06
-3.52273e-06
-3.93349e-06
-3.63657e-06
3.52273e-06
-8.96798e-07
-7.38317e-07
-1.60451e-06
-2.67189e-06
-1.84358e-06
-4.90105e-07
-2.57816e-06
-3.98074e-06
-3.95932e-06
2.31097e-06
2.35226e-06
2.5711e-06
-4.87314e-07
-4.96092e-08
-3.16342e-07
3.69471e-06
-3.12202e-06
2.63191e-06
8.48465e-07
-3.98334e-06
3.27659e-06
6.69616e-07
3.76169e-06
-3.15823e-06
3.49548e-06
-5.96101e-07
4.21302e-06
-3.77682e-06
3.20269e-06
-2.86951e-06
2.33971e-06
-1.27982e-06
-1.05906e-06
-1.88259e-06
-2.09114e-06
-1.91885e-06
-1.9284e-06
-4.00719e-06
-3.49804e-06
3.86719e-06
-2.34542e-06
-1.52177e-06
1.06437e-07
3.32905e-06
-3.60376e-06
1.23545e-06
-3.12586e-07
6.1351e-07
2.88908e-06
2.46541e-06
-3.39991e-06
1.94297e-06
-3.65026e-06
1.88436e-06
-3.82627e-06
-3.70227e-06
3.84583e-06
-9.68774e-08
5.97239e-07
-3.09481e-06
4.47406e-06
-1.94133e-06
-2.09492e-06
3.24882e-06
-3.96797e-06
3.91763e-06
2.28822e-07
3.29924e-06
-3.29924e-06
3.68237e-06
3.04799e-06
4.46533e-06
3.49159e-06
4.48384e-06
1.71389e-06
3.57608e-06
-1.15397e-06
-4.00385e-06
-3.80363e-06
2.82829e-06
-2.55373e-06
-3.03047e-06
-1.40182e-07
3.70353e-06
8.89045e-07
1.45066e-06
-3.40964e-07
-2.99757e-06
-3.78632e-06
-1.23931e-07
-3.28202e-06
3.21843e-06
-3.68317e-06
-2.41848e-06
-3.821e-06
3.1882e-06
3.67161e-06
3.09044e-06
3.0531e-06
8.78264e-07
2.86092e-06
-5.72027e-06
2.57816e-06
-3.65149e-06
-1.89588e-06
-2.38656e-06
1.60649e-06
-1.76899e-06
8.32335e-08
-3.99652e-06
3.07559e-06
1.29562e-06
2.7476e-06
-2.60464e-06
-1.98047e-06
3.97159e-06
-9.01573e-07
-4.50276e-07
3.53884e-07
3.37693e-06
-2.55979e-06
-3.24693e-06
-3.89643e-07
3.88465e-06
1.64826e-07
-1.4716e-06
1.87648e-07
-3.694e-06
-3.00927e-07
-3.78084e-06
3.1209e-06
-2.02222e-06
-2.2684e-06
-4.0374e-06
-3.92419e-07
-3.42642e-06
-3.11968e-06
2.41848e-06
1.67883e-06
2.29723e-06
3.13174e-06
-2.84045e-06
-4.068e-06
6.97757e-08
-1.49438e-06
-1.52907e-06
-2.89749e-06
3.70458e-06
1.36593e-06
2.78919e-06
3.49991e-06
3.61745e-07
-3.02285e-06
-3.40264e-06
3.63146e-06
-3.81719e-06
-3.27717e-06
4.11368e-06
-1.13482e-06
-3.00155e-06
-2.711e-06
-3.31273e-06
-3.00566e-06
4.10204e-06
-3.00562e-06
3.13336e-06
6.51119e-07
2.97814e-06
-3.01202e-06
4.24296e-06
1.73185e-06
4.27801e-06
1.69488e-06
-3.01702e-06
4.24296e-06
4.27801e-06
-3.24823e-06
-3.22456e-06
-3.4372e-06
3.5607e-06
3.08809e-06
2.78301e-06
-2.86114e-07
1.89261e-06
4.18496e-06
8.99936e-07
3.15347e-06
-2.91386e-06
-3.40075e-06
3.12724e-07
3.01626e-06
2.67209e-06
-3.64038e-06
-3.18298e-07
3.52099e-06
3.13285e-06
3.40092e-06
-3.04704e-06
8.23355e-07
3.04812e-06
3.10869e-06
1.3583e-06
-2.80106e-06
3.34852e-06
-2.7531e-06
4.07696e-06
-3.25487e-06
-4.56283e-07
-3.2146e-06
2.62818e-06
-3.35212e-06
4.15073e-06
7.44618e-07
1.03452e-06
3.19429e-06
-1.78922e-07
2.95801e-06
9.55173e-07
2.95704e-06
-2.95704e-06
-3.26607e-06
3.01769e-06
-5.71156e-07
-2.57067e-06
-2.46545e-06
-2.26944e-06
2.46545e-06
-3.267e-06
7.98617e-07
2.68566e-06
-5.97812e-09
-3.4144e-06
2.31076e-07
-3.09596e-06
3.42573e-06
-2.82157e-06
-3.2231e-06
-1.16042e-06
-2.57991e-06
4.83057e-07
-3.76985e-06
1.40856e-06
2.67189e-06
-3.09481e-06
3.25128e-06
-3.12648e-06
-4.57367e-06
2.22825e-06
2.38656e-06
3.20327e-06
1.40143e-06
2.70335e-06
3.19664e-06
3.16804e-06
-3.05615e-06
3.05615e-06
-3.27331e-06
-1.0225e-06
-2.94799e-06
5.4108e-07
2.46795e-06
2.67488e-06
9.38781e-07
3.18594e-06
-2.98754e-06
-3.27991e-06
-2.74522e-06
-1.07518e-06
-2.88165e-06
-1.23646e-07
4.86769e-07
1.29606e-07
1.52639e-07
-3.3434e-06
3.25544e-06
-3.61292e-06
-7.08735e-07
2.36331e-06
1.8096e-06
3.37474e-06
3.45087e-06
1.80242e-06
2.50059e-06
1.67725e-06
-3.82274e-09
3.07942e-06
1.82439e-06
2.94369e-06
1.0473e-06
2.71896e-06
2.34251e-07
-3.67161e-06
3.34558e-06
2.84824e-06
-2.84824e-06
2.75824e-06
-2.75824e-06
3.82857e-07
2.79632e-06
-2.79632e-06
2.84219e-06
-2.84219e-06
-3.65893e-06
-3.55969e-07
-2.79233e-06
2.7531e-06
3.91084e-06
-9.53805e-07
-4.7571e-07
-7.61613e-07
-3.27675e-06
-3.03575e-06
-2.2898e-06
-2.36709e-06
8.5469e-07
-3.39273e-06
-3.26741e-06
-1.04509e-06
-3.03194e-06
-3.128e-06
-5.79929e-07
2.65189e-06
-3.10556e-06
3.07795e-06
2.71779e-06
1.99282e-06
1.92178e-06
-2.92603e-06
-2.90819e-06
3.48982e-06
1.99348e-06
-3.41436e-06
2.01975e-06
3.2424e-06
-1.14208e-06
-1.1912e-06
-3.11769e-06
3.10974e-06
-3.11274e-06
3.43104e-06
-3.37091e-06
3.18707e-06
3.33381e-06
-3.21902e-06
-1.20049e-06
-1.16292e-06
-1.18783e-06
-2.86338e-06
2.97713e-06
3.92635e-06
3.05844e-06
2.82829e-06
-2.98167e-06
3.4495e-06
2.7023e-06
-2.95958e-06
-1.58108e-07
-1.17971e-06
-3.56122e-07
2.40012e-06
2.08613e-06
3.21843e-06
3.21541e-06
-5.74018e-08
-3.56068e-06
-3.0443e-06
-2.23116e-07
3.58955e-06
-1.10127e-06
2.94485e-06
-1.10208e-06
-3.26942e-06
2.86405e-06
3.28399e-07
2.15635e-06
2.96148e-06
-2.90556e-06
-1.11291e-06
3.32904e-06
-2.706e-07
1.67989e-06
2.39762e-06
3.80058e-06
-2.98682e-06
2.97009e-06
3.1892e-06
-1.04855e-06
1.09267e-06
3.02104e-06
-2.63624e-07
-2.46075e-06
2.75897e-06
-3.37131e-06
-1.01963e-06
2.80106e-06
2.76461e-06
2.57991e-06
1.89415e-06
3.15378e-06
-2.26629e-06
3.2146e-06
9.32036e-07
-5.76518e-08
-2.95739e-06
-3.05676e-06
6.93705e-07
1.06337e-06
-3.14732e-06
-3.10731e-06
2.62482e-06
-3.07106e-06
3.35199e-06
-3.11054e-07
-2.46276e-06
2.77382e-06
-2.02238e-06
2.11982e-06
1.80653e-06
-3.23714e-06
-3.44288e-06
4.25618e-07
-2.86617e-06
-2.71779e-06
-4.26066e-07
3.69146e-06
-3.38934e-07
3.10355e-06
1.1663e-06
4.58589e-07
1.04164e-06
2.3415e-06
-2.65256e-06
3.23697e-06
2.88318e-06
1.21477e-07
-3.11375e-06
2.99228e-06
-1.12154e-07
2.4468e-07
-7.42652e-07
2.84043e-06
-2.71895e-06
-1.59198e-06
6.68056e-07
-3.82214e-06
7.0857e-07
-2.66547e-06
-1.01661e-07
1.12261e-06
6.05131e-07
1.86472e-06
-2.5436e-06
-3.03219e-06
1.00851e-06
-3.22325e-06
4.15234e-07
2.79462e-06
3.08023e-06
1.98309e-06
-2.73091e-06
6.87564e-07
-6.0628e-07
-6.26928e-07
-2.88859e-06
-1.89117e-06
-2.12237e-06
-4.11968e-07
5.10551e-06
-1.83362e-06
5.12209e-06
-2.98178e-06
2.74129e-06
9.63449e-08
-3.07108e-06
-3.08862e-06
-7.78497e-07
2.31434e-06
-2.49756e-06
2.82718e-06
5.25278e-07
-1.73857e-07
3.20517e-06
2.62142e-06
3.09132e-06
3.29163e-06
-1.07692e-06
-2.65567e-06
-2.8325e-06
-2.58782e-06
-8.15691e-07
3.08341e-06
3.28612e-06
3.20134e-07
9.04355e-07
1.9952e-06
-3.11544e-06
2.99979e-06
3.20209e-06
-1.31413e-07
)
;

boundaryField
{
    front
    {
        type            empty;
    }
    back
    {
        type            empty;
    }
    wall
    {
        type            calculated;
        value           uniform 0;
    }
    inlet
    {
        type            calculated;
        value           nonuniform List<scalar> 
12
(
-5.79393e-06
-5.80111e-06
-5.8056e-06
-5.7507e-06
-5.95237e-06
-5.82404e-06
-5.93794e-06
-5.97481e-06
-5.97289e-06
-6.02373e-06
-6.01768e-06
-6.02264e-06
)
;
    }
    outletLeft
    {
        type            calculated;
        value           nonuniform List<scalar> 9(3.96155e-06 3.99482e-06 3.9947e-06 3.9837e-06 3.97015e-06 3.97372e-06 3.97928e-06 4.0334e-06 4.04873e-06);
    }
    aneurysm
    {
        type            calculated;
        value           uniform 0;
    }
    outletRight
    {
        type            calculated;
        value           nonuniform List<scalar> 9(3.8466e-06 3.8762e-06 3.93628e-06 3.7899e-06 3.89731e-06 3.84725e-06 3.88429e-06 3.9384e-06 3.92116e-06);
    }
}


// ************************************************************************* //
