/*--------------------------------*- C++ -*----------------------------------*\
  =========                 |
  \\      /  F ield         | OpenFOAM: The Open Source CFD Toolbox
   \\    /   O peration     | Website:  https://openfoam.org
    \\  /    A nd           | Version:  12
     \\/     M anipulation  |
\*---------------------------------------------------------------------------*/
FoamFile
{
    format      ascii;
    class       surfaceScalarField;
    location    "0.3";
    object      phi;
}
// * * * * * * * * * * * * * * * * * * * * * * * * * * * * * * * * * * * * * //

dimensions      [0 3 -1 0 0 0 0];

internalField   nonuniform List<scalar> 
6438
(
-4.83039e-08
6.0859e-06
-6.0376e-06
-5.19896e-08
7.07051e-06
-7.01852e-06
-6.63511e-06
-1.13322e-06
7.76833e-06
6.29227e-06
-6.91086e-06
6.18594e-07
9.66367e-06
-7.55209e-06
-2.11158e-06
2.17767e-06
7.486e-06
-7.5491e-06
9.13993e-07
-6.53561e-06
6.48362e-06
7.07161e-06
-8.43655e-06
1.36494e-06
6.5598e-06
-7.69885e-06
1.13906e-06
-6.34359e-06
7.72745e-06
-1.38386e-06
1.52127e-06
-6.94758e-06
5.42631e-06
-7.86807e-06
1.52448e-06
6.02908e-06
2.76925e-06
-8.79833e-06
5.66857e-06
-5.71687e-06
-3.20646e-07
6.64181e-06
-6.32116e-06
-8.36909e-06
8.1186e-06
2.50495e-07
-6.33712e-06
7.7031e-06
-1.36598e-06
-7.86966e-06
1.53254e-06
2.49836e-06
5.27092e-06
-7.76928e-06
-1.81762e-06
-1.18578e-06
3.0034e-06
-3.85248e-07
6.95497e-06
-6.56972e-06
-6.4565e-06
-1.04566e-06
7.50217e-06
-7.90697e-06
3.46311e-06
4.44387e-06
-6.85035e-06
6.4651e-06
-6.0838e-06
7.39617e-06
-1.31237e-06
-7.45444e-06
9.9794e-07
7.05123e-06
-5.52996e-06
-6.40583e-06
-1.20848e-06
7.61431e-06
-7.75901e-06
1.67521e-06
5.92326e-06
-7.46322e-06
1.53996e-06
3.25093e-08
-7.26154e-06
7.22903e-06
7.10734e-06
-7.15454e-06
4.71946e-08
-7.04264e-06
1.17988e-06
5.86277e-06
-9.5066e-06
1.54263e-06
7.96396e-06
6.68737e-06
-6.65486e-06
6.74986e-06
-4.57589e-07
4.37865e-06
6.13614e-06
-1.05148e-05
-2.18267e-06
8.21175e-06
-6.2777e-06
6.90097e-06
-6.23271e-07
-7.27753e-06
7.21326e-06
6.42703e-08
-3.01617e-06
5.51452e-06
6.50385e-06
5.59457e-08
-7.82102e-06
7.66077e-06
1.60251e-07
6.9929e-06
-1.06964e-06
-5.28299e-06
4.96235e-06
-9.09557e-06
1.54348e-06
6.91763e-06
6.64684e-07
-7.58232e-06
-5.36113e-06
-1.68151e-06
-9.89344e-07
-6.46951e-06
7.3427e-06
-8.73186e-07
-4.79708e-06
6.93504e-06
-2.13797e-06
6.97674e-06
-6.97674e-06
2.19583e-06
5.29112e-06
6.95248e-07
-5.98637e-06
3.10457e-06
1.51636e-06
-4.62092e-06
5.90427e-06
1.25445e-06
-7.15872e-06
5.70588e-06
-2.24277e-06
-3.30725e-06
-5.78832e-06
-6.87286e-08
6.15161e-06
-6.08288e-06
-7.58504e-06
7.58504e-06
-7.86201e-06
7.94633e-06
-8.43174e-08
3.19956e-07
5.83746e-06
-6.15742e-06
2.17691e-08
-7.15653e-06
7.13476e-06
6.64219e-06
-6.62042e-06
-7.24306e-06
8.37227e-07
-7.25976e-06
-5.61264e-07
-6.24482e-06
6.86881e-06
-6.23986e-07
6.91418e-07
5.98093e-06
-6.67234e-06
-7.34711e-06
7.06442e-06
2.82686e-07
7.15905e-06
-7.15905e-06
6.64848e-06
4.23131e-07
-4.3707e-06
-3.32815e-06
6.23729e-06
1.31561e-06
-7.55291e-06
-6.11568e-06
-1.16185e-06
5.43519e-06
4.19557e-06
-9.63076e-06
-8.41164e-06
5.39547e-06
-5.35954e-06
-3.05211e-06
7.42213e-06
-1.18483e-06
4.41788e-06
-1.31332e-06
6.00089e-06
6.91712e-07
-6.6926e-06
-7.40105e-06
-4.60959e-07
-1.0433e-06
-1.80525e-06
-5.77979e-06
8.02709e-06
-8.02709e-06
-5.30031e-06
-2.0468e-06
-4.79975e-07
-9.02662e-06
-6.92592e-06
6.89813e-06
2.7798e-08
2.49756e-07
-7.01088e-06
6.76112e-06
-7.70044e-07
6.77094e-06
6.92996e-06
1.77383e-07
-7.23956e-06
-1.12954e-06
-7.31516e-06
7.50378e-06
-1.8862e-07
7.61951e-06
-4.26571e-06
-3.3538e-06
6.84562e-06
-6.59586e-06
1.38499e-07
7.66732e-06
-3.90176e-06
-3.76556e-06
4.36513e-06
3.25437e-06
7.04406e-06
-7.04406e-06
-5.4025e-06
7.75266e-06
-2.35015e-06
-6.79204e-06
3.22526e-07
-9.27507e-07
-5.50338e-06
6.43089e-06
-6.36469e-06
2.49007e-07
-6.82317e-06
1.42066e-06
5.88945e-06
1.30512e-06
-7.19458e-06
-4.00707e-07
6.29016e-06
-6.14877e-06
7.10489e-06
-9.56126e-07
-6.53404e-06
2.56345e-07
4.49117e-06
3.17615e-06
6.79858e-06
-1.37227e-06
2.9165e-07
6.68509e-06
-5.87074e-06
-4.93951e-07
6.13967e-06
1.30727e-06
-7.44694e-06
-3.39222e-06
-2.93029e-06
6.32251e-06
4.46833e-06
-5.58839e-07
-3.90949e-06
-7.26154e-06
1.47136e-06
7.28585e-06
-8.75721e-06
-3.37566e-06
1.55804e-06
7.26722e-06
1.28955e-07
7.86685e-06
-4.07426e-06
-3.79259e-06
2.63559e-06
5.23127e-06
7.35804e-06
-1.21837e-06
8.97137e-06
-4.59273e-06
-6.6465e-06
1.51148e-08
6.63138e-06
-9.50519e-06
9.75701e-07
8.52949e-06
-1.09145e-07
-6.59628e-06
6.70543e-06
7.25756e-06
4.03207e-07
-5.59627e-06
5.52754e-06
-6.67884e-06
6.81329e-06
-1.34448e-07
6.76258e-06
-6.87172e-06
6.97595e-06
-6.97595e-06
6.87479e-06
1.95722e-07
6.88823e-06
-1.59711e-06
6.79727e-06
-6.47731e-06
-5.98513e-06
5.05762e-06
6.14512e-08
6.59416e-06
-6.65561e-06
7.74202e-06
-5.42693e-06
-2.31509e-06
-7.15653e-06
-1.02495e-07
7.9666e-08
-6.61527e-06
-6.63209e-06
3.8727e-07
7.69162e-08
6.61045e-06
6.39709e-06
-5.70567e-06
-6.59751e-06
4.48746e-07
6.69529e-06
-1.91443e-07
-2.38652e-07
5.82534e-06
-5.58669e-06
4.57692e-06
3.1651e-06
-6.8632e-06
1.47076e-06
5.39244e-06
6.99065e-06
-5.56075e-08
-9.24842e-06
8.45599e-07
8.40283e-06
-9.37804e-08
-6.56145e-06
6.65523e-06
4.36209e-06
1.06232e-07
4.15338e-07
6.57531e-06
6.50987e-06
5.41357e-07
6.72253e-06
-6.81631e-06
-7.00518e-06
-2.34382e-07
7.14402e-06
-7.67207e-06
5.28047e-07
-6.39037e-06
-2.56124e-07
-7.77615e-06
3.3719e-06
4.40425e-06
7.46132e-09
6.72439e-06
2.30585e-07
-6.32632e-06
7.35572e-06
-1.0294e-06
-6.98229e-06
6.00952e-06
9.72765e-07
-9.43412e-07
2.43677e-06
-1.49336e-06
-2.18538e-06
-5.57363e-06
-7.01088e-06
-5.5539e-08
6.69773e-06
2.04869e-06
5.70397e-06
-1.12475e-07
-6.81882e-06
-3.15301e-08
-1.43492e-07
-7.45775e-06
6.30324e-06
1.15451e-06
-4.40368e-07
5.55356e-06
1.09491e-06
1.09006e-05
-4.76442e-06
-2.3066e-06
-5.56306e-06
6.83819e-06
9.17742e-08
-5.87377e-06
2.48155e-06
-2.63421e-06
-4.16223e-06
6.79645e-06
-2.35181e-06
-5.51626e-06
-3.83196e-06
9.26715e-06
-7.04677e-06
2.27952e-07
-6.6554e-06
6.6812e-06
-2.58e-08
-5.50374e-06
5.26508e-06
-8.04467e-08
-6.52263e-06
6.60308e-06
-7.16866e-06
1.21888e-07
5.982e-06
-7.11724e-06
1.13524e-06
6.66399e-06
-6.74444e-06
5.95578e-06
-2.25584e-06
-3.69994e-06
-9.00486e-06
3.1887e-06
5.81616e-06
6.10893e-06
5.86362e-07
5.0466e-06
3.072e-06
1.4767e-06
6.5504e-06
-1.74869e-06
-6.27841e-06
-7.25129e-06
7.18858e-06
6.27089e-08
-7.2324e-06
-1.88854e-08
-7.19423e-06
-3.81741e-08
1.99256e-08
1.86936e-06
-1.0482e-05
8.61264e-06
-7.78969e-06
9.26105e-06
6.15143e-06
-6.08998e-06
6.571e-06
2.74619e-07
5.36811e-07
5.41897e-06
-6.59628e-06
-5.98105e-06
5.95161e-06
7.44148e-07
-6.69576e-06
-3.49321e-08
-1.41804e-06
1.04692e-05
-9.05112e-06
9.93211e-06
-7.16286e-06
-3.01016e-06
4.52652e-06
-1.90852e-06
-5.86763e-06
-5.21565e-06
-3.78921e-06
-6.59541e-06
-4.09769e-07
-6.64095e-06
6.64004e-06
9.16658e-10
-1.05146e-06
6.23761e-06
-5.18615e-06
-7.12445e-06
7.1746e-06
-5.01523e-08
-7.05022e-06
-7.42265e-08
-9.06658e-06
5.6334e-07
8.50324e-06
-6.33983e-06
-4.11277e-07
6.7511e-06
7.09732e-06
7.72807e-08
-1.26213e-06
-7.75701e-06
2.82306e-06
4.93395e-06
4.55478e-08
-4.10977e-06
-3.64724e-06
-9.6908e-08
-7.27038e-08
-6.48656e-06
6.55926e-06
-6.67256e-06
3.32729e-07
6.02983e-06
8.08357e-07
6.94937e-06
-6.65772e-06
6.60219e-06
-6.67489e-06
6.57254e-06
1.90036e-07
3.22881e-06
6.7033e-06
6.86987e-06
-1.31631e-06
-5.38509e-07
-8.96669e-06
-3.94402e-07
5.41897e-06
-5.02457e-06
-7.01677e-06
-3.345e-08
-7.01584e-06
-9.37551e-10
7.073e-06
-7.02255e-06
-5.04534e-08
6.99502e-06
7.79782e-08
-6.56145e-06
1.61865e-06
-2.22378e-06
6.0513e-07
-7.91998e-06
4.63136e-06
3.28862e-06
3.55239e-06
-7.11941e-06
3.56701e-06
-6.21386e-06
-5.78185e-07
-6.61886e-06
6.58601e-06
3.28522e-08
-6.88815e-06
6.64196e-06
2.46193e-07
-5.49644e-07
7.04865e-06
-6.499e-06
-6.83914e-06
1.66579e-07
-7.5933e-06
9.46266e-06
-7.07696e-07
-6.15551e-06
-7.13828e-06
6.58864e-06
-5.59458e-06
-5.15383e-07
6.10996e-06
-5.24785e-06
6.94962e-06
4.54013e-08
-4.7651e-06
-1.27404e-06
1.41281e-06
-1.38776e-07
-6.62165e-08
2.54721e-07
-9.05818e-06
8.80346e-06
-5.08026e-06
-2.46885e-06
-7.05142e-06
6.90581e-06
1.45614e-07
-6.94285e-06
-1.08574e-07
-2.49884e-06
1.55543e-06
6.56086e-06
1.61671e-07
7.00892e-06
-1.17146e-06
6.93543e-06
-6.92684e-06
-8.58133e-09
-1.88755e-08
-6.43722e-06
6.4561e-06
7.2576e-06
-5.20891e-06
-8.71209e-08
7.20845e-06
4.06287e-06
-1.12713e-05
7.14309e-06
-7.14309e-06
1.10148e-06
6.48356e-06
-2.52018e-06
-4.45656e-06
-5.69121e-06
6.85783e-06
-1.16662e-06
-7.6244e-07
-6.12571e-06
6.56906e-06
-6.58793e-06
-6.28902e-06
1.08463e-07
6.18056e-06
1.20763e-06
-6.37529e-06
5.16766e-06
-6.60023e-06
6.53262e-06
6.76104e-08
4.21532e-06
3.04227e-06
-2.05858e-07
-1.06818e-06
-3.95931e-06
-3.96066e-06
-1.51248e-06
-7.04491e-06
7.18596e-07
-6.52263e-06
5.91002e-06
1.234e-06
-5.4944e-06
-6.16601e-06
5.71426e-07
-6.29233e-06
3.65811e-06
7.13878e-06
-5.80416e-06
-1.33462e-06
1.22035e-06
5.72902e-06
-5.05883e-06
-2.39561e-06
-6.98503e-06
6.98503e-06
6.98445e-06
-6.71552e-06
-2.68929e-07
4.02885e-07
-6.61674e-06
-5.58753e-06
6.31584e-06
-7.28317e-07
-2.21544e-06
1.02967e-06
6.50823e-06
-6.5399e-06
3.16753e-08
6.83168e-06
7.41281e-08
6.90539e-06
7.9059e-08
1.04373e-05
-6.66007e-06
-1.79062e-07
-5.84292e-06
4.79146e-06
6.55241e-06
1.11577e-07
6.88401e-06
-6.84434e-06
-3.96721e-08
-5.88383e-08
-9.51622e-08
7.18771e-07
-5.90257e-06
5.1838e-06
-2.08116e-07
-9.04031e-06
2.16204e-06
4.89232e-07
-6.07676e-06
-6.58692e-06
6.48654e-06
1.00377e-07
6.5731e-06
-5.91093e-07
-3.07086e-06
-4.08368e-06
-9.20773e-06
6.82579e-07
-3.69274e-06
-1.0933e-06
2.68232e-08
6.77193e-06
-6.02778e-06
-6.48656e-06
-6.49742e-06
1.69097e-07
6.32832e-06
9.17313e-06
1.29603e-06
5.28538e-06
2.66095e-06
6.39725e-06
-2.84485e-06
6.68234e-06
-3.79103e-07
1.53196e-05
-1.12568e-05
-1.0482e-05
-3.35912e-06
-3.62317e-06
-8.43995e-08
7.12197e-06
-6.67229e-06
-4.49673e-07
6.74921e-06
1.5618e-07
7.81231e-07
-6.47244e-06
-4.80185e-06
5.52062e-06
6.54545e-06
5.67349e-08
5.14179e-06
2.28034e-06
6.86642e-06
2.55542e-07
6.85972e-06
-6.76133e-06
-9.83929e-08
-3.08694e-06
-4.37629e-06
-3.08672e-07
6.31819e-06
1.17675e-07
-7.27672e-06
5.68831e-06
-4.48068e-06
-9.51308e-08
1.44205e-07
5.5456e-06
-6.02437e-06
4.78768e-07
1.01339e-06
5.84444e-06
9.31063e-06
-9.05591e-06
3.24006e-06
4.10265e-06
-6.57024e-06
6.49292e-06
7.73155e-08
-1.51845e-07
-3.81709e-06
2.08803e-06
1.72906e-06
-6.8411e-08
7.13822e-06
-7.13822e-06
8.05717e-06
-4.67065e-06
-3.38652e-06
-5.91965e-06
-9.91217e-07
4.98996e-06
2.36808e-06
6.82697e-06
3.94528e-08
-6.43722e-06
6.3869e-06
4.04906e-08
-6.42739e-06
5.23026e-06
7.27672e-06
-7.22903e-06
1.84977e-07
8.49868e-06
-7.52298e-06
6.58182e-06
-7.01413e-06
6.53457e-06
-1.47669e-07
5.89874e-06
-6.38264e-06
6.34898e-06
3.36601e-08
2.99088e-07
5.11981e-06
-5.4189e-06
-5.80978e-06
4.79753e-06
-4.35439e-07
6.07732e-06
8.23648e-07
-5.80039e-08
-5.61635e-06
-9.81166e-07
-8.40776e-06
5.32083e-06
8.79003e-09
-6.39916e-06
-6.81511e-06
-3.23169e-07
9.1298e-06
-4.93423e-06
6.5641e-08
-1.181e-06
7.25879e-06
-6.07779e-06
-3.10099e-06
-7.16099e-07
6.3578e-06
-6.42684e-06
6.90386e-08
-6.58182e-06
6.52407e-06
2.82948e-06
4.04412e-06
-6.87359e-06
6.84198e-06
-1.29638e-06
5.68887e-07
6.07292e-06
6.71051e-06
6.45204e-07
7.31779e-07
8.86867e-07
-7.13476e-06
1.58816e-07
-5.66538e-06
6.44661e-06
-3.28092e-06
3.9635e-06
6.06457e-07
-5.95279e-06
5.34634e-06
-4.78212e-08
1.27235e-07
-5.93953e-06
-6.7525e-06
6.62904e-06
1.23453e-07
-6.47856e-06
6.74401e-07
4.2253e-06
3.83187e-06
-3.64534e-06
7.47618e-06
-3.83084e-06
7.49113e-06
-6.99369e-06
-4.97442e-07
1.85444e-07
4.61209e-06
-6.42869e-06
-6.87333e-08
6.52493e-06
9.64067e-09
3.22708e-06
-1.13906e-06
8.30614e-06
-7.46054e-06
5.95801e-06
9.10798e-07
3.76353e-07
-6.62539e-06
1.00904e-06
1.02172e-07
-5.76755e-06
7.39897e-06
-5.97831e-06
6.03226e-06
-3.67239e-07
-5.74187e-06
6.10911e-06
-6.49332e-06
6.76164e-06
-8.04427e-08
-9.83672e-06
7.85602e-07
-4.14682e-08
6.36934e-06
1.23584e-07
-6.01576e-06
-6.60033e-06
6.57236e-06
2.79661e-08
7.89454e-06
-4.58319e-06
-3.31135e-06
-5.5394e-06
-4.98557e-07
6.03796e-06
-1.49717e-08
-6.52874e-06
1.40371e-07
-7.05354e-07
6.97183e-06
-6.26648e-06
-6.39182e-06
6.4235e-06
-9.2747e-06
-1.35446e-06
-8.9725e-06
8.74785e-06
2.24655e-07
5.12206e-06
2.60539e-06
5.99647e-06
5.37306e-07
-6.53378e-06
6.3713e-06
-2.62365e-07
5.13762e-06
2.56549e-06
-4.5463e-06
1.44531e-06
-6.43818e-06
5.59371e-06
-6.36375e-06
-8.64394e-06
8.61253e-06
3.14121e-08
7.81083e-06
-6.26819e-06
6.36799e-06
-1.90066e-08
3.91426e-07
-5.93877e-06
5.54734e-06
-9.60203e-08
-8.54792e-06
7.71796e-06
-7.71796e-06
-3.51096e-06
6.62111e-06
-3.11015e-06
-6.374e-06
6.374e-06
6.51615e-06
-5.76085e-06
-7.55302e-07
6.06328e-06
1.4405e-06
6.79182e-06
-5.57147e-06
6.7156e-06
-7.55634e-08
-5.25781e-06
-8.42537e-07
6.10035e-06
-8.5385e-06
8.56735e-06
-2.88521e-08
7.87217e-06
-4.73848e-06
-3.13369e-06
1.15124e-06
5.64058e-06
-8.62789e-06
8.58472e-06
4.31637e-08
-1.24618e-09
-6.27496e-08
8.51418e-06
-8.45143e-06
-8.59486e-06
8.59486e-06
-1.02436e-07
6.46024e-06
9.22258e-06
-8.5978e-06
-6.2478e-07
-8.63321e-06
8.57046e-06
8.62589e-06
-8.58183e-06
-4.40612e-08
-6.28531e-06
-1.41532e-07
7.35109e-06
-9.79771e-08
8.56839e-06
-8.47041e-06
8.57109e-06
-8.58719e-06
1.61033e-08
-6.47788e-06
8.52662e-06
-1.24395e-08
-6.59228e-06
6.53327e-06
5.90096e-08
-8.52495e-06
8.55557e-06
-3.062e-08
6.52983e-06
-6.36073e-06
-8.6104e-06
8.51242e-06
6.60324e-06
-2.09819e-06
3.14437e-06
4.11442e-06
-4.77456e-06
-3.6332e-06
-8.58044e-06
8.58044e-06
-8.6198e-06
-1.34083e-08
7.97982e-06
-1.4628e-06
-6.51703e-06
-5.62659e-06
3.82133e-06
2.15163e-07
8.54028e-06
-8.56667e-06
2.63877e-08
6.28657e-06
-6.27976e-06
-6.80556e-09
8.80636e-06
-8.57774e-06
-2.28613e-07
8.49601e-06
4.42629e-08
8.48039e-06
8.79987e-08
-1.73937e-08
-6.3566e-06
-7.86506e-06
4.32901e-06
3.53605e-06
-6.34761e-06
6.3881e-06
8.52285e-06
-2.68345e-08
8.95417e-07
5.78692e-06
4.58276e-06
-1.75328e-06
-8.59792e-06
-1.24851e-08
7.0126e-06
4.16168e-06
-7.09197e-06
-1.07961e-06
-8.75712e-06
6.39633e-06
-6.43291e-06
3.6585e-08
-2.96385e-07
-8.67612e-06
6.66061e-06
-7.45971e-08
7.40657e-06
-5.06818e-06
-2.33838e-06
-6.41029e-06
8.53578e-06
-8.53578e-06
6.1053e-06
7.71141e-08
-6.18241e-06
6.57328e-06
-8.55372e-06
8.54254e-06
1.11885e-08
8.49339e-06
-8.57511e-06
8.17151e-08
5.40826e-06
-7.15695e-06
-2.27765e-08
-8.4935e-06
8.51628e-06
8.47394e-06
-8.49672e-06
-2.83943e-07
9.03179e-06
-6.78785e-06
7.35119e-06
-7.67631e-06
5.32451e-06
-1.34988e-07
8.74752e-06
7.35765e-07
3.79075e-06
6.96189e-08
7.91021e-06
-2.2568e-08
6.84692e-06
-6.82435e-06
-5.81122e-08
-8.5743e-06
-5.35852e-08
7.03675e-06
-7.0354e-07
-6.33321e-06
-8.51718e-06
8.51718e-06
5.00332e-06
-4.30807e-06
-8.58781e-06
8.56536e-06
2.24579e-08
6.5583e-06
-6.5583e-06
6.38622e-06
-9.96495e-08
8.52885e-06
-8.54254e-06
1.36948e-08
-8.23132e-06
2.25027e-06
8.72435e-09
-6.33533e-06
6.32661e-06
6.87072e-06
-5.74357e-08
8.54692e-06
7.89765e-08
5.1844e-06
8.85206e-07
-6.0696e-06
8.57292e-06
-4.63085e-08
6.65884e-06
-6.65884e-06
8.51838e-06
-8.4888e-06
-2.95761e-08
-6.51308e-06
6.46557e-06
4.75182e-08
8.58359e-06
-8.55752e-06
-2.60662e-08
-8.53125e-06
8.53125e-06
1.26756e-06
5.97237e-06
2.01139e-07
-6.17351e-06
-8.58851e-06
8.56619e-06
2.23149e-08
-3.15526e-08
-6.43061e-06
6.39416e-06
2.16928e-09
7.98294e-06
-1.51054e-06
-6.4724e-06
5.51488e-06
8.49677e-06
-8.52018e-06
2.34129e-08
6.56613e-06
7.0158e-06
9.89097e-08
6.00639e-06
8.7126e-06
-1.65687e-07
8.46896e-06
2.78126e-08
6.23131e-06
-6.23131e-06
-3.28092e-06
8.61658e-06
-8.54896e-06
-2.61472e-08
8.54446e-06
-8.51227e-06
-3.21951e-08
1.66908e-07
-8.70666e-06
8.53975e-06
8.94681e-07
-8.61264e-06
-8.57296e-06
8.55822e-06
1.47416e-08
6.18903e-06
-6.1862e-06
-2.82591e-09
6.51615e-06
-5.75131e-06
5.75131e-06
8.4861e-06
-1.71393e-08
-6.36329e-06
-5.93877e-06
5.99647e-06
6.60132e-06
-6.86961e-08
-1.92832e-08
6.76021e-07
-8.42795e-06
8.5431e-06
-8.54577e-06
2.66585e-09
2.04795e-07
5.98423e-06
1.97116e-07
6.83964e-06
6.43703e-06
-5.08157e-08
-8.55377e-06
8.54392e-06
9.85324e-09
8.4784e-06
-8.50196e-06
2.3555e-08
-8.5462e-06
-4.16142e-08
8.52293e-06
-8.50057e-06
-2.23579e-08
6.43509e-06
1.23211e-07
8.52833e-06
3.70242e-08
-1.06671e-08
8.50912e-06
3.47956e-08
-1.30704e-09
-6.30233e-06
-8.63884e-06
9.09126e-08
-6.39359e-06
6.39359e-06
7.80808e-08
7.90486e-06
-6.49656e-06
1.23875e-06
4.46083e-08
8.52648e-06
3.54077e-07
-6.14093e-06
5.78685e-06
5.90298e-08
8.53583e-06
8.14297e-06
-8.88174e-06
6.42863e-06
2.30205e-07
8.47394e-06
-6.59982e-08
6.03837e-06
-6.21796e-06
3.176e-08
6.12528e-06
-9.40887e-07
-8.4951e-06
8.4951e-06
-8.54067e-06
-4.78392e-08
5.76085e-06
-5.97261e-06
2.11765e-07
-8.53583e-06
6.29182e-06
-6.2831e-06
8.52413e-06
4.20651e-08
-8.52816e-06
-7.58379e-06
5.27719e-06
-8.56446e-06
8.55025e-06
1.42146e-08
5.82477e-06
5.46529e-07
6.33533e-06
3.86616e-08
-8.46774e-06
8.52567e-06
-5.79344e-08
-6.43089e-06
6.37357e-06
5.73213e-08
-8.49485e-06
2.71091e-08
6.40787e-06
-1.37116e-08
3.56559e-07
-6.62455e-06
6.26799e-06
8.4928e-06
-8.53034e-06
3.7541e-08
6.90875e-06
-7.23191e-06
8.49187e-06
-8.49094e-06
-9.23923e-10
-5.42878e-06
5.42878e-06
-6.68317e-06
6.68317e-06
-8.48215e-06
-1.26984e-08
-3.9635e-06
4.69926e-06
-8.50634e-06
8.49383e-06
1.25033e-08
6.61911e-08
8.51425e-06
5.30572e-06
-4.69926e-06
-5.30572e-06
5.60481e-06
5.63281e-06
-6.47534e-06
7.75986e-06
-4.59934e-06
-3.16053e-06
-8.53681e-06
-3.61522e-08
-1.23265e-06
-5.60481e-06
6.83746e-06
8.52614e-06
3.20781e-08
-6.45939e-06
5.98688e-06
8.55058e-06
-8.53332e-06
-1.72578e-08
-8.50047e-06
-6.40151e-06
6.42944e-06
-1.98123e-07
-2.2734e-08
8.54558e-06
8.50997e-06
-6.32661e-06
-8.71273e-06
-5.11057e-06
6.53378e-06
-1.42321e-06
-8.46296e-06
-3.05431e-08
8.49879e-06
1.03311e-08
4.95689e-06
-5.06279e-06
1.05897e-07
9.71985e-09
5.97261e-06
-6.21189e-06
2.39278e-07
3.90927e-06
3.98527e-06
-8.53299e-06
-3.14771e-08
-6.46172e-06
8.46143e-06
-8.45439e-06
-7.04215e-09
8.52282e-06
2.74305e-08
-8.54744e-06
8.53824e-06
9.19854e-09
6.53318e-06
6.43509e-06
-8.48311e-06
8.46461e-06
1.84962e-08
8.54298e-06
-8.53926e-06
-3.72678e-09
-6.35281e-06
6.42863e-06
8.47907e-06
-8.47907e-06
3.36943e-08
8.55103e-06
-5.35383e-06
-1.14273e-06
8.49694e-06
-4.13696e-09
-1.09372e-06
5.80518e-06
-4.71146e-06
8.47513e-06
-8.46779e-06
-7.33922e-09
2.59027e-08
8.50988e-06
8.45975e-06
-8.46724e-06
7.48348e-09
-8.55851e-06
-8.52782e-06
-5.13442e-06
7.30508e-09
8.53523e-06
-8.92324e-09
-8.50453e-06
8.51346e-06
-8.47967e-06
8.46121e-06
1.84664e-08
-8.53263e-06
-1.48008e-08
-6.45958e-06
-6.23816e-06
2.0202e-08
8.52397e-06
1.42652e-08
-8.472e-06
8.46843e-06
3.5761e-09
-8.47784e-06
3.18105e-08
8.44603e-06
8.53007e-06
2.05125e-08
-8.50369e-06
-2.96386e-08
-6.20248e-06
-2.88329e-08
8.52588e-06
-8.53115e-06
5.26999e-09
8.4751e-06
-8.48402e-06
-8.49273e-06
8.48103e-06
1.17068e-08
8.4716e-06
-8.46473e-06
-6.86638e-09
6.38789e-06
5.69532e-09
8.52872e-06
1.42624e-08
-8.51686e-06
-2.2392e-08
-8.54814e-06
6.42944e-06
-8.47613e-06
8.45926e-06
1.68635e-08
5.62576e-06
-5.993e-06
-8.45222e-06
8.48388e-06
-3.16588e-08
8.47837e-06
-8.49101e-06
1.26328e-08
-2.06302e-08
-8.5244e-06
-8.23497e-09
-2.20704e-08
-7.5243e-06
5.33893e-06
-1.4526e-08
8.4751e-06
-1.39936e-08
-9.0146e-09
-8.5316e-06
7.20561e-09
3.26129e-06
7.1697e-06
-1.0431e-05
-1.76706e-06
8.52596e-06
-8.26821e-11
-8.50988e-06
1.56558e-08
8.50153e-06
-8.51512e-06
-1.60279e-08
-6.40922e-06
-8.5401e-06
8.49536e-09
2.97207e-08
8.49913e-06
-1.37802e-09
4.02745e-08
-8.39553e-06
8.35525e-06
8.53771e-06
-8.53333e-06
-4.37417e-09
-6.52347e-06
1.16964e-06
8.52126e-06
-8.50632e-06
-1.49405e-08
-8.52689e-06
-6.32218e-06
-3.33428e-07
8.46979e-06
-8.46311e-06
-6.68279e-09
4.44157e-08
-8.40352e-06
8.3591e-06
-8.53558e-06
8.51966e-06
1.59189e-08
-6.45386e-06
6.4008e-06
5.30612e-08
7.53716e-09
-8.53552e-06
-4.5758e-09
-6.4888e-06
1.3457e-06
5.14309e-06
-8.52435e-06
-1.12339e-08
8.53491e-06
2.79363e-09
-8.52091e-06
-1.24203e-08
-3.38632e-08
-8.53604e-06
5.16411e-10
-6.13784e-06
-7.18579e-07
6.85642e-06
4.90244e-06
3.58333e-08
-8.50153e-06
6.40206e-06
-2.84884e-08
-8.46931e-06
8.46931e-06
-1.63805e-08
8.5308e-06
4.10831e-09
-6.74877e-09
1.32057e-08
1.35989e-08
8.53404e-06
-3.23263e-09
5.04964e-09
8.53183e-06
-8.53189e-06
5.93579e-11
6.15867e-06
-6.15867e-06
-8.51423e-06
8.49593e-06
1.82956e-08
8.48347e-06
-8.47475e-06
-8.72006e-09
-1.19633e-08
8.52869e-06
5.34634e-09
8.52912e-06
2.71827e-09
-3.20302e-09
8.53e-06
8.52162e-06
-8.52635e-06
4.72698e-09
-8.60383e-06
-8.49439e-06
-1.98385e-08
6.56711e-06
-8.05734e-08
8.51396e-06
7.66431e-09
7.14032e-08
8.52046e-06
-8.51111e-06
-9.35886e-09
-6.08687e-06
6.08687e-06
4.75767e-08
8.48367e-06
-8.468e-06
8.48157e-06
-1.35734e-08
8.51865e-06
1.81838e-09
6.90539e-08
6.36798e-06
8.50856e-06
-8.50538e-06
-3.1768e-09
-8.44151e-06
-2.64853e-08
8.48441e-06
-8.49136e-06
6.94162e-09
8.50306e-06
5.4978e-09
8.51879e-06
1.03226e-08
-8.4408e-08
-8.42013e-06
-1.46073e-08
-7.50104e-07
-5.72234e-06
8.47118e-06
-8.47939e-06
8.21155e-09
2.55568e-07
5.9031e-06
8.50747e-06
-8.49951e-06
-7.96707e-09
-7.55789e-09
-1.44766e-07
-7.08159e-06
7.22636e-06
-6.16242e-06
6.23233e-06
-6.99072e-08
-8.43149e-06
8.43419e-06
-2.69135e-09
8.4977e-06
9.77084e-09
-8.47261e-06
-5.29799e-06
8.55928e-06
8.50101e-06
-8.48892e-06
-1.20891e-08
-8.50924e-06
8.50947e-06
-2.30623e-10
8.48471e-06
-8.47701e-06
-7.70301e-09
-8.24165e-07
-7.27743e-06
8.10159e-06
8.4923e-06
8.70238e-09
-8.43791e-06
6.41725e-09
8.50222e-06
-8.49132e-06
-1.09058e-08
6.38789e-06
-6.54164e-06
6.54164e-06
8.49907e-06
-8.48306e-06
-1.60115e-08
-1.63776e-08
8.50248e-06
-1.33098e-08
-6.39712e-06
8.48711e-06
1.19601e-08
-8.50848e-06
-1.58654e-08
-8.42501e-06
8.42947e-06
-4.45294e-09
8.5093e-06
4.65616e-09
1.43448e-07
8.4239e-06
-1.8016e-09
8.50138e-06
2.15491e-08
6.36782e-06
3.42367e-08
9.92891e-10
-8.4333e-06
8.28085e-09
6.49649e-07
2.3543e-08
2.74673e-07
8.47675e-06
-8.4847e-06
7.95156e-09
-8.41608e-06
8.42585e-06
-9.76582e-09
1.50041e-07
-6.37662e-06
6.22658e-06
1.13974e-06
-6.64212e-06
5.50238e-06
2.43561e-06
6.01999e-06
-6.01999e-06
8.47091e-06
-8.47091e-06
-6.97906e-06
3.9075e-09
-8.48701e-06
6.50118e-06
8.49954e-06
1.91018e-08
-1.60447e-06
-2.98071e-06
4.58518e-06
-8.42832e-06
1.22366e-08
-8.43322e-06
-2.73432e-07
3.60389e-06
-5.94752e-06
2.34363e-06
-5.83541e-09
5.7468e-08
8.42641e-06
2.48349e-08
6.38303e-06
-8.51148e-06
1.78864e-08
8.47722e-06
5.4076e-06
-6.59809e-06
1.19049e-06
5.50428e-06
-1.90038e-06
-1.05725e-08
-8.4691e-06
8.51272e-06
-8.45525e-06
-8.48845e-06
-8.40496e-06
8.39698e-06
7.98134e-09
1.85134e-09
8.49198e-06
8.46214e-06
8.7773e-09
7.73224e-06
-5.13051e-06
-2.60173e-06
-3.07545e-08
6.45939e-06
8.48972e-06
1.33402e-08
7.72936e-06
-8.55352e-06
5.72552e-08
8.42621e-06
-9.99649e-09
-8.46613e-06
-8.41474e-06
9.77581e-09
-6.18252e-06
2.01006e-08
6.49474e-06
-5.2069e-06
-1.28784e-06
8.44711e-06
-8.44785e-06
7.43798e-10
-9.78645e-09
2.43677e-06
-3.42584e-06
-3.21067e-06
6.63651e-06
8.46277e-06
-8.47581e-06
1.3039e-08
6.74739e-06
-6.67027e-06
-2.44994e-08
6.45958e-06
-5.54756e-06
3.94309e-06
8.45427e-06
-8.46278e-06
8.5085e-09
8.50282e-06
-8.44556e-06
-6.36938e-06
2.10715e-07
-6.3936e-06
6.38612e-06
7.47084e-09
6.21189e-06
-6.35666e-06
1.34424e-07
8.42114e-06
-6.44797e-06
6.25749e-06
-2.2766e-07
8.48976e-06
-8.47946e-06
-1.02998e-08
6.61112e-06
-6.31688e-06
-2.94242e-07
8.46214e-06
-5.10124e-09
-8.4669e-06
-6.25917e-06
2.10009e-08
7.8423e-07
4.80776e-06
-5.59199e-06
-8.39423e-06
8.38513e-06
9.10539e-09
8.4489e-06
2.94771e-08
-5.35167e-06
-1.12367e-06
6.13295e-08
8.42338e-06
8.47584e-06
-8.49556e-06
1.97189e-08
8.46534e-06
-1.56547e-08
-8.43873e-06
-6.62319e-06
-1.11587e-06
8.48009e-06
1.76083e-08
9.01394e-06
-1.84423e-06
-5.11366e-08
8.47155e-06
-8.42041e-06
8.46798e-06
7.86384e-09
-8.40613e-06
1.1895e-08
-8.43078e-06
-6.01676e-08
-1.62147e-08
8.35848e-06
-8.34226e-06
1.09772e-08
8.46809e-06
8.50392e-06
-8.44259e-06
-8.47722e-06
-3.22849e-08
6.46172e-06
-8.82302e-09
6.40993e-06
-3.32641e-07
-6.07729e-06
8.58438e-08
6.32409e-06
-8.37039e-06
8.35417e-06
-8.47605e-06
-1.83383e-08
5.38069e-06
1.11405e-06
-3.22108e-08
6.55679e-06
-6.52458e-06
-5.42945e-06
-4.54406e-06
5.32829e-06
-7.08512e-06
8.74696e-07
6.21043e-06
8.46455e-06
6.4399e-09
-8.47423e-06
8.39099e-08
8.42881e-06
8.45181e-06
-8.45305e-06
1.23917e-09
8.47029e-06
-8.4451e-06
-2.51936e-08
-8.48176e-06
5.52107e-09
-1.2307e-08
-6.39959e-06
6.4119e-06
1.2156e-09
8.47981e-06
-5.88387e-06
1.72164e-06
-8.47058e-06
8.46588e-06
4.6953e-09
-8.38244e-06
8.37246e-06
9.98097e-09
8.12265e-08
6.93264e-06
-6.7315e-06
5.07795e-06
-1.21058e-07
-4.37983e-08
8.47629e-06
-8.4325e-06
-7.55956e-06
4.13373e-06
8.4616e-06
7.49343e-09
-8.47222e-06
8.47042e-06
2.18793e-08
-7.91818e-06
7.99916e-08
7.83819e-06
1.32019e-08
-8.39565e-06
8.45365e-06
-8.44475e-06
-8.89407e-09
-2.66739e-07
8.50396e-06
-8.23723e-06
-1.26379e-08
-1.73651e-06
7.9574e-06
-6.2209e-06
-6.36938e-06
-7.0736e-06
8.45897e-06
-4.70031e-09
7.40603e-08
8.42876e-06
8.24577e-06
8.53857e-06
-8.53199e-06
-6.57447e-09
-1.14594e-09
-6.40869e-06
6.40984e-06
-8.4638e-06
8.45807e-06
5.73329e-09
1.71026e-07
-6.37351e-06
6.20248e-06
8.47501e-06
-8.47145e-06
-3.5592e-09
-6.56258e-06
6.53037e-06
8.45007e-06
-8.44357e-06
-6.49636e-09
2.36805e-08
8.44661e-06
-9.04001e-08
8.49511e-06
-8.4693e-06
9.11595e-08
-6.24858e-06
8.46876e-06
-8.46734e-06
-1.42188e-09
8.46469e-06
4.94734e-09
-8.46806e-06
8.42139e-06
1.79201e-08
-8.43931e-06
2.01555e-09
8.46988e-06
-8.4462e-06
-2.0056e-08
-6.41402e-06
6.43407e-06
4.54671e-06
-6.69174e-06
2.14502e-06
-1.42926e-06
-6.48892e-06
-6.21317e-06
-1.40081e-06
-5.45834e-06
-8.45948e-06
4.86245e-08
8.41085e-06
-6.45326e-06
6.41402e-06
3.92434e-08
-1.96315e-06
-5.1938e-06
-8.4552e-06
7.54901e-06
-8.43769e-06
8.4525e-06
-1.48097e-08
-7.05237e-06
7.01728e-07
6.35064e-06
6.72811e-06
-5.17061e-06
-1.5575e-06
-8.46715e-06
1.69126e-08
8.45024e-06
6.42329e-06
-6.34363e-06
1.76569e-08
8.43599e-06
-8.46809e-06
8.57641e-09
8.46073e-06
8.45963e-06
2.74817e-08
-1.39295e-09
-8.46584e-06
-2.72264e-08
-8.44335e-06
-8.44615e-06
6.41579e-06
-6.3358e-06
-3.59288e-08
1.8076e-06
5.59897e-06
-5.80071e-06
5.80071e-06
7.32875e-08
8.43063e-06
-9.59669e-06
-7.80901e-06
7.80786e-06
8.47105e-06
6.41099e-06
-6.3655e-06
-8.45792e-06
8.43069e-06
-7.14834e-06
7.31936e-06
8.4521e-06
-8.44472e-06
-7.3796e-09
1.01815e-08
8.46099e-06
-8.55986e-06
6.44195e-06
-6.462e-06
-8.45562e-06
1.41037e-08
3.18306e-06
8.47633e-06
-8.46602e-06
-1.03092e-08
-8.47081e-06
8.45249e-06
-8.44544e-06
-7.04936e-09
-8.45104e-06
-8.4403e-09
8.43328e-06
-8.40745e-06
-6.46531e-06
7.77258e-06
8.44521e-06
-8.44241e-06
-2.80347e-09
-1.48789e-08
8.43627e-06
-6.45326e-06
5.59194e-06
-6.06127e-06
4.69327e-07
-1.03978e-05
1.03978e-05
8.46704e-06
8.4687e-06
-2.1432e-08
1.41129e-08
-8.4665e-06
8.49566e-06
-2.9155e-08
8.44994e-06
-8.44289e-06
-7.05437e-09
-7.0126e-06
6.67918e-06
2.59427e-08
8.44561e-06
-8.46708e-06
2.28029e-08
8.44428e-06
-8.44238e-06
8.46061e-06
-8.44925e-06
-6.48365e-06
-8.46005e-06
2.81699e-08
8.43188e-06
-6.49339e-06
-1.81844e-08
6.33855e-06
-6.38736e-06
4.88028e-08
8.43887e-06
-8.44598e-06
7.11189e-09
1.5603e-07
-8.45991e-06
8.44592e-06
1.39893e-08
8.45416e-06
-6.19801e-06
-6.15377e-06
-1.05398e-07
8.46532e-06
-8.46532e-06
-4.37118e-08
6.4316e-06
-8.46073e-06
8.44837e-06
-8.44133e-06
-7.03953e-09
8.46421e-06
-4.7054e-08
-8.45352e-06
-6.29171e-06
-7.89885e-07
-6.44757e-06
5.05769e-06
-5.64924e-06
5.91543e-07
-1.26735e-06
-5.46122e-06
6.72857e-06
8.43295e-06
-8.41064e-06
5.46075e-06
-6.37662e-06
-1.81443e-08
-8.449e-06
8.4529e-06
-8.44589e-06
-7.0093e-09
6.49396e-06
-6.52549e-06
-1.78887e-06
-1.17742e-06
2.96629e-06
-6.73694e-06
6.79289e-06
6.51745e-06
-6.4316e-06
-2.57335e-08
-6.31995e-06
6.34569e-06
-2.89293e-08
-6.27254e-06
6.30147e-06
2.12513e-08
-6.57005e-06
6.5488e-06
6.00493e-08
-6.59644e-06
6.53639e-06
3.0418e-08
-6.46546e-06
6.43504e-06
-1.29705e-08
-6.32713e-06
6.3401e-06
-1.54416e-08
-6.32188e-06
6.33733e-06
3.80833e-06
-2.56539e-06
-1.24294e-06
5.61476e-06
4.09935e-08
8.4353e-06
6.19061e-06
-6.22303e-06
3.24205e-08
1.98827e-08
-8.44959e-06
8.42971e-06
8.47137e-06
-8.47137e-06
8.35921e-06
-2.21742e-09
-8.35699e-06
-2.79861e-08
-8.42993e-06
8.44775e-06
-8.44041e-06
-7.34826e-09
-5.25004e-06
-6.89458e-06
-1.57788e-07
5.53604e-06
1.07508e-06
8.46456e-06
-8.45331e-06
-1.12564e-08
-6.44355e-06
6.69404e-06
2.79523e-08
8.44193e-06
-4.64282e-06
-2.91674e-06
6.12084e-08
6.06632e-06
-6.12753e-06
-4.33142e-06
-7.31368e-07
-1.45312e-06
-9.01102e-07
2.35422e-06
6.3539e-06
6.35502e-06
6.63366e-06
6.63333e-06
6.58738e-06
6.50425e-06
-2.95244e-08
-6.37267e-06
6.4022e-06
6.37492e-06
-7.09993e-09
-2.51197e-06
8.45046e-06
-8.43058e-06
-2.08357e-07
6.79699e-06
-8.47635e-06
-5.78783e-06
7.15277e-06
8.34776e-06
7.61283e-09
-8.35537e-06
8.48241e-06
-1.70926e-08
-8.46428e-06
3.02615e-08
8.43402e-06
-6.3834e-06
-6.39959e-06
6.39971e-06
-6.42923e-06
-5.82466e-06
7.04031e-06
-1.21566e-06
-1.5081e-08
-8.44497e-06
4.40853e-06
-5.50225e-06
1.39589e-08
-8.45871e-06
-8.44881e-06
-2.24814e-06
-3.29942e-06
-8.43364e-06
-1.59553e-08
6.47544e-06
2.01945e-06
4.92187e-06
8.43959e-06
-8.4331e-06
-6.49097e-09
6.43554e-06
-4.26382e-06
-2.17172e-06
-3.06282e-06
1.6097e-06
-3.54935e-06
7.68308e-06
-3.07897e-06
6.40128e-06
-3.32231e-06
2.48062e-09
8.46029e-06
-8.40253e-06
8.44545e-06
-8.45039e-06
4.93622e-09
-4.78429e-06
2.04184e-06
2.74246e-06
-2.82449e-08
-6.37077e-06
6.39901e-06
8.84734e-06
-3.91921e-06
-4.92813e-06
6.37538e-09
8.35283e-06
-1.83848e-06
-2.94582e-06
-6.17301e-06
6.23421e-06
5.26496e-06
3.49796e-07
-6.14067e-06
-1.29131e-08
-6.38005e-06
6.39296e-06
6.59173e-06
-6.38694e-06
-3.92539e-06
-1.48704e-06
5.41243e-06
-8.4325e-06
8.43498e-06
-2.47596e-09
-6.23501e-06
6.32617e-06
8.44192e-06
-8.44738e-06
-5.64274e-06
-1.57966e-07
-8.50452e-06
8.47233e-06
-4.40386e-06
6.38575e-09
8.44612e-06
7.36891e-06
-4.0726e-06
-3.29631e-06
6.23967e-06
-1.18197e-06
6.96706e-06
-9.00737e-07
6.38926e-06
-6.4175e-06
8.43034e-06
-8.43083e-06
4.89181e-10
6.39742e-06
-6.41034e-06
7.75789e-09
-8.42612e-06
8.41836e-06
-3.55524e-06
-8.48625e-07
1.34043e-08
-6.47871e-06
-8.44983e-06
1.19199e-08
5.64274e-06
-5.97335e-06
3.30603e-07
-9.1689e-07
6.90112e-06
-3.46195e-08
-6.25709e-06
6.34947e-06
6.6315e-08
8.43975e-06
-8.43425e-06
-5.50238e-09
1.01912e-08
8.45194e-06
4.28994e-06
-6.38098e-06
6.39438e-06
4.15314e-06
-2.41165e-08
-8.44017e-06
-3.22487e-06
-2.46662e-06
5.69149e-06
-6.09726e-06
-5.65052e-08
5.75114e-06
-5.18587e-06
-5.65267e-07
-1.14656e-06
6.68256e-06
-5.536e-06
8.44519e-06
-8.43868e-06
-6.50897e-09
1.12706e-08
8.44083e-06
5.75899e-08
6.43663e-06
-6.49422e-06
5.53024e-09
-8.45025e-06
-6.31944e-06
6.34044e-06
8.44212e-06
-8.45152e-06
9.39986e-09
8.48241e-06
-3.55189e-08
-5.90949e-06
-2.5913e-07
6.16862e-06
-8.49878e-06
-3.17558e-09
8.49498e-08
-6.47855e-06
-8.66533e-06
8.43869e-06
-8.43093e-06
-5.42025e-06
1.15776e-08
-2.03636e-08
-8.43601e-06
8.44016e-06
9.78269e-09
-8.79873e-06
1.38613e-09
-8.44427e-06
-3.84274e-07
-4.74942e-06
1.76871e-06
-8.46224e-06
8.46224e-06
-5.33394e-06
6.50809e-06
-1.17416e-06
8.47862e-06
-5.05752e-06
6.30315e-06
-1.24563e-06
-5.45102e-06
6.59848e-06
-1.14747e-06
-6.33441e-06
-9.27292e-08
6.5263e-06
-6.43357e-06
-5.50912e-06
5.34243e-06
-1.39934e-06
8.45133e-06
-8.46245e-06
1.11171e-08
8.44991e-06
-8.46103e-06
1.11144e-08
8.44412e-06
-8.45607e-06
1.19507e-08
-9.20013e-09
-8.45071e-06
-5.07503e-06
6.4078e-06
-1.33277e-06
8.44674e-06
-8.44026e-06
-6.47079e-09
8.44446e-06
1.19497e-06
-6.76644e-06
8.43941e-06
8.95071e-09
-8.44333e-06
1.99994e-09
1.97929e-06
8.44292e-06
-8.44996e-06
7.03989e-09
1.73706e-07
6.34374e-06
-6.51745e-06
-6.20626e-06
-2.87494e-08
6.23501e-06
-8.46112e-06
-8.44272e-06
8.43181e-06
1.09109e-08
6.43441e-06
-6.34946e-06
-8.44895e-06
8.43844e-06
1.05069e-08
-6.25042e-06
5.99615e-06
2.5427e-07
-8.4499e-06
8.43969e-06
1.02145e-08
8.4633e-06
-8.45294e-06
-1.03596e-08
-6.33159e-06
6.38918e-06
-6.83344e-06
-3.68135e-06
-6.93439e-06
-1.4367e-06
6.96911e-06
-5.53241e-06
8.43192e-06
-2.33739e-08
-8.4202e-06
-6.37351e-06
6.96128e-09
-8.45303e-06
8.44607e-06
-6.7611e-06
6.42846e-06
1.33748e-08
8.45539e-06
8.43738e-06
1.03717e-08
-8.44261e-06
2.20544e-09
-6.65128e-07
-2.39769e-06
-6.45462e-06
6.36189e-06
-6.71653e-06
1.16665e-06
5.54988e-06
-2.2587e-06
-2.49072e-06
-6.40869e-06
6.6969e-06
1.03534e-06
2.14917e-09
8.43463e-06
-8.43678e-06
6.35666e-06
-6.39127e-06
-8.45715e-06
8.49698e-06
-8.47342e-06
-2.11684e-06
-1.78225e-06
3.89909e-06
-6.01974e-06
-2.28837e-07
-8.50233e-06
1.35256e-08
-2.18159e-07
-6.38147e-06
6.37077e-06
1.07052e-08
6.99743e-06
-6.73344e-07
8.44758e-06
-8.43991e-06
-7.66863e-09
8.43644e-06
3.14979e-09
-8.44146e-06
8.3586e-09
8.4428e-06
-8.4456e-06
2.79861e-09
-7.54704e-09
3.80782e-09
-8.47723e-06
-6.23421e-06
-1.35169e-07
2.40991e-07
-7.00289e-06
-4.42245e-08
8.47456e-06
-8.56203e-06
-2.53964e-09
-8.42358e-06
-6.90875e-06
6.70039e-06
9.97652e-10
6.18961e-06
-6.38506e-06
6.38005e-06
5.01192e-09
-5.50142e-06
-1.14071e-06
6.4584e-06
6.06126e-06
-6.32039e-06
8.44018e-06
-8.43859e-06
-6.5366e-06
6.39311e-06
-5.67596e-06
-2.98937e-06
8.43741e-06
-5.40153e-09
-8.44004e-06
7.72936e-06
-6.43515e-06
8.5494e-07
5.58021e-06
1.32779e-06
-6.45829e-06
1.01101e-06
8.38382e-08
1.09872e-06
-6.70316e-06
5.60444e-06
1.27829e-06
-7.87835e-06
6.60006e-06
8.4379e-06
7.29011e-09
-8.12689e-09
-8.43973e-06
1.04948e-06
-6.61782e-06
5.56834e-06
-8.44112e-06
2.43849e-09
9.06481e-08
6.29548e-06
-7.18056e-06
-7.09365e-06
9.96389e-07
-5.82949e-06
6.37267e-06
-6.39367e-06
2.1001e-08
-2.70568e-08
-8.43572e-06
2.94607e-08
8.421e-06
-4.92773e-06
-4.70303e-06
6.41034e-06
-6.41034e-06
-6.20626e-06
-6.04849e-06
-6.44355e-06
-8.39594e-06
-1.91647e-08
8.4151e-06
-5.87218e-06
-5.75794e-07
1.19124e-06
5.56114e-06
-6.75239e-06
1.26055e-06
5.28455e-06
-6.5451e-06
1.15776e-06
-6.87428e-06
5.71653e-06
6.18045e-06
6.70048e-06
-5.50551e-06
6.67918e-06
7.01333e-06
-6.1761e-06
6.21338e-06
-6.43154e-06
8.44636e-06
-8.43981e-06
-6.55688e-09
-8.17364e-06
-6.39092e-06
8.43664e-06
1.00984e-08
-8.44128e-06
1.01123e-09
8.43658e-06
-3.73652e-07
8.43841e-06
-8.44707e-06
8.65934e-09
8.45283e-06
-8.41803e-06
1.40465e-07
-5.2382e-06
5.09773e-06
6.6977e-09
6.48726e-06
6.24495e-08
6.95088e-06
7.17114e-06
-6.09712e-06
-5.11221e-06
-1.32294e-06
4.26396e-07
5.81327e-06
-6.53859e-06
-8.44423e-06
8.44544e-06
-1.21065e-09
6.56258e-06
-6.70039e-06
1.37812e-07
-6.68791e-06
1.1865e-06
-9.14628e-06
1.2714e-06
7.87488e-06
8.44855e-06
4.05089e-06
5.64238e-06
8.45411e-06
-8.45411e-06
-2.94448e-06
1.0753e-08
6.34374e-06
-6.46498e-06
2.85247e-08
6.43645e-06
-8.44016e-06
-8.45194e-06
8.4366e-06
1.0974e-08
-8.44012e-06
2.11531e-10
8.42878e-06
-1.76162e-10
-8.44571e-06
-6.59689e-06
6.02829e-08
6.5745e-06
-5.52502e-06
-5.04228e-06
6.1886e-06
-8.46349e-06
6.85218e-06
-5.52439e-06
6.60246e-06
-5.50374e-06
6.78742e-06
-5.50913e-06
-8.83069e-09
8.44173e-06
-8.4755e-06
6.44907e-06
-6.35842e-06
-6.21009e-06
6.21109e-06
-8.42253e-06
-3.94142e-09
8.42647e-06
1.39414e-06
6.41372e-06
-1.71326e-08
-8.43591e-06
1.11581e-07
6.29941e-06
-4.06129e-06
3.10828e-06
9.53007e-07
-6.38147e-06
6.63781e-06
-5.44657e-06
6.68329e-06
-5.42273e-06
6.69206e-06
-5.5343e-06
6.40228e-06
7.8349e-08
-7.172e-06
8.55352e-06
-8.20172e-06
-9.44567e-07
6.41726e-06
-6.41726e-06
5.66515e-06
-8.57392e-07
-3.93199e-06
3.08336e-06
5.56773e-06
1.11484e-06
8.43815e-06
8.2097e-09
8.52057e-06
-8.4627e-06
-5.78693e-08
-8.4407e-06
8.90664e-10
-8.44634e-06
8.43554e-06
-8.44242e-06
6.87461e-09
-6.40073e-06
8.07776e-08
-6.38738e-06
1.14838e-07
-6.40017e-06
-1.69879e-07
-6.34659e-06
-2.49852e-07
-6.59009e-06
1.24634e-07
-6.49497e-06
1.67844e-07
-6.48179e-06
1.59909e-07
-1.16201e-08
8.4328e-06
-8.42118e-06
-8.44671e-06
1.34116e-08
-1.83091e-08
8.50072e-06
8.43623e-06
-8.4464e-06
1.01776e-08
-7.68844e-06
1.47527e-06
3.82661e-10
5.39509e-06
2.19675e-07
-6.8015e-06
6.58182e-06
-7.36257e-06
4.67993e-07
8.45098e-06
-8.444e-06
-5.70518e-06
6.05497e-06
6.29497e-09
-8.45052e-06
8.42648e-06
1.2206e-08
6.3977e-06
-6.3977e-06
-6.17301e-06
3.97365e-06
5.7311e-06
1.45281e-09
-8.43228e-06
-6.38506e-06
-3.73969e-08
-4.10475e-06
1.52464e-05
-1.11417e-05
-4.98585e-06
-6.21657e-06
1.12024e-05
-8.43144e-06
8.43142e-06
2.5571e-11
6.41802e-06
-6.41132e-06
6.22424e-06
-6.16179e-06
-6.39296e-06
6.39333e-06
-3.68373e-10
5.87983e-06
-5.73937e-06
2.1765e-06
-2.08103e-06
-9.54677e-08
-6.91018e-06
5.44682e-07
-1.18049e-06
6.3112e-06
-5.60058e-07
1.63956e-09
-7.36421e-06
8.43055e-06
2.41818e-09
-8.43666e-06
6.53593e-06
6.5952e-06
6.39112e-06
-4.54198e-06
3.98314e-06
-5.81704e-06
8.4435e-06
-8.44025e-06
-1.1821e-06
-5.50581e-06
-2.08587e-08
-8.67918e-06
9.95058e-06
5.36494e-06
1.17045e-06
-6.53539e-06
-1.09382e-05
8.45084e-06
6.38832e-06
-6.22036e-06
-8.4262e-06
-8.43293e-06
8.44396e-06
-1.10255e-08
6.69404e-06
5.9515e-06
-6.07256e-06
-5.48258e-06
6.4397e-06
-9.5712e-07
-3.89479e-08
8.3867e-06
8.43507e-06
-8.44179e-06
6.72469e-09
-1.6784e-08
-6.90122e-06
7.03211e-07
-6.34617e-06
-4.11813e-08
-4.12877e-09
-3.44867e-09
-3.16666e-09
-3.19588e-09
-4.07708e-09
-4.67434e-09
-3.37937e-09
-3.48216e-09
-4.09478e-09
6.7091e-09
8.47186e-06
4.87109e-08
-6.52851e-06
8.09478e-08
-6.39367e-06
6.32039e-06
-6.48676e-06
-8.44173e-06
8.43985e-06
-2.08182e-08
8.43882e-06
5.86093e-06
1.10819e-06
-1.49853e-07
6.61495e-06
-4.9795e-06
-6.53037e-06
7.71079e-08
1.33067e-06
-7.98839e-06
9.32192e-07
-5.56508e-06
4.63289e-06
9.79592e-07
-6.52488e-06
5.54529e-06
9.37019e-07
-6.3169e-06
5.37988e-06
1.59041e-06
-7.60617e-06
7.82159e-07
-5.97648e-06
5.19432e-06
2.42003e-06
-6.79631e-06
4.37561e-08
-6.4976e-06
1.16367e-06
-1.94976e-09
8.45328e-06
-6.25518e-06
1.19766e-06
-2.56855e-09
8.45248e-06
-8.44256e-06
-6.59627e-06
1.14525e-06
-8.44396e-06
2.69193e-09
8.44143e-06
-8.43921e-06
1.1615e-06
-6.62272e-06
-6.34767e-06
-6.33986e-06
-6.34116e-06
-6.31862e-06
-6.46664e-06
-6.46131e-06
-6.40448e-06
7.2872e-06
-5.14217e-06
8.44492e-06
-8.44018e-06
6.38758e-06
1.65477e-06
-6.90262e-06
6.2332e-06
-6.23282e-06
-8.42581e-06
-1.36284e-06
6.3528e-06
-1.34247e-06
7.04645e-06
-7.35696e-08
-8.38307e-08
-1.0071e-07
-1.10082e-07
2.06749e-07
-6.80261e-06
1.86111e-07
-6.80654e-06
2.6592e-07
-6.92078e-06
-8.42078e-06
-8.41964e-06
1.39126e-10
8.43167e-06
8.4591e-09
8.42998e-06
-5.55812e-06
-6.43068e-06
3.35536e-08
-6.50355e-06
1.0204e-07
-6.53262e-06
1.02007e-07
-6.52358e-06
1.13284e-07
-6.56177e-06
8.38913e-08
-6.54001e-06
1.01829e-07
-6.5614e-06
6.80723e-08
6.45075e-06
1.70742e-07
-6.62149e-06
8.43183e-06
-8.43868e-06
1.42705e-08
8.42542e-06
-2.32715e-07
1.02814e-09
-6.52652e-06
-6.28252e-06
-8.43931e-06
6.371e-09
8.43367e-06
1.02865e-08
1.69594e-08
6.40463e-06
-6.42159e-06
2.20987e-07
-2.23532e-07
6.21968e-06
7.77145e-06
1.1252e-09
-6.20654e-06
-1.64858e-08
-6.31684e-06
-8.91489e-08
6.40599e-06
7.1724e-06
-1.32088e-07
8.42588e-06
-8.45355e-06
2.76745e-08
1.2754e-06
-4.85065e-06
-1.29027e-06
-6.66468e-06
-6.7152e-06
1.18524e-06
-6.23834e-06
1.1633e-06
3.99089e-06
8.96012e-07
-7.21718e-06
-1.09866e-08
5.43577e-06
1.20716e-06
-6.64293e-06
-6.6802e-06
9.13775e-07
5.76642e-06
5.34645e-06
1.16164e-06
5.51801e-06
1.17404e-06
5.52127e-06
1.16201e-06
5.11275e-06
1.1904e-06
5.47303e-06
1.16479e-06
5.45832e-06
1.14016e-06
5.42125e-06
1.15325e-06
1.16646e-06
-6.69148e-06
-8.44749e-06
-5.53725e-09
-8.45353e-06
-1.29749e-08
-6.38915e-06
9.96321e-07
5.39283e-06
-5.43238e-06
-5.18743e-06
1.06198e-05
8.44125e-06
-7.58061e-09
-8.44532e-09
-8.43397e-06
8.44094e-06
-8.49383e-06
1.08621e-07
8.38521e-06
-5.29899e-06
-7.70608e-07
8.44501e-06
-8.43665e-06
6.10605e-07
-9.28979e-06
5.27962e-06
1.12818e-06
6.33741e-06
5.99825e-06
9.52626e-07
6.59824e-06
-1.03051e-06
1.92566e-07
-6.04389e-06
5.85132e-06
-6.46216e-06
1.0057e-06
-6.59586e-06
5.59016e-06
-8.78841e-08
6.4216e-06
-1.20125e-07
6.37574e-06
1.73056e-07
6.38082e-06
1.55578e-07
6.29671e-06
1.38323e-07
6.48677e-06
-1.46669e-07
6.47649e-06
-1.39164e-07
6.42636e-06
2.27091e-08
6.24012e-06
-7.78732e-09
-6.39454e-06
4.83707e-08
7.59937e-08
8.4558e-06
-8.45199e-06
-6.38854e-06
5.69462e-08
3.91206e-08
5.4129e-06
-6.52449e-06
1.11158e-06
-5.59637e-06
6.18791e-06
-1.28261e-08
-7.47527e-06
1.0103e-06
5.97183e-06
8.7509e-07
8.43295e-06
-8.43988e-06
6.92199e-09
-8.438e-06
8.438e-06
6.6213e-06
-1.25636e-06
-6.45515e-06
1.07481e-07
-6.47778e-06
1.37917e-07
-6.48282e-06
1.41663e-07
-6.41e-06
9.13742e-08
-6.57066e-06
1.04024e-07
-6.57832e-06
1.17007e-07
-6.49443e-06
8.99527e-08
-6.41086e-06
6.13949e-08
-1.46747e-08
-8.46256e-06
3.02248e-08
8.43129e-06
9.95984e-09
-8.48101e-06
6.27864e-06
-6.15642e-06
4.75708e-06
-1.17502e-06
6.33426e-06
5.49168e-08
-5.78203e-06
5.54451e-06
-6.27588e-06
8.44483e-06
5.87477e-06
-4.79673e-07
4.28034e-06
-5.7224e-06
-6.121e-06
9.72244e-06
-9.11184e-06
5.51879e-06
-6.64431e-06
1.12552e-06
-6.60939e-06
1.16282e-06
8.40724e-06
-8.44619e-06
-6.58598e-06
1.16325e-06
-6.71421e-06
1.17991e-06
5.49314e-06
1.10509e-06
5.63553e-06
1.15189e-06
5.45015e-06
1.15231e-06
5.67887e-06
1.17331e-06
5.49496e-06
1.23361e-06
-9.35731e-06
8.44677e-06
-8.4367e-06
-8.25431e-07
6.40861e-06
8.43808e-06
-8.43985e-06
-2.74616e-06
4.68712e-09
-1.55736e-06
9.43224e-06
8.42724e-06
-8.43702e-06
9.78153e-09
-4.60755e-06
2.66167e-06
-5.98982e-06
-4.17994e-06
-1.52996e-07
8.55582e-06
1.19064e-06
-6.69645e-06
2.29993e-06
3.39155e-06
6.59694e-06
-6.27441e-06
-8.42812e-06
8.4165e-06
8.43798e-06
-8.43927e-06
-3.90605e-08
-8.45508e-06
8.44753e-06
-6.49602e-06
8.43242e-06
-5.17438e-09
-1.03235e-06
-3.31291e-06
-4.67548e-06
6.16921e-06
-6.47788e-06
-5.72972e-09
-6.0095e-06
8.43838e-06
-8.41694e-06
-6.38098e-06
5.03918e-06
4.59229e-06
-6.21338e-06
5.98985e-06
6.39551e-06
-6.39438e-06
6.00093e-06
-5.98985e-06
-1.1078e-08
-6.22658e-06
6.21009e-06
6.12194e-06
-6.21109e-06
6.41029e-06
-6.39333e-06
-5.94081e-06
6.16179e-06
-6.41029e-06
6.41132e-06
-6.19311e-06
5.73937e-06
4.5374e-07
-6.3144e-06
-8.576e-07
8.43082e-06
-8.43748e-06
6.65435e-09
5.51344e-06
1.18704e-06
1.61397e-08
-7.83388e-07
3.5286e-06
8.44626e-06
-8.43644e-06
-9.8169e-09
1.22077e-08
-8.46574e-06
-7.20222e-10
8.4509e-06
-8.45018e-06
8.43171e-06
-6.24536e-06
-7.32529e-06
7.32693e-06
-8.44978e-06
1.90072e-08
-6.72917e-06
1.52227e-06
6.5203e-06
-6.62569e-06
8.43748e-06
8.57881e-06
-8.39428e-06
-1.84527e-07
8.43608e-06
-8.4345e-06
-6.95607e-06
-5.19209e-07
-8.46276e-06
-6.12226e-06
-6.16617e-06
4.51651e-08
-9.7386e-07
6.25826e-06
9.14145e-07
8.41945e-06
-1.13583e-06
8.43677e-06
-2.14502e-09
-8.13155e-06
-1.08871e-08
8.48322e-06
6.2332e-06
6.4022e-06
6.16921e-06
6.40984e-06
6.22424e-06
6.32617e-06
-6.23282e-06
-5.94081e-06
6.43407e-06
6.41802e-06
6.59694e-06
-6.19311e-06
6.39901e-06
6.06126e-06
-6.43154e-06
5.87983e-06
5.9031e-06
6.00093e-06
-6.39127e-06
6.12194e-06
6.39551e-06
5.24358e-06
-5.24358e-06
6.4119e-06
-8.45723e-06
-6.64994e-06
6.67846e-06
-5.50875e-06
6.69939e-06
8.42736e-06
-8.43737e-06
1.00054e-08
-2.69236e-07
-8.39756e-09
-6.51039e-06
1.43654e-08
-6.54593e-07
6.38361e-06
7.88588e-09
-8.37542e-06
8.36753e-06
7.67415e-09
1.7983e-08
-8.34533e-06
3.70197e-09
8.34163e-06
3.76853e-07
-8.69794e-06
8.32108e-06
8.42153e-06
1.12457e-08
-8.43277e-06
8.4208e-06
1.16187e-08
-6.03741e-06
5.51197e-06
1.10932e-06
-8.38729e-06
-4.8425e-08
8.43571e-06
8.48588e-06
1.77619e-08
8.37194e-06
2.06872e-07
8.43317e-06
-8.42978e-06
-8.43808e-06
8.42558e-06
8.39745e-09
4.02418e-07
-7.72771e-06
-9.6973e-09
6.65999e-06
-5.45284e-06
6.47574e-06
-6.39124e-06
-8.44973e-08
7.68141e-06
-5.16622e-06
-2.51519e-06
7.28613e-06
-6.37236e-06
6.68143e-06
-5.51979e-06
6.68129e-06
-5.51763e-06
6.68908e-06
-5.51504e-06
6.68701e-06
-5.525e-06
6.56412e-06
-5.37372e-06
6.57252e-06
-5.37486e-06
-6.81077e-07
-8.60871e-06
6.65861e-06
-5.49382e-06
6.65479e-06
-5.51463e-06
6.66434e-06
-5.51909e-06
6.67068e-06
-5.51743e-06
6.67717e-06
-5.51071e-06
-3.74022e-09
5.42023e-09
-8.3799e-06
8.37448e-06
-2.0309e-08
8.80368e-06
-1.64974e-07
-8.6387e-06
6.60354e-06
-5.36993e-06
6.69144e-06
-5.51153e-06
8.45719e-06
7.68066e-06
-5.36618e-06
-2.31448e-06
6.68933e-06
-5.52609e-06
6.65731e-06
-5.49449e-06
6.49604e-06
-5.49972e-06
6.68789e-06
-5.52124e-06
6.52634e-06
6.63462e-06
-5.52953e-06
8.43301e-06
-1.1483e-08
-6.83189e-06
5.83939e-06
9.92493e-07
-7.7054e-06
5.52272e-06
8.34353e-09
8.4269e-06
-8.43366e-06
6.76309e-09
9.72244e-06
-1.1553e-07
8.58739e-06
6.65823e-06
-5.53005e-06
-8.33659e-06
8.381e-06
-1.57796e-08
-4.40719e-08
-8.45248e-06
4.83046e-10
-7.42597e-09
-8.54002e-06
8.91687e-06
-6.07971e-06
-6.27441e-06
-6.35193e-06
6.26761e-06
6.35925e-06
-7.85087e-06
8.94808e-07
6.68717e-06
-5.52387e-06
2.07255e-08
-1.14161e-06
-8.4127e-06
-5.40354e-09
8.4181e-06
4.79276e-07
-6.47788e-06
-6.40629e-06
6.4399e-06
-3.36042e-08
7.45823e-06
-6.33032e-06
-1.4839e-07
-8.88279e-06
6.77801e-06
-7.7162e-07
6.52582e-06
8.43171e-06
-8.4265e-06
8.43644e-06
8.43146e-06
-8.42924e-06
-6.34508e-06
6.33288e-06
1.22088e-08
-6.01624e-06
-3.22517e-08
6.83976e-06
-5.72817e-06
6.53888e-06
1.39501e-08
-5.50942e-06
6.85337e-06
-5.69186e-06
-5.93496e-06
6.70357e-06
-5.53026e-06
6.69402e-06
-5.54171e-06
6.65525e-06
-5.50337e-06
6.70102e-06
-5.62595e-06
-6.40642e-06
6.50438e-06
-9.79581e-08
6.01956e-08
-2.19468e-09
6.16047e-06
-1.22106e-07
6.75757e-06
-5.63205e-06
6.65113e-06
-5.5363e-06
-8.42391e-06
8.43516e-06
-8.47463e-06
8.48448e-06
1.40237e-08
1.12568e-05
-9.96073e-06
6.23872e-06
-5.99773e-06
6.95683e-06
-7.04472e-06
6.27223e-06
-6.19145e-06
6.37158e-06
-6.2641e-06
6.88937e-06
-7.0095e-06
6.03205e-06
-5.91722e-06
6.32919e-06
-6.19127e-06
6.67329e-06
-6.50024e-06
7.63345e-06
-7.80333e-06
6.35352e-06
-6.21185e-06
6.68856e-06
-6.53299e-06
7.57865e-06
-7.8285e-06
6.03788e-06
-5.94651e-06
6.14497e-06
-6.00665e-06
6.50521e-06
-6.38057e-06
6.832e-06
-6.72798e-06
7.35125e-06
-7.49792e-06
6.28192e-06
-6.11407e-06
6.8106e-06
-6.69359e-06
7.31758e-06
-7.45674e-06
6.26328e-06
-6.10337e-06
6.71593e-06
-6.62598e-06
6.8146e-06
-6.79189e-06
6.59617e-06
-6.52018e-06
6.66798e-06
-6.60658e-06
6.74103e-06
-6.74882e-06
6.51823e-06
-6.49813e-06
6.39745e-06
-6.34865e-06
6.38839e-06
-6.34002e-06
-1.19738e-08
6.38447e-06
-6.32955e-06
-8.42762e-06
-7.01423e-10
6.38173e-06
-6.32478e-06
8.43373e-06
-8.42516e-06
6.37924e-06
-6.31293e-06
6.36542e-06
-6.3263e-06
8.80368e-06
1.02267e-08
6.36722e-06
-6.33299e-06
-8.41869e-06
-3.48599e-08
-8.42837e-06
8.42837e-06
-8.46871e-06
5.0022e-08
-6.39958e-06
6.37878e-06
-6.32146e-06
8.43287e-06
-7.44846e-06
-3.25999e-07
9.00068e-09
8.42692e-06
-8.42545e-06
-8.70499e-06
8.54943e-06
-8.50072e-06
-8.35024e-06
-1.18469e-07
6.80772e-06
6.37004e-06
-6.33982e-06
2.3362e-08
-4.75338e-08
-4.02349e-08
6.72535e-06
-5.61716e-06
4.03991e-08
-8.42371e-06
8.4335e-06
6.86401e-06
-5.7095e-06
6.34501e-06
-6.35872e-06
8.45135e-06
-8.45491e-06
-8.53136e-06
-2.40683e-06
-8.42558e-06
8.42514e-06
-9.11184e-06
8.45985e-06
6.08495e-06
1.08619e-06
-8.60439e-06
8.6758e-06
2.50731e-06
4.1292e-06
9.96073e-06
-9.17513e-06
8.54943e-06
7.35807e-09
5.03253e-09
-8.45994e-06
2.01273e-08
8.4399e-06
8.41991e-06
1.28868e-08
-8.6758e-06
8.90045e-06
-6.64321e-09
8.4216e-06
1.14077e-08
6.38228e-06
-6.3457e-06
-5.6171e-07
-8.60439e-06
3.87653e-09
-8.36306e-06
8.35918e-06
8.57298e-06
-8.48207e-06
-8.50981e-06
-8.57298e-06
6.71105e-06
-5.52057e-06
8.46459e-06
-3.09159e-08
-1.39488e-08
8.47854e-06
-8.47086e-06
1.10804e-06
-8.44911e-06
8.44774e-06
8.90045e-06
9.17513e-06
8.44911e-06
-8.46155e-06
-8.49812e-06
-2.75222e-08
4.75672e-08
-8.43485e-06
-8.47928e-06
8.44971e-06
8.44774e-06
-8.44958e-06
-8.4909e-06
8.48207e-06
-8.42411e-06
8.43439e-06
8.42451e-06
8.4909e-06
8.46206e-06
-8.46155e-06
-8.48908e-06
-4.92667e-08
8.51793e-06
-8.42993e-06
8.4344e-06
7.5439e-09
-8.44195e-06
1.04321e-08
8.45162e-06
8.47275e-06
-1.73626e-08
-8.51793e-06
8.48908e-06
8.4324e-06
2.00524e-09
8.45704e-06
8.44026e-06
-8.42993e-06
-8.4792e-06
1.37342e-08
-8.43491e-06
1.0508e-08
-8.43442e-06
-8.51148e-06
8.44487e-06
-1.08743e-08
8.38225e-06
-8.37137e-06
8.43859e-06
1.66421e-09
8.4297e-06
1.03101e-08
-8.43402e-06
8.43425e-06
-4.54739e-09
9.62543e-09
-5.84697e-09
8.43686e-06
-8.43102e-06
8.43432e-06
-7.88139e-11
-8.43247e-06
8.42145e-06
8.42473e-06
-8.42928e-06
1.17011e-08
-8.03129e-10
8.36981e-06
-8.36901e-06
8.43794e-06
-8.44654e-06
-3.51851e-09
8.43784e-06
-8.43442e-06
8.43069e-06
-1.23948e-08
8.43023e-06
-8.41784e-06
-8.44297e-06
-8.42293e-06
8.42901e-06
-6.08238e-09
8.43908e-06
1.32894e-08
7.36013e-09
8.44317e-06
-4.0859e-09
8.42836e-06
-8.45252e-06
8.45301e-06
-8.42229e-06
8.429e-06
8.42661e-06
-8.43404e-06
1.11066e-08
8.42515e-06
-8.42463e-06
8.42515e-06
-8.42005e-06
8.44021e-06
1.11752e-08
8.41776e-06
-8.42431e-06
-6.2897e-09
8.43465e-06
-8.43392e-06
8.43919e-06
-4.53494e-09
8.41977e-06
-8.42386e-06
8.43052e-06
-8.42458e-06
8.42458e-06
-8.42481e-06
5.36704e-09
8.41913e-06
-8.4268e-06
1.03443e-08
-3.27827e-09
8.43559e-06
-5.07282e-09
8.42226e-06
-8.42574e-06
1.08957e-08
8.42137e-06
-8.42785e-06
8.42821e-06
-4.54593e-09
8.42336e-06
-8.42674e-06
8.43411e-06
-4.73036e-09
1.84661e-08
8.42203e-06
-8.42854e-06
8.43335e-06
-5.13997e-09
8.42422e-06
-8.42889e-06
8.43916e-06
-4.54425e-09
-4.36365e-09
8.4299e-06
8.42408e-06
-8.43057e-06
-8.43402e-06
8.42965e-06
8.42667e-06
-8.43075e-06
-4.48126e-09
-4.70859e-09
7.29201e-09
8.42564e-06
-8.43293e-06
2.31171e-08
8.42883e-06
-8.43618e-06
8.4348e-06
-4.90028e-09
8.42775e-06
-8.43197e-06
8.42877e-06
1.79107e-08
-8.43381e-06
8.42677e-06
-4.32498e-09
-4.8146e-09
-8.43289e-06
8.42972e-06
-8.4166e-06
8.4166e-06
-8.41908e-06
-4.74488e-11
8.43445e-06
-8.4344e-06
-5.13659e-09
2.38073e-08
-3.8957e-09
-1.92159e-09
8.42475e-06
1.90166e-11
-4.08842e-09
-5.20141e-09
-7.40329e-09
-2.14611e-08
8.43337e-06
-8.41191e-06
-8.47671e-06
-8.40693e-06
8.40693e-06
-8.41087e-06
-8.43001e-06
8.42787e-06
2.14199e-09
2.5925e-08
-1.12465e-09
-8.44022e-06
1.02115e-08
8.39723e-06
-8.40263e-06
8.39723e-06
1.59553e-08
-8.43664e-06
4.78731e-09
1.32714e-08
8.41581e-06
-8.41028e-06
-5.52522e-09
8.41581e-06
-8.4147e-06
8.41813e-06
-3.4358e-09
8.4147e-06
1.10967e-09
-8.41028e-06
-8.41226e-06
1.9788e-09
8.44055e-06
-8.42581e-06
8.44055e-06
-1.11417e-05
8.44873e-06
-8.42627e-06
-8.42559e-06
8.42559e-06
8.50982e-06
-8.4281e-06
8.44873e-06
8.50982e-06
-8.4243e-06
8.4243e-06
8.42485e-06
-8.42485e-06
8.4281e-06
-8.55851e-06
-8.42795e-06
8.42541e-06
-8.42541e-06
-8.42444e-06
8.42444e-06
-8.40263e-06
8.3498e-06
-8.3498e-06
8.41813e-06
8.41509e-06
-8.41509e-06
8.42514e-06
8.42603e-06
-8.42603e-06
-8.49672e-06
-8.42476e-06
8.42476e-06
-8.4792e-06
-8.42481e-06
-8.41087e-06
-8.41908e-06
8.40613e-06
-8.40613e-06
8.43806e-06
-8.43806e-06
-8.42478e-06
8.42478e-06
-8.42443e-06
8.42443e-06
-8.6387e-06
-8.4755e-06
-8.42466e-06
8.42466e-06
-8.41226e-06
-8.42627e-06
8.42581e-06
-8.43981e-06
-8.42463e-06
8.42432e-06
-8.42432e-06
-8.42363e-06
8.42363e-06
8.44834e-06
-8.43461e-06
-8.44834e-06
8.43461e-06
-8.43981e-06
-8.89109e-09
1.45656e-08
-8.4326e-06
-8.42655e-06
8.43766e-06
-7.66957e-09
8.45333e-06
-8.46589e-09
-8.44486e-06
-8.42611e-06
8.43938e-06
8.44444e-06
8.459e-06
-8.43713e-06
1.05808e-08
8.45166e-06
1.15517e-08
-8.41574e-06
8.42769e-06
8.45878e-06
2.3647e-08
8.45111e-06
6.6836e-09
-6.45952e-09
-8.4043e-06
8.40908e-06
8.45779e-06
8.45092e-06
-8.40191e-06
8.41212e-06
2.33931e-08
8.45666e-06
8.4502e-06
-7.16905e-09
8.37867e-06
-8.3715e-06
8.44831e-06
1.88428e-09
1.29337e-08
-8.45693e-06
8.44163e-06
-8.41054e-06
8.42649e-06
-1.15071e-09
1.58879e-09
8.45456e-06
-8.40204e-06
8.42796e-06
8.45341e-06
-8.42137e-06
8.42831e-06
2.44564e-08
1.07321e-08
8.45835e-06
-6.59338e-09
8.39171e-06
-8.38511e-06
8.46583e-06
8.47656e-06
-8.42907e-06
8.42498e-06
8.44491e-06
-2.43755e-08
8.45078e-06
-8.42822e-06
8.42709e-06
8.45431e-06
8.94746e-11
3.32713e-09
-8.40489e-06
8.4287e-06
8.42993e-06
-8.42159e-06
8.42954e-06
2.22064e-08
8.43326e-06
-7.10754e-09
8.40317e-06
-8.39606e-06
-8.43016e-06
8.42276e-06
8.44363e-06
-1.03742e-08
-2.18698e-08
8.44808e-06
8.27079e-09
8.45067e-06
8.44195e-06
-8.42784e-06
8.42786e-06
8.45022e-06
1.70291e-09
8.42835e-06
-8.40691e-06
8.43003e-06
-8.43022e-06
8.42632e-06
8.43115e-06
-8.42006e-06
8.4331e-06
2.09419e-08
8.31206e-09
-9.9669e-09
8.4174e-06
-8.40743e-06
8.43948e-06
-8.32847e-09
8.44779e-06
-1.5927e-08
8.44009e-06
-8.43125e-06
8.42693e-06
-8.11234e-09
-8.42103e-06
8.43894e-06
8.44875e-06
1.20766e-08
7.49639e-09
8.43282e-06
-8.43063e-06
8.44326e-06
1.0724e-08
9.83156e-09
-8.43003e-06
8.44032e-06
-8.30666e-09
8.42916e-06
-8.42085e-06
8.42544e-06
-8.43238e-06
8.4279e-06
-8.42641e-06
-8.43705e-06
8.41887e-06
8.43231e-06
3.47981e-09
6.21175e-09
8.42086e-06
1.14482e-08
-8.40912e-06
8.42759e-06
-8.41662e-06
8.42753e-06
8.42434e-06
-9.74317e-09
8.43303e-06
-8.42329e-06
8.43418e-06
-8.4183e-06
8.4292e-06
-8.43318e-06
8.42863e-06
1.09667e-08
6.30173e-09
8.4409e-06
8.4344e-06
9.22931e-09
8.44071e-06
-8.41874e-06
8.42925e-06
8.43259e-06
-8.30515e-09
8.43821e-06
-8.42898e-06
8.43952e-06
-8.43369e-06
8.42915e-06
1.04601e-08
-8.42126e-06
8.43161e-06
6.6635e-09
8.43247e-06
-8.42352e-06
8.43373e-06
-7.88455e-09
7.98342e-09
8.43569e-06
-8.42771e-06
8.43913e-06
8.43082e-06
8.08912e-09
-8.42132e-06
8.42669e-06
-8.4328e-06
6.26433e-09
8.43748e-06
-8.43608e-06
-8.4181e-06
8.4292e-06
8.43047e-06
1.24105e-08
8.43673e-06
8.42885e-06
-8.44753e-06
8.45189e-06
-4.36084e-09
2.25323e-09
8.42467e-06
8.59176e-09
8.43263e-06
-8.42403e-06
8.43561e-06
-8.39187e-06
8.41597e-06
-2.41044e-08
8.43011e-06
-8.41788e-06
8.42905e-06
-3.41782e-09
1.1327e-08
8.42152e-06
-8.43208e-06
1.05527e-08
8.43236e-06
-8.41932e-06
8.43261e-06
-8.42704e-06
8.41226e-06
1.47787e-08
8.42895e-06
-8.42487e-06
8.43505e-06
-8.47828e-06
8.47747e-06
9.7296e-09
-1.15891e-08
-8.38028e-06
8.43418e-06
-5.23889e-09
-7.74377e-09
-8.42149e-06
8.09376e-09
8.42111e-06
-8.42921e-06
8.43138e-06
-2.60034e-08
8.43151e-06
-1.16022e-08
8.44229e-06
-1.09101e-08
1.93936e-09
-8.42898e-06
8.42634e-06
-1.24314e-08
8.44214e-06
-8.42029e-06
-1.21848e-08
-8.42523e-06
8.43259e-06
-8.45064e-06
8.42e-06
3.06399e-08
8.43443e-06
-8.43776e-06
8.41748e-06
2.02818e-08
-1.17022e-08
8.42396e-06
-8.42867e-06
8.42008e-06
8.5904e-09
-8.42537e-06
8.43707e-06
8.422e-06
-7.29784e-09
8.42875e-06
-1.47549e-08
8.43311e-06
-7.22026e-09
8.42394e-06
-8.42671e-06
8.43672e-06
-7.86611e-09
8.42458e-06
-6.3811e-10
8.41287e-06
8.41033e-06
8.39452e-06
1.58136e-08
-8.42995e-06
8.43958e-06
8.37977e-06
-8.42927e-06
8.4396e-06
-1.03304e-08
-8.42842e-06
8.43049e-06
-2.07273e-09
-6.76501e-09
-8.45511e-06
8.44098e-06
1.41282e-08
8.40482e-06
-2.50526e-08
3.42181e-08
8.3248e-06
-8.35901e-06
-8.43239e-06
8.4427e-06
-8.42384e-06
8.41148e-06
1.23592e-08
-8.43751e-06
1.10999e-08
8.4317e-06
-8.45983e-06
2.81358e-08
8.39263e-06
-1.23197e-08
-8.41601e-06
8.42833e-06
8.51425e-06
7.20519e-09
-4.29944e-09
-8.41861e-06
8.42291e-06
8.42685e-06
-8.42457e-06
8.41919e-06
5.37519e-09
8.41955e-06
-8.44419e-06
8.43331e-06
-8.4324e-06
8.4431e-06
-1.06922e-08
8.42398e-06
-4.42853e-09
-9.46626e-09
-8.4112e-06
8.42067e-06
8.4208e-06
3.17693e-09
-8.43577e-06
8.44627e-06
-8.43537e-06
8.44703e-06
-1.16571e-08
-8.42551e-06
8.41327e-06
1.22366e-08
8.41134e-06
8.35505e-06
-3.02556e-08
-7.32927e-09
-2.65204e-08
8.40704e-06
8.42393e-06
-8.66317e-09
-8.43834e-06
8.45207e-06
8.35062e-06
8.39256e-06
1.44831e-08
-6.05804e-08
-8.406e-06
-6.26174e-09
-8.406e-06
-8.37196e-06
8.37196e-06
-2.21566e-08
8.38231e-06
1.02422e-08
8.68651e-09
3.21754e-08
8.33447e-06
-8.36664e-06
-8.42438e-06
8.41369e-06
1.06948e-08
-8.43713e-06
8.45002e-06
-8.41704e-06
-7.53106e-09
-5.75943e-09
8.42339e-06
-8.41763e-06
6.33452e-06
-8.4245e-06
8.41267e-06
1.18306e-08
-8.42577e-06
8.41428e-06
1.14959e-08
8.40603e-06
-2.37133e-08
8.39371e-06
-8.45486e-06
8.42588e-06
-8.419e-06
8.42256e-06
-3.55273e-09
2.07233e-09
-7.84629e-09
8.42704e-06
8.41858e-06
7.30257e-09
-8.40719e-06
8.40719e-06
7.40849e-09
-8.42716e-06
8.41975e-06
-8.42639e-06
8.42697e-06
-8.38888e-09
3.10154e-08
8.52613e-06
-8.45364e-06
8.46664e-06
-1.30022e-08
8.42121e-06
-8.42269e-06
8.41298e-06
9.7054e-09
-8.43708e-06
1.0687e-08
8.42862e-06
8.45566e-06
6.35282e-09
8.42598e-06
-8.4177e-06
-8.27764e-09
8.435e-06
-8.4439e-06
8.89288e-09
-3.52388e-08
1.19395e-09
8.42109e-06
-3.1083e-08
8.38331e-06
-4.88479e-08
-8.45416e-06
8.47318e-06
-1.90281e-08
-8.4141e-06
8.40759e-06
6.50958e-09
8.37493e-06
8.42813e-06
-7.03989e-09
7.57809e-09
-8.42767e-06
8.42009e-06
-5.22356e-08
8.41714e-06
8.83385e-09
-8.42119e-06
8.41393e-06
7.26196e-09
8.42028e-06
8.42406e-06
-8.41742e-06
8.4231e-06
-5.67513e-09
8.42771e-06
-7.95664e-09
-8.41303e-06
8.42283e-06
-9.79165e-09
-5.57628e-08
8.56819e-06
-8.40755e-06
-1.02257e-07
8.42786e-06
8.41955e-06
7.38538e-09
-8.42693e-06
8.42067e-06
-8.41549e-06
8.39309e-06
2.24048e-08
9.33904e-09
2.3319e-06
6.23865e-06
-8.57055e-06
-8.40379e-06
-1.17041e-08
-6.99605e-09
8.41958e-06
-7.1083e-06
-8.59905e-09
8.42574e-06
8.4262e-06
-6.65433e-09
-8.42004e-06
8.4203e-06
-2.54523e-10
-5.51468e-06
8.42697e-06
7.43399e-09
8.41877e-06
-8.45682e-06
8.47474e-06
-1.79161e-08
-1.71425e-10
-3.37224e-08
-7.72063e-06
-1.03658e-06
8.41837e-06
-8.46133e-06
8.49392e-06
-3.25905e-08
-8.46055e-06
8.4719e-06
-1.1355e-08
-8.4519e-06
8.4258e-06
8.43675e-06
8.43675e-06
8.46088e-06
-8.46088e-06
-8.44436e-06
-6.84328e-09
8.46082e-06
-8.42375e-06
1.0717e-08
8.42035e-06
-8.39569e-06
-2.46648e-08
1.54621e-08
-8.45419e-06
7.01893e-09
-8.42145e-06
8.41443e-06
8.41631e-06
9.49549e-09
-1.24495e-08
-8.41887e-06
8.42947e-06
-1.0593e-08
-8.41211e-06
8.43721e-06
-2.51082e-08
8.41426e-06
1.14879e-08
-3.0816e-07
8.4238e-06
-7.49621e-09
3.33685e-08
8.43364e-06
-8.43364e-06
8.42886e-06
-8.42372e-06
1.90379e-08
-8.44584e-06
8.47825e-06
-3.24125e-08
-6.6951e-06
-8.41186e-06
8.46542e-06
-5.35605e-08
8.41068e-06
5.83955e-09
-8.41652e-06
8.41401e-06
-8.45198e-06
1.80163e-09
8.40853e-06
2.15467e-09
8.42408e-06
-5.31609e-09
-1.57848e-08
8.40887e-06
8.42103e-06
-8.41659e-06
-4.86826e-09
8.42609e-06
-8.42609e-06
-8.46011e-06
8.50768e-06
8.47193e-06
3.11683e-08
-8.48469e-06
8.40933e-06
6.37182e-06
-6.36713e-06
8.43713e-06
-8.43243e-06
8.48367e-06
8.48819e-06
-8.27657e-09
-8.47991e-06
6.40227e-06
-1.81364e-08
8.4289e-06
-8.43672e-06
7.82424e-09
2.88136e-09
8.40564e-06
6.41185e-06
-2.54591e-06
-3.01221e-06
-8.9269e-08
2.53501e-08
8.41516e-06
-8.4696e-06
8.43549e-06
-8.46362e-06
8.54559e-06
-8.19675e-08
8.42796e-06
1.06475e-06
-8.78539e-06
-2.08443e-09
8.39938e-06
-1.68316e-08
8.36496e-06
-8.34813e-06
-8.41805e-06
-2.24381e-07
-3.85705e-06
4.08143e-06
5.29033e-06
-6.14772e-06
8.40226e-06
8.38854e-06
1.37202e-08
6.44268e-06
8.42117e-06
-8.42434e-06
8.3456e-06
-8.34018e-06
4.05677e-10
-9.57859e-09
-8.37716e-06
8.38674e-06
8.38613e-06
2.41496e-09
1.15449e-06
1.0229e-06
1.29017e-06
2.11991e-06
1.16675e-06
1.1615e-06
1.17145e-06
1.16262e-06
2.31183e-07
1.06038e-06
1.1988e-06
1.28375e-06
-8.46087e-06
1.1764e-06
1.14566e-06
1.14971e-06
1.15158e-06
1.16433e-06
1.15974e-06
-8.42488e-06
-2.93102e-08
1.16349e-06
1.17718e-06
8.37489e-06
1.12363e-08
1.36378e-06
-8.3799e-06
8.48386e-06
-1.03958e-07
1.12986e-06
1.28114e-08
-8.45616e-06
1.1349e-06
-8.41925e-06
1.19773e-09
8.39557e-06
1.00771e-08
-8.32481e-06
8.36508e-06
8.36531e-06
8.42194e-06
-8.42194e-06
-8.63728e-06
7.69271e-06
1.48344e-06
-8.38771e-06
8.56371e-06
-1.76003e-07
1.19204e-06
1.16794e-06
1.16076e-06
1.17979e-06
1.12223e-06
-8.42572e-06
8.39798e-06
6.63827e-06
-5.52895e-06
-9.61476e-08
8.34848e-06
-8.45288e-06
-1.28605e-08
-2.00328e-06
2.08245e-08
8.43618e-06
-8.21769e-09
8.2626e-06
-2.38455e-08
-8.23875e-06
1.15712e-06
-8.38808e-06
1.12161e-06
-8.45109e-06
-1.16731e-08
-6.51382e-09
-8.43935e-06
6.92043e-09
-8.12627e-06
-2.81751e-08
8.15444e-06
8.4228e-06
-8.38206e-06
-4.71441e-08
-8.42448e-06
-4.62385e-08
-8.28878e-06
8.33502e-06
-8.4114e-06
2.33208e-08
8.32553e-06
2.29467e-08
-8.45758e-06
-8.45511e-06
4.5858e-09
-7.70994e-06
1.8929e-06
8.30514e-06
2.039e-08
8.47549e-06
-8.48241e-06
8.2589e-06
8.30443e-06
6.05269e-08
-1.4337e-06
1.31589e-06
-8.24477e-06
8.70179e-06
-4.57021e-07
8.42317e-06
1.36328e-07
8.3351e-06
8.42504e-06
-8.41984e-06
-8.42654e-06
-7.69366e-06
3.29454e-07
8.23506e-06
8.61654e-06
-2.81435e-07
-8.42607e-06
-8.42798e-06
8.41774e-06
-8.43482e-06
8.34196e-06
4.47712e-08
-8.32482e-06
8.60692e-08
-1.41064e-07
-8.04789e-06
8.18895e-06
6.05011e-06
-8.39112e-06
8.39112e-06
-8.47319e-06
6.42364e-06
6.32799e-06
-6.3788e-06
1.13971e-06
-6.59805e-06
6.60035e-06
-6.60035e-06
-6.45067e-07
-7.70428e-06
8.34935e-06
-3.71769e-07
8.36491e-06
9.59103e-07
-7.7249e-07
1.80128e-07
6.25276e-07
-9.77444e-07
4.11973e-07
4.82021e-07
-1.44982e-06
4.76712e-07
-1.79062e-06
1.98469e-07
4.51425e-07
-1.216e-06
6.96525e-07
-1.19346e-06
6.12563e-07
-3.26895e-08
-7.69502e-06
1.47803e-07
-1.00685e-07
8.152e-06
8.30548e-08
3.97464e-08
8.43331e-06
-1.01407e-08
4.44473e-08
5.21794e-08
5.44573e-08
-8.43494e-06
1.21309e-10
7.61341e-08
5.24972e-08
8.4235e-06
-8.4171e-06
8.4171e-06
-1.41922e-06
4.09205e-08
-8.39297e-06
-6.35888e-06
-7.72635e-06
-8.45149e-06
4.57973e-08
8.38862e-06
-8.38474e-06
5.82362e-06
-5.82362e-06
-2.27783e-08
-8.44477e-06
8.45306e-06
-8.29489e-09
8.12383e-06
8.41429e-06
8.19606e-06
1.38951e-07
7.95473e-06
1.99712e-07
-8.09352e-06
4.85764e-08
-7.9511e-06
2.24749e-07
8.41684e-06
8.07701e-06
-8.42415e-06
6.09818e-06
-1.65431e-06
7.98277e-06
3.16622e-08
-7.45739e-06
1.07399e-06
8.42748e-06
-8.42556e-06
5.19026e-09
8.42776e-06
-1.34742e-08
7.08379e-07
-8.41266e-06
-9.96356e-07
8.27912e-06
7.12988e-06
-8.68724e-06
2.31229e-07
-7.02541e-06
-8.48036e-06
2.46323e-07
8.42139e-06
-8.48084e-06
8.46349e-06
4.45503e-07
-8.909e-06
-7.98639e-06
2.91374e-07
7.4722e-06
-8.03803e-06
5.65828e-07
8.35624e-06
-8.35624e-06
-6.88998e-06
2.35647e-08
-8.41634e-06
-7.80215e-06
-6.9894e-06
8.42209e-06
8.42296e-06
-8.42296e-06
2.70188e-08
7.80166e-06
7.81328e-06
3.75671e-07
8.12262e-07
4.58605e-07
-1.85873e-06
8.371e-06
2.94026e-08
-8.40041e-06
6.36184e-06
-6.36864e-06
8.38224e-06
6.53551e-06
8.46918e-06
-8.45918e-06
6.10422e-06
-6.10422e-06
-8.44434e-06
8.43139e-06
-8.42636e-06
2.61212e-08
-8.23267e-06
4.30519e-07
-7.31277e-06
8.20758e-06
-6.16276e-06
6.16276e-06
-5.01745e-06
5.01745e-06
6.4561e-06
-6.3566e-06
-5.32247e-06
5.32247e-06
6.86078e-06
-6.86078e-06
-5.77979e-06
-6.23929e-06
6.23929e-06
6.68509e-06
-6.09033e-06
6.09033e-06
-5.96064e-06
5.96064e-06
-5.89246e-06
5.89246e-06
7.00709e-06
-7.00709e-06
5.54734e-06
6.55803e-06
-6.55803e-06
6.55926e-06
6.80973e-06
-6.80973e-06
6.65523e-06
6.5504e-06
-6.02687e-06
6.02687e-06
-7.01413e-06
-6.27841e-06
-5.97335e-06
6.84899e-06
-6.84899e-06
6.11557e-06
-6.11557e-06
6.70543e-06
6.52407e-06
6.60308e-06
6.76112e-06
8.41696e-06
-8.41215e-06
6.61144e-06
-5.44099e-06
8.43455e-06
-1.24693e-08
-8.62291e-06
1.77074e-07
8.44583e-06
8.41664e-06
8.44282e-06
-7.29216e-09
7.98214e-06
-8.43916e-06
8.44665e-06
-6.63594e-06
-8.45331e-06
-8.46395e-06
8.40871e-06
-8.40871e-06
1.10586e-06
8.33641e-06
-8.32853e-06
-2.37116e-08
-6.25944e-06
6.28315e-06
8.41738e-06
8.33741e-06
-8.33741e-06
8.45285e-06
-8.45644e-06
-8.43272e-06
-8.41116e-06
8.36273e-06
-8.44371e-06
8.7671e-09
-6.19813e-06
5.63286e-06
8.41894e-06
-8.41894e-06
-6.67845e-06
1.16904e-06
-6.85848e-06
-6.68639e-06
1.15613e-06
-6.71783e-06
1.17612e-06
-6.65312e-06
1.14976e-06
-6.81243e-06
1.18648e-06
8.43195e-06
-1.53104e-08
-8.44002e-06
2.95837e-06
-8.03296e-06
-6.65596e-06
1.11966e-06
-6.4944e-06
-3.91427e-08
8.39936e-06
5.53003e-06
1.71645e-06
-7.24648e-06
-6.15444e-06
5.66049e-06
2.17843e-06
-7.73302e-06
5.55459e-06
6.47806e-06
-6.73418e-06
-8.40727e-06
8.46819e-06
-6.09127e-08
8.42375e-06
-8.41904e-06
-8.46468e-06
-8.50772e-09
8.47207e-06
-8.49954e-06
7.75573e-06
-3.98614e-06
-3.76959e-06
-5.49056e-06
6.6826e-06
-5.47461e-06
6.63537e-06
-1.19914e-06
8.41903e-06
-1.96713e-08
-6.7079e-06
-8.41214e-06
-6.33306e-06
1.08249e-06
-3.74717e-07
-5.68655e-06
-8.48402e-06
8.40768e-06
-1.5188e-06
-8.42304e-06
1.5829e-06
8.43537e-06
-2.76917e-08
-5.52662e-06
5.95301e-06
8.41465e-06
-8.41465e-06
-6.60597e-06
-1.04514e-06
-5.05198e-06
-4.1854e-09
8.46768e-06
8.40295e-06
8.42285e-06
-8.44492e-06
-8.16031e-06
-2.78855e-07
-1.49721e-07
-6.60192e-06
6.59528e-06
-5.52396e-06
6.06739e-06
-4.77722e-06
-5.69173e-06
-5.08137e-06
6.25282e-06
-5.52377e-06
-7.63236e-06
4.55729e-06
3.07506e-06
-5.65745e-06
-5.11219e-06
6.39594e-06
-5.50746e-06
6.47603e-06
-5.32444e-06
6.66338e-06
-5.4862e-06
-5.44864e-06
-2.2185e-08
-8.39147e-06
8.41365e-06
6.31718e-06
-6.36125e-06
-5.18185e-06
6.31675e-06
7.32788e-06
-5.31496e-06
6.4829e-06
8.38669e-06
-8.1774e-06
8.41993e-06
-8.41557e-06
-8.44174e-06
-1.69675e-08
-5.53372e-06
6.41432e-06
1.54308e-06
5.50974e-06
9.35754e-07
-6.44549e-06
5.59054e-06
6.59862e-07
-6.2504e-06
5.54669e-06
4.85871e-07
-6.03256e-06
5.53886e-06
2.03378e-06
-7.57264e-06
5.54943e-06
1.07805e-06
-6.62748e-06
8.41125e-06
8.0264e-06
3.41158e-08
6.05774e-06
-6.43246e-06
-1.44066e-06
8.43039e-06
-8.35374e-06
-7.66515e-08
-1.14339e-06
7.62145e-06
8.40019e-06
-8.40019e-06
-8.44931e-06
-5.35209e-06
5.53222e-06
6.88284e-06
-6.47087e-06
-6.53007e-06
-6.84945e-06
6.65453e-06
6.67585e-06
3.23927e-08
-8.46562e-06
8.38295e-06
-8.38818e-06
5.22841e-09
-6.67041e-06
-1.06185e-09
-8.45224e-06
8.32644e-06
6.38278e-06
-6.33834e-06
-8.07661e-06
6.40195e-06
-6.34749e-06
5.54968e-06
8.32246e-06
-8.44093e-06
8.45321e-06
-8.44863e-06
-8.38175e-06
8.41662e-06
6.4039e-06
-6.3581e-06
8.41585e-06
-8.4156e-06
8.4156e-06
-8.26497e-06
-1.7677e-07
1.04147e-06
-6.65863e-06
8.40997e-06
-8.44097e-06
-8.31181e-06
6.70282e-06
6.6595e-06
6.77702e-06
8.46673e-06
-8.47331e-06
9.03356e-07
6.52039e-06
-5.01272e-06
6.72917e-06
-4.71382e-06
6.89226e-06
6.66909e-06
6.72389e-06
-5.54777e-06
8.4084e-06
5.65429e-06
6.56977e-07
-6.31127e-06
6.40864e-06
-6.38507e-06
8.41654e-06
-8.41181e-06
1.38943e-08
5.85951e-09
-8.55951e-06
7.9978e-06
8.4201e-06
-9.24695e-09
-4.15637e-06
8.53422e-06
8.41774e-06
-8.4584e-06
-5.54479e-09
-5.2127e-06
-6.01248e-06
4.43892e-07
-6.14956e-06
-5.65613e-06
-8.39161e-06
8.41167e-06
-8.41167e-06
8.4076e-06
8.40651e-06
-8.40651e-06
-1.21226e-06
6.87274e-06
-1.18488e-06
6.73947e-06
-6.54608e-06
1.29604e-06
8.46691e-06
-2.10791e-08
-8.16584e-06
-3.93671e-07
-8.17548e-06
-2.93723e-08
-8.33369e-06
8.41644e-06
8.44024e-06
2.7947e-08
-8.35225e-06
8.41313e-06
-8.4086e-06
5.41155e-06
-5.14627e-08
-5.55277e-06
1.40893e-06
-5.94899e-06
8.40296e-06
-8.44108e-06
8.25655e-06
-5.5257e-06
6.64731e-06
-6.39372e-06
6.16101e-06
6.40645e-06
-6.42342e-06
2.44248e-06
-2.44248e-06
-6.31571e-06
7.49211e-06
6.61293e-07
-5.07082e-06
6.23515e-06
-5.30317e-06
6.46666e-06
-5.51223e-06
6.53514e-06
-5.30616e-06
6.45587e-06
-5.34049e-06
6.50023e-06
6.19395e-06
-5.0641e-06
-1.14538e-07
6.63823e-06
-5.48111e-06
-8.37801e-06
-1.36038e-08
8.3877e-06
-5.39478e-09
-8.4461e-06
8.41445e-06
8.41173e-06
-8.42219e-06
4.00201e-06
-4.00201e-06
6.22597e-06
-6.35806e-06
-8.26618e-06
-5.54789e-09
-8.45089e-06
-8.49184e-06
8.40198e-06
-8.39556e-06
8.4127e-06
-4.57315e-06
6.0649e-07
-6.0649e-07
-8.41891e-06
4.16778e-09
-7.26435e-06
8.39739e-06
8.45417e-06
-8.45524e-06
6.44246e-06
-6.40271e-06
-8.40801e-07
6.47597e-06
-5.63517e-06
-8.30651e-06
-1.34571e-07
8.3202e-06
-8.39685e-06
-1.03159e-06
6.43518e-06
-5.40359e-06
-8.3769e-06
8.40132e-06
1.81218e-08
8.41642e-06
6.47258e-06
-5.46849e-06
-1.00408e-06
-1.64919e-06
-8.43842e-06
8.43842e-06
3.66894e-07
1.33221e-06
8.39675e-06
-8.43928e-06
8.38072e-06
-8.41063e-06
8.41916e-06
-9.07798e-07
7.56193e-09
-8.45644e-06
1.41208e-06
1.46546e-06
2.41074e-06
7.11388e-07
5.55157e-07
1.01117e-06
1.32289e-06
1.16987e-06
9.48406e-07
1.17579e-06
2.6149e-06
7.4531e-07
1.25266e-06
-3.18981e-08
8.48747e-06
1.1045e-06
2.54529e-06
-1.35283e-07
-5.32117e-06
-5.49709e-06
-5.50509e-06
-6.56147e-06
-5.52298e-06
-8.45764e-06
9.47241e-09
-8.35481e-06
4.10824e-06
-8.38516e-06
8.26417e-09
-5.11057e-06
-7.58114e-07
-5.55316e-06
8.43945e-06
-8.45041e-06
6.83746e-06
-8.38441e-07
-8.42394e-06
-5.48132e-07
6.85933e-06
4.50794e-06
-5.55308e-06
-2.36292e-08
-6.11704e-06
9.41248e-07
5.63185e-06
-8.40877e-06
6.31088e-06
-5.22839e-06
3.91935e-06
3.83637e-06
-7.06699e-07
6.73661e-06
-6.02991e-06
-8.39069e-06
6.23469e-06
-6.01823e-07
8.42701e-06
-8.42701e-06
8.47117e-06
-8.47536e-06
-4.63822e-06
5.98392e-06
1.97049e-07
-6.51831e-06
6.32126e-06
-9.64852e-07
6.20319e-06
-5.23834e-06
-3.35981e-07
6.43335e-06
-5.57841e-06
-8.47064e-06
-1.08985e-07
-8.38484e-06
-8.38072e-06
-9.96761e-09
-8.3875e-06
8.33394e-06
8.47193e-06
8.43744e-06
-8.44365e-06
4.05253e-06
1.46235e-06
8.42783e-06
-2.3528e-07
-5.20623e-07
-4.3308e-06
-1.26119e-06
6.32804e-06
-8.34807e-06
-3.94273e-08
1.20679e-06
-8.37874e-06
8.41955e-06
-8.41955e-06
-5.97433e-06
-8.41989e-06
3.51445e-08
-2.16496e-06
-1.52778e-06
5.81318e-06
3.25878e-07
-6.13906e-06
2.35995e-09
-6.47731e-06
6.06754e-06
-7.48276e-08
8.36592e-06
-1.97734e-07
-8.16819e-06
-8.37318e-06
-8.38298e-06
4.23886e-09
-6.39481e-07
8.42963e-06
-8.44171e-06
-5.91824e-06
-5.14221e-07
8.97563e-07
-4.78915e-06
-1.35857e-06
7.60974e-07
-6.39614e-06
-5.34337e-07
7.99603e-07
-5.32716e-06
-8.38924e-06
-6.52006e-06
8.3877e-06
8.4159e-06
-8.4159e-06
-8.37538e-06
8.35483e-06
-8.36542e-06
-9.59612e-07
-1.26416e-06
8.39556e-06
-1.8351e-08
9.94532e-07
-8.25888e-06
6.06316e-06
-7.2057e-06
-8.37274e-06
-1.65034e-08
-8.40007e-06
6.15634e-06
-8.35873e-06
-6.69332e-09
6.22239e-06
6.57416e-06
8.37217e-06
-5.73485e-06
-4.7718e-08
-8.35898e-06
-6.3721e-06
-8.45537e-06
8.54509e-06
-8.97183e-08
5.28033e-06
9.72484e-07
-6.44183e-06
-8.37154e-06
-7.0132e-06
8.41295e-06
8.33897e-06
1.72676e-08
-6.06316e-06
-5.37193e-07
-8.41067e-06
4.53672e-09
8.4509e-08
8.28141e-06
-6.05034e-06
-8.35992e-06
9.33423e-10
-8.32324e-06
-4.83034e-08
8.4111e-06
-8.4111e-06
-6.48513e-06
-8.36489e-06
-8.35341e-06
7.43445e-09
5.32318e-06
-6.68175e-06
5.51489e-06
8.33045e-06
6.95922e-09
-4.69071e-06
8.3764e-06
-8.36879e-06
-8.3885e-06
-8.35854e-06
5.12696e-09
-6.69468e-06
-8.35127e-06
4.12469e-06
3.48962e-06
-6.35722e-06
6.30504e-06
5.5023e-06
-5.5927e-06
8.4036e-06
8.4466e-06
9.83917e-09
-8.46508e-06
-8.35801e-06
6.7404e-09
8.48747e-06
-8.34831e-06
-8.3913e-06
8.36193e-06
-7.69305e-06
6.09725e-09
8.40176e-06
-8.40176e-06
-8.35657e-06
8.26073e-09
-8.51008e-06
6.38736e-06
-8.36919e-06
-8.49458e-06
-8.37768e-06
-8.34587e-06
-5.21133e-06
-7.57141e-07
-1.5341e-09
8.39265e-06
8.57391e-07
-6.8873e-06
-6.57047e-06
5.66267e-06
-8.35511e-06
9.23634e-09
8.39187e-06
-6.54661e-06
1.30827e-06
6.09684e-06
4.23459e-07
-5.64904e-06
-8.34328e-06
-9.99827e-07
-5.47874e-06
6.3614e-06
-8.39265e-06
-8.39718e-06
-8.35259e-06
9.31376e-09
-9.2511e-07
6.99265e-06
6.1701e-06
-5.7115e-06
-8.3411e-06
5.04239e-06
-5.37643e-06
-1.27862e-08
-8.35871e-06
8.42359e-06
4.43726e-07
-8.86732e-06
-6.3551e-06
-8.45154e-06
-8.3509e-06
9.7977e-09
-8.03163e-06
-1.24729e-06
-8.33866e-06
-4.35251e-07
-5.70381e-06
-3.08395e-06
-8.35627e-06
1.76115e-08
6.52629e-06
-6.39765e-06
-8.33253e-06
-8.34391e-06
-8.37323e-06
2.93203e-08
8.33045e-06
8.33897e-06
-1.58793e-08
-8.35076e-06
7.95686e-06
-8.35053e-06
6.34732e-06
4.44849e-07
5.82949e-06
-2.87818e-08
5.89887e-06
6.86595e-09
3.60869e-06
-8.36541e-06
8.35809e-06
-6.30582e-06
8.38449e-06
1.14784e-08
-6.36808e-06
-8.1193e-06
-7.23191e-06
-1.71847e-06
5.21822e-06
-5.24185e-06
-8.37913e-06
6.33768e-06
-1.65326e-08
-8.34248e-06
-8.3627e-06
8.36062e-06
-8.41465e-06
-8.35961e-06
-8.36841e-06
5.71489e-09
-8.35458e-06
-5.83389e-06
-6.43417e-07
-8.35982e-06
-8.21563e-06
-6.50227e-06
-8.3502e-06
6.26658e-06
-8.37553e-06
1.57146e-08
-8.37404e-06
6.38736e-06
3.35293e-06
-2.69567e-07
-8.27407e-06
5.27171e-06
-6.67672e-06
3.96041e-06
3.91176e-06
6.3341e-06
-8.3461e-06
4.92656e-09
-8.27166e-06
-2.10999e-06
-8.3449e-07
-1.22269e-06
-8.3489e-06
-8.34986e-06
-8.36629e-06
-8.30412e-06
2.42569e-06
-7.43841e-06
-8.34355e-06
-8.36105e-06
8.35668e-06
-8.40369e-06
-6.28012e-06
-8.32769e-06
6.17129e-06
-6.17129e-06
-8.3767e-06
1.56576e-08
-8.36615e-06
-8.32273e-06
-8.37615e-06
9.99589e-09
8.40025e-06
-1.50443e-08
4.90259e-06
-8.34108e-06
-8.331e-06
-1.07174e-06
3.72171e-07
5.79912e-06
-3.5654e-06
-2.8506e-06
-3.36631e-06
-3.24636e-06
6.74409e-06
-8.2529e-06
-6.34515e-06
-8.33769e-06
6.31347e-06
-8.35246e-06
7.25587e-08
5.34641e-06
-8.35322e-06
8.17471e-07
-8.33554e-06
8.36866e-06
-3.2548e-06
-3.40194e-06
-2.75711e-06
-3.70572e-06
-8.39346e-06
8.30612e-06
-8.33461e-06
-3.35124e-06
-3.31006e-06
-3.58036e-06
-2.97195e-06
-3.54315e-06
-3.09788e-06
-3.38914e-06
-2.94826e-06
-3.32382e-06
-3.29937e-06
-2.5489e-06
-3.93996e-06
6.36808e-06
-8.33669e-06
-8.33156e-06
-6.0305e-06
2.06872e-07
-8.33643e-06
4.1804e-06
-1.55712e-06
-5.39933e-06
6.95646e-06
-4.55656e-06
-8.32969e-06
6.0305e-06
-1.88807e-06
-8.33501e-06
-6.23946e-06
-5.73059e-06
2.37147e-06
5.53042e-06
-8.32675e-06
-8.33532e-06
-8.34134e-06
-7.12606e-09
8.3461e-06
-8.3334e-06
-1.94096e-08
8.34986e-06
-8.38141e-06
-6.3786e-06
-8.43273e-07
-8.33009e-06
-8.32416e-06
-6.26276e-06
-8.30644e-06
-8.33101e-06
-6.63701e-06
-8.32169e-06
1.1079e-06
-8.32005e-06
-8.32869e-06
6.59874e-06
-8.30849e-06
-8.31889e-06
6.31132e-06
-8.32685e-06
-6.34436e-06
-8.30023e-06
-8.61491e-07
-8.30924e-06
-8.36147e-06
-8.28965e-06
-8.33215e-06
6.3869e-06
-8.29962e-06
5.968e-06
3.29248e-08
6.27447e-07
5.63004e-06
5.96378e-06
-8.28852e-06
4.74112e-06
3.02721e-06
-8.36183e-06
-8.28428e-06
-1.07519e-08
-5.42242e-06
7.84811e-06
8.39198e-06
5.52558e-08
-8.27359e-06
-8.2901e-06
5.17453e-06
-6.05046e-06
-8.28996e-06
8.29567e-06
-8.2812e-06
-1.23265e-08
-8.35054e-06
6.178e-06
-6.178e-06
-6.9263e-06
3.41534e-06
-8.33483e-06
-8.32951e-06
4.08614e-07
-6.38692e-06
-6.59723e-06
-1.86994e-06
6.43569e-08
-8.36442e-06
-6.23154e-06
-6.67793e-06
6.67793e-06
-5.60385e-06
-6.36659e-06
-8.26084e-06
8.2765e-06
6.36659e-06
5.83866e-06
-2.12014e-08
-8.24606e-06
-4.11166e-06
-3.56465e-06
-8.23606e-06
8.24393e-06
-8.25897e-06
6.73968e-06
4.32538e-07
-6.30017e-06
-5.968e-06
6.48356e-06
2.61452e-07
-1.89734e-07
6.38517e-06
-6.19544e-06
8.40261e-06
-6.31866e-06
7.52222e-06
-8.2529e-06
-6.55526e-06
4.71759e-06
-7.75525e-06
3.03765e-06
8.40811e-06
-8.04161e-08
-5.79912e-06
4.7665e-07
1.49881e-06
-6.10911e-06
2.68079e-07
6.15909e-06
-6.5178e-06
-6.21334e-06
-6.72576e-06
-6.25463e-06
4.87415e-06
-8.35093e-06
2.29509e-06
-6.8944e-06
-6.9695e-06
-6.36727e-06
2.27898e-08
-6.75867e-06
6.51095e-06
-6.27217e-06
6.25161e-06
-8.34085e-06
-6.39582e-06
-1.56524e-06
-4.76244e-06
6.2279e-06
-1.4931e-08
8.13873e-06
-8.13873e-06
8.11495e-06
-8.11495e-06
6.25453e-06
-6.25453e-06
-6.5178e-06
-5.74187e-06
-1.62927e-06
-5.80913e-06
-5.86311e-06
7.17138e-06
-7.14205e-06
5.89476e-06
-4.50159e-06
-3.08219e-06
3.89635e-06
6.88825e-07
5.96378e-06
-6.43707e-06
-5.87153e-06
-6.55526e-06
-6.06273e-06
5.87153e-06
-1.49336e-06
-1.23286e-06
-2.67663e-06
-4.44968e-06
-3.07462e-06
-8.16883e-07
-4.29369e-06
-6.64211e-06
-6.59723e-06
3.83468e-06
3.92518e-06
4.28101e-06
-8.15294e-07
-8.09691e-08
-5.29707e-07
6.16155e-06
-5.20594e-06
4.38905e-06
1.41281e-06
-6.63701e-06
5.46273e-06
1.11258e-06
6.27192e-06
-5.26784e-06
5.82534e-06
-9.92544e-07
7.02327e-06
-6.29547e-06
5.33835e-06
-4.78173e-06
3.90184e-06
-2.13312e-06
-1.76596e-06
-3.13318e-06
-3.49395e-06
-3.19694e-06
-3.22572e-06
-6.67672e-06
-5.83308e-06
6.44323e-06
-3.90785e-06
-2.53538e-06
1.81113e-07
5.5455e-06
-6.00644e-06
2.06054e-06
-5.22953e-07
1.02217e-06
4.81649e-06
4.10824e-06
-5.66329e-06
3.23401e-06
-6.08461e-06
3.13697e-06
-6.38332e-06
-6.16889e-06
6.40871e-06
-1.63851e-07
9.9599e-07
-5.15471e-06
7.4498e-06
-3.24335e-06
-3.50146e-06
5.41478e-06
-6.61358e-06
6.52968e-06
3.82922e-07
5.49691e-06
-5.49691e-06
6.13669e-06
5.08057e-06
7.44931e-06
5.81616e-06
7.473e-06
2.859e-06
5.96172e-06
-1.92293e-06
-6.67271e-06
-6.3388e-06
4.72281e-06
-4.2537e-06
-5.04776e-06
-2.31567e-07
6.17274e-06
1.48021e-06
2.42163e-06
-5.66495e-07
-4.99858e-06
-6.30778e-06
-2.05858e-07
-5.46972e-06
5.36275e-06
-6.1405e-06
-4.02967e-06
-6.36727e-06
5.30864e-06
6.11826e-06
5.15198e-06
5.09014e-06
1.46008e-06
4.76782e-06
-9.53588e-06
4.29369e-06
-6.0827e-06
-3.1657e-06
-3.97253e-06
2.67281e-06
-2.94238e-06
1.37949e-07
-6.6605e-06
5.12921e-06
2.17212e-06
4.57527e-06
-4.32922e-06
-3.30313e-06
6.61734e-06
-1.50408e-06
-7.45849e-07
5.93607e-07
5.62607e-06
-4.26401e-06
-5.41425e-06
-6.48485e-07
6.47748e-06
2.73629e-07
-2.45088e-06
3.02402e-07
-6.15483e-06
-4.98285e-07
-6.30007e-06
5.20301e-06
-3.37182e-06
-3.7869e-06
-6.74007e-06
-6.54891e-07
-5.71089e-06
-5.21249e-06
4.02967e-06
2.80133e-06
3.83005e-06
5.21372e-06
-4.73444e-06
-6.79227e-06
1.13117e-07
-2.49053e-06
-2.55154e-06
-4.82577e-06
6.17164e-06
2.28992e-06
4.64272e-06
5.83347e-06
6.02984e-07
-5.03485e-06
-5.66916e-06
6.05208e-06
-6.36116e-06
-5.46054e-06
6.85655e-06
-1.90196e-06
-5.00066e-06
-4.4967e-06
-5.49803e-06
-4.98942e-06
6.83754e-06
-4.99304e-06
5.22939e-06
1.08974e-06
4.96214e-06
-4.99436e-06
7.05991e-06
2.8732e-06
7.11844e-06
2.81217e-06
-5.0044e-06
7.05991e-06
7.11844e-06
-5.41182e-06
-5.37196e-06
-5.72872e-06
5.93559e-06
5.14677e-06
4.63971e-06
-4.80923e-07
3.15373e-06
6.98766e-06
1.49616e-06
5.25707e-06
-4.85302e-06
-5.6726e-06
5.22771e-07
5.02457e-06
4.45715e-06
-6.07023e-06
-5.30149e-07
5.8685e-06
5.22314e-06
5.67272e-06
-5.07912e-06
1.36913e-06
5.07659e-06
5.18257e-06
2.26734e-06
-4.66721e-06
5.59059e-06
-4.59151e-06
6.79543e-06
-5.42242e-06
-7.60183e-07
-5.35538e-06
4.38365e-06
-5.58669e-06
6.91901e-06
1.24267e-06
1.72362e-06
5.32083e-06
-2.96432e-07
4.92932e-06
1.58998e-06
4.92298e-06
-4.92298e-06
-5.44079e-06
5.03047e-06
-9.54411e-07
-4.28379e-06
-4.10641e-06
-3.78484e-06
4.10641e-06
-5.44469e-06
1.33978e-06
4.47348e-06
-1.09274e-08
-5.69288e-06
3.84957e-07
-5.16218e-06
5.7104e-06
-4.70592e-06
-5.37183e-06
-1.93863e-06
-4.29419e-06
8.0298e-07
-6.28172e-06
2.36005e-06
4.44968e-06
-5.15471e-06
5.41897e-06
-5.21565e-06
-7.61788e-06
3.71003e-06
3.97253e-06
5.33893e-06
2.3474e-06
4.50159e-06
5.32451e-06
5.27719e-06
-5.08346e-06
5.08346e-06
-5.45747e-06
-1.72003e-06
-4.90566e-06
9.05791e-07
4.11166e-06
4.45656e-06
1.57617e-06
5.30667e-06
-4.97773e-06
-5.4697e-06
-4.58211e-06
-1.80814e-06
-4.79378e-06
-2.07218e-07
8.12348e-07
2.20804e-07
2.53377e-07
-5.57455e-06
5.42081e-06
-6.02047e-06
-1.18175e-06
3.94071e-06
3.01574e-06
5.62525e-06
5.75628e-06
3.00476e-06
4.16662e-06
2.7981e-06
-7.37148e-09
5.13658e-06
3.03825e-06
4.90736e-06
1.75982e-06
4.52333e-06
3.87952e-07
-6.11826e-06
5.5804e-06
4.7407e-06
-4.7407e-06
4.59128e-06
-4.59128e-06
6.36832e-07
4.65728e-06
-4.65728e-06
4.72982e-06
-4.72982e-06
-6.1009e-06
-5.93093e-07
-4.64876e-06
4.59151e-06
6.50986e-06
-1.58688e-06
-7.92825e-07
-1.27885e-06
-5.46349e-06
-5.05714e-06
-3.80365e-06
-3.9516e-06
1.4264e-06
-5.66033e-06
-5.4465e-06
-1.75489e-06
-5.0466e-06
-5.21131e-06
-9.73879e-07
4.421e-06
-5.17631e-06
5.12577e-06
4.53387e-06
3.31424e-06
3.19688e-06
-4.87839e-06
-4.84468e-06
5.81717e-06
3.32738e-06
-5.69117e-06
3.36733e-06
5.40544e-06
-1.89539e-06
-1.97752e-06
-5.19541e-06
5.19933e-06
-5.19002e-06
5.71717e-06
-5.615e-06
5.31126e-06
5.55511e-06
-5.36627e-06
-1.99152e-06
-1.92964e-06
-1.99287e-06
-4.76823e-06
4.96865e-06
6.54162e-06
5.0979e-06
4.72281e-06
-4.97063e-06
5.75009e-06
4.51593e-06
-4.93321e-06
-2.62207e-07
-1.96618e-06
-5.93846e-07
4.00788e-06
3.47812e-06
5.36275e-06
5.36498e-06
-9.7483e-08
-5.93826e-06
-5.07732e-06
-3.69178e-07
5.98717e-06
-1.85091e-06
4.92554e-06
-1.83561e-06
-5.45125e-06
4.77456e-06
5.47913e-07
3.59405e-06
4.95279e-06
-4.84386e-06
-1.87059e-06
5.54893e-06
-4.51039e-07
2.80111e-06
3.99534e-06
6.33343e-06
-4.99074e-06
4.94753e-06
5.31433e-06
-1.74967e-06
1.83512e-06
5.04844e-06
-4.40188e-07
-4.10007e-06
4.61383e-06
-5.61912e-06
-1.70617e-06
4.66721e-06
4.60805e-06
4.29419e-06
3.15562e-06
5.25572e-06
-3.77308e-06
5.35538e-06
1.56307e-06
-9.48261e-08
-4.94182e-06
-5.10655e-06
1.16003e-06
1.77545e-06
-5.24803e-06
-5.17497e-06
4.36723e-06
-5.11564e-06
5.58497e-06
-5.17725e-07
-4.10024e-06
4.61797e-06
-3.36778e-06
3.52563e-06
3.016e-06
-5.39494e-06
-5.7371e-06
7.10427e-07
-4.777e-06
-4.53387e-06
-7.09707e-07
6.15527e-06
-5.6393e-07
5.17198e-06
1.95335e-06
7.71507e-07
1.74369e-06
3.89567e-06
-4.41339e-06
5.39556e-06
4.80468e-06
2.02451e-07
-5.19546e-06
4.99301e-06
-1.87418e-07
4.10002e-07
-1.24773e-06
4.72306e-06
-4.52061e-06
-2.65476e-06
1.12128e-06
-6.38875e-06
1.19495e-06
-4.44333e-06
-1.69524e-07
1.87615e-06
1.01664e-06
3.11045e-06
-4.2379e-06
-5.06625e-06
1.67585e-06
-5.37019e-06
6.99516e-07
4.65913e-06
5.13529e-06
3.31042e-06
-4.55514e-06
1.15449e-06
-1.02029e-06
-1.05504e-06
-4.81251e-06
-3.15055e-06
-3.54205e-06
-6.90255e-07
8.51558e-06
-3.05633e-06
8.54327e-06
-4.96622e-06
4.57136e-06
1.60394e-07
-5.10962e-06
-5.1534e-06
-1.31069e-06
3.86688e-06
-4.16247e-06
4.71212e-06
8.74676e-07
-2.92721e-07
5.33937e-06
4.36869e-06
5.15536e-06
5.48548e-06
-1.7941e-06
-4.42468e-06
-4.7178e-06
-4.3078e-06
-1.35963e-06
5.13874e-06
5.47898e-06
5.35912e-07
1.51047e-06
3.32769e-06
-5.19039e-06
4.99806e-06
5.33396e-06
-2.19259e-07
)
;

boundaryField
{
    front
    {
        type            empty;
    }
    back
    {
        type            empty;
    }
    wall
    {
        type            calculated;
        value           uniform 0;
    }
    inlet
    {
        type            calculated;
        value           nonuniform List<scalar> 
12
(
-9.69327e-06
-9.70474e-06
-9.71272e-06
-9.63147e-06
-9.91358e-06
-9.74516e-06
-9.89046e-06
-9.93311e-06
-9.93061e-06
-9.99473e-06
-9.98377e-06
-9.99744e-06
)
;
    }
    outletLeft
    {
        type            calculated;
        value           nonuniform List<scalar> 9(6.61267e-06 6.65674e-06 6.6613e-06 6.64103e-06 6.62319e-06 6.62713e-06 6.63842e-06 6.70734e-06 6.73223e-06);
    }
    aneurysm
    {
        type            calculated;
        value           uniform 0;
    }
    outletRight
    {
        type            calculated;
        value           nonuniform List<scalar> 9(6.416e-06 6.46283e-06 6.55232e-06 6.3374e-06 6.48887e-06 6.42266e-06 6.47736e-06 6.55267e-06 6.52092e-06);
    }
}


// ************************************************************************* //
