/*--------------------------------*- C++ -*----------------------------------*\
  =========                 |
  \\      /  F ield         | OpenFOAM: The Open Source CFD Toolbox
   \\    /   O peration     | Website:  https://openfoam.org
    \\  /    A nd           | Version:  12
     \\/     M anipulation  |
\*---------------------------------------------------------------------------*/
FoamFile
{
    format      ascii;
    class       surfaceScalarField;
    location    "0.01";
    object      phi;
}
// * * * * * * * * * * * * * * * * * * * * * * * * * * * * * * * * * * * * * //

dimensions      [0 3 -1 0 0 0 0];

internalField   nonuniform List<scalar> 
6438
(
-1.66316e-09
2.02836e-07
-2.01172e-07
-1.78134e-09
2.3554e-07
-2.33759e-07
-2.19757e-07
-3.70337e-08
2.5679e-07
2.07896e-07
-2.28683e-07
2.07874e-08
3.21758e-07
-2.51122e-07
-7.06364e-08
7.52722e-08
2.46486e-07
-2.47645e-07
2.78886e-08
-2.17676e-07
2.15894e-07
2.34657e-07
-2.81149e-07
4.64922e-08
2.18197e-07
-2.5498e-07
3.67834e-08
-2.11278e-07
2.56022e-07
-4.47442e-08
5.13867e-08
-2.32615e-07
1.81229e-07
-2.59145e-07
4.78671e-08
1.99877e-07
9.28925e-08
-2.92769e-07
1.88679e-07
-1.90342e-07
-9.92461e-09
2.20148e-07
-2.10224e-07
-2.78462e-07
2.69351e-07
9.1107e-09
-2.10547e-07
2.55076e-07
-4.45286e-08
-2.58505e-07
4.79579e-08
8.28625e-08
1.76004e-07
-2.58866e-07
-6.07843e-08
-3.94572e-08
1.00242e-07
-1.31347e-08
2.32012e-07
-2.18877e-07
-2.13558e-07
-3.53907e-08
2.48949e-07
-2.61586e-07
1.15393e-07
1.46193e-07
-2.2848e-07
2.15345e-07
-2.02443e-07
2.4726e-07
-4.4817e-08
-2.45372e-07
3.18137e-08
2.34993e-07
-1.83607e-07
-2.12827e-07
-3.81813e-08
2.51009e-07
-2.55869e-07
5.34264e-08
1.98195e-07
-2.46774e-07
4.8579e-08
9.6647e-10
-2.42078e-07
2.41111e-07
2.35893e-07
-2.36784e-07
8.90176e-10
-2.34143e-07
4.01424e-08
1.94e-07
-3.17712e-07
5.10933e-08
2.66619e-07
2.22717e-07
-2.2175e-07
2.23632e-07
-1.57366e-08
1.45823e-07
2.03723e-07
-3.49546e-07
-7.03073e-08
2.70184e-07
-2.07798e-07
2.291e-07
-2.13022e-08
-2.43051e-07
2.40599e-07
2.45198e-09
-1.00994e-07
1.83857e-07
2.16668e-07
1.52877e-09
-2.6026e-07
2.55056e-07
5.20369e-09
2.33558e-07
-3.53636e-08
-1.70844e-07
1.6092e-07
-3.02266e-07
5.11443e-08
2.29024e-07
2.2117e-08
-2.51141e-07
-1.7971e-07
-5.44326e-08
-3.25618e-08
-2.15041e-07
2.44398e-07
-2.93578e-08
-1.6129e-07
2.30603e-07
-6.9313e-08
2.32072e-07
-2.32072e-07
7.22682e-08
1.7696e-07
2.30506e-08
-2.00011e-07
1.02806e-07
4.94045e-08
-1.52211e-07
1.96382e-07
3.95222e-08
-2.35904e-07
1.9023e-07
-7.48367e-08
-1.10122e-07
-1.92144e-07
-1.8813e-09
2.04369e-07
-2.02488e-07
-2.52875e-07
2.52875e-07
-2.61151e-07
2.63354e-07
-2.2027e-09
1.05992e-08
1.948e-07
-2.05399e-07
6.62035e-10
-2.38917e-07
2.38255e-07
2.21544e-07
-2.20882e-07
-2.41238e-07
2.84108e-08
-2.4183e-07
-1.84298e-08
-2.06378e-07
2.27146e-07
-2.0768e-08
2.30987e-08
1.99122e-07
-2.22221e-07
-2.44446e-07
2.35261e-07
9.18481e-09
2.38438e-07
-2.38438e-07
2.21944e-07
1.27124e-08
-1.45185e-07
-1.09795e-07
2.06757e-07
4.45624e-08
-2.51319e-07
-2.0368e-07
-3.93705e-08
1.80793e-07
1.40404e-07
-3.21197e-07
-2.79546e-07
1.78551e-07
-1.78093e-07
-1.01453e-07
2.43849e-07
-3.70921e-08
1.4692e-07
-4.41133e-08
1.99758e-07
2.16927e-08
-2.2145e-07
-2.46109e-07
-1.5042e-08
-3.62332e-08
-6.03016e-08
-1.92574e-07
2.67098e-07
-2.67098e-07
-1.76696e-07
-6.775e-08
-1.72014e-08
-3.00511e-07
-2.30256e-07
2.29747e-07
5.09473e-10
8.29994e-09
-2.34117e-07
2.25817e-07
-2.569e-08
2.25448e-07
2.30485e-07
5.40863e-09
-2.40947e-07
-3.7515e-08
-2.43213e-07
2.48885e-07
-5.67184e-09
2.53482e-07
-1.41658e-07
-1.11824e-07
2.28491e-07
-2.20191e-07
5.00486e-09
2.55745e-07
-1.29944e-07
-1.25801e-07
1.447e-07
1.08782e-07
2.34988e-07
-2.34988e-07
-1.80046e-07
2.57839e-07
-7.77928e-08
-2.26178e-07
1.11372e-08
-3.10066e-08
-1.82908e-07
2.13915e-07
-2.12105e-07
8.42497e-09
-2.27528e-07
4.74818e-08
1.94586e-07
4.22942e-08
-2.36881e-07
-1.5983e-08
2.10569e-07
-2.05067e-07
2.36759e-07
-3.16919e-08
-2.16469e-07
8.67052e-09
1.50154e-07
1.0559e-07
2.25708e-07
-4.44797e-08
9.52433e-09
2.22547e-07
-1.95515e-07
-1.65899e-08
2.03677e-07
4.45522e-08
-2.48229e-07
-1.12651e-07
-9.80903e-08
2.10741e-07
1.48544e-07
-1.97578e-08
-1.28786e-07
-2.42078e-07
4.96499e-08
2.41037e-07
-2.90687e-07
-1.12786e-07
5.20015e-08
2.41506e-07
5.75348e-09
2.62753e-07
-1.36803e-07
-1.2595e-07
8.9206e-08
1.73547e-07
2.42034e-07
-3.8357e-08
2.98631e-07
-1.52807e-07
-2.20685e-07
1.12513e-09
2.1956e-07
-3.16195e-07
3.12982e-08
2.84897e-07
-3.79917e-09
-2.20175e-07
2.23974e-07
2.41238e-07
1.38184e-08
-1.86436e-07
1.84555e-07
-2.22574e-07
2.26959e-07
-4.38552e-09
2.25837e-07
-2.29636e-07
2.32969e-07
-2.32969e-07
2.28483e-07
7.05711e-09
2.29621e-07
-5.26613e-08
2.26574e-07
-2.15975e-07
-1.99166e-07
1.68159e-07
2.23223e-09
2.19673e-07
-2.21906e-07
2.58637e-07
-1.79884e-07
-7.87535e-08
-2.38917e-07
-3.63953e-09
2.80873e-09
-2.20484e-07
-2.1975e-07
1.33719e-08
2.27958e-09
2.20437e-07
2.13367e-07
-1.90269e-07
-2.19899e-07
1.48327e-08
2.22814e-07
-6.14665e-09
-8.09712e-09
1.94129e-07
-1.86032e-07
1.53953e-07
1.04684e-07
-2.28928e-07
4.96688e-08
1.79259e-07
2.31736e-07
-1.13267e-09
-3.0815e-07
2.74238e-08
2.80726e-07
-3.25147e-09
-2.19063e-07
2.22314e-07
1.45167e-07
3.37651e-09
1.38771e-08
2.17859e-07
2.16558e-07
1.84351e-08
2.24577e-07
-2.27829e-07
-2.33251e-07
-7.69558e-09
2.39307e-07
-2.57734e-07
1.84276e-08
-2.12828e-07
-7.85739e-09
-2.59384e-07
1.12881e-07
1.46503e-07
-3.23431e-10
2.24045e-07
7.96665e-09
-2.11368e-07
2.45487e-07
-3.41194e-08
-2.31264e-07
2.00058e-07
3.12066e-08
-3.15279e-08
8.10186e-08
-4.94907e-08
-7.2756e-08
-1.83113e-07
-2.34117e-07
-2.02059e-09
2.23564e-07
6.95392e-08
1.883e-07
-3.92993e-09
-2.27295e-07
-1.18523e-09
-4.87157e-09
-2.48345e-07
2.09615e-07
3.87302e-08
-1.47304e-08
1.85078e-07
3.68662e-08
3.63244e-07
-1.5952e-07
-7.63291e-08
-1.82176e-07
2.27522e-07
2.96308e-09
-1.94334e-07
8.16832e-08
-8.87544e-08
-1.38377e-07
2.27132e-07
-7.81582e-08
-1.80987e-07
-1.26607e-07
3.074e-07
-2.35122e-07
7.8277e-09
-2.22144e-07
2.23051e-07
-9.0718e-10
-1.82287e-07
1.7419e-07
-2.74052e-09
-2.17758e-07
2.20498e-07
-2.39309e-07
4.18644e-09
1.99295e-07
-2.36928e-07
3.76322e-08
2.22639e-07
-2.2538e-07
1.97979e-07
-7.46314e-08
-1.23347e-07
-3.00001e-07
1.07824e-07
1.92176e-07
2.0324e-07
1.95749e-08
1.67457e-07
1.01894e-07
4.9086e-08
2.18012e-07
-5.93442e-08
-2.07754e-07
-2.4239e-07
2.40249e-07
2.14062e-09
-2.41745e-07
-6.45144e-10
-2.40602e-07
-1.14305e-09
9.40433e-10
6.26935e-08
-3.5025e-07
2.87556e-07
-2.59179e-07
3.08829e-07
2.04829e-07
-2.02597e-07
2.19259e-07
9.23193e-09
1.7784e-08
1.80195e-07
-2.20175e-07
-1.99259e-07
1.98513e-07
2.46501e-08
-2.23163e-07
-1.1477e-09
-4.7992e-08
3.49315e-07
-3.01323e-07
3.31302e-07
-2.38409e-07
-1.00724e-07
1.50128e-07
-6.42505e-08
-1.95134e-07
-1.72506e-07
-1.27495e-07
-2.19727e-07
-1.35242e-08
-2.21774e-07
2.21777e-07
-2.33538e-12
-3.49842e-08
2.07747e-07
-1.72763e-07
-2.38299e-07
2.39826e-07
-1.52682e-09
-2.3572e-07
-2.57936e-09
-3.02578e-07
1.93022e-08
2.83276e-07
-2.10943e-07
-1.36187e-08
2.24561e-07
2.37505e-07
2.32101e-09
-4.21158e-08
-2.58292e-07
9.54679e-08
1.62824e-07
1.4714e-09
-1.36959e-07
-1.21333e-07
-3.0965e-09
-2.46887e-09
-2.16382e-07
2.18851e-07
-2.22017e-07
1.10746e-08
2.0051e-07
2.70116e-08
2.30928e-07
-2.21404e-07
2.20339e-07
-2.22808e-07
2.19444e-07
6.39225e-09
1.07875e-07
2.23427e-07
2.24332e-07
-3.92542e-08
-1.79444e-08
-2.98251e-07
-1.31506e-08
1.81086e-07
-1.67935e-07
-2.34685e-07
-1.03512e-09
-2.34624e-07
-6.06297e-11
2.36463e-07
-2.34661e-07
-1.80217e-09
2.33974e-07
2.4892e-09
-2.19063e-07
5.34587e-08
-7.29069e-08
1.94483e-08
-2.6351e-07
1.54392e-07
1.09118e-07
1.18606e-07
-2.37699e-07
1.19093e-07
-2.07025e-07
-1.91526e-08
-2.21047e-07
2.19985e-07
1.06218e-09
-2.2944e-07
2.20992e-07
8.44743e-09
-1.82562e-08
2.34819e-07
-2.16563e-07
-2.2802e-07
6.00263e-09
-2.53121e-07
3.15815e-07
-2.33218e-08
-2.05606e-07
-2.37966e-07
2.1971e-07
-1.86562e-07
-1.69963e-08
2.03558e-07
-1.73325e-07
2.32546e-07
1.42798e-09
-1.58336e-07
-4.23446e-08
4.71e-08
-4.75537e-09
-2.07819e-09
8.52143e-09
-3.01356e-07
2.92835e-07
-1.66502e-07
-8.11429e-08
-2.35459e-07
2.30862e-07
4.59653e-09
-2.3182e-07
-3.63886e-09
-8.29929e-08
5.14649e-08
2.19067e-07
5.51013e-09
2.31797e-07
-3.69976e-08
2.31789e-07
-2.31688e-07
-1.0035e-10
-6.1078e-10
-2.14654e-07
2.15265e-07
2.42241e-07
-1.72702e-07
-2.87214e-09
2.39576e-07
1.36377e-07
-3.75953e-07
2.36921e-07
-2.36921e-07
3.74451e-08
2.1543e-07
-8.35679e-08
-1.48504e-07
-1.89264e-07
2.28112e-07
-3.88481e-08
-2.44557e-08
-2.04984e-07
2.19138e-07
-2.19749e-07
-2.08999e-07
3.06167e-09
2.05938e-07
4.05185e-08
-2.12714e-07
1.72196e-07
-2.20377e-07
2.17984e-07
2.39356e-09
1.41219e-07
1.01023e-07
-6.70739e-09
-3.56372e-08
-1.3188e-07
-1.3163e-07
-5.17324e-08
-2.34965e-07
2.35977e-08
-2.17758e-07
1.97077e-07
4.22296e-08
-1.82462e-07
-2.05464e-07
1.89024e-08
-2.0985e-07
1.21095e-07
2.38367e-07
-1.9366e-07
-4.47076e-08
4.03858e-08
1.90542e-07
-1.66149e-07
-7.92227e-08
-2.3231e-07
2.3231e-07
2.32985e-07
-2.24087e-07
-8.89851e-09
1.31715e-08
-2.20197e-07
-1.85692e-07
2.09755e-07
-2.40626e-08
-7.30794e-08
3.36222e-08
2.16888e-07
-2.17963e-07
1.07559e-09
2.28416e-07
2.44619e-09
2.30452e-07
2.5337e-09
3.47451e-07
-2.21909e-07
-6.11082e-09
-1.94458e-07
1.59473e-07
2.18688e-07
3.95087e-09
2.29767e-07
-2.28653e-07
-1.11361e-09
-2.05317e-09
-3.27223e-09
2.41854e-08
-1.96865e-07
1.7268e-07
-6.38672e-09
-3.01763e-07
7.22882e-08
1.60631e-08
-2.01755e-07
-2.1974e-07
2.16308e-07
3.43174e-09
2.18722e-07
-1.94266e-08
-1.01155e-07
-1.35628e-07
-3.07171e-07
2.27264e-08
-1.2345e-07
-3.64523e-08
7.5514e-10
2.25515e-07
-2.00865e-07
-2.16382e-07
-2.16692e-07
5.7544e-09
2.10937e-07
3.05533e-07
4.37816e-08
1.75633e-07
8.77206e-08
2.13166e-07
-9.456e-08
2.22174e-07
-1.25588e-08
5.12599e-07
-3.76222e-07
-3.5025e-07
-1.12716e-07
-1.18548e-07
-2.88464e-09
2.37515e-07
-2.22518e-07
-1.49966e-08
2.25258e-07
5.19381e-09
2.6171e-08
-2.15435e-07
-1.59455e-07
1.8364e-07
2.18298e-07
2.04076e-09
1.6847e-07
7.53787e-08
2.29018e-07
8.4969e-09
2.28829e-07
-2.25598e-07
-3.2307e-09
-1.03434e-07
-1.4334e-07
-1.02137e-08
2.10271e-07
3.8048e-09
-2.42243e-07
1.89582e-07
-1.49063e-07
-3.39536e-09
4.74204e-09
1.84888e-07
-2.01221e-07
1.63337e-08
3.4435e-08
1.93677e-07
3.09072e-07
-3.0055e-07
1.08385e-07
1.36013e-07
-2.18933e-07
2.16743e-07
2.18944e-09
-5.0213e-09
-1.27605e-07
7.01393e-08
5.74661e-08
-2.32997e-09
2.37238e-07
-2.37238e-07
2.68289e-07
-1.55841e-07
-1.12448e-07
-1.95131e-07
-3.35522e-08
1.6364e-07
7.83936e-08
2.27726e-07
1.29248e-09
-2.14654e-07
2.12931e-07
1.40822e-09
-2.1434e-07
1.74117e-07
2.42243e-07
-2.41111e-07
6.12378e-09
2.83392e-07
-2.52094e-07
2.18491e-07
-2.31168e-07
2.17918e-07
-4.98639e-09
1.96157e-07
-2.12962e-07
2.11995e-07
9.67355e-10
9.71011e-09
1.70638e-07
-1.80348e-07
-1.93093e-07
1.59596e-07
-1.44288e-08
2.01486e-07
2.76144e-08
-1.98006e-09
-1.87254e-07
-3.26453e-08
-2.81103e-07
1.77669e-07
7.87266e-10
-2.13615e-07
-2.27236e-07
-1.07296e-08
3.03525e-07
-1.63122e-07
2.12747e-09
-3.98189e-08
2.41007e-07
-2.01188e-07
-1.02705e-07
-2.49005e-08
2.1205e-07
-2.14214e-07
2.16371e-09
-2.18491e-07
2.17268e-07
9.42943e-08
1.342e-07
-2.28495e-07
2.25943e-07
-4.10549e-08
1.79403e-08
2.02208e-07
2.24069e-07
2.14177e-08
2.39557e-08
2.9503e-08
-2.38255e-07
5.28644e-09
-1.88556e-07
2.14727e-07
-1.09349e-07
1.32075e-07
2.0178e-08
-1.98004e-07
1.77826e-07
-1.68887e-09
3.1476e-09
-1.97557e-07
-2.25557e-07
2.21263e-07
4.29398e-09
-2.15554e-07
2.18941e-08
1.40845e-07
1.27443e-07
-1.20757e-07
2.47921e-07
-1.27164e-07
2.49763e-07
-2.33114e-07
-1.6649e-08
6.42621e-09
1.5317e-07
-2.14411e-07
-2.281e-09
2.17623e-07
2.95162e-10
1.06434e-07
-3.62947e-08
2.77167e-07
-2.49744e-07
1.95866e-07
3.12796e-08
1.23011e-08
-2.2108e-07
3.38258e-08
3.38095e-09
-1.91936e-07
2.46718e-07
-1.99237e-07
2.0078e-07
-1.21177e-08
-1.91074e-07
2.03192e-07
-2.16653e-07
2.25808e-07
-2.75758e-09
-3.2807e-07
2.67466e-08
-1.44127e-09
2.12376e-07
4.36688e-09
-1.99483e-07
-2.20371e-07
2.19522e-07
8.49191e-10
2.63057e-07
-1.52847e-07
-1.1021e-07
-1.83907e-07
-1.68161e-08
2.00723e-07
-3.40893e-10
-2.16469e-07
4.72788e-09
-2.3845e-08
2.3241e-07
-2.08565e-07
-2.13098e-07
2.14174e-07
-3.08965e-07
-4.5076e-08
-2.99016e-07
2.91404e-07
7.61222e-09
1.69023e-07
8.69993e-08
1.99265e-07
1.84072e-08
-2.17672e-07
2.12005e-07
-8.76582e-09
1.69325e-07
8.57508e-08
-1.51208e-07
4.8503e-08
-2.14983e-07
1.85871e-07
-2.11561e-07
-2.87902e-07
2.86876e-07
1.0259e-09
2.59267e-07
-2.08173e-07
2.12589e-07
-5.94029e-10
1.32943e-08
-1.98259e-07
1.84965e-07
-3.21869e-09
-2.84683e-07
2.5751e-07
-2.5751e-07
-1.17528e-07
2.20837e-07
-1.03309e-07
-2.12526e-07
2.12526e-07
2.177e-07
-1.91975e-07
-2.57249e-08
2.00334e-07
4.85508e-08
2.26301e-07
-1.85915e-07
2.24358e-07
-2.5813e-09
-1.74763e-07
-2.84674e-08
2.0323e-07
-2.8445e-07
2.85471e-07
-1.02133e-09
2.62344e-07
-1.57705e-07
-1.04639e-07
3.82965e-08
1.88004e-07
-2.87429e-07
2.85956e-07
1.47315e-09
-5.39239e-11
-2.18318e-09
2.836e-07
-2.81417e-07
-2.8641e-07
2.8641e-07
-3.46214e-09
2.15512e-07
3.07716e-07
-2.86597e-07
-2.11189e-08
-2.87635e-07
2.85452e-07
2.8731e-07
-2.8587e-07
-1.43962e-09
-2.09437e-07
-4.77641e-09
2.45178e-07
-3.3666e-09
2.85471e-07
-2.82104e-07
2.85551e-07
-2.86097e-07
5.46184e-10
-2.16325e-07
2.84032e-07
-4.31429e-10
-2.20152e-07
2.18256e-07
1.8958e-09
-2.83977e-07
2.85052e-07
-1.07404e-09
2.17802e-07
-2.12047e-07
-2.86868e-07
2.83501e-07
2.20356e-07
-7.04192e-08
1.0398e-07
1.37027e-07
-1.58527e-07
-1.22576e-07
-2.85871e-07
2.85871e-07
-2.87198e-07
-4.3714e-10
2.66114e-07
-4.94263e-08
-2.16688e-07
-1.86321e-07
1.2602e-07
7.32034e-09
2.84495e-07
-2.85406e-07
9.11144e-10
2.09506e-07
-2.09524e-07
1.78712e-11
2.93378e-07
-2.85697e-07
-7.68137e-09
2.82936e-07
1.55818e-09
2.82442e-07
3.02848e-09
-6.23669e-10
-2.11903e-07
-2.60156e-07
1.43829e-07
1.16327e-07
-2.1161e-07
2.13018e-07
2.83883e-07
-9.46796e-10
2.97678e-08
1.92406e-07
1.52274e-07
-5.79796e-08
-2.86476e-07
-3.92044e-10
2.33665e-07
1.38278e-07
-2.36368e-07
-3.64753e-08
-2.91594e-07
2.13863e-07
-2.15304e-07
1.44082e-09
-9.97662e-09
-2.89039e-07
2.22561e-07
-2.57593e-09
2.46775e-07
-1.6862e-07
-7.81549e-08
-2.13979e-07
2.84335e-07
-2.84335e-07
2.03862e-07
3.14669e-09
-2.07009e-07
2.1952e-07
-2.84949e-07
2.84562e-07
3.86876e-10
2.82847e-07
-2.8566e-07
2.81306e-09
1.78193e-07
-2.37537e-07
-8.09397e-10
-2.82925e-07
2.83735e-07
2.82271e-07
-2.8308e-07
-9.26507e-09
3.00669e-07
-2.25292e-07
2.44594e-07
-2.56091e-07
1.77933e-07
-4.51402e-09
2.9139e-07
2.44121e-08
1.25716e-07
3.20309e-09
2.62911e-07
-6.3539e-10
2.27098e-07
-2.26463e-07
-2.00787e-09
-2.85617e-07
-1.81245e-09
2.35031e-07
-2.37159e-08
-2.11315e-07
-2.83717e-07
2.83717e-07
1.65494e-07
-1.42443e-07
-2.86085e-07
2.85308e-07
7.77047e-10
2.18841e-07
-2.18841e-07
2.12666e-07
-3.15928e-09
2.8411e-07
-2.84573e-07
4.62844e-10
-2.73661e-07
7.44016e-08
-1.01774e-10
-2.11292e-07
2.11394e-07
2.28918e-07
-1.95827e-09
2.84647e-07
2.66305e-09
1.72665e-07
2.94451e-08
-2.0211e-07
2.85578e-07
-1.54673e-09
2.22654e-07
-2.22654e-07
2.83774e-07
-2.82744e-07
-1.02999e-09
-2.17551e-07
2.15772e-07
1.77871e-09
2.859e-07
-2.85044e-07
-8.56689e-10
-2.84215e-07
2.84215e-07
4.25392e-08
1.99337e-07
6.77935e-09
-2.06117e-07
-2.86109e-07
2.85337e-07
7.7263e-10
-1.13011e-09
-2.14642e-07
2.13461e-07
4.02657e-10
2.65887e-07
-4.97248e-08
-2.16162e-07
1.83869e-07
2.83045e-07
-2.83839e-07
7.93583e-10
2.19318e-07
2.33552e-07
3.32489e-09
2.00537e-07
2.90276e-07
-5.62872e-09
2.82062e-07
9.83523e-10
2.07992e-07
-2.07992e-07
-1.09349e-07
2.87057e-07
-2.8478e-07
-8.79854e-10
2.84707e-07
-2.83661e-07
-1.04662e-09
5.72486e-09
-2.90181e-07
2.84456e-07
3.00464e-08
-2.87556e-07
-2.85582e-07
2.8507e-07
5.12026e-10
2.06137e-07
-2.06221e-07
8.3719e-11
2.177e-07
-1.91919e-07
1.91919e-07
2.82657e-07
-5.95342e-10
-2.12101e-07
-1.98259e-07
1.99265e-07
2.20411e-07
-2.42768e-09
-6.72442e-10
2.25269e-08
-2.80685e-07
2.84631e-07
-2.8477e-07
1.39332e-10
6.37744e-09
1.9976e-07
6.84732e-09
2.28184e-07
2.14072e-07
-1.40611e-09
-2.85019e-07
2.84644e-07
3.75238e-10
2.82468e-07
-2.8335e-07
8.82129e-10
-2.84652e-07
-1.43264e-09
2.83946e-07
-2.8315e-07
-7.95217e-10
2.14695e-07
4.14564e-09
2.84038e-07
1.26954e-09
-3.87943e-10
2.8347e-07
1.17357e-09
-6.31428e-11
-2.1016e-07
-2.87792e-07
3.10822e-09
-2.13086e-07
2.13086e-07
2.98294e-09
2.62904e-07
-2.16544e-07
4.1781e-08
1.57141e-09
2.8398e-07
1.14358e-08
-2.0551e-07
1.94074e-07
2.11014e-09
2.843e-07
2.71241e-07
-2.95862e-07
2.14916e-07
7.73846e-09
2.82271e-07
-2.19229e-09
2.0153e-07
-2.06927e-07
7.06385e-10
2.03861e-07
-3.11968e-08
-2.82976e-07
2.82976e-07
-2.84468e-07
-1.64124e-09
1.91975e-07
-1.99113e-07
7.13721e-09
-2.843e-07
2.09195e-07
-2.09297e-07
2.83887e-07
1.44969e-09
-2.83987e-07
-2.52709e-07
1.7638e-07
-2.85294e-07
2.84802e-07
4.92249e-10
1.93487e-07
1.85189e-08
2.11292e-07
1.23418e-09
-2.82035e-07
2.84029e-07
-1.99428e-09
-2.15133e-07
2.13363e-07
1.7704e-09
-2.82924e-07
8.88925e-10
2.13768e-07
-3.07281e-10
1.1419e-08
-2.2027e-07
2.08851e-07
2.82897e-07
-2.84195e-07
1.29803e-09
2.30363e-07
-2.41093e-07
2.82843e-07
-2.82827e-07
-1.55448e-11
-1.79985e-07
1.79984e-07
-2.22813e-07
2.22813e-07
-2.82523e-07
-4.01099e-10
-1.32075e-07
1.56487e-07
-2.83356e-07
2.82934e-07
4.21827e-10
2.30911e-09
2.83562e-07
1.76665e-07
-1.56487e-07
-1.76665e-07
1.86375e-07
1.86776e-07
-2.15244e-07
2.58398e-07
-1.52669e-07
-1.0573e-07
-2.84342e-07
-1.24017e-09
-4.11279e-08
-1.86375e-07
2.27503e-07
2.83962e-07
1.10822e-09
-2.15516e-07
1.98212e-07
2.84849e-07
-2.84261e-07
-5.8856e-10
-2.83097e-07
-2.136e-07
2.15115e-07
-7.12232e-09
-7.85026e-10
2.84668e-07
2.83402e-07
-2.11394e-07
-2.90211e-07
-1.70539e-07
2.17672e-07
-4.71331e-08
-2.81867e-07
-1.05848e-09
2.83095e-07
3.74606e-10
1.65168e-07
-1.68973e-07
3.80405e-09
3.20326e-10
1.99113e-07
-2.07103e-07
7.99062e-09
1.30962e-07
1.32094e-07
-2.84217e-07
-1.0768e-09
-2.15807e-07
2.81846e-07
-2.81601e-07
-2.44214e-10
2.83855e-07
9.47448e-10
-2.84718e-07
2.84399e-07
3.19053e-10
2.18166e-07
2.14695e-07
-2.82588e-07
2.81939e-07
6.48917e-10
2.84586e-07
-2.8445e-07
-1.3624e-10
-2.1215e-07
2.14916e-07
2.82448e-07
-2.82448e-07
1.17324e-09
2.84783e-07
-1.78309e-07
-3.82344e-08
2.83014e-07
-1.17587e-10
-3.63242e-08
1.93189e-07
-1.56865e-07
2.82306e-07
-2.82064e-07
-2.42468e-10
8.82887e-10
2.83452e-07
2.81782e-07
-2.8205e-07
2.68088e-10
-2.8512e-07
-2.84066e-07
-1.71072e-07
2.64866e-10
2.84297e-07
-3.92031e-10
-2.83463e-07
2.83855e-07
-2.82464e-07
2.81833e-07
6.30993e-10
-2.84212e-07
-5.05941e-10
-2.15278e-07
-2.08153e-07
1.22512e-09
2.839e-07
4.98977e-10
-2.82205e-07
2.82083e-07
1.21954e-10
-2.82395e-07
1.10053e-09
2.81294e-07
2.84142e-07
7.07354e-10
-2.83242e-07
-1.01854e-09
-2.07047e-07
-9.449e-10
2.84005e-07
-2.84173e-07
1.6801e-10
2.82463e-07
-2.82855e-07
-2.82899e-07
2.82504e-07
3.94512e-10
2.82187e-07
-2.81958e-07
-2.29197e-10
2.12935e-07
1.51067e-10
2.8409e-07
4.96005e-10
-2.8368e-07
-7.70524e-10
-2.84697e-07
2.15115e-07
-2.82345e-07
2.81769e-07
5.75976e-10
1.87463e-07
-1.99581e-07
-2.81546e-07
2.82618e-07
-1.07181e-09
2.82443e-07
-2.82874e-07
4.30714e-10
-7.42193e-10
-2.83925e-07
-2.87903e-10
-7.65333e-10
-2.50497e-07
1.77741e-07
-5.06252e-10
2.82463e-07
-4.87054e-10
-3.16903e-10
-2.84175e-07
2.50658e-10
1.09214e-07
2.38673e-07
-3.47887e-07
-5.90372e-08
2.83996e-07
8.89767e-12
-2.83452e-07
5.52905e-10
2.83164e-07
-2.8362e-07
-5.53281e-10
-2.13722e-07
-2.84466e-07
2.90697e-10
1.05026e-09
2.8306e-07
-3.84268e-11
1.38026e-09
-2.7968e-07
2.783e-07
2.844e-07
-2.84251e-07
-1.49224e-10
-2.17435e-07
3.91258e-08
2.83851e-07
-2.83354e-07
-4.96818e-10
-2.8402e-07
-2.10647e-07
-1.12582e-08
2.82131e-07
-2.81904e-07
-2.26904e-10
1.51059e-09
-2.79946e-07
2.78435e-07
-2.84325e-07
2.83776e-07
5.4935e-10
-2.15305e-07
2.134e-07
1.90552e-09
2.36537e-10
-2.84314e-07
-1.52109e-10
-2.167e-07
4.49444e-08
1.71756e-07
-2.83951e-07
-3.74432e-10
2.84298e-07
1.02291e-10
-2.83822e-07
-4.2843e-10
-1.19262e-09
-2.84328e-07
1.41056e-11
-2.04566e-07
-2.3207e-08
2.27773e-07
1.63107e-07
1.22851e-09
-2.83164e-07
2.13521e-07
-1.58579e-10
-2.82122e-07
2.82122e-07
-5.5227e-10
2.84163e-07
1.35165e-10
-2.27707e-10
4.62333e-10
4.70408e-10
2.84269e-07
-1.06571e-10
1.7379e-10
2.84201e-07
-2.84197e-07
-3.89485e-12
2.052e-07
-2.052e-07
-2.83622e-07
2.82988e-07
6.33453e-10
2.8261e-07
-2.82324e-07
-2.86065e-10
-4.21017e-10
2.84092e-07
1.77546e-10
2.84105e-07
9.59862e-11
-1.05249e-10
2.84088e-07
2.83864e-07
-2.84017e-07
1.52724e-10
-2.8659e-07
-2.82946e-07
-6.75992e-10
2.19063e-07
-2.75525e-09
2.836e-07
2.64439e-10
2.351e-09
2.8383e-07
-2.83499e-07
-3.30902e-10
-2.02934e-07
2.02934e-07
1.65383e-09
2.82561e-07
-2.82069e-07
2.82531e-07
-4.62778e-10
2.83764e-07
6.65606e-11
1.25187e-09
2.1282e-07
2.83433e-07
-2.83308e-07
-1.24811e-10
-2.8116e-07
-9.0846e-10
2.82677e-07
-2.82905e-07
2.2765e-10
2.83237e-07
1.96399e-10
2.83751e-07
3.53641e-10
-2.68886e-09
-2.80774e-07
-4.33552e-10
-2.50128e-08
-1.90422e-07
2.82181e-07
-2.82458e-07
2.77872e-10
8.5469e-09
1.96653e-07
2.83403e-07
-2.83117e-07
-2.8635e-10
-2.65724e-10
-5.1195e-09
-2.35627e-07
2.40747e-07
-2.05327e-07
2.07683e-07
-2.3563e-09
-2.80835e-07
2.8093e-07
-9.57591e-11
2.83058e-07
3.45393e-10
-2.82185e-07
-1.76045e-07
2.85258e-07
2.83189e-07
-2.8276e-07
-4.28444e-10
-2.83433e-07
2.83439e-07
-5.34819e-12
2.82666e-07
-2.82414e-07
-2.52683e-10
-2.76309e-08
-2.42587e-07
2.70218e-07
2.82879e-07
3.09938e-10
-2.81074e-07
2.39715e-10
2.83227e-07
-2.82867e-07
-3.59985e-10
2.12935e-07
-2.17416e-07
2.17416e-07
2.83126e-07
-2.82561e-07
-5.64102e-10
-5.68105e-10
2.83225e-07
-4.44899e-10
-2.13265e-07
2.82696e-07
4.29531e-10
-2.834e-07
-5.50536e-10
-2.80617e-07
2.80772e-07
-1.54847e-10
2.83436e-07
1.63405e-10
4.95396e-09
2.80517e-07
-6.28429e-11
2.83219e-07
7.26893e-10
2.12577e-07
9.43982e-10
3.86142e-11
-2.80919e-07
3.01297e-10
2.1763e-08
8.24028e-10
9.0746e-09
2.82413e-07
-2.82674e-07
2.61392e-10
-2.80317e-07
2.80653e-07
-3.36287e-10
5.31517e-09
-2.13091e-07
2.07775e-07
3.80565e-08
-2.21397e-07
1.8334e-07
7.97549e-08
2.00817e-07
-2.00817e-07
2.82185e-07
-2.82185e-07
-2.30413e-07
1.31675e-10
-2.82719e-07
2.16832e-07
2.83104e-07
6.59239e-10
-5.30661e-08
-9.91596e-08
1.52226e-07
-2.80747e-07
4.30615e-10
-2.80839e-07
-9.34241e-09
1.20004e-07
-1.97819e-07
7.78149e-08
-2.03979e-10
1.96037e-09
2.80657e-07
3.79863e-10
2.13388e-07
-2.83544e-07
6.04152e-10
2.82372e-07
1.80179e-07
-2.19951e-07
3.97717e-08
1.83439e-07
-6.34348e-08
-3.58405e-10
-2.82106e-07
2.83613e-07
-2.81653e-07
-2.82752e-07
-2.79945e-07
2.79669e-07
2.7575e-10
7.55781e-11
2.82858e-07
2.81884e-07
3.01348e-10
2.57607e-07
-1.71089e-07
-8.65172e-08
-6.00235e-10
2.15516e-07
2.8277e-07
4.66457e-10
2.57742e-07
-2.85373e-07
1.96754e-09
2.80643e-07
-3.37173e-10
-2.82008e-07
-2.80296e-07
3.51253e-10
-2.05731e-07
4.03931e-10
2.16385e-07
-1.73462e-07
-4.29229e-08
2.81375e-07
-2.81391e-07
1.59427e-11
-3.46525e-10
8.10186e-08
-1.14071e-07
-1.06844e-07
2.20916e-07
2.81928e-07
-2.82353e-07
4.25277e-10
2.22625e-07
-2.19479e-07
-5.82795e-10
2.15278e-07
-1.84655e-07
1.31589e-07
2.8163e-07
-2.81907e-07
2.76753e-10
2.83281e-07
-2.81314e-07
-2.12544e-07
7.34442e-09
-2.13154e-07
2.1263e-07
5.2381e-10
2.07103e-07
-2.12223e-07
4.6379e-09
2.80414e-07
-2.15436e-07
2.08185e-07
-7.67537e-09
2.82814e-07
-2.8247e-07
-3.43648e-10
2.19955e-07
-2.11087e-07
-8.86733e-09
2.81884e-07
-1.72969e-10
-2.82032e-07
-2.08677e-07
5.24593e-10
2.6282e-08
1.60036e-07
-1.86318e-07
-2.79585e-07
2.7927e-07
3.14887e-10
2.81419e-07
1.02392e-09
-1.78115e-07
-3.71281e-08
2.1112e-09
2.80555e-07
2.82309e-07
-2.82995e-07
6.86107e-10
2.81977e-07
-5.15703e-10
-2.81086e-07
-2.18847e-07
-3.72563e-08
2.82446e-07
6.11727e-10
3.00759e-07
-6.20862e-08
-1.79294e-09
2.82217e-07
-2.80424e-07
2.82039e-07
2.69962e-10
-2.8001e-07
4.24683e-10
-2.80712e-07
-2.11574e-09
-5.20939e-10
2.78404e-07
-2.77883e-07
3.74719e-10
2.82073e-07
2.8332e-07
-2.81209e-07
-2.82372e-07
-6.92413e-10
2.15807e-07
-3.14104e-10
2.13694e-07
-1.07253e-08
-2.02968e-07
3.00306e-09
2.10691e-07
-2.78822e-07
2.78301e-07
-2.82312e-07
-6.33858e-10
1.79252e-07
3.71331e-08
-9.87622e-10
2.18574e-07
-2.17586e-07
-1.80401e-07
-1.51199e-07
1.77481e-07
-2.35319e-07
2.98752e-08
2.05443e-07
2.81948e-07
2.22982e-10
-2.82287e-07
2.88948e-09
2.80724e-07
2.81539e-07
-2.81586e-07
4.69039e-11
2.82155e-07
-2.81305e-07
-8.49455e-10
-2.82524e-07
2.19621e-10
-4.51547e-10
-2.13356e-07
2.13808e-07
4.90087e-11
2.82455e-07
-1.9584e-07
5.74631e-08
-2.82179e-07
2.82011e-07
1.67679e-10
-2.79193e-07
2.78844e-07
3.49062e-10
2.5581e-09
2.29689e-07
-2.2291e-07
1.69497e-07
-4.32903e-09
-1.53287e-09
2.8238e-07
-2.80847e-07
-2.51423e-07
1.37351e-07
2.8185e-07
2.50848e-10
-2.82209e-07
2.82119e-07
7.59961e-10
-2.63711e-07
2.29403e-09
2.61417e-07
4.65918e-10
-2.79659e-07
2.81596e-07
-2.81299e-07
-2.96727e-10
-8.65722e-09
2.83406e-07
-2.74749e-07
-4.42874e-10
-5.81721e-08
2.65276e-07
-2.07103e-07
-2.12544e-07
-2.31901e-07
2.8177e-07
-1.40175e-10
2.55241e-09
2.80729e-07
2.75225e-07
2.845e-07
-2.84712e-07
2.11618e-10
3.30508e-10
-2.14361e-07
2.1403e-07
-2.81947e-07
2.81752e-07
1.95108e-10
5.74235e-09
-2.1279e-07
2.07047e-07
2.82311e-07
-2.82217e-07
-9.44371e-11
-2.18783e-07
2.17795e-07
2.81489e-07
-2.81265e-07
-2.23269e-10
7.98293e-10
2.81356e-07
-3.66885e-09
2.82971e-07
-2.82084e-07
2.23199e-09
-2.07631e-07
2.82109e-07
-2.82056e-07
-5.22567e-11
2.81958e-07
1.64012e-10
-2.82068e-07
2.80507e-07
5.80214e-10
-2.81088e-07
6.93245e-11
2.82142e-07
-2.81344e-07
-7.73533e-10
-2.13917e-07
2.1469e-07
1.51945e-07
-2.23283e-07
7.1338e-08
-4.67712e-08
-2.1694e-07
-2.07609e-07
-4.5874e-08
-1.81894e-07
-2.81805e-07
1.67977e-09
2.80125e-07
-2.1517e-07
2.13917e-07
1.253e-09
-6.52485e-08
-1.72289e-07
-2.81619e-07
2.52034e-07
-2.81047e-07
2.81555e-07
-5.07391e-10
-2.34359e-07
2.29777e-08
2.11381e-07
2.25168e-07
-1.72713e-07
-5.24552e-08
-2.82068e-07
5.8464e-10
2.81483e-07
2.14161e-07
-2.11352e-07
6.09487e-10
2.80987e-07
-2.82073e-07
2.96047e-10
2.81826e-07
2.81754e-07
9.41626e-10
-5.0541e-11
-2.82e-07
-9.61633e-10
-2.81217e-07
-2.81337e-07
2.14077e-07
-2.11783e-07
-1.24038e-09
6.03453e-08
1.8643e-07
-1.92005e-07
1.92005e-07
2.50844e-09
2.80812e-07
-3.19301e-07
-2.60729e-07
2.6106e-07
2.82162e-07
2.13709e-07
-2.12007e-07
-2.8175e-07
2.80789e-07
-2.38031e-07
2.43773e-07
2.81542e-07
-2.81293e-07
-2.49018e-10
3.59172e-10
2.81821e-07
-2.85129e-07
2.14744e-07
-2.15517e-07
-2.81651e-07
4.90883e-10
1.06487e-07
2.82362e-07
-2.8202e-07
-3.4178e-10
-2.82162e-07
2.81561e-07
-2.81327e-07
-2.34123e-10
-2.81526e-07
-2.79141e-10
2.80884e-07
-2.80015e-07
-2.15144e-07
2.59696e-07
2.81315e-07
-2.81229e-07
-8.62952e-11
-5.02043e-10
2.81009e-07
-2.1517e-07
1.86568e-07
-2.01918e-07
1.53503e-08
-3.47459e-07
3.47459e-07
2.82033e-07
2.82084e-07
-7.20598e-10
4.91587e-10
-2.81937e-07
2.83014e-07
-1.07735e-09
2.81473e-07
-2.81234e-07
-2.3901e-10
-2.33665e-07
2.22407e-07
9.02686e-10
2.81315e-07
-2.82051e-07
7.78075e-10
2.81273e-07
-2.81194e-07
2.81794e-07
-2.81417e-07
-2.15914e-07
-2.81819e-07
9.69513e-10
2.80849e-07
-2.16167e-07
-6.31699e-10
2.11269e-07
-2.12768e-07
1.4986e-09
2.81101e-07
-2.81336e-07
2.35329e-10
5.53821e-09
-2.81819e-07
2.8134e-07
4.79238e-10
2.81811e-07
-2.06699e-07
-2.05381e-07
-3.29594e-09
2.81996e-07
-2.81996e-07
-1.49101e-09
2.14426e-07
-2.81826e-07
2.81419e-07
-2.8118e-07
-2.39278e-10
2.81933e-07
-1.59505e-09
-2.81555e-07
-2.09721e-07
-2.59061e-08
-2.15782e-07
1.68207e-07
-1.88073e-07
1.98664e-08
-4.19131e-08
-1.82148e-07
2.24062e-07
2.8088e-07
-2.80122e-07
1.83255e-07
-2.13091e-07
-6.3255e-10
-2.81435e-07
2.81577e-07
-2.81342e-07
-2.34539e-10
2.16421e-07
-2.17606e-07
-5.95268e-08
-3.92927e-08
9.88196e-08
-2.24389e-07
2.25917e-07
2.17429e-07
-2.14426e-07
-8.66156e-10
-2.10777e-07
2.11643e-07
-1.17742e-09
-2.09158e-07
2.10335e-07
7.76047e-10
-2.19889e-07
2.19113e-07
2.0611e-09
-2.20534e-07
2.18473e-07
1.14791e-09
-2.15813e-07
2.14666e-07
-3.4144e-10
-2.11417e-07
2.11758e-07
-1.5158e-10
-2.11333e-07
2.11485e-07
1.26849e-07
-8.54778e-08
-4.13709e-08
1.87281e-07
1.4306e-09
2.80949e-07
2.05999e-07
-2.07486e-07
1.48702e-09
6.6269e-10
-2.8146e-07
2.80797e-07
2.8221e-07
-2.8221e-07
2.78473e-07
4.51385e-11
-2.78518e-07
-9.88918e-10
-2.80762e-07
2.81398e-07
-2.81149e-07
-2.48946e-10
-1.74919e-07
-2.29596e-07
-4.7633e-09
1.84866e-07
3.50883e-08
2.8199e-07
-2.81567e-07
-4.22474e-10
-2.14657e-07
2.23768e-07
9.55127e-10
2.81187e-07
-1.5478e-07
-9.66431e-08
2.37231e-09
2.01702e-07
-2.04074e-07
-1.4434e-07
-2.46325e-08
-4.83873e-08
-2.94474e-08
7.78347e-08
2.12225e-07
2.12248e-07
2.21504e-07
2.21581e-07
2.20094e-07
2.16989e-07
-1.00766e-09
-2.12659e-07
2.13667e-07
2.12886e-07
-3.08759e-10
-8.29597e-08
2.81493e-07
-2.8083e-07
-7.03787e-09
2.26748e-07
-2.82244e-07
-1.92555e-07
2.39047e-07
2.78225e-07
6.32411e-11
-2.78288e-07
2.82576e-07
-5.80207e-10
-2.8197e-07
1.0437e-09
2.80927e-07
-2.12341e-07
-2.13356e-07
2.13461e-07
-2.14469e-07
-1.94018e-07
2.34519e-07
-4.05012e-08
-5.13968e-10
-2.81305e-07
1.46619e-07
-1.82943e-07
4.63731e-10
-2.81763e-07
-2.81422e-07
-7.48512e-08
-1.09804e-07
-2.80922e-07
-5.37771e-10
2.15965e-07
6.73219e-08
1.6514e-07
2.81119e-07
-2.809e-07
-2.1847e-10
2.14035e-07
-1.41372e-07
-7.26629e-08
-1.02087e-07
5.36998e-08
-1.1848e-07
2.55831e-07
-1.02613e-07
2.13092e-07
-1.10479e-07
1.33749e-10
2.81794e-07
-2.79845e-07
2.81316e-07
-2.8148e-07
1.63907e-10
-1.59332e-07
6.77554e-08
9.15763e-08
-8.95387e-10
-2.12587e-07
2.13483e-07
2.94524e-07
-1.2982e-07
-1.64704e-07
1.72942e-10
2.783e-07
-6.14089e-08
-9.79228e-08
-2.0563e-07
2.08003e-07
1.757e-07
1.15813e-08
-2.04482e-07
-3.97592e-10
-2.12734e-07
2.13132e-07
2.19311e-07
-2.12934e-07
-1.30337e-07
-4.99063e-08
1.80243e-07
-2.809e-07
2.80988e-07
-8.83304e-11
-2.07131e-07
2.09363e-07
2.81172e-07
-2.81362e-07
-1.87777e-07
-4.22716e-09
-2.83307e-07
2.82261e-07
-1.46887e-07
2.09524e-10
2.81345e-07
2.45234e-07
-1.35522e-07
-1.09712e-07
2.07272e-07
-3.90655e-08
2.3244e-07
-3.07377e-08
2.1317e-07
-2.14066e-07
2.80832e-07
-2.8082e-07
-1.21547e-11
2.13203e-07
-2.136e-07
2.58683e-10
-2.80665e-07
2.80406e-07
-1.18254e-07
-2.86326e-08
1.06249e-09
-2.16207e-07
-2.81475e-07
4.0103e-10
1.87777e-07
-1.98958e-07
1.11803e-08
-3.02158e-08
2.29976e-07
-8.45932e-10
-2.08875e-07
2.12284e-07
1.79302e-09
2.81128e-07
-2.80949e-07
-1.78936e-10
3.48462e-10
2.81536e-07
1.42621e-07
-2.12796e-07
2.13858e-07
1.38241e-07
-8.24589e-10
-2.81146e-07
-1.07191e-07
-8.23206e-08
1.89512e-07
-2.0343e-07
-1.95114e-09
1.90891e-07
-1.72282e-07
-1.86091e-08
-3.89584e-08
2.2338e-07
-1.84422e-07
2.81312e-07
-2.81093e-07
-2.18784e-10
3.80104e-10
2.81162e-07
1.73203e-09
2.14307e-07
-2.16039e-07
1.85038e-10
-2.81478e-07
-2.10722e-07
2.11246e-07
2.8121e-07
-2.81521e-07
3.1044e-10
2.82576e-07
-1.23037e-09
-1.96195e-07
-8.65103e-09
2.04847e-07
-2.83209e-07
-1.41184e-10
2.36699e-09
-2.15521e-07
-2.88329e-07
2.81093e-07
-2.80834e-07
-1.80132e-07
3.93235e-10
-7.03091e-10
-2.80983e-07
2.81139e-07
3.33421e-10
-2.93369e-07
4.02016e-11
-2.81274e-07
-1.23728e-08
-1.58015e-07
5.8855e-08
-2.81899e-07
2.81899e-07
-1.77539e-07
2.17159e-07
-3.96203e-08
2.82434e-07
-1.6872e-07
2.10324e-07
-4.1604e-08
-1.81747e-07
2.2013e-07
-3.83834e-08
-2.11062e-07
-3.18343e-09
2.17679e-07
-2.14496e-07
-1.82746e-07
1.78237e-07
-4.6648e-08
2.81515e-07
-2.81886e-07
3.71486e-10
2.8147e-07
-2.81842e-07
3.71305e-10
2.81277e-07
-2.81677e-07
3.99479e-10
-3.15887e-10
-2.81503e-07
-1.69227e-07
2.13798e-07
-4.45709e-08
2.81365e-07
-2.81146e-07
-2.1906e-10
2.81253e-07
3.95376e-08
-2.25453e-07
2.81116e-07
3.03216e-10
-2.8124e-07
6.07434e-11
6.66594e-08
2.81234e-07
-2.81473e-07
2.38894e-10
5.90574e-09
2.11523e-07
-2.17429e-07
-2.06482e-07
-6.49615e-10
2.07131e-07
-2.81842e-07
-2.81225e-07
2.80866e-07
3.584e-10
2.14245e-07
-2.11878e-07
-2.81453e-07
2.811e-07
3.52771e-10
-2.0841e-07
1.99726e-07
8.68392e-09
-2.81488e-07
2.81146e-07
3.41207e-10
2.81921e-07
-2.81583e-07
-3.37843e-10
-2.10989e-07
2.12721e-07
-2.26813e-07
-1.22733e-07
-2.31513e-07
-4.82104e-08
2.32522e-07
-1.84312e-07
2.80856e-07
-8.12937e-10
-2.80452e-07
-2.1279e-07
1.98537e-10
-2.81539e-07
2.81341e-07
-2.23908e-07
2.13182e-07
4.60156e-10
2.81649e-07
2.8105e-07
3.48207e-10
-2.81218e-07
6.86455e-11
-2.1998e-08
-8.00891e-08
-2.15279e-07
2.12096e-07
-2.23675e-07
3.8373e-08
1.85302e-07
-7.52962e-08
-8.27184e-08
-2.14361e-07
2.23091e-07
3.45152e-08
5.83485e-11
2.8096e-07
-2.81018e-07
2.12223e-07
-2.13069e-07
-2.81708e-07
2.83159e-07
-2.82277e-07
-7.05693e-08
-5.92397e-08
1.29809e-07
-2.00687e-07
-6.94373e-09
-2.83222e-07
4.7816e-10
-7.6299e-09
-2.12941e-07
2.12587e-07
3.53409e-10
2.33004e-07
-2.23138e-08
2.81395e-07
-2.81132e-07
-2.63278e-10
2.81017e-07
1.01615e-10
-2.81182e-07
2.82021e-10
2.81233e-07
-2.81324e-07
9.06029e-11
-1.48431e-10
2.49819e-10
-2.82527e-07
-2.08003e-07
-4.54161e-09
8.24185e-09
-2.29884e-07
-1.48487e-09
2.82317e-07
-2.84599e-07
-8.19591e-11
-2.80583e-07
-2.30363e-07
2.23325e-07
1.08814e-10
2.0589e-07
-2.12948e-07
2.12734e-07
2.13884e-10
-1.83313e-07
-3.80841e-08
2.15343e-07
2.02442e-07
-2.11093e-07
2.81122e-07
-2.81073e-07
-2.17655e-07
2.12783e-07
-1.88762e-07
-9.95668e-08
2.81047e-07
-1.96911e-10
-2.8113e-07
2.57742e-07
-2.15346e-07
2.83001e-08
1.87046e-07
4.4454e-08
-2.15543e-07
3.38973e-08
2.63207e-09
3.63969e-08
-2.2331e-07
1.86913e-07
4.34661e-08
-2.63242e-07
2.19776e-07
2.81064e-07
2.4758e-10
-2.71104e-10
-2.81119e-07
3.49392e-08
-2.20443e-07
1.85503e-07
-2.81172e-07
7.90772e-11
2.71181e-09
2.09918e-07
-2.38016e-07
-2.36234e-07
3.28043e-08
-1.95968e-07
2.12659e-07
-2.13291e-07
6.32563e-10
-9.24643e-10
-2.80982e-07
1.00153e-09
2.80491e-07
-1.64082e-07
-1.57115e-07
2.13662e-07
-2.13662e-07
-2.06482e-07
-2.01337e-07
-2.14657e-07
-2.797e-07
-6.5575e-10
2.80356e-07
-1.95367e-07
-2.00686e-08
4.00774e-08
1.8447e-07
-2.24547e-07
4.23625e-08
1.75499e-07
-2.17861e-07
3.82657e-08
-2.285e-07
1.90234e-07
2.05693e-07
2.23319e-07
-1.83782e-07
2.22407e-07
2.34045e-07
-2.05634e-07
2.0722e-07
-2.1485e-07
2.81359e-07
-2.8113e-07
-2.28502e-10
-2.72599e-07
-2.13014e-07
2.81022e-07
3.42863e-10
-2.81175e-07
2.97225e-11
2.81001e-07
-1.26749e-08
2.81083e-07
-2.81369e-07
2.85253e-10
2.81564e-07
-2.80381e-07
4.79005e-09
-1.74566e-07
1.69776e-07
7.43483e-11
2.16347e-07
1.78196e-09
2.32263e-07
2.3891e-07
-2.03e-07
-1.70426e-07
-4.49207e-08
1.43287e-08
1.92943e-07
-2.18e-07
-2.81252e-07
2.81247e-07
5.97248e-12
2.18783e-07
-2.23325e-07
4.54273e-09
-2.22874e-07
3.95617e-08
-3.04779e-07
4.26576e-08
2.62121e-07
2.81392e-07
1.3234e-07
1.84635e-07
2.81625e-07
-2.81625e-07
-9.833e-08
3.06418e-10
2.11523e-07
-2.156e-07
8.64298e-10
2.14735e-07
-2.81185e-07
-2.81536e-07
2.8102e-07
3.74826e-10
-2.81136e-07
4.10346e-12
2.80752e-07
-1.63246e-11
-2.81326e-07
-2.19511e-07
1.85604e-09
2.19214e-07
-1.84275e-07
-1.6816e-07
2.06225e-07
-2.81838e-07
2.28596e-07
-1.84142e-07
2.20079e-07
-1.83682e-07
2.27066e-07
-1.836e-07
-3.45675e-10
2.81192e-07
-2.82328e-07
2.14738e-07
-2.12026e-07
-2.06844e-07
2.06952e-07
-2.80566e-07
-1.44372e-10
2.8071e-07
4.72079e-08
2.13852e-07
-5.99934e-10
-2.80986e-07
3.78236e-09
2.09927e-07
-1.35077e-07
1.0419e-07
3.08875e-08
-2.12941e-07
2.21801e-07
-1.81724e-07
2.22979e-07
-1.80617e-07
2.22952e-07
-1.84687e-07
2.1363e-07
2.48784e-09
-2.38722e-07
2.85373e-07
-2.73137e-07
-3.1642e-08
2.13846e-07
-2.13846e-07
1.88628e-07
-2.85921e-08
-1.31137e-07
1.02505e-07
1.85501e-07
3.7879e-08
2.81077e-07
2.81775e-10
2.83848e-07
-2.81904e-07
-1.94388e-09
-2.81156e-07
2.56584e-11
-2.81369e-07
2.80986e-07
-2.81216e-07
2.30253e-10
-2.13407e-07
2.63053e-09
-2.13316e-07
4.15854e-09
-2.13596e-07
-6.29335e-09
-2.1199e-07
-8.54376e-09
-2.20045e-07
4.23136e-09
-2.16783e-07
5.36639e-09
-2.16039e-07
4.7057e-09
-3.85634e-10
2.8089e-07
-2.80505e-07
-2.81375e-07
4.56299e-10
-6.07365e-10
2.83183e-07
2.81022e-07
-2.8136e-07
3.37992e-10
-2.56709e-07
4.91004e-08
-1.29622e-09
1.79848e-07
7.29997e-09
-2.2541e-07
2.1811e-07
-2.45208e-07
1.56116e-08
2.81501e-07
-2.8127e-07
-1.90371e-07
2.01952e-07
1.34929e-10
-2.81387e-07
2.8068e-07
4.12042e-10
2.13462e-07
-2.13462e-07
-2.0563e-07
1.29592e-07
1.88074e-07
6.99268e-11
-2.8089e-07
-2.12948e-07
-1.29569e-09
-1.37601e-07
5.0977e-07
-3.7217e-07
-1.66317e-07
-2.04978e-07
3.71295e-07
-2.80853e-07
2.80853e-07
-7.69672e-13
2.13987e-07
-2.13913e-07
2.07599e-07
-2.05817e-07
-2.13132e-07
2.132e-07
-6.77234e-11
1.9647e-07
-1.9168e-07
7.23315e-08
-6.94047e-08
-2.9268e-09
-2.30342e-07
1.8335e-08
-3.8809e-08
2.09941e-07
-1.90501e-08
-2.66137e-11
-2.45181e-07
2.80812e-07
6.75011e-11
-2.81017e-07
2.15678e-07
2.19677e-07
2.13361e-07
-1.51983e-07
1.32225e-07
-1.93408e-07
2.81251e-07
-2.81141e-07
-3.93626e-08
-1.83512e-07
-7.22022e-10
-2.89102e-07
3.31759e-07
1.78546e-07
3.92268e-08
-2.17773e-07
-3.64414e-07
2.81499e-07
2.1311e-07
-2.06931e-07
-2.80657e-07
-2.80903e-07
2.8127e-07
-3.67057e-10
2.23768e-07
1.98848e-07
-2.03177e-07
-1.82743e-07
2.14577e-07
-3.18343e-08
-1.12847e-09
2.79353e-07
2.80972e-07
-2.812e-07
2.27612e-10
-5.76104e-10
-2.29833e-07
2.31332e-08
-2.1148e-07
-1.2877e-09
-1.32806e-10
-1.11728e-10
-1.01307e-10
-1.01783e-10
-1.32645e-10
-1.54948e-10
-1.11253e-10
-1.13849e-10
-1.35612e-10
2.24215e-10
2.82211e-07
1.63728e-09
-2.18569e-07
2.78714e-09
-2.13291e-07
2.11093e-07
-2.16363e-07
-2.81192e-07
2.81129e-07
-6.8618e-10
2.81086e-07
1.95602e-07
3.69202e-08
-5.26175e-09
2.20607e-07
-1.65628e-07
-2.17795e-07
2.62552e-09
4.46235e-08
-2.66027e-07
3.12648e-08
-1.85437e-07
1.54172e-07
3.26533e-08
-2.17246e-07
1.84593e-07
3.14166e-08
-2.0979e-07
1.78373e-07
5.25207e-08
-2.52003e-07
2.55256e-08
-1.98347e-07
1.72821e-07
8.1245e-08
-2.24585e-07
1.05631e-09
-2.16486e-07
3.89474e-08
-5.60399e-11
2.81571e-07
-2.08472e-07
3.97529e-08
-7.60855e-11
2.81546e-07
-2.81211e-07
-2.20029e-07
3.82824e-08
-2.81237e-07
9.91156e-11
2.81178e-07
-2.81101e-07
3.86271e-08
-2.20776e-07
-2.11502e-07
-2.11538e-07
-2.117e-07
-2.11141e-07
-2.15751e-07
-2.15816e-07
-2.13849e-07
2.42754e-07
-1.71416e-07
2.81295e-07
-2.8114e-07
2.12785e-07
5.55193e-08
-2.28844e-07
2.06767e-07
-2.08063e-07
-2.8064e-07
-4.58822e-08
2.09523e-07
-4.54798e-08
2.33779e-07
-2.39662e-09
-2.81868e-09
-3.47097e-09
-3.82745e-09
6.91807e-09
-2.27109e-07
6.11626e-09
-2.26998e-07
8.68547e-09
-2.30436e-07
-2.80483e-07
-2.80444e-07
1.84569e-11
2.80848e-07
3.12889e-10
2.80787e-07
-1.851e-07
-2.14592e-07
1.32723e-09
-2.17275e-07
3.67508e-09
-2.1811e-07
3.46812e-09
-2.17676e-07
3.69758e-09
-2.19166e-07
2.84051e-09
-2.18341e-07
3.35786e-09
-2.18604e-07
1.95061e-09
2.15011e-07
5.58566e-09
-2.20597e-07
2.80844e-07
-2.81084e-07
5.0887e-10
2.80638e-07
-7.45031e-09
6.00585e-11
-2.17666e-07
-2.09003e-07
-2.81108e-07
2.04775e-10
2.80928e-07
3.42748e-10
6.52922e-10
2.1348e-07
-2.14133e-07
7.73336e-09
-7.5707e-09
2.07297e-07
2.59882e-07
-1.85946e-10
-2.06554e-07
-9.31794e-10
-2.09037e-07
-3.23172e-09
2.12269e-07
2.38835e-07
-4.31548e-09
2.80828e-07
-2.81412e-07
5.84193e-10
4.2884e-08
-1.61475e-07
-4.40346e-08
-2.22105e-07
-2.22777e-07
3.91702e-08
-2.08076e-07
3.88483e-08
1.33041e-07
3.05904e-08
-2.40814e-07
-8.98702e-10
1.80829e-07
4.00482e-08
-2.20877e-07
-2.22234e-07
3.04823e-08
1.91752e-07
1.78249e-07
3.891e-08
1.83833e-07
3.91194e-08
1.84127e-07
3.88524e-08
1.70789e-07
3.95344e-08
1.82947e-07
3.88546e-08
1.81997e-07
3.8133e-08
1.80738e-07
3.84761e-08
3.86323e-08
-2.22907e-07
-2.81402e-07
-1.37158e-10
-2.81541e-07
-3.95573e-10
-2.13361e-07
3.34488e-08
1.79912e-07
-1.79176e-07
-1.72723e-07
3.51899e-07
2.81178e-07
-2.50053e-10
-3.00753e-10
-2.80928e-07
2.81152e-07
-2.82961e-07
3.64959e-09
2.79311e-07
-1.76493e-07
-2.5617e-08
2.81302e-07
-2.81021e-07
2.0538e-08
-3.0964e-07
1.75994e-07
3.78044e-08
2.11085e-07
1.99138e-07
3.31252e-08
2.206e-07
-3.50993e-08
6.70199e-09
-2.01295e-07
1.94593e-07
-2.15408e-07
3.3657e-08
-2.19694e-07
1.86037e-07
-2.85304e-09
2.14159e-07
-3.82391e-09
2.12887e-07
6.22599e-09
2.12867e-07
5.60553e-09
2.10026e-07
4.63971e-09
2.16677e-07
-4.91899e-09
2.16418e-07
-4.93354e-09
2.14379e-07
3.5903e-10
2.08107e-07
-4.24007e-10
-2.12947e-07
1.46713e-09
2.21935e-09
2.81722e-07
-2.81472e-07
-2.12521e-07
1.53217e-09
1.10276e-09
1.80492e-07
-2.17568e-07
3.70759e-08
-1.86606e-07
2.06472e-07
-4.27697e-10
-2.48908e-07
3.33087e-08
1.98526e-07
2.85716e-08
2.80903e-07
-2.81135e-07
2.32577e-10
-2.8108e-07
2.8108e-07
2.20962e-07
-4.24166e-08
-2.15486e-07
3.9847e-09
-2.16562e-07
5.02485e-09
-2.16335e-07
4.63521e-09
-2.13723e-07
2.58241e-09
-2.19518e-07
3.76702e-09
-2.19776e-07
3.96006e-09
-2.16329e-07
2.47988e-09
-2.13693e-07
1.81465e-09
-6.46332e-10
-2.8188e-07
1.23791e-09
2.80845e-07
3.33221e-10
-2.82511e-07
2.09514e-07
-2.05026e-07
1.58378e-07
-3.9291e-08
2.11091e-07
1.62968e-09
-1.92626e-07
1.8475e-07
-2.09382e-07
2.81286e-07
1.96236e-07
-1.6388e-08
1.394e-07
-1.90675e-07
-2.04459e-07
3.2424e-07
-3.03702e-07
1.83911e-07
-2.214e-07
3.74892e-08
-2.20592e-07
3.88675e-08
2.80093e-07
-2.81222e-07
-2.19462e-07
3.88455e-08
-2.23963e-07
3.92765e-08
1.82771e-07
3.78294e-08
1.88458e-07
3.86072e-08
1.81691e-07
3.83881e-08
1.89448e-07
3.91477e-08
1.83064e-07
4.0998e-08
-3.11495e-07
2.81366e-07
-2.81021e-07
-2.75839e-08
2.14e-07
2.81072e-07
-2.81129e-07
-9.14027e-08
7.18618e-10
-5.21084e-08
3.1423e-07
2.80712e-07
-2.81036e-07
3.23664e-10
-1.53288e-07
8.85564e-08
-1.98351e-07
-1.39329e-07
-4.60007e-09
2.85326e-07
3.96933e-08
-2.23205e-07
7.65045e-08
1.13007e-07
2.19964e-07
-2.08827e-07
-2.80739e-07
2.80354e-07
2.81065e-07
-2.81114e-07
-2.36927e-10
-2.81575e-07
2.81427e-07
-2.17248e-07
2.80883e-07
-1.71115e-10
-3.4291e-08
-1.10483e-07
-1.55544e-07
2.0542e-07
-2.15633e-07
-1.91136e-10
-2.00119e-07
2.8108e-07
-2.80358e-07
-2.12796e-07
1.64987e-07
1.5008e-07
-2.0722e-07
1.9965e-07
2.13672e-07
-2.13858e-07
2.00028e-07
-1.9965e-07
-3.77905e-10
-2.07775e-07
2.06844e-07
2.03721e-07
-2.06952e-07
2.13853e-07
-2.132e-07
-1.98084e-07
2.05817e-07
-2.13853e-07
2.13913e-07
-2.07332e-07
1.9168e-07
1.56518e-08
-2.10527e-07
-2.81948e-08
2.80835e-07
-2.81059e-07
2.23392e-10
1.83809e-07
3.95107e-08
5.79365e-10
-2.57982e-08
1.14501e-07
2.81348e-07
-2.81025e-07
-3.23621e-10
2.81064e-10
-2.81822e-07
-1.46633e-10
2.81522e-07
-2.81376e-07
2.80833e-07
-2.08364e-07
-2.43966e-07
2.43939e-07
-2.8138e-07
6.68054e-10
-2.23937e-07
5.04754e-08
2.1648e-07
-2.19776e-07
2.81039e-07
2.85805e-07
-2.79614e-07
-6.19127e-09
2.81002e-07
-2.80952e-07
-2.31587e-07
-1.73213e-08
-2.81775e-07
-2.03948e-07
-2.04938e-07
4.78687e-10
-3.21331e-08
2.08604e-07
3.02309e-08
2.80374e-07
-3.77708e-08
2.81027e-07
-6.68773e-11
-2.70982e-07
-3.12326e-10
2.82573e-07
2.06767e-07
2.13667e-07
2.0542e-07
2.1403e-07
2.07599e-07
2.09363e-07
-2.08063e-07
-1.98084e-07
2.1469e-07
2.13987e-07
2.19964e-07
-2.07332e-07
2.13483e-07
2.02442e-07
-2.1485e-07
1.9647e-07
1.96653e-07
2.00028e-07
-2.13069e-07
2.03721e-07
2.13672e-07
1.74126e-07
-1.74126e-07
2.13808e-07
-2.81681e-07
-2.21855e-07
2.22719e-07
-1.83576e-07
2.23269e-07
2.80721e-07
-2.81051e-07
3.30247e-10
-8.47157e-09
-6.91546e-11
-2.18217e-07
9.68226e-10
-2.18465e-08
2.12389e-07
2.31957e-10
-2.78969e-07
2.78737e-07
3.24672e-10
1.11742e-09
-2.7796e-07
9.78961e-11
2.77862e-07
1.26409e-08
-2.89799e-07
2.77158e-07
2.80521e-07
3.7336e-10
-2.80895e-07
2.80493e-07
3.89834e-10
-2.01576e-07
1.84043e-07
3.69198e-08
-2.79372e-07
-1.61369e-09
2.80985e-07
2.82712e-07
6.02335e-10
2.78865e-07
6.93978e-09
2.80907e-07
-2.80792e-07
-2.81072e-07
2.80652e-07
2.99385e-10
1.33129e-08
-2.57279e-07
-2.54746e-10
2.22274e-07
-1.82225e-07
2.16295e-07
-2.13636e-07
-2.65922e-09
2.56916e-07
-1.72679e-07
-8.42367e-08
2.43123e-07
-2.12641e-07
2.22864e-07
-1.83954e-07
2.22873e-07
-1.83926e-07
2.23074e-07
-1.83954e-07
2.23042e-07
-1.8419e-07
2.1894e-07
-1.79406e-07
2.1924e-07
-1.79488e-07
-2.28489e-08
-2.86791e-07
2.22306e-07
-1.83451e-07
2.22095e-07
-1.83962e-07
2.22418e-07
-1.84135e-07
2.2261e-07
-1.84134e-07
2.2278e-07
-1.84148e-07
-1.18302e-10
1.59244e-10
-2.79126e-07
2.78967e-07
-3.94091e-10
2.93354e-07
-5.5355e-09
-2.87818e-07
2.20088e-07
-1.7909e-07
2.23136e-07
-1.8386e-07
2.81657e-07
2.56455e-07
-1.79935e-07
-7.652e-08
2.23076e-07
-1.8423e-07
2.22316e-07
-1.83448e-07
2.17447e-07
-1.83998e-07
2.22885e-07
-1.84512e-07
2.18167e-07
2.22212e-07
-1.84383e-07
2.80907e-07
-3.85933e-10
-2.27898e-07
1.94081e-07
3.38167e-08
-2.54972e-07
1.84665e-07
2.76896e-10
2.80707e-07
-2.80931e-07
2.23929e-10
3.2424e-07
-3.88058e-09
2.86091e-07
2.22366e-07
-1.84561e-07
-2.77687e-07
2.79198e-07
-5.26673e-10
-1.55551e-09
-2.81648e-07
1.76402e-10
1.84068e-10
-2.84498e-07
2.97139e-07
-2.02917e-07
-2.08827e-07
-2.11496e-07
2.09293e-07
2.1206e-07
-2.61395e-07
2.98077e-08
2.23183e-07
-1.84334e-07
7.25768e-10
-3.76049e-08
-2.80238e-07
-1.94972e-10
2.80433e-07
1.63463e-08
-2.15633e-07
-2.14036e-07
2.14857e-07
-8.21456e-10
2.48971e-07
-2.10939e-07
-5.26784e-09
-2.95986e-07
2.25687e-07
-2.51497e-08
2.166e-07
2.80861e-07
-2.80684e-07
2.80994e-07
2.80842e-07
-2.80774e-07
-2.1141e-07
2.11045e-07
3.64166e-10
-2.00255e-07
-1.0818e-09
2.28249e-07
-1.91173e-07
2.18375e-07
5.34905e-10
-1.83694e-07
2.28461e-07
-1.89833e-07
-1.97372e-07
2.23365e-07
-1.84217e-07
2.23165e-07
-1.84777e-07
2.22305e-07
-1.83697e-07
2.23201e-07
-1.88113e-07
-2.1421e-07
2.17065e-07
-2.85517e-09
1.13655e-09
2.10189e-10
2.04787e-07
-3.25727e-09
2.25292e-07
-1.87803e-07
2.22395e-07
-1.84516e-07
-2.80603e-07
2.80976e-07
-2.8229e-07
2.82665e-07
4.73709e-10
3.76222e-07
-3.3244e-07
2.08313e-07
-2.00072e-07
2.31727e-07
-2.3458e-07
2.08892e-07
-2.06261e-07
2.12679e-07
-2.08694e-07
2.29719e-07
-2.33543e-07
2.01321e-07
-1.97162e-07
2.11537e-07
-2.06512e-07
2.23511e-07
-2.17285e-07
2.54319e-07
-2.60612e-07
2.12252e-07
-2.07617e-07
2.2282e-07
-2.17214e-07
2.52605e-07
-2.61148e-07
2.01684e-07
-1.99102e-07
2.04963e-07
-2.00324e-07
2.1714e-07
-2.12908e-07
2.27891e-07
-2.24124e-07
2.45426e-07
-2.50345e-07
2.09697e-07
-2.0433e-07
2.27295e-07
-2.23335e-07
2.44102e-07
-2.49036e-07
2.08853e-07
-2.04148e-07
2.23709e-07
-2.21229e-07
2.26901e-07
-2.26542e-07
2.19485e-07
-2.17266e-07
2.22107e-07
-2.20292e-07
2.24678e-07
-2.25102e-07
2.17135e-07
-2.16731e-07
2.13089e-07
-2.11591e-07
2.12763e-07
-2.11296e-07
-4.01566e-10
2.12625e-07
-2.10995e-07
-2.80726e-07
-2.08179e-11
2.12608e-07
-2.11076e-07
2.80926e-07
-2.80639e-07
2.12616e-07
-2.10823e-07
2.12387e-07
-2.11284e-07
2.93354e-07
3.34382e-10
2.12531e-07
-2.11587e-07
-2.81006e-07
-4.05901e-10
-2.80754e-07
2.80754e-07
-2.82334e-07
1.32827e-09
-2.13427e-07
2.12976e-07
-2.11205e-07
2.80923e-07
-2.48082e-07
-1.09331e-08
2.92899e-10
2.80706e-07
-2.80649e-07
-2.90034e-07
2.84821e-07
-2.83183e-07
-2.78676e-07
-3.65866e-09
2.26618e-07
2.12852e-07
-2.11614e-07
8.22763e-10
-1.54539e-09
-1.39456e-09
2.24255e-07
-1.87335e-07
1.39879e-09
-2.80594e-07
2.80918e-07
2.2828e-07
-1.8955e-07
2.1199e-07
-2.12297e-07
2.81536e-07
-2.8163e-07
-2.8383e-07
-8.05844e-08
-2.80652e-07
2.80648e-07
-3.03702e-07
2.81813e-07
2.03121e-07
3.57891e-08
-2.86656e-07
2.89007e-07
8.34959e-08
1.3742e-07
3.3244e-07
-3.05694e-07
2.84821e-07
2.61829e-10
1.93401e-10
-2.81824e-07
6.93026e-10
2.81109e-07
2.80467e-07
4.23639e-10
-2.89007e-07
2.96619e-07
-5.0195e-11
2.80528e-07
3.79042e-10
2.13193e-07
-2.11753e-07
-1.88282e-08
-2.86656e-07
1.57942e-10
-2.78582e-07
2.78424e-07
2.8563e-07
-2.82522e-07
-2.83495e-07
-2.8563e-07
2.23865e-07
-1.84093e-07
2.81946e-07
-1.0121e-09
-5.12658e-10
2.82458e-07
-2.82134e-07
3.68012e-08
-2.81433e-07
2.81394e-07
2.96619e-07
3.05694e-07
2.81433e-07
-2.81864e-07
-2.83094e-07
-8.9955e-10
1.59596e-09
-2.80968e-07
-2.82474e-07
2.81444e-07
2.81394e-07
-2.8147e-07
-2.82867e-07
2.82522e-07
-2.80606e-07
2.80948e-07
2.80595e-07
2.82867e-07
2.81893e-07
-2.81864e-07
-2.82764e-07
-1.69031e-09
2.83785e-07
-2.80756e-07
2.80941e-07
2.63227e-10
-2.81204e-07
3.59454e-10
2.81533e-07
2.82242e-07
-5.93016e-10
-2.83785e-07
2.82764e-07
2.80878e-07
6.24586e-11
2.81716e-07
2.8114e-07
-2.80756e-07
-2.82447e-07
4.64018e-10
-2.80969e-07
3.48831e-10
-2.80951e-07
-2.83544e-07
2.81306e-07
-3.50119e-10
2.79213e-07
-2.78863e-07
2.81088e-07
5.13353e-11
2.80792e-07
3.43866e-10
-2.80938e-07
2.80939e-07
-1.47e-10
3.19979e-10
-1.92763e-10
2.81031e-07
-2.80838e-07
2.80939e-07
-5.2357e-13
-2.80887e-07
2.8052e-07
2.80621e-07
-2.80768e-07
3.91756e-10
-1.48846e-11
2.78794e-07
-2.78779e-07
2.81084e-07
-2.81357e-07
-1.31275e-10
2.8107e-07
-2.80952e-07
2.80816e-07
-4.04431e-10
2.80802e-07
-2.80398e-07
-2.81235e-07
-2.80571e-07
2.80769e-07
-1.97538e-10
2.81117e-07
4.44314e-10
2.42043e-10
2.81249e-07
-1.31566e-10
2.80741e-07
-2.81572e-07
2.8156e-07
-2.80547e-07
2.80771e-07
2.80685e-07
-2.8094e-07
3.69357e-10
2.80649e-07
-2.80635e-07
2.80649e-07
-2.80461e-07
2.81155e-07
3.70644e-10
2.80381e-07
-2.80609e-07
-2.1437e-10
2.80956e-07
-2.80941e-07
2.81109e-07
-1.66454e-10
2.80466e-07
-2.80602e-07
2.80823e-07
-2.80636e-07
2.80636e-07
-2.80642e-07
1.76408e-10
2.80432e-07
-2.80695e-07
3.4341e-10
-1.18254e-10
2.80987e-07
-1.64568e-10
2.80552e-07
-2.80666e-07
3.64465e-10
2.80509e-07
-2.80728e-07
2.80738e-07
-1.43224e-10
2.80588e-07
-2.80699e-07
2.80944e-07
-1.70104e-10
6.32687e-10
2.80531e-07
-2.8075e-07
2.80919e-07
-1.80201e-10
2.80612e-07
-2.80767e-07
2.81118e-07
-1.4281e-10
-1.56809e-10
2.80807e-07
2.80603e-07
-2.80822e-07
-2.80938e-07
2.80788e-07
2.80697e-07
-2.8083e-07
-1.40374e-10
-1.67886e-10
2.5968e-10
2.80628e-07
-2.80888e-07
7.8314e-10
2.80758e-07
-2.81007e-07
2.80964e-07
-1.56877e-10
2.80725e-07
-2.80868e-07
2.80766e-07
6.00377e-10
-2.8093e-07
2.80691e-07
-1.38206e-10
-1.6351e-10
-2.80898e-07
2.80797e-07
-2.80364e-07
2.80364e-07
-2.80452e-07
-8.7255e-13
2.80927e-07
-2.80926e-07
-1.73143e-10
8.05584e-10
-1.24262e-10
-7.17279e-11
2.80631e-07
-8.18948e-12
-1.33512e-10
-1.7692e-10
-2.41389e-10
-6.96025e-10
2.80882e-07
-2.80186e-07
-2.82349e-07
-2.80035e-07
2.80035e-07
-2.80179e-07
-2.80805e-07
2.80725e-07
7.96513e-11
8.66382e-10
-4.19673e-11
-2.81147e-07
3.42037e-10
2.79709e-07
-2.79904e-07
2.79709e-07
5.39297e-10
-2.81025e-07
1.53219e-10
4.45811e-10
2.80333e-07
-2.8015e-07
-1.83675e-10
2.80333e-07
-2.80302e-07
2.80423e-07
-1.21501e-10
2.80302e-07
3.18687e-11
-2.8015e-07
-2.80217e-07
6.72342e-11
2.81172e-07
-2.8066e-07
2.81172e-07
-3.7217e-07
2.8145e-07
-2.80673e-07
-2.80654e-07
2.80654e-07
2.83521e-07
-2.80708e-07
2.8145e-07
2.83521e-07
-2.80628e-07
2.80628e-07
2.80642e-07
-2.80642e-07
2.80708e-07
-2.8512e-07
-2.80685e-07
2.80652e-07
-2.80652e-07
-2.80633e-07
2.80633e-07
-2.79904e-07
2.78126e-07
-2.78126e-07
2.80423e-07
2.80309e-07
-2.80309e-07
2.80648e-07
2.80665e-07
-2.80665e-07
-2.8308e-07
-2.80637e-07
2.80637e-07
-2.82447e-07
-2.80642e-07
-2.80179e-07
-2.80452e-07
2.80007e-07
-2.80007e-07
2.81129e-07
-2.81129e-07
-2.80641e-07
2.80641e-07
-2.80632e-07
2.80632e-07
-2.87818e-07
-2.82328e-07
-2.80638e-07
2.80638e-07
-2.80217e-07
-2.80673e-07
2.8066e-07
-2.81147e-07
-2.80635e-07
2.80614e-07
-2.80614e-07
-2.80615e-07
2.80615e-07
2.81438e-07
-2.80971e-07
-2.81438e-07
2.80971e-07
-2.81147e-07
-3.09545e-10
4.98072e-10
-2.80879e-07
-2.80681e-07
2.81053e-07
-2.61235e-10
2.81581e-07
-2.86065e-10
-2.81295e-07
-2.8068e-07
2.81126e-07
2.81272e-07
2.8177e-07
-2.8104e-07
3.58819e-10
2.81527e-07
3.72376e-10
-2.80327e-07
2.80726e-07
2.81763e-07
7.99321e-10
2.81501e-07
2.26907e-10
-2.18201e-10
-2.79938e-07
2.80091e-07
2.81728e-07
2.81499e-07
-2.79863e-07
2.80205e-07
7.88526e-10
2.81694e-07
2.81476e-07
-2.28594e-10
2.7909e-07
-2.78861e-07
2.81407e-07
6.89478e-11
4.42298e-10
-2.81712e-07
2.8118e-07
-2.8016e-07
2.807e-07
-4.13132e-11
4.43262e-11
2.81622e-07
-2.7986e-07
2.80727e-07
2.81581e-07
-2.8052e-07
2.80748e-07
8.39193e-10
3.60044e-10
2.81745e-07
-2.06648e-10
2.7952e-07
-2.79313e-07
2.82013e-07
2.82373e-07
-2.80771e-07
2.80637e-07
2.81301e-07
-8.2658e-10
2.81484e-07
-2.80754e-07
2.80712e-07
2.81612e-07
-6.75597e-12
1.10815e-10
-2.79947e-07
2.80753e-07
2.80785e-07
-2.80528e-07
2.80789e-07
7.65378e-10
2.80896e-07
-2.25047e-10
2.79904e-07
-2.79679e-07
-2.8081e-07
2.80569e-07
2.81258e-07
-3.61585e-10
-7.47258e-10
2.8139e-07
2.74286e-10
2.81497e-07
2.81211e-07
-2.80744e-07
2.80736e-07
2.81485e-07
4.51107e-11
2.80738e-07
-2.80014e-07
2.80798e-07
-2.80813e-07
2.80689e-07
2.80828e-07
-2.80475e-07
2.809e-07
7.21205e-10
2.81616e-10
-3.22943e-10
2.80376e-07
-2.80053e-07
2.81117e-07
-2.88901e-10
2.81399e-07
-5.3247e-10
2.81146e-07
-2.80854e-07
2.80716e-07
-2.73911e-10
-2.80505e-07
2.81106e-07
2.81431e-07
3.94433e-10
2.5121e-10
2.80899e-07
-2.80823e-07
2.81254e-07
3.60027e-10
3.46912e-10
-2.80799e-07
2.8115e-07
-2.82594e-10
2.80762e-07
-2.80479e-07
2.80648e-07
-2.80889e-07
2.80749e-07
-2.8068e-07
-2.81055e-07
2.80423e-07
2.80878e-07
1.1266e-10
1.99314e-10
2.80489e-07
3.89749e-10
-2.80087e-07
2.8072e-07
-2.80361e-07
2.8072e-07
2.80601e-07
-3.35611e-10
2.80895e-07
-2.80559e-07
2.80948e-07
-2.80414e-07
2.80779e-07
-2.80918e-07
2.80775e-07
3.58486e-10
2.09481e-10
2.81176e-07
2.80952e-07
3.05778e-10
2.81162e-07
-2.8043e-07
2.80783e-07
2.80888e-07
-2.78799e-10
2.81078e-07
-2.80773e-07
2.81121e-07
-2.80936e-07
2.80793e-07
3.48578e-10
-2.80508e-07
2.80852e-07
2.22916e-10
2.80886e-07
-2.80594e-07
2.80936e-07
-2.64682e-10
2.74589e-10
2.81013e-07
-2.80738e-07
2.81109e-07
2.80831e-07
2.57273e-10
-2.80518e-07
2.80694e-07
-2.80886e-07
2.11918e-10
2.81054e-07
-2.81004e-07
-2.804e-07
2.8077e-07
2.80819e-07
4.1792e-10
2.81031e-07
2.80767e-07
-2.81391e-07
2.81533e-07
-1.41468e-10
6.54935e-11
2.80641e-07
2.93945e-10
2.809e-07
-2.80606e-07
2.80991e-07
-2.79526e-07
2.80336e-07
-8.10416e-10
2.80812e-07
-2.80403e-07
2.80774e-07
-1.15923e-10
3.66259e-10
2.80508e-07
-2.80882e-07
3.74361e-10
2.80877e-07
-2.80447e-07
2.80892e-07
-2.80717e-07
2.80233e-07
4.83653e-10
2.80761e-07
-2.80631e-07
2.80969e-07
-2.82444e-07
2.82429e-07
3.26542e-10
-4.69378e-10
-2.79056e-07
2.80941e-07
-1.79986e-10
-2.60246e-10
-2.80514e-07
2.64672e-10
2.80532e-07
-2.80797e-07
2.80855e-07
-8.83127e-10
2.80858e-07
-3.91429e-10
2.81222e-07
-3.67407e-10
6.57077e-11
-2.80783e-07
2.80685e-07
-4.126e-10
2.8121e-07
-2.80486e-07
-4.01273e-10
-2.80646e-07
2.80888e-07
-2.81482e-07
2.80446e-07
1.03609e-09
2.80949e-07
-2.81048e-07
2.80376e-07
6.72673e-10
-4.01728e-10
2.80635e-07
-2.80763e-07
2.80469e-07
2.93686e-10
-2.80646e-07
2.81037e-07
2.80537e-07
-2.42167e-10
2.80762e-07
-5.06989e-10
2.80913e-07
-2.42162e-10
2.80602e-07
-2.807e-07
2.8103e-07
-2.50414e-10
2.80635e-07
-3.29539e-11
2.80234e-07
2.80152e-07
2.796e-07
5.51501e-10
-2.80802e-07
2.81122e-07
2.79093e-07
-2.8078e-07
2.81123e-07
-3.4328e-10
-2.80746e-07
2.80813e-07
-6.67685e-11
-2.28012e-10
-2.81651e-07
2.81184e-07
4.6651e-10
2.79959e-07
-8.66054e-10
1.15655e-09
2.77277e-07
-2.78433e-07
-2.80883e-07
2.81227e-07
-2.80589e-07
2.80173e-07
4.15679e-10
-2.81046e-07
3.65608e-10
2.80857e-07
-2.818e-07
9.43223e-10
2.79558e-07
-4.07065e-10
-2.80343e-07
2.8075e-07
2.83562e-07
2.40185e-10
-1.44914e-10
-2.80419e-07
2.80564e-07
2.80714e-07
-2.80623e-07
2.80445e-07
1.77883e-10
2.80472e-07
-2.81275e-07
2.80925e-07
-2.80883e-07
2.8124e-07
-3.56543e-10
2.80614e-07
-1.41452e-10
-3.32588e-10
-2.80228e-07
2.80561e-07
2.80516e-07
9.77673e-11
-2.80995e-07
2.81344e-07
-2.80984e-07
2.8137e-07
-3.86205e-10
-2.80647e-07
2.80241e-07
4.06223e-10
2.80183e-07
2.78278e-07
-1.0014e-09
-2.44611e-10
-8.74969e-10
2.80038e-07
2.80592e-07
-2.86911e-10
-2.8108e-07
2.81544e-07
2.78136e-07
2.79537e-07
5.01301e-10
-2.09191e-09
-2.80013e-07
-2.04146e-10
-2.80013e-07
-2.78866e-07
2.78866e-07
-7.40153e-10
2.79185e-07
3.51737e-10
2.90085e-10
1.08281e-09
2.77593e-07
-2.78676e-07
-2.80617e-07
2.80263e-07
3.54159e-10
-2.81047e-07
2.81471e-07
-2.8037e-07
-2.53253e-10
-1.88785e-10
2.80582e-07
-2.80394e-07
2.10856e-07
-2.80616e-07
2.80223e-07
3.93237e-10
-2.80663e-07
2.80282e-07
3.80886e-10
2.80003e-07
-8.18136e-10
2.79596e-07
-2.81631e-07
2.80679e-07
-2.80419e-07
2.80542e-07
-1.22932e-10
5.69188e-11
-2.61206e-10
2.80707e-07
2.80438e-07
2.40977e-10
-2.80059e-07
2.80059e-07
2.44827e-10
-2.80734e-07
2.80489e-07
-2.80674e-07
2.80704e-07
-2.66004e-10
1.05247e-09
2.84023e-07
-2.81597e-07
2.8202e-07
-4.23321e-10
2.80515e-07
-2.80556e-07
2.80235e-07
3.21222e-10
-2.81035e-07
3.60979e-10
2.8076e-07
2.81661e-07
2.12229e-10
2.80668e-07
-2.80395e-07
-2.72584e-10
2.80978e-07
-2.81302e-07
3.23537e-10
-1.19335e-09
4.66699e-11
2.80507e-07
-1.05507e-09
2.79233e-07
-1.63918e-09
-2.81628e-07
2.82262e-07
-6.33852e-10
-2.80267e-07
2.80054e-07
2.13803e-10
2.78967e-07
2.80741e-07
-2.34234e-10
2.51949e-10
-2.80727e-07
2.80475e-07
-1.76698e-09
2.80378e-07
2.89758e-10
-2.80513e-07
2.80272e-07
2.40443e-10
2.8048e-07
2.80605e-07
-2.80353e-07
2.80543e-07
-1.89217e-10
2.80731e-07
-2.42334e-10
-2.80242e-07
2.80566e-07
-3.24432e-10
-1.90831e-09
2.8541e-07
-2.80059e-07
-3.43573e-09
2.80732e-07
2.80458e-07
2.44273e-10
-2.80702e-07
2.80497e-07
-2.80317e-07
2.79569e-07
7.47252e-10
3.11416e-10
7.78492e-08
2.07595e-07
-2.85445e-07
-2.79931e-07
-3.85535e-10
-2.30215e-10
2.80459e-07
-2.37465e-07
-2.85628e-10
2.80664e-07
2.80676e-07
-2.18145e-10
-2.80473e-07
2.80488e-07
-1.49309e-11
-1.83974e-07
2.80704e-07
2.4438e-10
2.80431e-07
-2.817e-07
2.82291e-07
-5.90074e-10
4.85577e-12
-1.15788e-09
-2.5666e-07
-3.40267e-08
2.80418e-07
-2.81853e-07
2.82954e-07
-1.10067e-09
-2.81815e-07
2.82179e-07
-3.63813e-10
-2.81539e-07
2.80662e-07
2.81066e-07
2.81066e-07
2.81852e-07
-2.81852e-07
-2.81276e-07
-2.26642e-10
2.81826e-07
-2.80594e-07
3.52222e-10
2.80478e-07
-2.79612e-07
-8.66389e-10
5.30099e-10
-2.81616e-07
2.3074e-10
-2.80518e-07
2.80287e-07
2.80349e-07
3.13797e-10
-4.19773e-10
-2.80436e-07
2.80798e-07
-3.61482e-10
-2.80205e-07
2.81051e-07
-8.46122e-10
2.8028e-07
3.83333e-10
-1.03483e-08
2.80597e-07
-2.48436e-10
1.13867e-09
2.8094e-07
-2.8094e-07
2.80767e-07
-2.80593e-07
6.35321e-10
-2.81323e-07
2.82409e-07
-1.08662e-09
-2.21663e-07
-2.80201e-07
2.82003e-07
-1.802e-09
2.80161e-07
1.9091e-10
-2.80352e-07
2.80273e-07
-2.81571e-07
1.95297e-10
2.80084e-07
7.7825e-11
2.80607e-07
-1.75855e-10
-5.27815e-10
2.80097e-07
2.80503e-07
-2.80359e-07
-1.59219e-10
2.80678e-07
-2.80678e-07
-2.818e-07
2.83396e-07
2.82322e-07
1.03824e-09
-2.82594e-07
2.80118e-07
2.12899e-07
-2.1218e-07
2.81032e-07
-2.80865e-07
2.82561e-07
2.82728e-07
-2.84441e-10
-2.82444e-07
2.13645e-07
-6.08931e-10
2.80746e-07
-2.81004e-07
2.57555e-10
9.08066e-11
2.79993e-07
2.14087e-07
-8.47233e-08
-1.00377e-07
-2.99741e-09
8.50099e-10
2.80309e-07
-2.82128e-07
2.80898e-07
-2.81957e-07
2.84698e-07
-2.74149e-09
2.80735e-07
3.59296e-08
-2.9259e-07
-6.50949e-11
2.79781e-07
-5.54468e-10
2.78623e-07
-2.78069e-07
-2.80407e-07
-6.87722e-09
-1.27416e-07
1.34293e-07
1.76178e-07
-2.0477e-07
2.79872e-07
2.79419e-07
4.53061e-10
2.15029e-07
2.80512e-07
-2.8061e-07
2.78004e-07
-2.77844e-07
2.86253e-11
-3.2807e-10
-2.79034e-07
2.79362e-07
2.7933e-07
8.80702e-11
3.84919e-08
3.40699e-08
4.32795e-08
7.04441e-08
3.88895e-08
3.8919e-08
3.91479e-08
3.89005e-08
7.44696e-09
3.52579e-08
3.98347e-08
4.28182e-08
-2.81717e-07
3.91819e-08
3.84954e-08
3.8456e-08
3.84748e-08
3.88863e-08
3.86457e-08
-2.8059e-07
-1.02635e-09
3.88646e-08
3.87376e-08
2.78963e-07
3.67167e-10
4.53675e-08
-2.79069e-07
2.82542e-07
-3.47275e-09
3.75123e-08
4.50638e-10
-2.81668e-07
3.82135e-08
-2.80443e-07
3.60286e-11
2.79649e-07
3.43426e-10
-2.77286e-07
2.78666e-07
2.78635e-07
2.80542e-07
-2.80542e-07
-2.87754e-07
2.56112e-07
4.93709e-08
-2.79388e-07
2.85286e-07
-5.89759e-09
3.9505e-08
3.89341e-08
3.88563e-08
3.86887e-08
3.79443e-08
-2.8065e-07
2.79737e-07
2.21218e-07
-1.84298e-07
-3.15407e-09
2.78081e-07
-2.81504e-07
-3.18251e-10
-6.67853e-08
7.03123e-10
2.81003e-07
-2.67771e-10
2.7518e-07
-7.77284e-10
-2.74403e-07
3.86213e-08
-2.79405e-07
3.80121e-08
-2.81399e-07
-3.7663e-10
-2.11154e-10
-2.81093e-07
2.28278e-10
-2.70637e-07
-9.07332e-10
2.71544e-07
2.80562e-07
-2.79176e-07
-1.62105e-09
-2.80561e-07
-1.56502e-09
-2.76072e-07
2.77637e-07
-2.80174e-07
7.69513e-10
2.773e-07
7.81018e-10
-2.81705e-07
-2.81624e-07
2.3647e-10
-2.56795e-07
6.3387e-08
2.7663e-07
6.69415e-10
2.82327e-07
-2.82555e-07
2.75065e-07
2.76602e-07
2.02146e-09
-4.77934e-08
4.39143e-08
-2.74578e-07
2.89948e-07
-1.53698e-08
2.8058e-07
4.54354e-09
2.77604e-07
2.80634e-07
-2.80457e-07
-2.80642e-07
-2.56246e-07
1.10654e-08
2.74288e-07
2.87039e-07
-9.43459e-09
-2.80666e-07
-2.80744e-07
2.80392e-07
-2.80927e-07
2.77851e-07
1.51083e-09
-2.77271e-07
2.86795e-09
-4.75741e-09
-2.68011e-07
2.72769e-07
2.01426e-07
-2.79496e-07
2.79496e-07
-2.81898e-07
2.14831e-07
2.11199e-07
-2.12605e-07
3.80137e-08
-2.19908e-07
2.1938e-07
-2.1938e-07
-2.13093e-08
-2.56305e-07
2.77615e-07
-1.24607e-08
2.78633e-07
3.16554e-08
-2.5688e-08
6.4171e-09
2.10256e-08
-3.22224e-08
1.43741e-08
1.69997e-08
-4.83601e-08
1.52025e-08
-5.94644e-08
5.86161e-09
1.49827e-08
-4.06485e-08
2.29642e-08
-4.01828e-08
1.95618e-08
-1.00542e-09
-2.56273e-07
4.8412e-09
-3.64205e-09
2.71483e-07
2.80511e-09
1.17195e-09
2.80913e-07
-3.33125e-10
1.32939e-09
1.61305e-09
1.53999e-09
-2.80906e-07
-2.08178e-11
2.5602e-09
1.56334e-09
2.8059e-07
-2.80373e-07
2.80373e-07
-4.79296e-08
1.24708e-09
-2.79543e-07
-2.11992e-07
-2.57252e-07
-2.81394e-07
1.38863e-09
2.79415e-07
-2.79257e-07
1.93918e-07
-1.93918e-07
-7.59169e-10
-2.81176e-07
2.81479e-07
-3.03077e-10
2.70576e-07
2.80279e-07
2.72967e-07
4.67005e-09
2.64909e-07
6.63515e-09
-2.69391e-07
1.64683e-09
-2.64821e-07
7.56958e-09
2.80364e-07
2.68829e-07
-2.80605e-07
2.0128e-07
-5.50869e-08
2.65818e-07
9.96962e-10
-2.484e-07
3.60587e-08
2.80722e-07
-2.8065e-07
3.7582e-10
2.8073e-07
-4.51269e-10
2.37605e-08
-2.80066e-07
-3.34026e-08
2.75772e-07
2.37269e-07
-2.89378e-07
7.76132e-09
-2.33646e-07
-2.82464e-07
8.47736e-09
2.80525e-07
-2.82459e-07
2.81162e-07
1.48926e-08
-2.96054e-07
-2.65906e-07
9.63265e-09
2.48805e-07
-2.67741e-07
1.8936e-08
2.7843e-07
-2.7843e-07
-2.28358e-07
8.96106e-10
-2.80339e-07
-2.59758e-07
-2.32788e-07
2.80541e-07
2.80574e-07
-2.80574e-07
9.26888e-10
2.59871e-07
2.60172e-07
1.25969e-08
2.70828e-08
1.53462e-08
-6.11726e-08
2.7883e-07
9.81646e-10
-2.79811e-07
2.12192e-07
-2.12174e-07
2.79197e-07
2.17969e-07
2.82112e-07
-2.81783e-07
2.02957e-07
-2.02957e-07
-2.81272e-07
2.80841e-07
-2.80683e-07
1.1465e-09
-2.74122e-07
1.43633e-08
-2.43588e-07
2.73396e-07
-2.0531e-07
2.0531e-07
-1.66765e-07
1.66765e-07
2.15265e-07
-2.11903e-07
-1.76851e-07
1.76851e-07
2.26248e-07
-2.26248e-07
-1.92574e-07
-2.04889e-07
2.04889e-07
2.22547e-07
-2.01712e-07
2.01712e-07
-1.98726e-07
1.98726e-07
-1.96004e-07
1.96004e-07
2.34132e-07
-2.34132e-07
1.84965e-07
2.17869e-07
-2.17869e-07
2.18851e-07
2.24338e-07
-2.24338e-07
2.22314e-07
2.18012e-07
-2.00598e-07
2.00598e-07
-2.31168e-07
-2.07754e-07
-1.98958e-07
2.258e-07
-2.258e-07
2.0442e-07
-2.0442e-07
2.23974e-07
2.17268e-07
2.20498e-07
2.25817e-07
2.80358e-07
-2.80195e-07
2.20497e-07
-1.8127e-07
2.80956e-07
-4.1459e-10
-2.86644e-07
5.61215e-09
2.81032e-07
2.80365e-07
2.81221e-07
-2.61471e-10
2.65703e-07
-2.81072e-07
2.81344e-07
-2.20736e-07
-2.81429e-07
-2.81717e-07
2.80086e-07
-2.80086e-07
3.69062e-08
2.77697e-07
-2.77465e-07
-9.56826e-10
-2.07789e-07
2.08746e-07
2.80379e-07
2.77997e-07
-2.77997e-07
2.81561e-07
-2.81553e-07
-2.80892e-07
-2.80172e-07
2.78559e-07
-2.81218e-07
3.11633e-10
-2.06423e-07
1.87813e-07
2.80437e-07
-2.80437e-07
-2.22813e-07
3.91188e-08
-2.28682e-07
-2.23163e-07
3.89456e-08
-2.24106e-07
3.93294e-08
-2.22345e-07
3.86475e-08
-2.27556e-07
3.94428e-08
2.80872e-07
-5.0619e-10
-2.81089e-07
9.87155e-08
-2.67487e-07
-2.2254e-07
3.80242e-08
-2.1635e-07
-9.81099e-10
2.79771e-07
1.83976e-07
5.64175e-08
-2.40393e-07
-2.04809e-07
1.88219e-07
7.2692e-08
-2.5767e-07
1.84978e-07
2.15873e-07
-2.2373e-07
-2.79491e-07
2.81937e-07
-2.44637e-09
2.80591e-07
-2.80423e-07
-2.8179e-07
-1.07926e-10
2.82148e-07
-2.82196e-07
2.58622e-07
-1.33982e-07
-1.2464e-07
-1.82667e-07
2.22172e-07
-1.82784e-07
2.2164e-07
-3.99615e-08
2.80423e-07
-6.5178e-10
-2.23537e-07
-2.80199e-07
-2.11279e-07
3.61986e-08
-1.23642e-08
-1.89554e-07
-2.82855e-07
2.80059e-07
-5.10044e-08
-2.80567e-07
5.26144e-08
2.80991e-07
-9.32229e-10
-1.84195e-07
1.98523e-07
2.80287e-07
-2.80287e-07
-2.20017e-07
-3.54676e-08
-1.67532e-07
-6.72293e-10
2.81834e-07
2.79905e-07
2.80566e-07
-2.81212e-07
-2.71744e-07
-9.32851e-09
-5.03963e-09
-2.18579e-07
2.18529e-07
-1.84321e-07
2.02307e-07
-1.59028e-07
-1.89792e-07
-1.69208e-07
2.08356e-07
-1.84262e-07
-2.53641e-07
1.51198e-07
1.02443e-07
-1.88848e-07
-1.70532e-07
2.13351e-07
-1.83849e-07
2.1616e-07
-1.77685e-07
2.23118e-07
-1.8438e-07
-1.82188e-07
-7.38964e-10
-2.79515e-07
2.80254e-07
2.10596e-07
-2.12152e-07
-1.72989e-07
2.11202e-07
2.43048e-07
-1.77217e-07
2.16151e-07
2.79358e-07
-2.71752e-07
2.80463e-07
-2.80306e-07
-2.81178e-07
-4.1343e-10
-1.84596e-07
2.13678e-07
5.1598e-08
1.83883e-07
3.10951e-08
-2.14978e-07
1.86546e-07
2.18669e-08
-2.08413e-07
1.84479e-07
1.61302e-08
-2.00609e-07
1.84418e-07
6.85264e-08
-2.52945e-07
1.84779e-07
3.57083e-08
-2.20488e-07
2.80175e-07
2.67984e-07
1.12812e-09
2.0195e-07
-2.14314e-07
-4.81752e-08
2.80807e-07
-2.78244e-07
-2.56325e-09
-3.85052e-08
2.54378e-07
2.80223e-07
-2.80223e-07
-2.81408e-07
-1.77637e-07
1.84054e-07
2.27698e-07
-2.13324e-07
-2.14863e-07
-2.25613e-07
2.18831e-07
2.19896e-07
1.04053e-09
-2.81879e-07
2.79222e-07
-2.79405e-07
1.83043e-10
-2.22519e-07
1.19384e-10
-2.81548e-07
2.77334e-07
2.12579e-07
-2.1125e-07
-2.68911e-07
2.13378e-07
-2.11838e-07
1.8516e-07
2.76584e-07
-2.80243e-07
2.81515e-07
-2.81278e-07
-2.79191e-07
2.80353e-07
2.13668e-07
-2.1228e-07
2.80337e-07
-2.80318e-07
2.80318e-07
-2.75265e-07
-5.91299e-09
3.4608e-08
-2.21943e-07
2.80149e-07
-2.81163e-07
-2.76815e-07
2.23425e-07
2.2253e-07
2.25988e-07
2.82128e-07
-2.81917e-07
2.95807e-08
2.17265e-07
-1.67391e-07
2.23808e-07
-1.54554e-07
2.27246e-07
2.22804e-07
2.24014e-07
-1.84685e-07
2.80085e-07
1.88555e-07
2.18878e-08
-2.10443e-07
2.13912e-07
-2.13016e-07
2.80346e-07
-2.80176e-07
1.24469e-09
4.10972e-10
-2.85166e-07
2.66338e-07
2.80446e-07
-3.20806e-10
-1.38014e-07
2.84363e-07
2.80396e-07
-2.81525e-07
-1.92347e-10
-1.71867e-07
-2.00354e-07
1.45988e-08
-2.04867e-07
-1.88022e-07
-2.79526e-07
2.80185e-07
-2.80185e-07
2.80063e-07
2.80008e-07
-2.80008e-07
-4.0758e-08
2.28977e-07
-3.97464e-08
2.24724e-07
-2.18283e-07
4.33636e-08
2.81633e-07
-6.00478e-10
-2.71969e-07
-1.31974e-08
-2.72271e-07
-1.0558e-09
-2.77526e-07
2.80353e-07
2.80983e-07
9.54139e-10
-2.78184e-07
2.80229e-07
-2.80062e-07
1.80346e-07
-1.57785e-09
-1.85037e-07
4.67978e-08
-1.98129e-07
2.79902e-07
-2.81199e-07
2.75008e-07
-1.84298e-07
2.22311e-07
-2.12946e-07
2.05496e-07
2.13703e-07
-2.14116e-07
8.07222e-08
-8.07222e-08
-2.1059e-07
2.49772e-07
2.22779e-08
-1.69045e-07
2.07931e-07
-1.76744e-07
2.15608e-07
-1.84037e-07
2.18107e-07
-1.77037e-07
2.15493e-07
-1.78285e-07
2.16931e-07
2.06637e-07
-1.69124e-07
-3.82857e-09
2.22055e-07
-1.83434e-07
-2.79047e-07
-4.79047e-10
2.79374e-07
-3.84599e-13
-2.81394e-07
2.80285e-07
2.8017e-07
-2.80519e-07
1.33404e-07
-1.33404e-07
2.07714e-07
-2.12029e-07
-2.75316e-07
-2.18829e-10
-2.81334e-07
-2.82902e-07
2.7987e-07
-2.79644e-07
2.80222e-07
-1.52317e-07
1.99877e-08
-1.99877e-08
-2.80438e-07
1.41815e-10
-2.41828e-07
2.79716e-07
2.81497e-07
-2.81378e-07
2.14692e-07
-2.1352e-07
-2.80975e-08
2.16006e-07
-1.87909e-07
-2.7668e-07
-4.51912e-09
2.77124e-07
-2.79687e-07
-3.44892e-08
2.14649e-07
-1.8016e-07
-2.79015e-07
2.79872e-07
5.02162e-10
2.80352e-07
2.15759e-07
-1.82253e-07
-3.35056e-08
-5.45721e-08
-2.81105e-07
2.81105e-07
1.15819e-08
4.48961e-08
2.797e-07
-2.8112e-07
2.79145e-07
-2.80149e-07
2.80447e-07
-3.02447e-08
2.72178e-10
-2.81527e-07
4.71058e-08
4.93216e-08
8.05639e-08
2.36692e-08
1.82703e-08
3.37857e-08
4.48326e-08
3.91223e-08
3.16438e-08
3.92461e-08
8.72104e-08
2.44487e-08
4.2078e-08
-1.06309e-09
2.82749e-07
3.74593e-08
8.45502e-08
-4.4382e-09
-1.7694e-07
-1.83334e-07
-1.83964e-07
-2.19159e-07
-1.83028e-07
-2.81548e-07
3.53856e-10
-2.78314e-07
1.36781e-07
-2.79314e-07
2.98887e-10
-1.70539e-07
-2.52392e-08
-1.85204e-07
2.81135e-07
-2.81493e-07
2.27503e-07
-2.86266e-08
-2.80594e-07
-1.82888e-08
2.2823e-07
1.49952e-07
-1.8542e-07
-1.30618e-09
-2.03176e-07
3.10871e-08
1.87635e-07
-2.80115e-07
2.10276e-07
-1.74078e-07
1.30329e-07
1.28293e-07
-2.36023e-08
2.24489e-07
-2.00887e-07
-2.79498e-07
2.07843e-07
-2.00294e-08
2.8071e-07
-2.8071e-07
2.81343e-07
-2.82015e-07
-1.54134e-07
1.99078e-07
6.53309e-09
-2.17262e-07
2.10729e-07
-3.21773e-08
2.06803e-07
-1.74625e-07
-1.09963e-08
2.14431e-07
-1.86131e-07
-2.82144e-07
-3.67428e-09
-2.79287e-07
-2.79146e-07
-3.51512e-10
-2.79401e-07
2.77599e-07
2.82322e-07
2.81063e-07
-2.81263e-07
1.35158e-07
4.87109e-08
2.8073e-07
-7.89416e-09
-1.71583e-08
-1.44183e-07
-4.2135e-08
2.11065e-07
-2.78073e-07
-1.32846e-09
4.05717e-08
-2.79079e-07
2.80463e-07
-2.80463e-07
-1.98603e-07
-2.80502e-07
1.24517e-09
-7.16149e-08
-5.18352e-08
1.93543e-07
1.07305e-08
-2.04273e-07
1.59383e-10
-2.15559e-07
2.02035e-07
-2.51636e-09
2.78888e-07
-6.43662e-09
-2.72451e-07
-2.78919e-07
-2.79243e-07
1.6382e-10
-2.14159e-08
2.80807e-07
-2.81201e-07
-1.97285e-07
-1.70289e-08
2.98756e-08
-1.59434e-07
-4.53355e-08
2.55383e-08
-2.13447e-07
-1.82081e-08
2.66425e-08
-1.77586e-07
-2.79447e-07
-2.17315e-07
2.79374e-07
2.80343e-07
-2.80343e-07
-2.79002e-07
2.78298e-07
-2.7866e-07
-3.11781e-08
-4.17288e-08
2.79644e-07
-6.20581e-10
3.3266e-08
-2.75094e-07
2.01977e-07
-2.40166e-07
-2.78893e-07
-5.54046e-10
-2.79792e-07
2.05554e-07
-2.78429e-07
-2.30165e-10
2.0746e-07
2.19081e-07
2.78795e-07
-1.91169e-07
-1.70744e-09
-2.78444e-07
-2.12638e-07
-2.81719e-07
2.84749e-07
-3.03018e-09
1.75886e-07
3.24699e-08
-2.14805e-07
-2.78846e-07
-2.33467e-07
2.80256e-07
2.77796e-07
6.34784e-10
-2.01977e-07
-1.74028e-08
-2.80165e-07
1.55289e-10
2.68641e-09
2.76201e-07
-2.01569e-07
-2.78469e-07
2.48402e-11
-2.77211e-07
-1.6354e-09
2.80177e-07
-2.80177e-07
-2.16294e-07
-2.78644e-07
-2.78255e-07
2.68301e-10
1.77275e-07
-2.22611e-07
1.83873e-07
2.77652e-07
3.45572e-10
-1.56223e-07
2.79124e-07
-2.79061e-07
-2.79407e-07
-2.78424e-07
1.68443e-10
-2.22561e-07
-2.78183e-07
1.35028e-07
1.15981e-07
-2.11895e-07
2.10282e-07
1.82283e-07
-1.85951e-07
2.79944e-07
2.81233e-07
2.93071e-10
-2.81671e-07
-2.78405e-07
2.21767e-10
2.82749e-07
-2.78084e-07
-2.79602e-07
2.78546e-07
-2.56158e-07
-3.27949e-10
2.79864e-07
-2.79864e-07
-2.78357e-07
2.73364e-10
-2.83402e-07
2.12984e-07
-2.78786e-07
-2.82893e-07
-2.79045e-07
-2.78003e-07
-1.73381e-07
-2.55068e-08
-5.83691e-11
2.79555e-07
2.86517e-08
-2.29539e-07
-2.18908e-07
1.88663e-07
-2.78309e-07
3.06246e-10
2.79556e-07
-2.18354e-07
4.37288e-08
2.0195e-07
1.45297e-08
-1.88478e-07
-2.77916e-07
-3.31722e-08
-1.82382e-07
2.12284e-07
-2.79555e-07
-2.79717e-07
-2.78223e-07
3.06969e-10
-3.06025e-08
2.32638e-07
2.05873e-07
-1.90526e-07
-2.77842e-07
1.68081e-07
-1.79157e-07
-4.3156e-10
-2.7843e-07
2.80922e-07
1.52775e-08
-2.962e-07
-2.12023e-07
-2.81876e-07
-2.78165e-07
3.23103e-10
-2.66738e-07
-4.16324e-08
-2.77759e-07
-1.47035e-08
-1.8957e-07
-1.02497e-07
-2.78345e-07
5.85887e-10
2.1748e-07
-2.13365e-07
-2.77574e-07
-2.77929e-07
-2.78902e-07
9.72262e-10
2.77652e-07
2.77796e-07
-5.27506e-10
-2.78149e-07
2.64977e-07
-2.78175e-07
2.11751e-07
1.50282e-08
1.95968e-07
-3.96304e-09
1.96503e-07
2.1098e-10
1.20287e-07
-2.78625e-07
2.78889e-07
-2.10323e-07
2.79398e-07
4.08946e-10
-2.12312e-07
-2.70413e-07
-2.41093e-07
-5.72981e-08
1.73929e-07
-1.75236e-07
-2.7907e-07
2.1159e-07
-5.61888e-10
-2.77871e-07
-2.78559e-07
2.78492e-07
-2.80301e-07
-2.78418e-07
-2.78755e-07
1.96098e-10
-2.78308e-07
-1.94696e-07
-2.12793e-08
-2.78461e-07
-2.73638e-07
-2.16824e-07
-2.78157e-07
2.0907e-07
-2.78972e-07
5.10816e-10
-2.78967e-07
2.12984e-07
1.12401e-07
-9.89678e-09
-2.75596e-07
1.75529e-07
-2.22932e-07
1.32565e-07
1.29779e-07
2.1139e-07
-2.78028e-07
1.503e-10
-2.75407e-07
-7.10306e-08
-2.72994e-08
-4.08207e-08
-2.78113e-07
-2.78257e-07
-2.78642e-07
-2.76602e-07
8.09147e-08
-2.48306e-07
-2.7793e-07
-2.78496e-07
2.78354e-07
-2.79937e-07
-2.0979e-07
-2.77704e-07
2.05453e-07
-2.05453e-07
-2.79029e-07
5.32709e-10
-2.78654e-07
-2.77227e-07
-2.78994e-07
3.3978e-10
2.79804e-07
-4.93116e-10
1.63041e-07
-2.77848e-07
-2.77505e-07
-3.55626e-08
1.24834e-08
1.9297e-07
-1.18859e-07
-9.42788e-08
-1.12505e-07
-1.0735e-07
2.2463e-07
-2.75311e-07
-2.11802e-07
-2.77735e-07
2.1064e-07
-2.78215e-07
2.5218e-09
1.77673e-07
-2.78205e-07
2.6686e-08
-2.77657e-07
2.78778e-07
-1.08333e-07
-1.13403e-07
-9.18821e-08
-1.22981e-07
-2.796e-07
2.76681e-07
-2.77632e-07
-1.11546e-07
-1.10067e-07
-1.19458e-07
-9.91167e-08
-1.17649e-07
-1.03323e-07
-1.1117e-07
-9.73374e-08
-1.10177e-07
-1.09843e-07
-8.48943e-08
-1.32284e-07
2.12312e-07
-2.77697e-07
-2.77529e-07
-2.00701e-07
6.78269e-09
-2.77688e-07
1.39205e-07
-5.20738e-08
-1.78688e-07
2.30761e-07
-1.52279e-07
-2.77466e-07
2.00701e-07
-6.33465e-08
-2.77642e-07
-2.08419e-07
-1.91203e-07
7.84863e-08
1.84412e-07
-2.77369e-07
-2.77641e-07
-2.77848e-07
-2.3228e-10
2.78028e-07
-2.77587e-07
-6.05496e-10
2.78257e-07
-2.79234e-07
-2.12837e-07
-2.82547e-08
-2.77458e-07
-2.77281e-07
-2.08765e-07
-2.76659e-07
-2.77507e-07
-2.21644e-07
-2.772e-07
3.71038e-08
-2.77138e-07
-2.7743e-07
2.19761e-07
-2.76765e-07
-2.77107e-07
2.10307e-07
-2.7735e-07
-2.11582e-07
-2.76466e-07
-2.89876e-08
-2.76764e-07
-2.78531e-07
-2.76108e-07
-2.77558e-07
2.12856e-07
-2.76459e-07
1.99219e-07
8.09122e-10
2.09632e-08
1.87222e-07
1.97898e-07
-2.76093e-07
1.55959e-07
1.00831e-07
-2.78715e-07
-2.7593e-07
-3.71105e-10
-1.80705e-07
2.6162e-07
2.79547e-07
1.93595e-09
-2.75569e-07
-2.76123e-07
1.71499e-07
-2.01001e-07
-2.76083e-07
2.7628e-07
-2.75799e-07
-4.24801e-10
-2.78175e-07
2.06207e-07
-2.06207e-07
-2.31065e-07
1.13537e-07
-2.77665e-07
-2.77435e-07
1.3872e-08
-2.13109e-07
-2.20334e-07
-6.23647e-08
2.21727e-09
-2.78623e-07
-2.08144e-07
-2.22353e-07
2.22353e-07
-1.86774e-07
-2.11723e-07
-2.7514e-07
2.75673e-07
2.11723e-07
1.94731e-07
-6.66659e-10
-2.74657e-07
-1.36544e-07
-1.19547e-07
-2.74317e-07
2.74567e-07
-2.7506e-07
2.24545e-07
1.42237e-08
-2.09357e-07
-1.99219e-07
2.1543e-07
8.64324e-09
-6.78657e-09
2.12388e-07
-2.05602e-07
2.799e-07
-2.11016e-07
2.50781e-07
-2.75311e-07
-2.1881e-07
1.57092e-07
-2.57942e-07
1.0085e-07
2.80217e-07
-2.51378e-09
-1.9297e-07
1.61185e-08
4.97767e-08
-2.03192e-07
8.80004e-09
2.04889e-07
-2.1741e-07
-2.07273e-07
-2.2358e-07
-2.07875e-07
1.62266e-07
-2.78215e-07
7.72437e-08
-2.29195e-07
-2.30628e-07
-2.12398e-07
7.61551e-10
-2.23527e-07
2.15397e-07
-2.09326e-07
2.08418e-07
-2.7789e-07
-2.1316e-07
-5.23858e-08
-1.58889e-07
2.08211e-07
-1.06269e-09
2.7158e-07
-2.7158e-07
2.70595e-07
-2.70595e-07
2.08273e-07
-2.08273e-07
-2.1741e-07
-1.91074e-07
-5.40756e-08
-1.9423e-07
-1.95123e-07
2.38851e-07
-2.38028e-07
1.96396e-07
-1.49658e-07
-1.03051e-07
1.29759e-07
2.24666e-08
1.97898e-07
-2.1397e-07
-1.95656e-07
-2.1881e-07
-2.0164e-07
1.95656e-07
-4.94907e-08
-4.02476e-08
-8.85386e-08
-1.47846e-07
-1.02651e-07
-2.7332e-08
-1.43207e-07
-2.20039e-07
-2.20334e-07
1.28535e-07
1.29864e-07
1.4249e-07
-2.68526e-08
-3.34395e-09
-1.71977e-08
2.04833e-07
-1.73206e-07
1.45874e-07
4.71e-08
-2.21644e-07
1.81087e-07
3.67711e-08
2.08739e-07
-1.75234e-07
1.94129e-07
-3.31428e-08
2.34075e-07
-2.09567e-07
1.77732e-07
-1.58466e-07
1.29578e-07
-7.0723e-08
-5.9086e-08
-1.04454e-07
-1.14324e-07
-1.0668e-07
-1.05631e-07
-2.22932e-07
-1.94051e-07
2.14521e-07
-1.30623e-07
-8.38986e-08
5.87814e-09
1.84623e-07
-1.99678e-07
6.94733e-08
-1.71131e-08
3.44674e-08
1.60264e-07
1.36781e-07
-1.88875e-07
1.08152e-07
-2.02431e-07
1.04878e-07
-2.12228e-07
-2.05797e-07
2.13768e-07
-5.2338e-09
3.27788e-08
-1.72366e-07
2.4961e-07
-1.0592e-07
-1.14713e-07
1.80705e-07
-2.2054e-07
2.17639e-07
1.29853e-08
1.83485e-07
-1.83485e-07
2.04556e-07
1.68698e-07
2.45728e-07
1.92176e-07
2.49108e-07
9.5489e-08
1.97853e-07
-6.41532e-08
-2.22443e-07
-2.11412e-07
1.56935e-07
-1.4109e-07
-1.67991e-07
-7.80832e-09
2.05556e-07
4.9574e-08
8.0004e-08
-1.95012e-08
-1.65936e-07
-2.10187e-07
-6.70739e-09
-1.82322e-07
1.78806e-07
-2.04613e-07
-1.34456e-07
-2.12398e-07
1.7684e-07
2.03973e-07
1.70293e-07
1.69364e-07
4.93285e-08
1.58882e-07
-3.17752e-07
1.43207e-07
-2.02825e-07
-1.04268e-07
-1.3297e-07
8.81018e-08
-9.79985e-08
4.7164e-09
-2.22078e-07
1.70542e-07
7.01741e-08
1.52451e-07
-1.44224e-07
-1.09417e-07
2.19755e-07
-5.02223e-08
-2.53725e-08
1.96338e-08
1.87663e-07
-1.41356e-07
-1.79901e-07
-2.17386e-08
2.1575e-07
8.81114e-09
-8.18627e-08
1.07537e-08
-2.04946e-07
-1.69482e-08
-2.09425e-07
1.7181e-07
-1.11546e-07
-1.24358e-07
-2.22895e-07
-2.15624e-08
-1.89606e-07
-1.72018e-07
1.34456e-07
9.20483e-08
1.27512e-07
1.73791e-07
-1.57445e-07
-2.24349e-07
3.87764e-09
-8.28172e-08
-8.42978e-08
-1.60708e-07
2.05533e-07
7.44222e-08
1.55267e-07
1.94416e-07
2.03191e-08
-1.67469e-07
-1.88678e-07
2.01663e-07
-2.12054e-07
-1.81747e-07
2.28851e-07
-6.19754e-08
-1.66868e-07
-1.52764e-07
-1.8601e-07
-1.69423e-07
2.28257e-07
-1.68659e-07
1.7312e-07
3.56485e-08
1.653e-07
-1.69565e-07
2.38595e-07
9.71086e-08
2.40894e-07
9.47059e-08
-1.6922e-07
2.38595e-07
2.40894e-07
-1.80019e-07
-1.79542e-07
-1.90826e-07
1.97609e-07
1.70888e-07
1.53957e-07
-1.50313e-08
1.03133e-07
2.30599e-07
4.99891e-08
1.74975e-07
-1.62239e-07
-1.87673e-07
1.70295e-08
1.67935e-07
1.47464e-07
-2.01788e-07
-1.7611e-08
1.95343e-07
1.72959e-07
1.88837e-07
-1.69203e-07
4.53073e-08
1.68936e-07
1.72223e-07
7.41157e-08
-1.55803e-07
1.84556e-07
-1.53419e-07
2.26561e-07
-1.80705e-07
-2.56857e-08
-1.78734e-07
1.45636e-07
-1.86032e-07
2.30928e-07
4.11685e-08
5.76511e-08
1.77669e-07
-9.82934e-09
1.64001e-07
5.34599e-08
1.65635e-07
-1.65635e-07
-1.81042e-07
1.67588e-07
-3.14017e-08
-1.43164e-07
-1.37147e-07
-1.25984e-07
1.37147e-07
-1.82142e-07
4.35146e-08
1.49429e-07
-1.78723e-10
-1.89391e-07
1.24389e-08
-1.71467e-07
1.89234e-07
-1.56136e-07
-1.78357e-07
-6.43138e-08
-1.43749e-07
2.69472e-08
-2.09329e-07
7.64916e-08
1.47846e-07
-1.72366e-07
1.81086e-07
-1.72506e-07
-2.54312e-07
1.2369e-07
1.3297e-07
1.77741e-07
7.61418e-08
1.49658e-07
1.77933e-07
1.7638e-07
-1.71133e-07
1.71133e-07
-1.81539e-07
-5.60094e-08
-1.63767e-07
3.02217e-08
1.36544e-07
1.48504e-07
5.12517e-08
1.76446e-07
-1.65255e-07
-1.81738e-07
-1.51498e-07
-5.83888e-08
-1.6019e-07
-7.24681e-09
2.66951e-08
7.4711e-09
8.85625e-09
-1.85796e-07
1.80225e-07
-2.0096e-07
-4.00028e-08
1.29733e-07
1.01028e-07
1.87033e-07
1.9159e-07
9.98611e-08
1.3899e-07
9.26335e-08
-7.16113e-11
1.70613e-07
1.01575e-07
1.63656e-07
5.73616e-08
1.51385e-07
1.30827e-08
-2.03973e-07
1.85188e-07
1.59163e-07
-1.59163e-07
1.54432e-07
-1.54432e-07
2.16337e-08
1.55633e-07
-1.55633e-07
1.58481e-07
-1.58481e-07
-2.02775e-07
-1.98607e-08
-1.55375e-07
1.53419e-07
2.19123e-07
-5.34883e-08
-2.65504e-08
-4.18397e-08
-1.81486e-07
-1.67339e-07
-1.27301e-07
-1.3064e-07
4.79897e-08
-1.87537e-07
-1.80983e-07
-5.7056e-08
-1.68354e-07
-1.73998e-07
-3.21627e-08
1.46608e-07
-1.72333e-07
1.71094e-07
1.50236e-07
1.11384e-07
1.07704e-07
-1.62137e-07
-1.61052e-07
1.93522e-07
1.10102e-07
-1.8947e-07
1.12441e-07
1.79998e-07
-6.48482e-08
-6.74941e-08
-1.72686e-07
1.71005e-07
-1.72634e-07
1.90666e-07
-1.87285e-07
1.76972e-07
1.84544e-07
-1.78339e-07
-6.79032e-08
-6.5787e-08
-6.47487e-08
-1.59159e-07
1.64361e-07
2.17662e-07
1.69726e-07
1.56935e-07
-1.65491e-07
1.91475e-07
1.49105e-07
-1.6355e-07
-9.13575e-09
-6.51345e-08
-2.00363e-08
1.31281e-07
1.15205e-07
1.78806e-07
1.76865e-07
-3.20417e-09
-1.97301e-07
-1.68153e-07
-1.28298e-08
1.9794e-07
-5.95913e-08
1.62242e-07
-6.12884e-08
-1.81012e-07
1.58527e-07
1.83242e-08
1.19543e-07
1.63141e-07
-1.61314e-07
-6.00905e-08
1.84687e-07
-1.49613e-08
9.32004e-08
1.33931e-07
2.11439e-07
-1.65767e-07
1.64867e-07
1.7684e-07
-5.72932e-08
5.99066e-08
1.6648e-07
-1.45662e-08
-1.36435e-07
1.52102e-07
-1.87229e-07
-5.52213e-08
1.55803e-07
1.53491e-07
1.43749e-07
1.0586e-07
1.74958e-07
-1.26192e-07
1.78734e-07
5.18723e-08
-3.09985e-09
-1.63028e-07
-1.68457e-07
3.74869e-08
5.85374e-08
-1.74363e-07
-1.72381e-07
1.46416e-07
-1.7064e-07
1.8599e-07
-1.75532e-08
-1.36829e-07
1.54382e-07
-1.12596e-07
1.17875e-07
9.9787e-08
-1.79316e-07
-1.91366e-07
2.34922e-08
-1.58957e-07
-1.50236e-07
-2.38897e-08
2.04603e-07
-1.89011e-08
1.72392e-07
6.43319e-08
2.43519e-08
5.75899e-08
1.30496e-07
-1.48049e-07
1.79817e-07
1.59997e-07
6.67055e-09
-1.71452e-07
1.64781e-07
-6.20586e-09
1.3609e-08
-4.03653e-08
1.5868e-07
-1.5201e-07
-8.79318e-08
3.63632e-08
-2.08909e-07
3.66205e-08
-1.47983e-07
-5.41368e-09
6.15695e-08
3.31638e-08
1.02471e-07
-1.4157e-07
-1.67266e-07
5.66354e-08
-1.78853e-07
2.30157e-08
1.54653e-07
1.71177e-07
1.10043e-07
-1.51367e-07
3.7487e-08
-3.06857e-08
-3.19996e-08
-1.60813e-07
-1.04508e-07
-1.16942e-07
-2.28439e-08
2.81743e-07
-1.0159e-07
2.8278e-07
-1.65633e-07
1.52276e-07
5.69769e-09
-1.71214e-07
-1.70479e-07
-4.26848e-08
1.26533e-07
-1.3869e-07
1.57435e-07
2.92063e-08
-9.29921e-09
1.77798e-07
1.45711e-07
1.71418e-07
1.82227e-07
-5.84775e-08
-1.47826e-07
-1.57137e-07
-1.43528e-07
-4.46556e-08
1.70768e-07
1.82207e-07
1.69281e-08
4.97403e-08
1.10348e-07
-1.72953e-07
1.66372e-07
1.77731e-07
-7.48405e-09
)
;

boundaryField
{
    front
    {
        type            empty;
    }
    back
    {
        type            empty;
    }
    wall
    {
        type            calculated;
        value           uniform 0;
    }
    inlet
    {
        type            calculated;
        value           nonuniform List<scalar> 
12
(
-3.16975e-07
-3.17666e-07
-3.18576e-07
-3.15068e-07
-3.30398e-07
-3.1948e-07
-3.29838e-07
-3.35704e-07
-3.356e-07
-3.38774e-07
-3.38987e-07
-3.3788e-07
)
;
    }
    outletLeft
    {
        type            calculated;
        value           nonuniform List<scalar> 9(2.19855e-07 2.21736e-07 2.21613e-07 2.20971e-07 2.2002e-07 2.18778e-07 2.19591e-07 2.25975e-07 2.27066e-07);
    }
    aneurysm
    {
        type            calculated;
        value           uniform 0;
    }
    outletRight
    {
        type            calculated;
        value           nonuniform List<scalar> 9(2.13138e-07 2.14863e-07 2.18575e-07 2.08507e-07 2.17178e-07 2.12311e-07 2.14072e-07 2.20481e-07 2.20219e-07);
    }
}


// ************************************************************************* //
