/*--------------------------------*- C++ -*----------------------------------*\
  =========                 |
  \\      /  F ield         | OpenFOAM: The Open Source CFD Toolbox
   \\    /   O peration     | Website:  https://openfoam.org
    \\  /    A nd           | Version:  12
     \\/     M anipulation  |
\*---------------------------------------------------------------------------*/
FoamFile
{
    format      ascii;
    class       surfaceScalarField;
    location    "0.1";
    object      phi;
}
// * * * * * * * * * * * * * * * * * * * * * * * * * * * * * * * * * * * * * //

dimensions      [0 3 -1 0 0 0 0];

internalField   nonuniform List<scalar> 
6438
(
-1.63543e-08
2.02906e-06
-2.01271e-06
-1.79903e-08
2.35705e-06
-2.33906e-06
-2.20873e-06
-3.72349e-07
2.58107e-06
2.09588e-06
-2.29907e-06
2.03188e-07
3.22426e-06
-2.51775e-06
-7.06515e-07
7.37395e-07
2.48687e-06
-2.50629e-06
2.97563e-07
-2.17823e-06
2.16024e-06
2.3506e-06
-2.80863e-06
4.5803e-07
2.18794e-06
-2.5637e-06
3.75766e-07
-2.11711e-06
2.5703e-06
-4.53193e-07
5.09254e-07
-2.32254e-06
1.81329e-06
-2.61414e-06
4.97034e-07
2.01087e-06
9.23793e-07
-2.93467e-06
1.88834e-06
-1.9047e-06
-1.06184e-07
2.2124e-06
-2.10621e-06
-2.78814e-06
2.7027e-06
8.54473e-08
-2.11179e-06
2.56113e-06
-4.49348e-07
-2.61074e-06
4.98955e-07
8.29537e-07
1.75722e-06
-2.58676e-06
-6.05411e-07
-3.96495e-07
1.00191e-06
-1.2955e-07
2.31906e-06
-2.18951e-06
-2.14848e-06
-3.48696e-07
2.49718e-06
-2.62723e-06
1.15431e-06
1.47292e-06
-2.28498e-06
2.15543e-06
-2.02935e-06
2.46773e-06
-4.38374e-07
-2.4744e-06
3.25915e-07
2.35114e-06
-1.84188e-06
-2.13464e-06
-3.96158e-07
2.53079e-06
-2.57778e-06
5.48423e-07
1.98247e-06
-2.48353e-06
5.01056e-07
1.11411e-08
-2.42145e-06
2.41031e-06
2.36839e-06
-2.38056e-06
1.21725e-08
-2.34642e-06
3.96034e-07
1.95039e-06
-3.17222e-06
5.1252e-07
2.6597e-06
2.2291e-06
-2.21795e-06
2.24735e-06
-1.51468e-07
1.45908e-06
2.04196e-06
-3.50104e-06
-7.15834e-07
2.72671e-06
-2.09253e-06
2.29866e-06
-2.06136e-07
-2.42614e-06
2.40317e-06
2.2972e-08
-1.01009e-06
1.83963e-06
2.16918e-06
1.87529e-08
-2.60674e-06
2.55411e-06
5.26234e-08
2.33976e-06
-3.5729e-07
-1.74594e-06
1.63976e-06
-3.02891e-06
5.11165e-07
2.30036e-06
2.22439e-07
-2.5228e-06
-1.79347e-06
-5.52952e-07
-3.26867e-07
-2.15383e-06
2.44428e-06
-2.90448e-07
-1.61075e-06
2.31964e-06
-7.08885e-07
2.32524e-06
-2.32524e-06
7.29007e-07
1.76399e-06
2.32241e-07
-1.99623e-06
1.03462e-06
5.00616e-07
-1.53523e-06
1.97044e-06
4.08343e-07
-2.37879e-06
1.90128e-06
-7.46972e-07
-1.10262e-06
-1.9263e-06
-2.25613e-08
2.04936e-06
-2.0268e-06
-2.52896e-06
2.52896e-06
-2.61768e-06
2.64306e-06
-2.53796e-08
1.04846e-07
1.9494e-06
-2.05425e-06
7.43759e-09
-2.38731e-06
2.37988e-06
2.21488e-06
-2.20744e-06
-2.41455e-06
2.79918e-07
-2.42117e-06
-1.8557e-07
-2.08079e-06
2.28544e-06
-2.04646e-07
2.30279e-07
1.99321e-06
-2.22348e-06
-2.44757e-06
2.35417e-06
9.33918e-08
2.38659e-06
-2.38659e-06
2.21985e-06
1.30741e-07
-1.45769e-06
-1.10601e-06
2.07713e-06
4.38999e-07
-2.51612e-06
-2.03925e-06
-3.86896e-07
1.81071e-06
1.40098e-06
-3.21169e-06
-2.8063e-06
1.79621e-06
-1.79339e-06
-1.01291e-06
2.46452e-06
-3.87399e-07
1.47225e-06
-4.3763e-07
2.00137e-06
2.25891e-07
-2.22726e-06
-2.46684e-06
-1.50842e-07
-3.52098e-07
-6.00049e-07
-1.92891e-06
2.67366e-06
-2.67366e-06
-1.77021e-06
-6.77359e-07
-1.61143e-07
-3.01107e-06
-2.3067e-06
2.29804e-06
8.65737e-09
8.3056e-08
-2.33875e-06
2.2557e-06
-2.57157e-07
2.25853e-06
2.30987e-06
5.85153e-08
-2.4129e-06
-3.75241e-07
-2.43515e-06
2.4957e-06
-6.0551e-08
2.54696e-06
-1.42472e-06
-1.12224e-06
2.2827e-06
-2.19964e-06
4.74758e-08
2.56332e-06
-1.30437e-06
-1.25896e-06
1.4563e-06
1.09066e-06
2.34943e-06
-2.34943e-06
-1.80255e-06
2.58416e-06
-7.81608e-07
-2.2639e-06
1.10071e-07
-3.10275e-07
-1.83262e-06
2.14289e-06
-2.12267e-06
8.34204e-08
-2.27393e-06
4.71381e-07
1.96022e-06
4.29237e-07
-2.38945e-06
-1.42187e-07
2.1024e-06
-2.04882e-06
2.36678e-06
-3.17968e-07
-2.17496e-06
8.24333e-08
1.50696e-06
1.05636e-06
2.26846e-06
-4.55172e-07
9.75369e-08
2.2277e-06
-1.95739e-06
-1.65278e-07
2.04512e-06
4.365e-07
-2.48162e-06
-1.13146e-06
-9.76228e-07
2.10769e-06
1.4897e-06
-1.90767e-07
-1.29893e-06
-2.42145e-06
4.92978e-07
2.42276e-06
-2.91574e-06
-1.1254e-06
5.19993e-07
2.42018e-06
4.75437e-08
2.6294e-06
-1.36057e-06
-1.26883e-06
8.82012e-07
1.74739e-06
2.44479e-06
-3.99668e-07
2.98882e-06
-1.52975e-06
-2.21404e-06
7.69199e-09
2.20634e-06
-3.16811e-06
3.20944e-07
2.84716e-06
-3.69055e-08
-2.20017e-06
2.23707e-06
2.41821e-06
1.35909e-07
-1.8667e-06
1.84414e-06
-2.22654e-06
2.27097e-06
-4.44241e-08
2.2551e-06
-2.29201e-06
2.32752e-06
-2.32752e-06
2.28963e-06
6.74125e-08
2.29459e-06
-5.30602e-07
2.26329e-06
-2.15844e-06
-1.99404e-06
1.68376e-06
2.09697e-08
2.1981e-06
-2.21907e-06
2.59066e-06
-1.81325e-06
-7.7741e-07
-2.38731e-06
-3.48598e-08
2.71223e-08
-2.20535e-06
-2.20788e-06
1.27091e-07
2.4895e-08
2.2042e-06
2.13315e-06
-1.90287e-06
-2.19963e-06
1.5081e-07
2.2308e-06
-6.16185e-08
-8.06089e-08
1.94252e-06
-1.86191e-06
1.5318e-06
1.05886e-06
-2.28663e-06
4.9274e-07
1.79389e-06
2.3312e-06
-1.15595e-08
-3.08382e-06
2.78658e-07
2.80516e-06
-3.16247e-08
-2.18869e-06
2.22032e-06
1.45435e-06
3.53525e-08
1.39983e-07
2.19121e-06
2.16819e-06
1.82943e-07
2.24219e-06
-2.27381e-06
-2.33578e-06
-7.71184e-08
2.38443e-06
-2.56454e-06
1.80116e-07
-2.12978e-06
-8.42531e-08
-2.59301e-06
1.12412e-06
1.46889e-06
-9.84345e-10
2.24087e-06
7.81926e-08
-2.11077e-06
2.45458e-06
-3.43803e-07
-2.32143e-06
2.0022e-06
3.19231e-07
-3.14701e-07
8.12612e-07
-4.97911e-07
-7.28966e-07
-1.84881e-06
-2.33875e-06
-1.86427e-08
2.23352e-06
6.87766e-07
1.89639e-06
-3.78859e-08
-2.27393e-06
-1.10454e-08
-4.86332e-08
-2.48509e-06
2.09893e-06
3.86155e-07
-1.45515e-07
1.85439e-06
3.6546e-07
3.63362e-06
-1.59166e-06
-7.67738e-07
-1.843e-06
2.27841e-06
3.14588e-08
-1.95361e-06
8.22153e-07
-8.807e-07
-1.38577e-06
2.26647e-06
-7.84278e-07
-1.82986e-06
-1.27323e-06
3.08394e-06
-2.35172e-06
7.77915e-08
-2.21987e-06
2.22832e-06
-8.44695e-09
-1.83072e-06
1.75011e-06
-2.69352e-08
-2.17546e-06
2.2024e-06
-2.39293e-06
4.121e-08
1.99416e-06
-2.37268e-06
3.78517e-07
2.22264e-06
-2.24957e-06
1.98521e-06
-7.50795e-07
-1.23442e-06
-3.00471e-06
1.06669e-06
1.93802e-06
2.03512e-06
1.95687e-07
1.68001e-06
1.02268e-06
4.90451e-07
2.18321e-06
-5.85244e-07
-2.08842e-06
-2.42332e-06
2.40125e-06
2.20719e-08
-2.41647e-06
-6.8487e-09
-2.40474e-06
-1.17335e-08
8.31545e-09
6.26354e-07
-3.49854e-06
2.87219e-06
-2.59494e-06
3.08792e-06
2.04937e-06
-2.0284e-06
2.19117e-06
9.15233e-08
1.78708e-07
1.80651e-06
-2.20017e-06
-1.99464e-06
1.98556e-06
2.4665e-07
-2.23221e-06
-1.1228e-08
-4.75318e-07
3.49078e-06
-3.01546e-06
3.31058e-06
-2.38679e-06
-1.00573e-06
1.50634e-06
-6.38493e-07
-1.95452e-06
-1.73425e-06
-1.27045e-06
-2.19896e-06
-1.36821e-07
-2.2155e-06
2.21513e-06
3.7749e-10
-3.48593e-07
2.07795e-06
-1.72936e-06
-2.38059e-06
2.39716e-06
-1.65761e-08
-2.35552e-06
-2.50665e-08
-3.02541e-06
1.9046e-07
2.83495e-06
-2.11188e-06
-1.37026e-07
2.2489e-06
2.37249e-06
2.46766e-08
-4.21348e-07
-2.59084e-06
9.47655e-07
1.64318e-06
1.43262e-08
-1.37101e-06
-1.21982e-06
-3.22494e-08
-2.43993e-08
-2.1624e-06
2.1868e-06
-2.2226e-06
1.10718e-07
2.00871e-06
2.69699e-07
2.31464e-06
-2.21711e-06
2.20083e-06
-2.22523e-06
2.19223e-06
6.28776e-08
1.07865e-06
2.23193e-06
2.27743e-06
-4.23031e-07
-1.79786e-07
-2.98832e-06
-1.29083e-07
1.8063e-06
-1.67722e-06
-2.34433e-06
-1.11881e-08
-2.34391e-06
-4.21416e-10
2.36216e-06
-2.34506e-06
-1.70911e-08
2.33717e-06
2.49866e-08
-2.18869e-06
5.40646e-07
-7.4174e-07
2.01094e-07
-2.64744e-06
1.55158e-06
1.09586e-06
1.18317e-06
-2.37298e-06
1.18981e-06
-2.07158e-06
-1.92318e-07
-2.20805e-06
2.19706e-06
1.09817e-08
-2.29529e-06
2.21354e-06
8.17485e-08
-1.83381e-07
2.34911e-06
-2.16573e-06
-2.27891e-06
5.63191e-08
-2.531e-06
3.15736e-06
-2.33147e-07
-2.05348e-06
-2.37941e-06
2.19603e-06
-1.86418e-06
-1.70902e-07
2.03508e-06
-1.74194e-06
2.3224e-06
1.47713e-08
-1.58677e-06
-4.2543e-07
4.71724e-07
-4.6294e-08
-2.15134e-08
8.58837e-08
-3.01934e-06
2.93346e-06
-1.6882e-06
-8.1809e-07
-2.35326e-06
2.30634e-06
4.69237e-08
-2.31732e-06
-3.59345e-08
-8.32078e-07
5.17377e-07
2.18812e-06
5.40672e-08
2.33252e-06
-3.83117e-07
2.31584e-06
-2.31384e-06
-2.00419e-09
-6.07077e-09
-2.14559e-06
2.15166e-06
2.42596e-06
-1.7382e-06
-2.92249e-08
2.39874e-06
1.35873e-06
-3.75747e-06
2.37607e-06
-2.37607e-06
3.70243e-07
2.15872e-06
-8.38784e-07
-1.48645e-06
-1.89576e-06
2.28535e-06
-3.89593e-07
-2.50043e-07
-2.04525e-06
2.18973e-06
-2.1958e-06
-2.09613e-06
3.39957e-08
2.06213e-06
4.0269e-07
-2.12592e-06
1.72323e-06
-2.20141e-06
2.1781e-06
2.33069e-08
1.40799e-06
1.01797e-06
-6.85618e-08
-3.56868e-07
-1.32546e-06
-1.32198e-06
-5.11906e-07
-2.35064e-06
2.39863e-07
-2.17546e-06
1.97136e-06
4.13065e-07
-1.82715e-06
-2.05536e-06
1.91176e-07
-2.09736e-06
1.21666e-06
2.37987e-06
-1.93436e-06
-4.45516e-07
4.0566e-07
1.90898e-06
-1.67866e-06
-7.95741e-07
-2.32641e-06
2.32641e-06
2.32904e-06
-2.24034e-06
-8.86983e-08
1.33224e-07
-2.2048e-06
-1.8633e-06
2.1067e-06
-2.43403e-07
-7.36731e-07
3.40237e-07
2.169e-06
-2.17971e-06
1.07067e-08
2.28195e-06
2.43826e-08
2.30338e-06
2.56573e-08
3.47739e-06
-2.21913e-06
-5.97867e-08
-1.94734e-06
1.59874e-06
2.18465e-06
3.79922e-08
2.29697e-06
-2.28481e-06
-1.21591e-08
-2.03583e-08
-3.18821e-08
2.40919e-07
-1.97003e-06
1.72911e-06
-6.80571e-08
-3.01576e-06
7.21453e-07
1.6023e-07
-2.02353e-06
-2.1959e-06
2.16222e-06
3.36764e-08
2.18998e-06
-1.95816e-07
-1.02067e-06
-1.35989e-06
-3.07026e-06
2.27238e-07
-1.23297e-06
-3.65076e-07
1.05762e-08
2.25588e-06
-2.00923e-06
-2.1624e-06
-2.16565e-06
5.66347e-08
2.10901e-06
3.05634e-06
4.3444e-07
1.76313e-06
8.79934e-07
2.13283e-06
-9.49666e-07
2.22532e-06
-1.26382e-07
5.11507e-06
-3.75634e-06
-3.49854e-06
-1.12222e-06
-1.19921e-06
-2.86981e-08
2.37463e-06
-2.22498e-06
-1.49651e-07
2.25227e-06
5.11176e-08
2.60464e-07
-2.15622e-06
-1.59977e-06
1.84069e-06
2.18154e-06
1.92885e-08
1.70845e-06
7.56072e-07
2.28915e-06
8.54804e-08
2.28775e-06
-2.25505e-06
-3.26978e-08
-1.03255e-06
-1.45098e-06
-1.03314e-07
2.10551e-06
3.90272e-08
-2.42562e-06
1.89672e-06
-1.49403e-06
-3.25424e-08
4.741e-08
1.85305e-06
-2.01008e-06
1.57035e-07
3.39602e-07
1.94575e-06
3.10188e-06
-3.01599e-06
1.07996e-06
1.36431e-06
-2.18969e-06
2.16483e-06
2.48613e-08
-5.01268e-08
-1.27495e-06
7.00437e-07
5.74511e-07
-2.32783e-08
2.37814e-06
-2.37814e-06
2.69438e-06
-1.56415e-06
-1.13023e-06
-1.96467e-06
-3.34393e-07
1.65888e-06
7.85915e-07
2.27683e-06
1.23247e-08
-2.14559e-06
2.12866e-06
1.37523e-08
-2.14242e-06
1.74138e-06
2.42562e-06
-2.41031e-06
6.08799e-08
2.83135e-06
-2.5104e-06
2.1905e-06
-2.32852e-06
2.17805e-06
-4.93855e-08
1.96543e-06
-2.12823e-06
2.11737e-06
1.08629e-08
9.79858e-08
1.70894e-06
-1.80692e-06
-1.93433e-06
1.59872e-06
-1.44373e-07
2.02148e-06
2.77176e-07
-1.99234e-08
-1.87326e-06
-3.26361e-07
-2.80868e-06
1.77614e-06
4.83373e-09
-2.13462e-06
-2.27163e-06
-1.07781e-07
3.04008e-06
-1.63911e-06
2.17745e-08
-3.94038e-07
2.41812e-06
-2.02408e-06
-1.03274e-06
-2.42205e-07
2.11936e-06
-2.14167e-06
2.23133e-08
-2.1905e-06
2.17556e-06
9.43761e-07
1.34568e-06
-2.28944e-06
2.27519e-06
-4.22144e-07
1.87359e-07
2.02504e-06
2.23431e-06
2.20269e-07
2.43719e-07
2.96926e-07
-2.37988e-06
5.23511e-08
-1.88725e-06
2.14771e-06
-1.09409e-06
1.32133e-06
2.01691e-07
-1.98305e-06
1.78136e-06
-1.67655e-08
3.92783e-08
-1.97694e-06
-2.25215e-06
2.21041e-06
4.17457e-08
-2.15811e-06
2.23757e-07
1.41156e-06
1.28282e-06
-1.21437e-06
2.48876e-06
-1.27438e-06
2.49725e-06
-2.33099e-06
-1.66261e-07
6.34542e-08
1.53527e-06
-2.14289e-06
-2.27527e-08
2.17495e-06
3.10272e-09
1.07299e-06
-3.72551e-07
2.76821e-06
-2.48955e-06
1.97758e-06
3.07853e-07
1.24127e-07
-2.20789e-06
3.34624e-07
3.30405e-08
-1.92029e-06
2.46475e-06
-1.99337e-06
2.00913e-06
-1.22148e-07
-1.91318e-06
2.03533e-06
-2.1648e-06
2.25515e-06
-2.68301e-08
-3.27934e-06
2.63876e-07
-1.43543e-08
2.12355e-06
4.12823e-08
-2.00243e-06
-2.20094e-06
2.19212e-06
8.81748e-09
2.6384e-06
-1.53494e-06
-1.10346e-06
-1.84554e-06
-1.66371e-07
2.01191e-06
-4.76127e-09
-2.17241e-06
4.68382e-08
-2.36246e-07
2.32394e-06
-2.08769e-06
-2.13028e-06
2.14099e-06
-3.09347e-06
-4.50667e-07
-2.99085e-06
2.91558e-06
7.52619e-08
1.70455e-06
8.65752e-07
1.99538e-06
1.79934e-07
-2.17532e-06
2.12189e-06
-8.67786e-08
1.7085e-06
8.52633e-07
-1.51628e-06
4.83541e-07
-2.14688e-06
1.86311e-06
-2.12026e-06
-2.88082e-06
2.87044e-06
1.03822e-08
2.59908e-06
-2.08656e-06
2.12379e-06
-6.41454e-09
1.3093e-07
-1.98085e-06
1.84992e-06
-3.20222e-08
-2.8488e-06
2.5731e-06
-2.5731e-06
-1.17274e-06
2.20789e-06
-1.03515e-06
-2.12449e-06
2.12449e-06
2.17367e-06
-1.9212e-06
-2.52468e-07
2.01544e-06
4.8026e-07
2.26379e-06
-1.85813e-06
2.24023e-06
-2.51035e-08
-1.75074e-06
-2.80771e-07
2.03151e-06
-2.84591e-06
2.85575e-06
-9.83159e-09
2.63092e-06
-1.58433e-06
-1.04659e-06
3.83425e-07
1.88036e-06
-2.8757e-06
2.86123e-06
1.44761e-08
-8.6359e-10
-2.1155e-08
2.8377e-06
-2.81655e-06
-2.86503e-06
2.86503e-06
-3.40725e-08
2.15343e-06
3.07562e-06
-2.86639e-06
-2.0923e-07
-2.87758e-06
2.85642e-06
2.87484e-06
-2.8603e-06
-1.45335e-08
-2.09432e-06
-4.73473e-08
2.45084e-06
-3.29645e-08
2.85601e-06
-2.82305e-06
2.85687e-06
-2.86228e-06
5.41645e-09
-2.16063e-06
2.84188e-06
-4.17727e-09
-2.19861e-06
2.17914e-06
1.94688e-08
-2.84137e-06
2.85176e-06
-1.03908e-08
2.17649e-06
-2.11985e-06
-2.86996e-06
2.837e-06
2.20196e-06
-7.01128e-07
1.04782e-06
1.37029e-06
-1.5897e-06
-1.21899e-06
-2.86002e-06
2.86002e-06
-2.87314e-06
-4.43522e-09
2.65955e-06
-4.88272e-07
-2.17128e-06
-1.87189e-06
1.27184e-06
7.16733e-08
2.84651e-06
-2.85541e-06
8.89326e-09
2.09498e-06
-2.09414e-06
-8.36577e-10
2.9352e-06
-2.85883e-06
-7.63632e-08
2.8315e-06
1.50086e-08
2.82632e-06
2.96875e-08
-5.96236e-09
-2.11853e-06
-2.61764e-06
1.44103e-06
1.17661e-06
-2.11552e-06
2.12927e-06
2.8406e-06
-9.10113e-09
2.97865e-07
1.92745e-06
1.52784e-06
-5.84078e-07
-2.8659e-06
-4.05891e-09
2.33685e-06
1.38589e-06
-2.36212e-06
-3.61123e-07
-2.91822e-06
2.13413e-06
-2.14741e-06
1.32783e-08
-9.90936e-08
-2.89175e-06
2.22199e-06
-2.49306e-08
2.46863e-06
-1.68788e-06
-7.80751e-07
-2.13806e-06
2.845e-06
-2.845e-06
2.03811e-06
2.8561e-08
-2.06667e-06
2.1925e-06
-2.85101e-06
2.84723e-06
3.77866e-09
2.8306e-06
-2.8581e-06
2.75014e-08
1.79733e-06
-2.38257e-06
-7.6959e-09
-2.83091e-06
2.83861e-06
2.82436e-06
-2.83205e-06
-9.3795e-08
3.00938e-06
-2.25734e-06
2.4478e-06
-2.56259e-06
1.77831e-06
-4.50107e-08
2.91545e-06
2.44751e-07
1.26159e-06
2.70446e-08
2.63251e-06
-7.8486e-09
2.27772e-06
-2.26987e-06
-1.95916e-08
-2.85776e-06
-1.79405e-08
2.34809e-06
-2.36125e-07
-2.11197e-06
-2.8388e-06
2.8388e-06
1.66383e-06
-1.43159e-06
-2.86233e-06
2.85476e-06
7.56742e-09
2.18662e-06
-2.18662e-06
2.12729e-06
-3.23143e-08
2.84269e-06
-2.84726e-06
4.57696e-09
-2.74498e-06
7.50345e-07
1.87978e-09
-2.11182e-06
2.10994e-06
2.29008e-06
-1.91171e-08
2.84846e-06
2.63762e-08
1.72835e-06
2.94582e-07
-2.02293e-06
2.85734e-06
-1.54577e-08
2.22178e-06
-2.22178e-06
2.83922e-06
-2.82926e-06
-9.96763e-09
-2.17235e-06
2.15545e-06
1.69013e-08
2.86081e-06
-2.85218e-06
-8.62716e-09
-2.84358e-06
2.84358e-06
4.2591e-07
1.99229e-06
6.74105e-08
-2.0597e-06
-2.86256e-06
2.85505e-06
7.51288e-09
-1.07718e-08
-2.14454e-06
2.13208e-06
2.05521e-09
2.65994e-06
-5.0007e-07
-2.15987e-06
1.83842e-06
2.832e-06
-2.83985e-06
7.85713e-09
2.19012e-06
2.33707e-06
3.29325e-08
2.00518e-06
2.90405e-06
-5.55917e-08
2.82255e-06
9.45059e-09
2.07821e-06
-2.07821e-06
-1.09409e-06
2.87203e-06
-2.84937e-06
-8.73593e-09
2.84804e-06
-2.83736e-06
-1.06831e-08
5.61148e-08
-2.90225e-06
2.84613e-06
2.99092e-07
-2.87219e-06
-2.85737e-06
2.8524e-06
4.96936e-09
2.06308e-06
-2.06181e-06
-1.27478e-09
2.17367e-06
-1.9183e-06
1.9183e-06
2.82834e-06
-5.7951e-09
-2.12037e-06
-1.98085e-06
1.99538e-06
2.20133e-06
-2.32281e-08
-6.51094e-09
2.25627e-07
-2.80891e-06
2.84746e-06
-2.84849e-06
1.02075e-09
6.71412e-08
1.99594e-06
6.6199e-08
2.28189e-06
2.14279e-06
-1.54998e-08
-2.85114e-06
2.84772e-06
3.41685e-09
2.82591e-06
-2.83405e-06
8.13767e-09
-2.84835e-06
-1.39741e-08
2.84076e-06
-2.8332e-06
-7.56568e-09
2.14548e-06
4.11352e-08
2.84234e-06
1.24256e-08
-3.67226e-09
2.83614e-06
1.15831e-08
-4.43762e-10
-2.10199e-06
-2.87934e-06
3.0544e-08
-2.13087e-06
2.13087e-06
2.79395e-08
2.632e-06
-2.16547e-06
4.14732e-07
1.51244e-08
2.84174e-06
1.19054e-07
-2.05194e-06
1.93288e-06
2.01253e-08
2.8449e-06
2.7145e-06
-2.96019e-06
2.14474e-06
7.70369e-08
2.82436e-06
-2.16342e-08
2.01393e-06
-2.07125e-06
9.44081e-09
2.04176e-06
-3.13404e-07
-2.83143e-06
2.83143e-06
-2.84652e-06
-1.60392e-08
1.9212e-06
-1.99018e-06
6.89806e-08
-2.8449e-06
2.09576e-06
-2.09388e-06
2.84092e-06
1.41239e-08
-2.84216e-06
-2.53006e-06
1.76232e-06
-2.85453e-06
2.84973e-06
4.79907e-09
1.93853e-06
1.83367e-07
2.11182e-06
1.26774e-08
-2.82214e-06
2.84169e-06
-1.95487e-08
-2.14645e-06
2.12762e-06
1.88243e-08
-2.83116e-06
9.01996e-09
2.13579e-06
-3.71377e-09
1.16868e-07
-2.20648e-06
2.08961e-06
2.8306e-06
-2.84325e-06
1.2652e-08
2.30273e-06
-2.41051e-06
2.83026e-06
-2.82995e-06
-3.15802e-10
-1.80642e-06
1.80642e-06
-2.22681e-06
2.22681e-06
-2.82697e-06
-4.19024e-09
-1.32133e-06
1.56608e-06
-2.83517e-06
2.83098e-06
4.18818e-09
2.23794e-08
2.83765e-06
1.76777e-06
-1.56608e-06
-1.76777e-06
1.86576e-06
1.87458e-06
-2.15535e-06
2.59412e-06
-1.53537e-06
-1.05875e-06
-2.84525e-06
-1.21251e-08
-4.0867e-07
-1.86576e-06
2.27443e-06
2.84163e-06
1.07689e-08
-2.15369e-06
1.99363e-06
2.84992e-06
-2.84413e-06
-5.78991e-09
-2.83303e-06
-2.13436e-06
2.14615e-06
-6.79457e-08
-7.65421e-09
2.84826e-06
2.8361e-06
-2.10994e-06
-2.90384e-06
-1.70551e-06
2.17532e-06
-4.69808e-07
-2.82061e-06
-1.03018e-08
2.83261e-06
3.52315e-09
1.65163e-06
-1.6883e-06
3.66714e-08
3.28837e-09
1.99018e-06
-2.0705e-06
8.03202e-08
1.31279e-06
1.32561e-06
-2.84398e-06
-1.05488e-08
-2.15558e-06
2.82015e-06
-2.81776e-06
-2.38966e-09
2.84052e-06
9.21025e-09
-2.84884e-06
2.84575e-06
3.09417e-09
2.17876e-06
2.14548e-06
-2.82744e-06
2.82116e-06
6.27626e-09
2.84738e-06
-2.8461e-06
-1.2832e-09
-2.11851e-06
2.14474e-06
2.8261e-06
-2.8261e-06
1.13775e-08
2.84985e-06
-1.78419e-06
-3.81277e-07
2.83193e-06
-1.33454e-09
-3.62732e-07
1.93365e-06
-1.57092e-06
2.82473e-06
-2.82229e-06
-2.44122e-09
8.70059e-09
2.8363e-06
2.81956e-06
-2.82212e-06
2.55941e-09
-2.85265e-06
-2.84231e-06
-1.71304e-06
2.5023e-09
2.84473e-06
-3.11721e-09
-2.83505e-06
2.83817e-06
-2.82627e-06
2.82005e-06
6.21333e-09
-2.84387e-06
-4.97163e-09
-2.1525e-06
-2.0799e-06
8.64489e-09
2.84091e-06
4.83706e-09
-2.82369e-06
2.82249e-06
1.19643e-09
-2.82561e-06
1.07199e-08
2.81489e-06
2.84304e-06
6.88713e-09
-2.8342e-06
-9.93469e-09
-2.06848e-06
-9.72985e-09
2.84165e-06
-2.84338e-06
1.72721e-09
2.82515e-06
-2.82827e-06
-2.83062e-06
2.8267e-06
3.91701e-09
2.82354e-06
-2.82126e-06
-2.28556e-09
2.12914e-06
1.72432e-09
2.84256e-06
4.81902e-09
-2.83856e-06
-7.53903e-09
-2.84893e-06
2.14615e-06
-2.82508e-06
2.81941e-06
5.67144e-09
1.87539e-06
-1.99753e-06
-2.81711e-06
2.82772e-06
-1.06159e-08
2.8259e-06
-2.83014e-06
4.24556e-09
-7.03176e-09
-2.8411e-06
-2.77505e-09
-7.43033e-09
-2.50907e-06
1.7801e-06
-4.888e-09
2.82515e-06
-4.72883e-09
-3.06734e-09
-2.84352e-06
2.42353e-09
1.08938e-06
2.38794e-06
-3.47732e-06
-5.88359e-07
2.84163e-06
2.81253e-11
-2.8363e-06
5.31452e-09
2.83349e-06
-2.83795e-06
-5.42756e-09
-2.13624e-06
-2.84636e-06
2.84292e-09
1.0092e-08
2.8326e-06
-4.21235e-10
1.35622e-08
-2.79829e-06
2.78472e-06
2.84559e-06
-2.84415e-06
-1.4411e-09
-2.17428e-06
3.90089e-07
2.84012e-06
-2.83515e-06
-4.96691e-09
-2.84195e-06
-2.10775e-06
-1.11322e-07
2.82296e-06
-2.82072e-06
-2.24161e-09
1.49238e-08
-2.80094e-06
2.78601e-06
-2.84487e-06
2.83955e-06
5.32134e-09
-2.15127e-06
2.1331e-06
1.81673e-08
2.4509e-09
-2.84482e-06
-1.544e-09
-2.16491e-06
4.49216e-07
1.71569e-06
-2.84114e-06
-3.73457e-09
2.84462e-06
9.70139e-10
-2.83995e-06
-4.20443e-09
-1.14482e-08
-2.84502e-06
2.03892e-10
-2.04644e-06
-2.35705e-07
2.28215e-06
1.63623e-06
1.20022e-08
-2.83349e-06
2.13409e-06
-6.4674e-09
-2.82284e-06
2.82284e-06
-5.47215e-09
2.84327e-06
1.3499e-09
-2.26278e-09
4.47446e-09
4.61073e-09
2.84434e-06
-1.06848e-09
1.67658e-09
2.8436e-06
-2.84362e-06
2.09044e-11
2.05236e-06
-2.05236e-06
-2.83775e-06
2.83161e-06
6.13813e-09
2.8276e-06
-2.82471e-06
-2.88563e-09
-4.02941e-09
2.84257e-06
1.77166e-09
2.8427e-06
9.05956e-10
-1.05121e-09
2.84287e-06
2.84022e-06
-2.84177e-06
1.54797e-09
-2.86764e-06
-2.83113e-06
-6.62218e-09
2.18908e-06
-2.68573e-08
2.83769e-06
2.53698e-09
2.36942e-08
2.83984e-06
-2.8367e-06
-3.13615e-09
-2.02876e-06
2.02876e-06
1.60767e-08
2.8275e-06
-2.82234e-06
2.8269e-06
-4.56162e-09
2.83923e-06
6.03169e-10
1.84852e-08
2.12431e-06
2.83588e-06
-2.83477e-06
-1.11033e-09
-2.81344e-06
-8.89055e-09
2.82801e-06
-2.83032e-06
2.30866e-09
2.83403e-06
1.85155e-09
2.83924e-06
3.45225e-09
-2.80808e-08
-2.80697e-06
-4.09933e-09
-2.50294e-07
-1.90593e-06
2.82344e-06
-2.82618e-06
2.74349e-09
8.41554e-08
1.96821e-06
2.83553e-06
-2.83284e-06
-2.69394e-09
-2.52944e-09
-4.92617e-08
-2.35555e-06
2.40481e-06
-2.05376e-06
2.07737e-06
-2.36099e-08
-2.81013e-06
2.81105e-06
-9.22672e-10
2.83222e-06
3.30624e-09
-2.82378e-06
-1.76364e-06
2.85302e-06
2.83337e-06
-2.82931e-06
-4.06242e-09
-2.83608e-06
2.83615e-06
-6.59125e-11
2.82806e-06
-2.82551e-06
-2.55194e-09
-2.75644e-07
-2.42584e-06
2.70148e-06
2.83043e-06
2.94691e-09
-2.81235e-06
2.21611e-09
2.83379e-06
-2.83017e-06
-3.62057e-09
2.12914e-06
-2.17995e-06
2.17995e-06
2.83273e-06
-2.82735e-06
-5.37962e-09
-5.5235e-09
2.83387e-06
-4.47187e-09
-2.13198e-06
2.82868e-06
4.05201e-09
-2.83581e-06
-5.33111e-09
-2.80796e-06
2.80948e-06
-1.5208e-09
2.83613e-06
1.55726e-09
4.83371e-08
2.80741e-06
-5.69993e-10
2.83356e-06
7.20651e-09
2.12317e-06
1.09255e-08
3.41744e-10
-2.8108e-06
2.8363e-09
2.16188e-07
7.94568e-09
9.11632e-08
2.82544e-06
-2.82808e-06
2.64025e-09
-2.80498e-06
2.80827e-06
-3.29423e-09
5.12603e-08
-2.12654e-06
2.07528e-06
3.79986e-07
-2.21406e-06
1.83408e-06
8.07626e-07
2.00861e-06
-2.00861e-06
2.82341e-06
-2.82341e-06
-2.31814e-06
1.29083e-09
-2.82873e-06
2.16678e-06
2.83282e-06
6.41062e-09
-5.33086e-07
-9.9374e-07
1.52683e-06
-2.80913e-06
4.15312e-09
-2.81053e-06
-9.17174e-08
1.20106e-06
-1.98104e-06
7.79986e-07
-1.94534e-09
1.93226e-08
2.8084e-06
5.97918e-09
2.12981e-06
-2.83695e-06
5.99256e-09
2.82544e-06
1.80243e-06
-2.19944e-06
3.9701e-07
1.83367e-06
-6.3261e-07
-3.55228e-09
-2.82271e-06
2.83743e-06
-2.81811e-06
-2.82917e-06
-2.80127e-06
2.7986e-06
2.67533e-09
6.60961e-10
2.83032e-06
2.82046e-06
2.95119e-09
2.57728e-06
-1.7114e-06
-8.65886e-07
-8.94577e-09
2.15369e-06
2.82951e-06
4.51585e-09
2.57677e-06
-2.85242e-06
1.92991e-08
2.8083e-06
-3.34971e-09
-2.82173e-06
-2.80462e-06
3.34166e-09
-2.05922e-06
5.4545e-09
2.16466e-06
-1.73588e-06
-4.28778e-07
2.81539e-06
-2.81562e-06
2.23326e-10
-3.32508e-09
8.12612e-07
-1.14204e-06
-1.06907e-06
2.21111e-06
2.82072e-06
-2.82504e-06
4.31897e-09
2.24188e-06
-2.21332e-06
-7.01826e-09
2.1525e-06
-1.84805e-06
1.31497e-06
2.81784e-06
-2.82065e-06
2.81197e-09
2.83412e-06
-2.81482e-06
-2.1236e-06
7.12389e-08
-2.13152e-06
2.12831e-06
3.21785e-09
2.0705e-06
-2.11976e-06
4.5321e-08
2.80644e-06
-2.1528e-06
2.08466e-06
-7.5949e-08
2.82964e-06
-2.82621e-06
-3.4339e-09
2.20254e-06
-2.10407e-06
-9.84691e-08
2.82046e-06
-1.71163e-09
-2.82198e-06
-2.08659e-06
6.69181e-09
2.61897e-07
1.60235e-06
-1.86425e-06
-2.79769e-06
2.79464e-06
3.05468e-09
2.81593e-06
9.96898e-09
-1.78277e-06
-3.72575e-07
2.06778e-08
2.80738e-06
2.82484e-06
-2.83151e-06
6.67121e-09
2.82145e-06
-5.1918e-09
-2.81257e-06
-2.2008e-06
-3.71847e-07
2.82631e-06
5.91059e-09
3.0064e-06
-6.18458e-07
-1.73423e-08
2.82365e-06
-2.80631e-06
2.82223e-06
2.61655e-09
-2.80175e-06
4.05338e-09
-2.80958e-06
-2.03623e-08
-5.3486e-09
2.7858e-06
-2.78045e-06
3.68831e-09
2.82241e-06
2.8345e-06
-2.81382e-06
-2.82544e-06
-9.42491e-09
2.15558e-06
-2.99828e-09
2.13694e-06
-1.08717e-07
-2.02822e-06
2.90479e-08
2.10789e-06
-2.78982e-06
2.78447e-06
-2.82497e-06
-6.15473e-09
1.79332e-06
3.71346e-07
-1.04838e-08
2.18479e-06
-2.17431e-06
-1.81001e-06
-1.51381e-06
1.77571e-06
-2.36002e-06
2.93256e-07
2.06676e-06
2.82118e-06
2.17444e-09
-2.82446e-06
2.82772e-08
2.80916e-06
2.81699e-06
-2.81741e-06
4.28569e-10
2.82315e-06
-2.81471e-06
-8.4314e-09
-2.82693e-06
1.92634e-09
-4.07914e-09
-2.13362e-06
2.1377e-06
4.34305e-10
2.82627e-06
-1.96013e-06
5.74366e-07
-2.82331e-06
2.82169e-06
1.62823e-09
-2.79376e-06
2.7904e-06
3.36047e-09
2.77527e-08
2.30473e-06
-2.23732e-06
1.69305e-06
-4.14224e-08
-1.48546e-08
2.82524e-06
-2.81038e-06
-2.51798e-06
1.37594e-06
2.82019e-06
2.49876e-09
-2.82376e-06
2.82309e-06
7.33902e-09
-2.63764e-06
2.57428e-08
2.61189e-06
4.48003e-09
-2.79824e-06
2.81758e-06
-2.81462e-06
-2.95799e-09
-8.99406e-08
2.8344e-06
-2.74446e-06
-4.25993e-09
-5.80565e-07
2.65284e-06
-2.07227e-06
-2.1236e-06
-2.34307e-06
2.81935e-06
-1.50749e-09
2.49667e-08
2.80915e-06
2.74994e-06
2.84633e-06
-2.8447e-06
-1.62616e-09
9.28789e-10
-2.1388e-06
2.13787e-06
-2.82101e-06
2.81909e-06
1.92451e-09
5.73544e-08
-2.12583e-06
2.06848e-06
2.82472e-06
-2.82359e-06
-1.13099e-09
-2.18712e-06
2.17664e-06
2.81643e-06
-2.81425e-06
-2.18225e-09
7.92642e-09
2.81522e-06
-3.33784e-08
2.83138e-06
-2.82272e-06
2.6793e-08
-2.08104e-06
2.82268e-06
-2.82217e-06
-5.08249e-10
2.82125e-06
1.64429e-09
-2.82236e-06
2.80678e-06
5.9169e-09
-2.81269e-06
6.81009e-10
2.82302e-06
-2.81509e-06
-6.92048e-09
-2.13781e-06
2.14473e-06
1.51679e-06
-2.23079e-06
7.13995e-07
-4.71236e-07
-2.1664e-06
-2.07561e-06
-4.64252e-07
-1.81946e-06
-2.81957e-06
1.63996e-08
2.80317e-06
-2.15067e-06
2.13781e-06
1.28677e-08
-6.54024e-07
-1.72855e-06
-2.81801e-06
2.51601e-06
-2.8122e-06
2.8172e-06
-4.99271e-09
-2.34933e-06
2.3269e-07
2.11664e-06
2.24699e-06
-1.72599e-06
-5.20994e-07
-2.82215e-06
5.71254e-09
2.81644e-06
2.1416e-06
-2.11448e-06
5.95391e-09
2.81162e-06
-2.82241e-06
2.89009e-09
2.81995e-06
2.81945e-06
9.2287e-09
-4.78816e-10
-2.82164e-06
-9.27692e-09
-2.81404e-06
-2.81506e-06
2.13936e-06
-2.11362e-06
-1.20671e-08
6.0342e-07
1.86521e-06
-1.92684e-06
1.92684e-06
2.46526e-08
2.80985e-06
-3.19913e-06
-2.60297e-06
2.6039e-06
2.82334e-06
2.13752e-06
-2.12139e-06
-2.81909e-06
2.80981e-06
-2.38364e-06
2.441e-06
2.81706e-06
-2.81459e-06
-2.46843e-09
3.46054e-09
2.81998e-06
-2.85296e-06
2.14643e-06
-2.15335e-06
-2.81822e-06
4.77266e-09
1.06253e-06
2.82515e-06
-2.82172e-06
-3.43318e-09
-2.82329e-06
2.81721e-06
-2.81486e-06
-2.34927e-09
-2.81676e-06
-2.80921e-09
2.81067e-06
-2.80204e-06
-2.15457e-06
2.59107e-06
2.81476e-06
-2.81386e-06
-9.00822e-10
-4.9865e-09
2.81176e-06
-2.15067e-06
1.86458e-06
-2.02012e-06
1.5554e-07
-3.47087e-06
3.47087e-06
2.82201e-06
2.82255e-06
-7.16555e-09
4.78152e-09
-2.82157e-06
2.83159e-06
-1.00161e-08
2.81635e-06
-2.81398e-06
-2.36815e-09
-2.33685e-06
2.22553e-06
8.80355e-09
2.81485e-06
-2.82208e-06
7.66784e-09
2.81441e-06
-2.81374e-06
2.81982e-06
-2.81605e-06
-2.1612e-06
-2.81975e-06
9.48737e-09
2.81026e-06
-2.16397e-06
-6.15329e-09
2.1119e-06
-2.12744e-06
1.55356e-08
2.81265e-06
-2.81502e-06
2.36955e-09
5.26862e-08
-2.81971e-06
2.81501e-06
4.70473e-09
2.81825e-06
-2.06672e-06
-2.05254e-06
-3.4045e-08
2.82156e-06
-2.82156e-06
-1.43107e-08
2.14346e-06
-2.81995e-06
2.81582e-06
-2.81346e-06
-2.36525e-09
2.82105e-06
-1.58037e-08
-2.8174e-06
-2.09805e-06
-2.57497e-07
-2.15389e-06
1.68462e-06
-1.88199e-06
1.9737e-07
-4.20957e-07
-1.82078e-06
2.24174e-06
2.81058e-06
-2.80311e-06
1.82603e-06
-2.12654e-06
-6.13768e-09
-2.81601e-06
2.81735e-06
-2.81501e-06
-2.33969e-09
2.16463e-06
-2.17567e-06
-5.94275e-07
-3.93989e-07
9.88264e-07
-2.24475e-06
2.2635e-06
2.1725e-06
-2.14346e-06
-8.4529e-09
-2.10683e-06
2.11529e-06
-1.08625e-08
-2.09038e-06
2.10125e-06
7.07832e-09
-2.19285e-06
2.18578e-06
2.01026e-08
-2.20134e-06
2.18124e-06
1.03387e-08
-2.1561e-06
2.14576e-06
-3.78757e-09
-2.11075e-06
2.11454e-06
-3.86471e-09
-2.10911e-06
2.11297e-06
1.26806e-06
-8.54571e-07
-4.13493e-07
1.87176e-06
1.38976e-08
2.81134e-06
2.06179e-06
-2.07515e-06
1.33656e-08
6.62232e-09
-2.81622e-06
2.8096e-06
2.82357e-06
-2.82357e-06
2.78617e-06
-4.3254e-10
-2.78573e-06
-9.53057e-09
-2.80956e-06
2.81561e-06
-2.81315e-06
-2.46024e-09
-1.75018e-06
-2.29768e-06
-5.16465e-08
1.84558e-06
3.56958e-07
2.82136e-06
-2.81745e-06
-3.90627e-09
-2.14755e-06
2.233e-06
9.40764e-09
2.81361e-06
-1.54882e-06
-9.69153e-07
2.1649e-08
2.02061e-06
-2.04226e-06
-1.44303e-06
-2.45265e-07
-4.84154e-07
-2.98871e-07
7.83026e-07
2.11969e-06
2.12e-06
2.2123e-06
2.2126e-06
2.1972e-06
2.16789e-06
-9.97133e-09
-2.12444e-06
2.13441e-06
2.12624e-06
-3.07659e-09
-8.36011e-07
2.81653e-06
-2.80991e-06
-6.99807e-08
2.26601e-06
-2.8248e-06
-1.92791e-06
2.38594e-06
2.78276e-06
1.98325e-09
-2.78474e-06
2.82731e-06
-5.7485e-09
-2.82119e-06
1.02023e-08
2.81099e-06
-2.12733e-06
-2.13362e-06
2.13303e-06
-2.143e-06
-1.94116e-06
2.34303e-06
-4.01873e-07
-5.06587e-09
-2.81468e-06
1.47196e-06
-1.8347e-06
4.64692e-09
-2.81927e-06
-2.81591e-06
-7.48789e-07
-1.09927e-06
-2.81088e-06
-5.33716e-09
2.15832e-06
6.73789e-07
1.6442e-06
2.81287e-06
-2.81069e-06
-2.17419e-09
2.14313e-06
-1.41841e-06
-7.2472e-07
-1.02119e-06
5.37035e-07
-1.18423e-06
2.56017e-06
-1.02602e-06
2.13236e-06
-1.10634e-06
9.94092e-10
2.81972e-06
-2.80038e-06
2.81483e-06
-2.81647e-06
1.64054e-09
-1.59395e-06
6.79165e-07
9.14784e-07
-9.3532e-09
-2.12388e-06
2.13323e-06
2.94787e-06
-1.3036e-06
-1.64427e-06
2.00989e-09
2.78416e-06
-6.13034e-07
-9.80916e-07
-2.05716e-06
2.07881e-06
1.75589e-06
1.15862e-07
-2.04772e-06
-4.27921e-09
-2.12645e-06
2.13073e-06
2.1956e-06
-2.12846e-06
-1.30679e-06
-4.96378e-07
1.80317e-06
-2.81058e-06
2.81139e-06
-8.14034e-10
-2.07722e-06
2.10401e-06
2.8136e-06
-2.81544e-06
-1.88119e-06
-4.56528e-08
-2.83466e-06
2.82398e-06
-1.46761e-06
2.11621e-09
2.81508e-06
2.45452e-06
-1.35648e-06
-1.09804e-06
2.07641e-06
-3.91792e-07
2.32204e-06
-3.01432e-07
2.12989e-06
-2.13924e-06
2.80985e-06
-2.80992e-06
6.98369e-11
2.13158e-06
-2.13586e-06
2.58291e-09
-2.80835e-06
2.80577e-06
-1.18429e-06
-2.83315e-07
6.94442e-09
-2.16151e-06
-2.81634e-06
3.99285e-09
1.88119e-06
-1.99056e-06
1.09374e-07
-3.05205e-07
2.30115e-06
-1.00361e-08
-2.08802e-06
2.1184e-06
2.09662e-08
2.81293e-06
-2.81112e-06
-1.81787e-09
3.42323e-09
2.81704e-06
1.4285e-06
-2.12707e-06
2.13401e-06
1.38358e-06
-8.10875e-09
-2.81308e-06
-1.07406e-06
-8.22254e-07
1.89631e-06
-2.03413e-06
-1.84169e-08
1.91421e-06
-1.72556e-06
-1.88653e-07
-3.84414e-07
2.22961e-06
-1.8452e-06
2.81476e-06
-2.81258e-06
-2.17855e-09
3.77573e-09
2.81329e-06
1.8413e-08
2.14455e-06
-2.16296e-06
1.84051e-09
-2.81643e-06
-2.10614e-06
2.11283e-06
2.81373e-06
-2.81686e-06
3.12875e-09
2.82731e-06
-1.19813e-08
-1.96493e-06
-8.61737e-08
2.0511e-06
-2.83293e-06
-1.12079e-09
2.67883e-08
-2.15831e-06
-2.88623e-06
2.81258e-06
-2.80999e-06
-1.8047e-06
3.87986e-09
-6.85664e-09
-2.81161e-06
2.81306e-06
3.2875e-09
-2.93464e-06
4.41772e-10
-2.81442e-06
-1.26093e-07
-1.58178e-06
5.88037e-07
-2.82052e-06
2.82052e-06
-1.77744e-06
2.17077e-06
-3.93337e-07
2.82589e-06
-1.68578e-06
2.10185e-06
-4.16062e-07
-1.81781e-06
2.20022e-06
-3.82405e-07
-2.1109e-06
-3.12335e-08
2.17529e-06
-2.14405e-06
-1.83313e-06
1.78152e-06
-4.66555e-07
2.8168e-06
-2.82051e-06
3.70998e-09
2.81633e-06
-2.82004e-06
3.70963e-09
2.8144e-06
-2.81839e-06
3.98643e-09
-3.09235e-09
-2.81662e-06
-1.69221e-06
2.13606e-06
-4.43847e-07
2.81528e-06
-2.81311e-06
-2.17347e-09
2.81442e-06
3.97079e-07
-2.25521e-06
2.81282e-06
3.00091e-09
-2.8141e-06
6.45117e-10
6.62246e-07
2.81399e-06
-2.81635e-06
2.36059e-09
5.83678e-08
2.11414e-06
-2.1725e-06
-2.06728e-06
-9.93316e-09
2.07722e-06
-2.82007e-06
-2.81392e-06
2.8103e-06
3.62316e-09
2.14425e-06
-2.11746e-06
-2.81606e-06
2.81255e-06
3.51259e-09
-2.08443e-06
1.99806e-06
8.63708e-08
-2.8164e-06
2.81298e-06
3.41604e-09
2.8208e-06
-2.81738e-06
-3.41381e-09
-2.11005e-06
2.12846e-06
-2.27387e-06
-1.22716e-06
-2.31232e-06
-4.80807e-07
2.32388e-06
-1.84308e-06
2.81029e-06
-7.92021e-09
-2.80633e-06
-2.12583e-06
2.18688e-09
-2.8173e-06
2.81511e-06
-2.24665e-06
2.13793e-06
4.51757e-09
2.81816e-06
2.81215e-06
3.46502e-09
-2.81387e-06
7.13732e-10
-2.22471e-07
-7.98719e-07
-2.1516e-06
2.12036e-06
-2.23983e-06
3.88094e-07
1.85173e-06
-7.5259e-07
-8.29186e-07
-2.1388e-06
2.23171e-06
3.45579e-07
6.72601e-10
2.81123e-06
-2.8119e-06
2.11976e-06
-2.1298e-06
-2.81875e-06
2.83244e-06
-2.8243e-06
-7.05074e-07
-5.93754e-07
1.29883e-06
-2.00671e-06
-7.43304e-08
-2.83383e-06
4.57721e-09
-7.52989e-08
-2.12764e-06
2.12388e-06
3.76504e-09
2.32871e-06
-2.20813e-07
2.81557e-06
-2.81298e-06
-2.58843e-09
2.81183e-06
1.03812e-09
-2.81349e-06
2.79777e-09
2.81397e-06
-2.81489e-06
9.25336e-10
-2.21742e-09
1.61513e-09
-2.82592e-06
-2.07881e-06
-4.47922e-08
8.09647e-08
-2.32005e-06
-1.47877e-08
2.82464e-06
-2.85243e-06
-8.27795e-10
-2.80752e-06
-2.30273e-06
2.23275e-06
4.80169e-10
2.06131e-06
-2.12833e-06
2.12645e-06
1.88037e-09
-1.83377e-06
-3.80298e-07
2.15209e-06
2.02214e-06
-2.10831e-06
2.81303e-06
-2.81251e-06
-2.1776e-06
2.12897e-06
-1.89028e-06
-9.95948e-07
2.81214e-06
-1.84869e-09
-2.81301e-06
2.57677e-06
-2.14739e-06
2.84254e-07
1.86314e-06
4.42683e-07
-2.15408e-06
3.38492e-07
2.74273e-08
3.66038e-07
-2.23435e-06
1.86831e-06
4.28056e-07
-2.62812e-06
2.20007e-06
2.81231e-06
2.44675e-09
-2.70953e-09
-2.81291e-06
3.49444e-07
-2.20589e-06
1.85645e-06
-2.81338e-06
8.05481e-10
2.9062e-08
2.09924e-06
-2.38756e-06
-2.36109e-06
3.26969e-07
-1.94861e-06
2.12444e-06
-2.1314e-06
6.96305e-09
-9.08013e-09
-2.81157e-06
9.89463e-09
2.80664e-06
-1.64143e-06
-1.57025e-06
2.13704e-06
-2.13704e-06
-2.06728e-06
-2.01665e-06
-2.14755e-06
-2.79844e-06
-6.44687e-09
2.80489e-06
-1.95702e-06
-1.95774e-07
3.98888e-07
1.84976e-06
-2.24865e-06
4.21682e-07
1.75976e-06
-2.18144e-06
3.8531e-07
-2.29022e-06
1.90491e-06
2.05858e-06
2.23346e-06
-1.83638e-06
2.22553e-06
2.3377e-06
-2.05778e-06
2.07098e-06
-2.14627e-06
2.81517e-06
-2.81295e-06
-2.22191e-09
-2.72556e-06
-2.12931e-06
2.81189e-06
3.3901e-09
-2.81343e-06
3.23682e-10
2.81183e-06
-1.24684e-07
2.81249e-06
-2.81536e-06
2.87158e-09
2.8173e-06
-2.80561e-06
4.64447e-08
-1.74532e-06
1.69888e-06
1.69903e-09
2.16293e-06
1.97316e-08
2.31796e-06
2.38707e-06
-2.03151e-06
-1.70465e-06
-4.42743e-07
1.43037e-07
1.93337e-06
-2.1787e-06
-2.81447e-06
2.81462e-06
-1.54582e-10
2.18712e-06
-2.23275e-06
4.56236e-08
-2.2291e-06
3.95331e-07
-3.04889e-06
4.25134e-07
2.62375e-06
2.81576e-06
1.33744e-06
1.86495e-06
2.8178e-06
-2.8178e-06
-9.82348e-07
3.42235e-09
2.11414e-06
-2.15466e-06
9.2084e-09
2.14546e-06
-2.81323e-06
-2.81704e-06
2.81188e-06
3.69092e-09
-2.81304e-06
6.13905e-11
2.80924e-06
-8.85932e-11
-2.81492e-06
-2.19717e-06
1.95661e-08
2.192e-06
-1.84255e-06
-1.68067e-06
2.0627e-06
-2.82058e-06
2.2843e-06
-1.84162e-06
2.2012e-06
-1.83516e-06
2.26371e-06
-1.83566e-06
-3.116e-09
2.81364e-06
-2.82491e-06
2.14909e-06
-2.12003e-06
-2.06818e-06
2.06866e-06
-2.80726e-06
-1.31848e-09
2.80857e-06
4.64125e-07
2.13978e-06
-5.80696e-09
-2.81161e-06
3.76189e-08
2.0999e-06
-1.35295e-06
1.03791e-06
3.15039e-07
-2.12764e-06
2.21314e-06
-1.81425e-06
2.22917e-06
-1.80749e-06
2.23032e-06
-1.84501e-06
2.13427e-06
2.527e-08
-2.38636e-06
2.85242e-06
-2.73332e-06
-3.15563e-07
2.13876e-06
-2.13876e-06
1.88936e-06
-2.87005e-07
-1.31011e-06
1.02679e-06
1.8559e-06
3.73713e-07
2.8124e-06
2.77128e-09
2.84002e-06
-2.82066e-06
-1.93631e-08
-2.81324e-06
2.87022e-10
-2.81526e-06
2.81152e-06
-2.81382e-06
2.29628e-09
-2.13293e-06
2.60958e-08
-2.13057e-06
4.01902e-08
-2.13423e-06
-5.86233e-08
-2.11701e-06
-8.43338e-08
-2.19823e-06
4.21341e-08
-2.16617e-06
5.54124e-08
-2.1608e-06
5.16927e-08
-3.8711e-09
2.81059e-06
-2.80672e-06
-2.81531e-06
4.50917e-09
-6.09495e-09
2.8334e-06
2.8118e-06
-2.81518e-06
3.3893e-09
-2.56212e-06
4.86505e-07
-4.79292e-09
1.80101e-06
7.31085e-08
-2.26219e-06
2.18908e-06
-2.45384e-06
1.56156e-07
2.81667e-06
-2.81436e-06
-1.90276e-06
2.01862e-06
1.74965e-09
-2.81622e-06
2.80849e-06
4.09007e-09
2.13273e-06
-2.13273e-06
-2.05716e-06
1.31166e-06
1.8949e-06
5.70569e-10
-2.81049e-06
-2.12833e-06
-1.26177e-08
-1.37167e-06
5.09021e-06
-3.71853e-06
-1.66672e-06
-2.05894e-06
3.72566e-06
-2.81018e-06
2.81017e-06
9.67234e-12
2.13989e-06
-2.13819e-06
2.07459e-06
-2.05486e-06
-2.13073e-06
2.13112e-06
-3.89088e-10
1.96081e-06
-1.91437e-06
7.24192e-07
-6.93479e-07
-3.07129e-08
-2.30326e-06
1.81866e-07
-3.94244e-07
2.09987e-06
-1.85657e-07
2.57173e-10
-2.45409e-06
2.80984e-06
7.63954e-10
-2.81188e-06
2.17258e-06
2.19786e-06
2.13103e-06
-1.5161e-06
1.32533e-06
-1.93753e-06
2.81418e-06
-2.81309e-06
-3.93766e-07
-1.83533e-06
-7.03267e-09
-2.89268e-06
3.31782e-06
1.78818e-06
3.91032e-07
-2.17921e-06
-3.64554e-06
2.81664e-06
2.12947e-06
-2.07214e-06
-2.80835e-06
-2.81067e-06
2.81435e-06
-3.6805e-09
2.233e-06
1.9855e-06
-2.02692e-06
-1.82764e-06
2.14637e-06
-3.18735e-07
-1.24593e-08
2.79522e-06
2.81137e-06
-2.81363e-06
2.25213e-09
-5.65708e-09
-2.29769e-06
2.30966e-07
-2.11502e-06
-1.2416e-08
-1.35387e-09
-1.13668e-09
-1.04051e-09
-1.04293e-09
-1.34311e-09
-1.55631e-09
-1.11928e-09
-1.15164e-09
-1.35978e-09
2.2253e-09
2.82371e-06
1.63048e-08
-2.18137e-06
2.74812e-08
-2.1314e-06
2.10831e-06
-2.16395e-06
-2.81364e-06
2.81298e-06
-6.72577e-09
2.8126e-06
1.95407e-06
3.69809e-07
-5.06689e-08
2.20609e-06
-1.65818e-06
-2.17664e-06
2.59674e-08
4.43763e-07
-2.66087e-06
3.11097e-07
-1.85458e-06
1.54348e-06
3.27026e-07
-2.17461e-06
1.84758e-06
3.12289e-07
-2.10342e-06
1.79113e-06
5.29752e-07
-2.53219e-06
2.60498e-07
-1.98974e-06
1.72925e-06
8.07044e-07
-2.25802e-06
1.2924e-08
-2.16586e-06
3.88425e-07
-6.22117e-10
2.81742e-06
-2.08487e-06
3.99083e-07
-8.23231e-10
2.81716e-06
-2.81383e-06
-2.1993e-06
3.81482e-07
-2.81423e-06
9.26644e-10
2.81348e-06
-2.81272e-06
3.86972e-07
-2.20775e-06
-2.11476e-06
-2.11367e-06
-2.11476e-06
-2.10819e-06
-2.15649e-06
-2.1553e-06
-2.13594e-06
2.42818e-06
-1.71419e-06
2.81464e-06
-2.81307e-06
2.12866e-06
5.52239e-07
-2.29418e-06
2.07329e-06
-2.07809e-06
-2.80821e-06
-4.52653e-07
2.11153e-06
-4.47955e-07
2.34434e-06
-2.38962e-08
-2.75795e-08
-3.35848e-08
-3.68585e-08
6.85888e-08
-2.26823e-06
6.10354e-08
-2.26848e-06
8.74707e-08
-2.30543e-06
-2.80657e-06
-2.80619e-06
9.06849e-11
2.81021e-06
2.9127e-09
2.80963e-06
-1.85186e-06
-2.144e-06
1.20196e-08
-2.16962e-06
3.52645e-08
-2.17902e-06
3.44733e-08
-2.17544e-06
3.73791e-08
-2.18859e-06
2.79572e-08
-2.18072e-06
3.38434e-08
-2.18671e-06
2.19153e-08
2.14965e-06
5.69096e-08
-2.20656e-06
2.81025e-06
-2.81255e-06
4.86394e-09
2.80812e-06
-7.65792e-08
2.50626e-10
-2.17592e-06
-2.09251e-06
-2.81277e-06
2.09905e-09
2.81092e-06
3.42699e-09
6.81997e-09
2.13471e-06
-2.14153e-06
7.53715e-08
-7.42503e-08
2.07231e-06
2.59184e-06
-7.69651e-10
-2.06806e-06
-7.09758e-09
-2.10059e-06
-3.11194e-08
2.13171e-06
2.38629e-06
-4.32619e-08
2.80894e-06
-2.81707e-06
8.13041e-09
4.25321e-07
-1.61686e-06
-4.35078e-07
-2.2214e-06
-2.23437e-06
3.92492e-07
-2.07949e-06
3.87277e-07
1.33014e-06
2.99822e-07
-2.40604e-06
-6.07344e-09
1.81145e-06
4.04236e-07
-2.21568e-06
-2.2234e-06
3.02059e-07
1.92134e-06
1.78308e-06
3.87691e-07
1.83884e-06
3.9148e-07
1.84179e-06
3.87376e-07
1.7046e-06
3.97245e-07
1.82437e-06
3.88771e-07
1.82108e-06
3.7914e-07
1.80768e-06
3.84314e-07
3.88123e-07
-2.23067e-06
-2.81566e-06
-1.63872e-09
-2.81731e-06
-4.26524e-09
-2.12932e-06
3.31644e-07
1.79768e-06
-1.80079e-06
-1.72978e-06
3.53057e-06
2.81344e-06
-2.51857e-09
-2.87832e-09
-2.81099e-06
2.81328e-06
-2.83109e-06
3.63592e-08
2.79473e-06
-1.76607e-06
-2.56859e-07
2.81468e-06
-2.81189e-06
2.04457e-07
-3.09714e-06
1.76008e-06
3.75977e-07
2.11226e-06
1.99723e-06
3.20739e-07
2.20126e-06
-3.45364e-07
6.51311e-08
-2.01426e-06
1.94913e-06
-2.15367e-06
3.35922e-07
-2.19837e-06
1.86244e-06
-2.87665e-08
2.14018e-06
-3.89302e-08
2.12653e-06
5.925e-08
2.12747e-06
5.37709e-08
2.09902e-06
4.67398e-08
2.16355e-06
-4.90084e-08
2.16021e-06
-4.72353e-08
2.14307e-06
6.01699e-09
2.08055e-06
-3.17725e-09
-2.13047e-06
1.54501e-08
2.42197e-08
2.81867e-06
-2.81705e-06
-2.12797e-06
1.79219e-08
1.26217e-08
1.80421e-06
-2.17518e-06
3.70971e-07
-1.86581e-06
2.06318e-06
-4.27872e-09
-2.49084e-06
3.36173e-07
1.98934e-06
2.88383e-07
2.81067e-06
-2.81299e-06
2.31781e-09
-2.8124e-06
2.8124e-06
2.20892e-06
-4.2074e-07
-2.1522e-06
3.74341e-08
-2.16179e-06
4.8117e-08
-2.16194e-06
4.71804e-08
-2.1364e-06
2.82075e-08
-2.19151e-06
3.50201e-08
-2.19405e-06
3.87489e-08
-2.16499e-06
2.90478e-08
-2.13746e-06
2.00008e-08
-5.23937e-09
-2.82068e-06
1.13045e-08
2.81011e-06
3.32785e-09
-2.82675e-06
2.09418e-06
-2.05113e-06
1.58457e-06
-3.91615e-07
2.11091e-06
1.75528e-08
-1.92855e-06
1.8468e-06
-2.09207e-06
2.81459e-06
1.961e-06
-1.59989e-07
1.40954e-06
-1.90803e-06
-2.04254e-06
3.2423e-06
-3.03784e-06
1.83926e-06
-2.2149e-06
3.75641e-07
-2.20243e-06
3.88182e-07
2.80222e-06
-2.81468e-06
-2.1955e-06
3.88012e-07
-2.23857e-06
3.93569e-07
1.8295e-06
3.71763e-07
1.8793e-06
3.84413e-07
1.81683e-06
3.84371e-07
1.893e-06
3.91305e-07
1.83091e-06
4.10829e-07
-3.11744e-06
2.81529e-06
-2.81189e-06
-2.75284e-07
2.13919e-06
2.81238e-06
-2.81298e-06
-9.1595e-07
3.938e-09
-5.19967e-07
3.14372e-06
2.80877e-06
-2.81202e-06
3.25256e-09
-1.53426e-06
8.85833e-07
-1.99184e-06
-1.39247e-06
-4.86733e-08
2.85383e-06
3.96654e-07
-2.23198e-06
7.66173e-07
1.13014e-06
2.20054e-06
-2.09047e-06
-2.80905e-06
2.80518e-06
2.81233e-06
-2.81278e-06
-9.57436e-09
-2.81799e-06
2.81577e-06
-2.16948e-06
2.81049e-06
-1.71982e-09
-3.43661e-07
-1.10331e-06
-1.55757e-06
2.05497e-06
-2.15829e-06
-1.90947e-09
-2.00268e-06
2.81247e-06
-2.80529e-06
-2.12707e-06
1.66215e-06
1.5134e-06
-2.07098e-06
1.99673e-06
2.13324e-06
-2.13401e-06
1.99995e-06
-1.99673e-06
-3.22367e-09
-2.07528e-06
2.06818e-06
2.03755e-06
-2.06866e-06
2.13794e-06
-2.13112e-06
-1.97949e-06
2.05486e-06
-2.13794e-06
2.13819e-06
-2.0675e-06
1.91437e-06
1.53134e-07
-2.10587e-06
-2.80493e-07
2.80997e-06
-2.8122e-06
2.2264e-09
1.83798e-06
3.95484e-07
5.54918e-09
-2.60823e-07
1.16103e-06
2.8151e-06
-2.81184e-06
-3.26012e-09
3.68404e-09
-2.82099e-06
-6.74371e-10
2.81689e-06
-2.81622e-06
2.81017e-06
-2.08356e-06
-2.4415e-06
2.44176e-06
-2.81595e-06
6.36539e-09
-2.24153e-06
5.0565e-07
2.16853e-06
-2.20257e-06
2.81213e-06
2.85951e-06
-2.79781e-06
-6.17065e-08
2.8117e-06
-2.81118e-06
-2.3178e-06
-1.73037e-07
-2.82022e-06
-2.04058e-06
-2.0525e-06
9.96225e-09
-3.23135e-07
2.08732e-06
2.98968e-07
2.8059e-06
-3.7867e-07
2.81193e-06
-6.97056e-10
-2.71013e-06
-3.49305e-09
2.82747e-06
2.07329e-06
2.13441e-06
2.05497e-06
2.13787e-06
2.07459e-06
2.10401e-06
-2.07809e-06
-1.97949e-06
2.14473e-06
2.13989e-06
2.20054e-06
-2.0675e-06
2.13323e-06
2.02214e-06
-2.14627e-06
1.96081e-06
1.96821e-06
1.99995e-06
-2.1298e-06
2.03755e-06
2.13324e-06
1.7448e-06
-1.7448e-06
2.1377e-06
-2.81876e-06
-2.21707e-06
2.22628e-06
-1.83615e-06
2.2328e-06
2.80882e-06
-2.81214e-06
3.3206e-09
-8.74787e-08
-2.43191e-09
-2.17618e-06
6.70685e-09
-2.17906e-07
2.12689e-06
2.53535e-09
-2.79144e-06
2.7889e-06
2.84329e-09
7.30954e-09
-2.78139e-06
1.16449e-09
2.78022e-06
1.26001e-07
-2.89933e-06
2.77333e-06
2.80686e-06
3.74333e-09
-2.8106e-06
2.8066e-06
3.88614e-09
-2.01491e-06
1.83972e-06
3.69198e-07
-2.79541e-06
-1.6096e-08
2.8115e-06
2.82849e-06
5.94935e-09
2.79034e-06
6.91708e-08
2.81073e-06
-2.8096e-06
-2.81238e-06
2.8082e-06
2.84939e-09
1.33614e-07
-2.57511e-06
-2.98307e-09
2.22242e-06
-1.81818e-06
2.16064e-06
-2.12788e-06
-3.27596e-08
2.55827e-06
-1.72282e-06
-8.35452e-07
2.42357e-06
-2.12151e-06
2.22839e-06
-1.84069e-06
2.2279e-06
-1.83947e-06
2.22984e-06
-1.83836e-06
2.22961e-06
-1.84223e-06
2.1888e-06
-1.79155e-06
2.19088e-06
-1.7918e-06
-2.2773e-07
-2.86941e-06
2.2197e-06
-1.83093e-06
2.21805e-06
-1.83891e-06
2.222e-06
-1.84051e-06
2.2244e-06
-1.84009e-06
2.22655e-06
-1.83843e-06
-1.23069e-09
1.74125e-09
-2.79296e-06
2.79122e-06
-5.73658e-09
2.93474e-06
-5.5171e-08
-2.87957e-06
2.2003e-06
-1.78947e-06
2.23082e-06
-1.83725e-06
2.81864e-06
2.5585e-06
-1.79329e-06
-7.65216e-07
2.23032e-06
-1.84231e-06
2.2194e-06
-1.83122e-06
2.16803e-06
-1.83639e-06
2.22969e-06
-1.84159e-06
2.17932e-06
2.2153e-06
-1.84353e-06
2.8107e-06
-3.84495e-09
-2.27725e-06
1.94504e-06
3.32204e-07
-2.55979e-06
1.84396e-06
2.779e-09
2.80868e-06
-2.81093e-06
2.25163e-09
3.2423e-06
-3.86602e-08
2.86237e-06
2.21979e-06
-1.84381e-06
-2.77853e-06
2.79346e-06
-5.26862e-09
-1.46647e-08
-2.81776e-06
7.05947e-10
-8.83815e-10
-2.84651e-06
2.97251e-06
-2.02917e-06
-2.09047e-06
-2.11656e-06
2.09118e-06
2.11985e-06
-2.61618e-06
2.98382e-07
2.22862e-06
-1.84135e-06
6.76716e-09
-3.78943e-07
-2.80398e-06
-1.80831e-09
2.80579e-06
1.63796e-07
-2.15829e-06
-2.13889e-06
2.14828e-06
-9.38719e-09
2.48508e-06
-2.11053e-06
-5.09808e-08
-2.96105e-06
2.25655e-06
-2.51376e-07
2.17352e-06
2.81026e-06
-2.80851e-06
2.81175e-06
2.81013e-06
-2.80942e-06
-2.1151e-06
2.11105e-06
4.04907e-09
-2.00453e-06
-1.21109e-08
2.28032e-06
-1.90934e-06
2.18265e-06
4.90529e-09
-1.8365e-06
2.28474e-06
-1.89777e-06
-1.97713e-06
2.23423e-06
-1.84292e-06
2.23137e-06
-1.847e-06
2.21888e-06
-1.83446e-06
2.2332e-06
-1.87625e-06
-2.1397e-06
2.17005e-06
-3.0348e-08
1.61326e-08
5.13507e-10
2.05077e-06
-3.68467e-08
2.25315e-06
-1.87751e-06
2.2194e-06
-1.84569e-06
-2.80766e-06
2.81141e-06
-2.82458e-06
2.828e-06
4.69109e-09
3.75634e-06
-3.3219e-06
2.0823e-06
-2.00134e-06
2.31593e-06
-2.3447e-06
2.09001e-06
-2.06391e-06
2.12546e-06
-2.08803e-06
2.29472e-06
-2.33365e-06
2.01315e-06
-1.97296e-06
2.11295e-06
-2.06483e-06
2.22949e-06
-2.17024e-06
2.54258e-06
-2.60121e-06
2.12137e-06
-2.07419e-06
2.23091e-06
-2.17714e-06
2.52583e-06
-2.61017e-06
2.01504e-06
-1.98683e-06
2.05017e-06
-2.00343e-06
2.1698e-06
-2.12766e-06
2.27859e-06
-2.24357e-06
2.4497e-06
-2.49871e-06
2.09639e-06
-2.04097e-06
2.272e-06
-2.23325e-06
2.4379e-06
-2.48513e-06
2.08907e-06
-2.03738e-06
2.23964e-06
-2.21059e-06
2.27114e-06
-2.26512e-06
2.19771e-06
-2.17349e-06
2.22246e-06
-2.20246e-06
2.24689e-06
-2.25006e-06
2.17187e-06
-2.16642e-06
2.13138e-06
-2.11584e-06
2.1282e-06
-2.11275e-06
-3.99922e-09
2.127e-06
-2.10944e-06
-2.8089e-06
-2.35071e-10
2.12653e-06
-2.10861e-06
2.81092e-06
-2.80805e-06
2.1264e-06
-2.10544e-06
2.12246e-06
-2.10984e-06
2.93474e-06
3.38677e-09
2.12318e-06
-2.11226e-06
-2.80839e-06
-8.68357e-09
-2.80917e-06
2.80917e-06
-2.82413e-06
1.57353e-08
-2.13314e-06
2.1273e-06
-2.10847e-06
2.81074e-06
-2.48257e-06
-1.08987e-07
2.97448e-09
2.80869e-06
-2.80816e-06
-2.90168e-06
2.84971e-06
-2.8334e-06
-2.78628e-06
-3.78478e-08
2.26872e-06
2.12522e-06
-2.11391e-06
7.92997e-09
-1.56606e-08
-1.35799e-08
2.24258e-06
-1.87277e-06
1.33253e-08
-2.80759e-06
2.81084e-06
2.28697e-06
-1.90081e-06
2.11653e-06
-2.12024e-06
2.81686e-06
-2.81799e-06
-2.84158e-06
-8.0396e-07
-2.8082e-06
2.8081e-06
-3.03784e-06
2.81967e-06
2.03057e-06
3.56506e-07
-2.86791e-06
2.8916e-06
8.35813e-07
1.37529e-06
3.3219e-06
-3.05803e-06
2.84971e-06
2.4975e-09
1.76171e-09
-2.81976e-06
6.76643e-09
2.81298e-06
2.80632e-06
4.27446e-09
-2.8916e-06
2.96686e-06
-1.25564e-09
2.8069e-06
3.79954e-09
2.12875e-06
-2.11547e-06
-1.87726e-07
-2.86791e-06
1.36199e-09
-2.78737e-06
2.78601e-06
2.85752e-06
-2.82698e-06
-2.83647e-06
-2.85752e-06
2.23749e-06
-1.84048e-06
2.82119e-06
-1.06329e-08
-4.77687e-09
2.82597e-06
-2.8232e-06
3.68187e-07
-2.81604e-06
2.81562e-06
2.96686e-06
3.05803e-06
2.81604e-06
-2.82022e-06
-2.83251e-06
-9.14045e-09
1.58789e-08
-2.81129e-06
-2.82619e-06
2.81622e-06
2.81562e-06
-2.81627e-06
-2.8301e-06
2.82698e-06
-2.80772e-06
2.81114e-06
2.80779e-06
2.8301e-06
2.82044e-06
-2.82022e-06
-2.82936e-06
-1.66019e-08
2.83919e-06
-2.8095e-06
2.81113e-06
2.55354e-09
-2.81368e-06
3.5165e-09
2.81693e-06
2.82402e-06
-5.85464e-09
-2.83919e-06
2.82936e-06
2.81048e-06
6.47912e-10
2.81874e-06
2.81308e-06
-2.8095e-06
-2.82611e-06
4.60379e-09
-2.81132e-06
3.49685e-09
-2.81116e-06
-2.83695e-06
2.81466e-06
-3.5859e-09
2.79377e-06
-2.79018e-06
2.81254e-06
5.38945e-10
2.80958e-06
3.44016e-09
-2.81103e-06
2.81108e-06
-1.49811e-09
3.20656e-09
-1.93587e-09
2.81196e-06
-2.81002e-06
2.8111e-06
-1.71135e-11
-2.81051e-06
2.80683e-06
2.80791e-06
-2.80941e-06
3.90625e-09
-2.29125e-10
2.78961e-06
-2.78938e-06
2.81239e-06
-2.8152e-06
-1.22183e-09
2.81232e-06
-2.81117e-06
2.80988e-06
-4.09226e-09
2.80972e-06
-2.80563e-06
-2.814e-06
-2.80734e-06
2.80935e-06
-2.00707e-09
2.81275e-06
4.43277e-09
2.44394e-09
2.8141e-06
-1.35799e-09
2.80911e-06
-2.81723e-06
2.8173e-06
-2.80711e-06
2.80934e-06
2.80852e-06
-2.81104e-06
3.69594e-09
2.80813e-06
-2.80793e-06
2.80813e-06
-2.80633e-06
2.81314e-06
3.71906e-09
2.80555e-06
-2.80777e-06
-2.11812e-09
2.81123e-06
-2.81102e-06
2.81274e-06
-1.56201e-09
2.80629e-06
-2.80765e-06
2.80988e-06
-2.80794e-06
2.80794e-06
-2.808e-06
1.78183e-09
2.80602e-06
-2.80861e-06
3.44088e-09
-1.15788e-09
2.81154e-06
-1.66282e-09
2.80713e-06
-2.80828e-06
3.63421e-09
2.80678e-06
-2.80896e-06
2.80907e-06
-1.48294e-09
2.80749e-06
-2.80861e-06
2.81108e-06
-1.62313e-09
6.20792e-09
2.807e-06
-2.80918e-06
2.81081e-06
-1.7431e-09
2.80776e-06
-2.80932e-06
2.81276e-06
-1.48627e-09
-1.49611e-09
2.80968e-06
2.80769e-06
-2.80987e-06
-2.81102e-06
2.80957e-06
2.80859e-06
-2.80993e-06
-1.46435e-09
-1.6107e-09
2.48203e-09
2.80813e-06
-2.81061e-06
7.74957e-09
2.80927e-06
-2.81173e-06
2.81129e-06
-1.61059e-09
2.80892e-06
-2.81034e-06
2.8093e-06
5.97804e-09
-2.81096e-06
2.80859e-06
-1.41509e-09
-1.6263e-09
-2.81064e-06
2.8096e-06
-2.80528e-06
2.80528e-06
-2.80609e-06
-2.45332e-11
2.81109e-06
-2.81106e-06
-1.72129e-09
7.97602e-09
-1.27769e-09
-6.65954e-10
2.80796e-06
-3.23217e-11
-1.35732e-09
-1.75149e-09
-2.42673e-09
-7.08627e-09
2.81069e-06
-2.8036e-06
-2.8252e-06
-2.80204e-06
2.80204e-06
-2.80336e-06
-2.80969e-06
2.80896e-06
7.31666e-10
8.64354e-09
-3.92574e-10
-2.8131e-06
3.40955e-09
2.79879e-06
-2.8006e-06
2.79879e-06
5.35617e-09
-2.8119e-06
1.57503e-09
4.43937e-09
2.80499e-06
-2.80315e-06
-1.84074e-09
2.80499e-06
-2.80464e-06
2.80579e-06
-1.15558e-09
2.80464e-06
3.51969e-10
-2.80315e-06
-2.80381e-06
6.56928e-10
2.81326e-06
-2.8083e-06
2.81326e-06
-3.71853e-06
2.81603e-06
-2.80846e-06
-2.80822e-06
2.80822e-06
2.8365e-06
-2.80899e-06
2.81603e-06
2.8365e-06
-2.80783e-06
2.80783e-06
2.80802e-06
-2.80802e-06
2.80899e-06
-2.85265e-06
-2.80891e-06
2.8082e-06
-2.8082e-06
-2.8079e-06
2.8079e-06
-2.8006e-06
2.78294e-06
-2.78294e-06
2.80579e-06
2.80474e-06
-2.80474e-06
2.8081e-06
2.80838e-06
-2.80838e-06
-2.83205e-06
-2.80796e-06
2.80796e-06
-2.82611e-06
-2.808e-06
-2.80336e-06
-2.80609e-06
2.80175e-06
-2.80175e-06
2.81258e-06
-2.81258e-06
-2.808e-06
2.808e-06
-2.80788e-06
2.80788e-06
-2.87957e-06
-2.82491e-06
-2.80796e-06
2.80796e-06
-2.80381e-06
-2.80846e-06
2.8083e-06
-2.81302e-06
-2.80793e-06
2.80781e-06
-2.80781e-06
-2.80763e-06
2.80763e-06
2.81589e-06
-2.81129e-06
-2.81589e-06
2.81129e-06
-2.81302e-06
-3.01555e-09
4.90456e-09
-2.81052e-06
-2.80851e-06
2.81222e-06
-2.58118e-09
2.81747e-06
-2.84305e-09
-2.81462e-06
-2.80841e-06
2.81285e-06
2.81445e-06
2.81935e-06
-2.81206e-06
3.54727e-09
2.81691e-06
3.80975e-09
-2.80493e-06
2.80891e-06
2.81928e-06
7.92217e-09
2.8167e-06
2.23994e-09
-2.16595e-09
-2.80109e-06
2.80267e-06
2.81894e-06
2.81666e-06
-2.80031e-06
2.80372e-06
7.81764e-09
2.81858e-06
2.81641e-06
-2.35684e-09
2.79256e-06
-2.79021e-06
2.81577e-06
6.47853e-10
4.35256e-09
-2.81871e-06
2.81353e-06
-2.8032e-06
2.80856e-06
-3.91674e-10
5.19641e-10
2.81788e-06
-2.80033e-06
2.80898e-06
2.81749e-06
-2.80682e-06
2.80913e-06
8.22771e-09
3.58503e-09
2.81913e-06
-2.15449e-09
2.7969e-06
-2.79474e-06
2.82169e-06
2.82527e-06
-2.80936e-06
2.80801e-06
2.81466e-06
-8.18349e-09
2.81658e-06
-2.80911e-06
2.80872e-06
2.81778e-06
1.80947e-11
1.10824e-09
-2.80125e-06
2.80923e-06
2.8096e-06
-2.80689e-06
2.80953e-06
7.46795e-09
2.81071e-06
-2.3323e-09
2.80073e-06
-2.7984e-06
-2.80973e-06
2.8073e-06
2.81423e-06
-3.52227e-09
-7.36528e-09
2.81566e-06
2.74954e-09
2.81659e-06
2.81371e-06
-2.809e-06
2.80897e-06
2.81646e-06
5.35418e-10
2.80909e-06
-2.80192e-06
2.80967e-06
-2.80974e-06
2.80846e-06
2.81002e-06
-2.80637e-06
2.81069e-06
7.04417e-09
2.78485e-09
-3.29833e-09
2.80547e-06
-2.80217e-06
2.81284e-06
-2.82312e-09
2.81562e-06
-5.31172e-09
2.81307e-06
-2.81011e-06
2.8087e-06
-2.71978e-09
-2.8067e-06
2.81268e-06
2.81594e-06
3.99353e-09
2.50281e-09
2.81063e-06
-2.80989e-06
2.81413e-06
3.58755e-09
3.34278e-09
-2.80967e-06
2.81313e-06
-2.79225e-09
2.80937e-06
-2.80658e-06
2.80815e-06
-2.81049e-06
2.80903e-06
-2.80847e-06
-2.81208e-06
2.80593e-06
2.81044e-06
1.15069e-09
2.04726e-09
2.8066e-06
3.84449e-09
-2.80266e-06
2.80887e-06
-2.80523e-06
2.80886e-06
2.80775e-06
-3.27225e-09
2.81067e-06
-2.8074e-06
2.81109e-06
-2.80578e-06
2.80941e-06
-2.81075e-06
2.80926e-06
3.63306e-09
2.09858e-09
2.81335e-06
2.81116e-06
3.0767e-09
2.81326e-06
-2.80594e-06
2.80945e-06
2.81054e-06
-2.78024e-09
2.81243e-06
-2.80936e-06
2.81286e-06
-2.81091e-06
2.80943e-06
3.47349e-09
-2.80677e-06
2.81021e-06
2.22418e-09
2.81051e-06
-2.80755e-06
2.81096e-06
-2.63639e-09
2.68476e-09
2.81163e-06
-2.80894e-06
2.81273e-06
2.80995e-06
2.66049e-09
-2.8068e-06
2.80858e-06
-2.81056e-06
2.10387e-09
2.81218e-06
-2.81172e-06
-2.8057e-06
2.80939e-06
2.80984e-06
4.16554e-09
2.81195e-06
2.80931e-06
-2.81554e-06
2.81698e-06
-1.44152e-09
7.21832e-10
2.80796e-06
2.88504e-09
2.81059e-06
-2.8077e-06
2.81156e-06
-2.79693e-06
2.80498e-06
-8.04963e-09
2.80974e-06
-2.80566e-06
2.80938e-06
-1.14375e-09
3.73497e-09
2.80682e-06
-2.8104e-06
3.57085e-09
2.81046e-06
-2.80613e-06
2.81056e-06
-2.80872e-06
2.80383e-06
4.89584e-09
2.80932e-06
-2.80796e-06
2.81135e-06
-2.82587e-06
2.82565e-06
3.24597e-09
-3.97581e-09
-2.79295e-06
2.81107e-06
-1.7541e-09
-2.60065e-09
-2.80682e-06
2.6765e-09
2.80677e-06
-2.80945e-06
2.81017e-06
-8.71572e-09
2.8102e-06
-3.88514e-09
2.8138e-06
-3.62692e-09
6.48655e-10
-2.80937e-06
2.80846e-06
-4.13261e-09
2.81373e-06
-2.80646e-06
-4.04971e-09
-2.80809e-06
2.81053e-06
-2.81654e-06
2.80627e-06
1.02762e-08
2.81114e-06
-2.81222e-06
2.80548e-06
6.74108e-09
-3.93114e-09
2.80776e-06
-2.80926e-06
2.80637e-06
2.88996e-09
-2.80812e-06
2.81202e-06
2.80701e-06
-2.43466e-09
2.80927e-06
-4.97362e-09
2.81074e-06
-2.41738e-09
2.80766e-06
-2.80861e-06
2.81193e-06
-2.5989e-09
2.8079e-06
-2.44179e-10
2.80397e-06
2.80314e-06
2.79779e-06
5.35276e-09
-2.80967e-06
2.81287e-06
2.79281e-06
-2.80944e-06
2.81288e-06
-3.44254e-09
-2.80914e-06
2.80983e-06
-6.81416e-10
-2.26322e-09
-2.8181e-06
2.8134e-06
4.69247e-09
2.80126e-06
-8.4466e-09
1.1471e-08
2.77453e-06
-2.786e-06
-2.81048e-06
2.81392e-06
-2.80761e-06
2.80347e-06
4.13521e-09
-2.81216e-06
3.69261e-09
2.81024e-06
-2.81963e-06
9.39576e-09
2.79721e-06
-4.09686e-09
-2.80504e-06
2.80913e-06
2.83765e-06
2.407e-09
-1.42887e-09
-2.80587e-06
2.8073e-06
2.80868e-06
-2.80787e-06
2.80609e-06
1.78164e-09
2.80625e-06
-2.8144e-06
2.81082e-06
-2.81048e-06
2.81405e-06
-3.56754e-09
2.80771e-06
-1.46538e-09
-3.20613e-09
-2.80356e-06
2.80676e-06
2.80668e-06
1.03547e-09
-2.8116e-06
2.8151e-06
-2.81148e-06
2.81536e-06
-3.87971e-09
-2.80816e-06
2.80409e-06
4.07184e-09
2.80347e-06
2.78461e-06
-1.00763e-08
-2.44828e-09
-8.81793e-09
2.80204e-06
2.80764e-06
-2.87749e-09
-2.81245e-06
2.81706e-06
2.78314e-06
2.79714e-06
4.90174e-09
-2.04173e-08
-2.80174e-06
-2.06233e-09
-2.80174e-06
-2.79033e-06
2.79033e-06
-7.38977e-09
2.79369e-06
3.45248e-09
2.90394e-09
1.07726e-08
2.77773e-06
-2.7885e-06
-2.80782e-06
2.80427e-06
3.55352e-09
-2.81209e-06
2.81637e-06
-2.80536e-06
-2.5154e-09
-1.90571e-09
2.80747e-06
-2.80557e-06
2.11013e-06
-2.80784e-06
2.8039e-06
3.93969e-09
-2.80828e-06
2.80446e-06
3.82347e-09
2.80168e-06
-7.98765e-09
2.79758e-06
-2.81797e-06
2.80835e-06
-2.80595e-06
2.80715e-06
-1.19978e-09
6.63269e-10
-2.60955e-09
2.8087e-06
2.80592e-06
2.43042e-09
-2.80211e-06
2.80211e-06
2.45789e-09
-2.80881e-06
2.80635e-06
-2.80845e-06
2.80868e-06
-2.76121e-09
1.04137e-08
2.84179e-06
-2.81759e-06
2.82188e-06
-4.28821e-09
2.80678e-06
-2.80724e-06
2.80402e-06
3.22306e-09
-2.81203e-06
3.57644e-09
2.80923e-06
2.81827e-06
2.11673e-09
2.80833e-06
-2.80559e-06
-2.73796e-09
2.81136e-06
-2.8144e-06
3.03761e-09
-1.17842e-08
3.68468e-10
2.80672e-06
-1.04382e-08
2.79407e-06
-1.63419e-08
-2.81782e-06
2.82416e-06
-6.33649e-09
-2.80438e-06
2.80222e-06
2.1516e-09
2.79131e-06
2.80905e-06
-2.33283e-09
2.519e-09
-2.8089e-06
2.80639e-06
-1.74994e-08
2.80541e-06
2.91798e-09
-2.80676e-06
2.80435e-06
2.40848e-09
2.80644e-06
2.8077e-06
-2.80537e-06
2.80726e-06
-1.89267e-09
2.80892e-06
-2.56595e-09
-2.80405e-06
2.80729e-06
-3.24575e-09
-1.87877e-08
2.85579e-06
-2.80224e-06
-3.4226e-08
2.80896e-06
2.80621e-06
2.44937e-09
-2.80866e-06
2.80659e-06
-2.80482e-06
2.79736e-06
7.4603e-09
3.10975e-09
7.77681e-07
2.07845e-06
-2.85613e-06
-2.80095e-06
-3.86886e-09
-2.31754e-09
2.80622e-06
-2.3712e-06
-2.85794e-09
2.80827e-06
2.80841e-06
-2.19845e-09
-2.80638e-06
2.80651e-06
-1.21501e-10
-1.83957e-06
2.80867e-06
2.45625e-09
2.80595e-06
-2.81865e-06
2.82458e-06
-5.92867e-09
-2.15235e-11
-1.13898e-08
-2.57228e-06
-3.4346e-07
2.80582e-06
-2.82014e-06
2.83106e-06
-1.09116e-08
-2.81984e-06
2.82356e-06
-3.72287e-09
-2.81701e-06
2.80827e-06
2.81214e-06
2.81214e-06
2.82005e-06
-2.82005e-06
-2.81446e-06
-2.27206e-09
2.81996e-06
-2.80759e-06
3.53998e-09
2.80646e-06
-2.79814e-06
-8.3207e-09
5.19032e-09
-2.81776e-06
2.31626e-09
-2.80683e-06
2.80451e-06
2.80513e-06
3.14566e-09
-4.15962e-09
-2.806e-06
2.80958e-06
-3.57921e-09
-2.80372e-06
2.81214e-06
-8.4203e-09
2.80444e-06
3.82639e-09
-1.031e-07
2.80761e-06
-2.48621e-09
1.1218e-08
2.81097e-06
-2.81097e-06
2.80931e-06
-2.80759e-06
6.34014e-09
-2.81493e-06
2.82575e-06
-1.08141e-08
-2.22362e-06
-2.80366e-06
2.8216e-06
-1.79431e-08
2.80326e-06
1.91831e-09
-2.80518e-06
2.80437e-06
-2.81746e-06
1.23961e-09
2.80251e-06
7.54064e-10
2.80771e-06
-1.76037e-09
-5.25712e-09
2.80262e-06
2.80668e-06
-2.80522e-06
-1.60208e-09
2.80847e-06
-2.80847e-06
-2.81969e-06
2.83557e-06
2.82403e-06
1.04152e-08
-2.82781e-06
2.80281e-06
2.12549e-06
-2.12156e-06
2.81207e-06
-2.81044e-06
2.8275e-06
2.82905e-06
-2.84007e-09
-2.82621e-06
2.13437e-06
-6.05632e-09
2.80927e-06
-2.81185e-06
2.58501e-09
9.21826e-10
2.80159e-06
2.1378e-06
-8.48075e-07
-1.00378e-06
-2.98661e-08
8.4815e-09
2.80473e-06
-2.82291e-06
2.81123e-06
-2.82104e-06
2.84835e-06
-2.73094e-08
2.809e-06
3.55756e-07
-2.92803e-06
-6.69048e-10
2.79947e-06
-5.54521e-09
2.78794e-06
-2.78239e-06
-2.8057e-06
-7.4085e-08
-1.28293e-06
1.35701e-06
1.76222e-06
-2.04923e-06
2.8004e-06
2.79587e-06
4.53126e-09
2.14759e-06
2.80675e-06
-2.80778e-06
2.78159e-06
-2.77984e-06
2.12737e-10
-3.25983e-09
-2.79204e-06
2.7953e-06
2.795e-06
8.63116e-10
3.86034e-07
3.4246e-07
4.30389e-07
7.00753e-07
3.88818e-07
3.87203e-07
3.90367e-07
3.87987e-07
7.87861e-08
3.53638e-07
3.99331e-07
4.27899e-07
-2.82019e-06
3.9246e-07
3.82391e-07
3.83089e-07
3.83886e-07
3.88091e-07
3.86468e-07
-2.80787e-06
-9.89545e-09
3.88472e-07
3.91257e-07
2.79132e-06
3.67987e-09
4.54431e-07
-2.79275e-06
2.82737e-06
-3.46165e-08
3.74749e-07
4.38547e-09
-2.81842e-06
3.78905e-07
-2.80611e-06
4.05286e-10
2.79817e-06
3.41053e-09
-2.77457e-06
2.78814e-06
2.78806e-06
2.80705e-06
-2.80705e-06
-2.87897e-06
2.56341e-06
4.9527e-07
-2.79556e-06
2.8543e-06
-5.87471e-08
3.96977e-07
3.89058e-07
3.87658e-07
3.91609e-07
3.74593e-07
-2.80822e-06
2.79904e-06
2.21207e-06
-1.84288e-06
-3.18133e-08
2.78252e-06
-2.81701e-06
-3.97667e-09
-6.67554e-07
7.00258e-09
2.81171e-06
-2.70709e-09
2.75369e-06
-7.81764e-09
-2.74587e-06
3.8481e-07
-2.79569e-06
3.75871e-07
-2.81622e-06
-3.99281e-09
-2.15014e-09
-2.81278e-06
2.343e-09
-2.70831e-06
-9.1891e-09
2.7175e-06
2.80727e-06
-2.79364e-06
-1.58078e-08
-2.80765e-06
-1.55588e-08
-2.76251e-06
2.77807e-06
-2.80348e-06
7.78378e-09
2.77476e-06
7.75552e-09
-2.81879e-06
-2.81819e-06
1.97882e-09
-2.56922e-06
6.31687e-07
2.76806e-06
6.70662e-09
2.82486e-06
-2.8272e-06
2.7525e-06
2.76779e-06
2.01498e-08
-4.78186e-07
4.38969e-07
-2.7478e-06
2.90066e-06
-1.52853e-07
2.80742e-06
4.53763e-08
2.77794e-06
2.80803e-06
-2.80628e-06
-2.8084e-06
-2.56431e-06
1.10217e-07
2.74468e-06
2.87189e-06
-9.395e-08
-2.80836e-06
-2.80903e-06
2.80558e-06
-2.81124e-06
2.78026e-06
1.50356e-08
-2.77449e-06
2.86234e-08
-4.73146e-08
-2.68209e-06
2.7294e-06
2.01628e-06
-2.79672e-06
2.79672e-06
-2.82275e-06
2.14386e-06
2.11011e-06
-2.12561e-06
3.79895e-07
-2.19935e-06
2.1949e-06
-2.1949e-06
-2.14041e-07
-2.56656e-06
2.7806e-06
-1.24086e-07
2.78801e-06
3.14593e-07
-2.54688e-07
6.15503e-08
2.06689e-07
-3.20495e-07
1.39981e-07
1.64657e-07
-4.79837e-07
1.56718e-07
-5.95128e-07
6.33355e-08
1.50925e-07
-4.02327e-07
2.31028e-07
-3.96065e-07
2.02261e-07
-1.04358e-08
-2.56468e-06
4.89713e-08
-3.50393e-08
2.71679e-06
2.78921e-08
1.23564e-08
2.81078e-06
-3.35439e-09
1.42474e-08
1.70885e-08
1.77917e-08
-2.81113e-06
-1.09024e-10
2.55038e-08
1.70275e-08
2.80753e-06
-2.80543e-06
2.80543e-06
-4.76234e-07
1.33424e-08
-2.79727e-06
-2.11946e-06
-2.57475e-06
-2.81675e-06
1.50383e-08
2.79583e-06
-2.79446e-06
1.94158e-06
-1.94158e-06
-7.64855e-09
-2.81413e-06
2.81711e-06
-2.97868e-09
2.7076e-06
2.80444e-06
2.73155e-06
4.65243e-08
2.65111e-06
6.63889e-08
-2.69661e-06
1.6743e-08
-2.65006e-06
7.53146e-08
2.80529e-06
2.69143e-06
-2.80772e-06
2.02609e-06
-5.53168e-07
2.66028e-06
1.02201e-08
-2.48598e-06
3.58647e-07
2.80885e-06
-2.80818e-06
2.61371e-09
2.80894e-06
-4.49989e-09
2.36605e-07
-2.80316e-06
-3.32849e-07
2.75944e-06
2.3754e-06
-2.89537e-06
7.73479e-08
-2.33976e-06
-2.82644e-06
8.27403e-08
2.80685e-06
-2.82653e-06
2.82114e-06
1.48223e-07
-2.96936e-06
-2.66133e-06
9.66539e-08
2.49022e-06
-2.67914e-06
1.8892e-07
2.78534e-06
-2.78534e-06
-2.29506e-06
8.51175e-09
-2.80511e-06
-2.59995e-06
-2.32982e-06
2.80705e-06
2.80739e-06
-2.80739e-06
9.06851e-09
2.60043e-06
2.60382e-06
1.25584e-07
2.70612e-07
1.5281e-07
-6.205e-07
2.79e-06
9.78069e-09
-2.79978e-06
2.12099e-06
-2.12183e-06
2.79368e-06
2.17806e-06
2.82275e-06
-2.81943e-06
2.03367e-06
-2.03367e-06
-2.81443e-06
2.81012e-06
-2.80846e-06
1.00219e-08
-2.74343e-06
1.4347e-07
-2.43714e-06
2.73552e-06
-2.05279e-06
2.05279e-06
-1.67089e-06
1.67089e-06
2.15166e-06
-2.11853e-06
-1.77242e-06
1.77242e-06
2.27719e-06
-2.27719e-06
-1.92891e-06
-2.06876e-06
2.06876e-06
2.2277e-06
-2.02621e-06
2.02622e-06
-1.98751e-06
1.98751e-06
-1.9629e-06
1.9629e-06
2.33633e-06
-2.33633e-06
1.84992e-06
2.18207e-06
-2.18207e-06
2.1868e-06
2.26127e-06
-2.26127e-06
2.22032e-06
2.18321e-06
-2.0083e-06
2.0083e-06
-2.32852e-06
-2.08842e-06
-1.99056e-06
2.27535e-06
-2.27535e-06
2.04062e-06
-2.04062e-06
2.23707e-06
2.17556e-06
2.2024e-06
2.2557e-06
2.80533e-06
-2.8037e-06
2.20401e-06
-1.81298e-06
2.81119e-06
-4.14352e-09
-2.87237e-06
5.96841e-08
2.81269e-06
2.80526e-06
2.81393e-06
-2.4927e-09
2.65969e-06
-2.81255e-06
2.81519e-06
-2.21057e-06
-2.81695e-06
-2.8202e-06
2.8026e-06
-2.8026e-06
3.68998e-07
2.77852e-06
-2.77598e-06
-7.50029e-09
-2.08281e-06
2.09032e-06
2.80547e-06
2.77967e-06
-2.77967e-06
2.81729e-06
-2.81812e-06
-2.81059e-06
-2.80336e-06
2.78727e-06
-2.81418e-06
3.05246e-09
-2.06554e-06
1.87688e-06
2.80605e-06
-2.80605e-06
-2.22633e-06
3.89826e-07
-2.28736e-06
-2.22978e-06
3.86863e-07
-2.24017e-06
3.93171e-07
-2.21895e-06
3.84484e-07
-2.27191e-06
3.95666e-07
2.81034e-06
-5.07535e-09
-2.81287e-06
9.85592e-07
-2.67704e-06
-2.22152e-06
3.75834e-07
-2.16405e-06
-1.14501e-08
2.79943e-06
1.84191e-06
5.68861e-07
-2.41078e-06
-2.05026e-06
1.88498e-06
7.23531e-07
-2.57498e-06
1.85145e-06
2.15848e-06
-2.24273e-06
-2.80151e-06
2.82324e-06
-2.17377e-08
2.80759e-06
-2.80597e-06
-2.82075e-06
-2.005e-09
2.82347e-06
-2.82943e-06
2.59322e-06
-1.34009e-06
-1.25314e-06
-1.82933e-06
2.22631e-06
-1.82504e-06
2.21269e-06
-3.99619e-07
2.80595e-06
-6.52797e-09
-2.23577e-06
-2.80372e-06
-2.11119e-06
3.61136e-07
-1.25425e-07
-1.89469e-06
-2.82827e-06
2.80223e-06
-5.07494e-07
-2.80736e-06
5.24008e-07
2.81149e-06
-9.26201e-09
-1.84196e-06
1.985e-06
2.80458e-06
-2.80458e-06
-2.20155e-06
-3.49365e-07
-1.68215e-06
-1.33391e-09
2.82247e-06
2.80068e-06
2.8073e-06
-2.81433e-06
-2.71953e-06
-9.30152e-08
-4.89853e-08
-2.19491e-06
2.19365e-06
-1.84029e-06
2.02131e-06
-1.59092e-06
-1.89854e-06
-1.69375e-06
2.08412e-06
-1.8418e-06
-2.54937e-06
1.51957e-06
1.0298e-06
-1.88653e-06
-1.70363e-06
2.13153e-06
-1.83656e-06
2.15927e-06
-1.77538e-06
2.22459e-06
-1.83334e-06
-1.81748e-06
-7.37179e-09
-2.79682e-06
2.80419e-06
2.10521e-06
-2.11988e-06
-1.72882e-06
2.10773e-06
2.44102e-06
-1.77179e-06
2.16085e-06
2.79525e-06
-2.72415e-06
2.80633e-06
-2.80484e-06
-2.81348e-06
-4.61778e-09
-1.84693e-06
2.13729e-06
5.15548e-07
1.83644e-06
3.11688e-07
-2.14812e-06
1.86357e-06
2.19897e-07
-2.08346e-06
1.84714e-06
1.61912e-07
-2.00905e-06
1.84594e-06
6.78716e-07
-2.52466e-06
1.84922e-06
3.58431e-07
-2.20765e-06
2.80341e-06
2.67328e-06
1.12872e-08
2.01827e-06
-2.14369e-06
-4.80731e-07
2.80974e-06
-2.78419e-06
-2.55438e-08
-3.83116e-07
2.54159e-06
2.80084e-06
-2.80084e-06
-2.81599e-06
-1.78239e-06
1.84394e-06
2.28739e-06
-2.14741e-06
-2.16803e-06
-2.27378e-06
2.20861e-06
2.2177e-06
1.0736e-08
-2.82127e-06
2.79397e-06
-2.79574e-06
1.7663e-09
-2.22455e-06
5.07116e-10
-2.81746e-06
2.77512e-06
2.12609e-06
-2.11184e-06
-2.6913e-06
2.13385e-06
-2.11606e-06
1.85103e-06
2.76974e-06
-2.80759e-06
2.81731e-06
-2.81533e-06
-2.79358e-06
2.80519e-06
2.13497e-06
-2.11993e-06
2.805e-06
-2.80489e-06
2.80489e-06
-2.75454e-06
-5.89425e-08
3.46871e-07
-2.21965e-06
2.80304e-06
-2.81329e-06
-2.77005e-06
2.234e-06
2.22092e-06
2.25923e-06
2.82262e-06
-2.82424e-06
3.0037e-07
2.17321e-06
-1.67233e-06
2.2412e-06
-1.56438e-06
2.28791e-06
2.22505e-06
2.24147e-06
-1.8483e-06
2.80249e-06
1.88534e-06
2.17645e-07
-2.10298e-06
2.13669e-06
-2.12818e-06
2.8052e-06
-2.80358e-06
7.45819e-09
2.42896e-09
-2.85309e-06
2.66537e-06
2.8063e-06
-3.12937e-09
-1.38419e-06
2.84598e-06
2.8056e-06
-2.81803e-06
-2.17184e-09
-1.73206e-06
-2.00359e-06
1.45717e-07
-2.04859e-06
-1.8843e-06
-2.79689e-06
2.80357e-06
-2.80357e-06
2.80224e-06
2.80186e-06
-2.80186e-06
-4.04673e-07
2.28965e-06
-3.95884e-07
2.24733e-06
-2.18206e-06
4.31887e-07
2.82003e-06
-7.34624e-09
-2.72151e-06
-1.31579e-07
-2.72468e-06
-1.00353e-08
-2.77734e-06
2.80516e-06
2.8136e-06
9.64057e-09
-2.78362e-06
2.80405e-06
-2.80249e-06
1.80402e-06
-1.66139e-08
-1.85065e-06
4.6968e-07
-1.9839e-06
2.80066e-06
-2.81352e-06
2.75182e-06
-1.84193e-06
2.2178e-06
-2.12959e-06
2.05301e-06
2.13559e-06
-2.1402e-06
8.11961e-07
-8.11961e-07
-2.10498e-06
2.49744e-06
2.21219e-07
-1.69127e-06
2.07936e-06
-1.76582e-06
2.15429e-06
-1.836e-06
2.17846e-06
-1.76939e-06
2.15248e-06
-1.78105e-06
2.16752e-06
2.06415e-06
-1.6894e-06
-3.8167e-08
2.21534e-06
-1.83053e-06
-2.79229e-06
-4.60083e-09
2.79556e-06
-7.17659e-10
-2.81603e-06
2.80449e-06
2.80354e-06
-2.80702e-06
1.33436e-06
-1.33436e-06
2.07553e-06
-2.11879e-06
-2.75499e-06
-2.12987e-09
-2.81599e-06
-2.8305e-06
2.80034e-06
-2.79817e-06
2.80388e-06
-1.52513e-06
2.00985e-07
-2.00985e-07
-2.806e-06
1.37976e-09
-2.42069e-06
2.79881e-06
2.81746e-06
-2.81696e-06
2.14676e-06
-2.1344e-06
-2.8035e-07
2.15906e-06
-1.87871e-06
-2.76849e-06
-4.50295e-08
2.77301e-06
-2.79856e-06
-3.4446e-07
2.14451e-06
-1.80005e-06
-2.79194e-06
2.80015e-06
5.75333e-09
2.80515e-06
2.15744e-06
-1.82172e-06
-3.35724e-07
-5.48668e-07
-2.81258e-06
2.81258e-06
1.21323e-07
4.46873e-07
2.79862e-06
-2.8128e-06
2.79316e-06
-2.80319e-06
2.80608e-06
-3.03313e-07
2.57827e-09
-2.81816e-06
4.69577e-07
4.88981e-07
8.03693e-07
2.37566e-07
1.85312e-07
3.38167e-07
4.43545e-07
3.89874e-07
3.15926e-07
3.92133e-07
8.72289e-07
2.4667e-07
4.18326e-07
-1.06068e-08
2.82894e-06
3.68413e-07
8.42742e-07
-4.435e-08
-1.77149e-06
-1.8322e-06
-1.83679e-06
-2.18649e-06
-1.83923e-06
-2.81818e-06
3.24614e-09
-2.78463e-06
1.36971e-06
-2.79474e-06
2.80592e-09
-1.70551e-06
-2.5269e-07
-1.85029e-06
2.81289e-06
-2.81652e-06
2.27443e-06
-2.82133e-07
-2.80766e-06
-1.83203e-07
2.28307e-06
1.50137e-06
-1.85073e-06
-1.19192e-08
-2.0358e-06
3.13284e-07
1.87669e-06
-2.80272e-06
2.10334e-06
-1.7422e-06
1.31069e-06
1.28253e-06
-2.36227e-07
2.24513e-06
-2.0089e-06
-2.79659e-06
2.0779e-06
-2.01013e-07
2.80873e-06
-2.80873e-06
2.81934e-06
-2.82067e-06
-1.5448e-06
1.99401e-06
6.57772e-08
-2.1721e-06
2.10633e-06
-3.22255e-07
2.06794e-06
-1.74569e-06
-1.11324e-07
2.14397e-06
-1.85972e-06
-2.82315e-06
-3.64981e-08
-2.79459e-06
-2.79322e-06
-3.36478e-09
-2.7956e-06
2.77766e-06
2.82403e-06
2.81221e-06
-2.81426e-06
1.3527e-06
4.85712e-07
2.80895e-06
-7.86834e-08
-1.7243e-07
-1.44308e-06
-4.21174e-07
2.10931e-06
-2.78238e-06
-1.32253e-08
4.02306e-07
-2.79256e-06
2.80626e-06
-2.80626e-06
-1.98943e-06
-2.80639e-06
1.19256e-08
-7.19772e-07
-5.13195e-07
1.93646e-06
1.08581e-07
-2.04504e-06
9.59917e-10
-2.15795e-06
2.02113e-06
-2.50635e-08
2.78813e-06
-6.63455e-08
-2.72178e-06
-2.7908e-06
-2.79402e-06
1.4519e-09
-2.13604e-07
2.80962e-06
-2.81361e-06
-1.97238e-06
-1.71311e-07
2.99346e-07
-1.5955e-06
-4.53731e-07
2.54339e-07
-2.13305e-06
-1.793e-07
2.67896e-07
-1.77592e-06
-2.79608e-06
-2.17339e-06
2.79556e-06
2.80504e-06
-2.80504e-06
-2.79154e-06
2.78462e-06
-2.7882e-06
-3.19581e-07
-4.22159e-07
2.79817e-06
-6.17094e-09
3.31958e-07
-2.75265e-06
2.02126e-06
-2.40196e-06
-2.79058e-06
-5.49898e-09
-2.79967e-06
2.0541e-06
-2.78593e-06
-2.27405e-09
2.07382e-06
2.1908e-06
2.79014e-06
-1.91183e-06
-1.6255e-08
-2.78605e-06
-2.12447e-06
-2.81826e-06
2.84831e-06
-3.005e-08
1.76163e-06
3.22484e-07
-2.14884e-06
-2.79021e-06
-2.33464e-06
2.80407e-06
2.77942e-06
5.91678e-09
-2.02126e-06
-1.73634e-07
-2.80325e-06
1.5064e-09
2.73362e-08
2.76079e-06
-2.01667e-06
-2.78633e-06
2.77299e-10
-2.77402e-06
-1.61923e-08
2.80342e-06
-2.80342e-06
-2.16198e-06
-2.78801e-06
-2.78418e-06
2.53381e-09
1.7734e-06
-2.22713e-06
1.83788e-06
2.77699e-06
2.68134e-09
-1.56349e-06
2.79207e-06
-2.79009e-06
-2.79582e-06
-2.78587e-06
1.69324e-09
-2.22949e-06
-2.78346e-06
1.36838e-06
1.16242e-06
-2.11869e-06
2.1016e-06
1.8306e-06
-1.86398e-06
2.80095e-06
2.81513e-06
3.03978e-09
-2.82e-06
-2.78569e-06
2.22725e-09
2.82894e-06
-2.78247e-06
-2.79702e-06
2.78698e-06
-2.56373e-06
-6.59658e-10
2.8003e-06
-2.8003e-06
-2.78521e-06
2.7431e-09
-2.83619e-06
2.12891e-06
-2.78942e-06
-2.83102e-06
-2.79221e-06
-2.78166e-06
-1.73592e-06
-2.52214e-07
-5.17621e-10
2.79724e-06
2.86749e-07
-2.29565e-06
-2.18996e-06
1.88664e-06
-2.78473e-06
3.07068e-09
2.79704e-06
-2.18273e-06
4.37046e-07
2.02715e-06
1.41372e-07
-1.88339e-06
-2.78079e-06
-3.32728e-07
-1.82538e-06
2.1207e-06
-2.79724e-06
-2.79876e-06
-2.78387e-06
3.08694e-09
-3.07412e-07
2.32854e-06
2.05828e-06
-1.90547e-06
-2.78005e-06
1.68096e-06
-1.79198e-06
-4.28223e-09
-2.78592e-06
2.8092e-06
1.50869e-07
-2.96007e-06
-2.11862e-06
-2.81884e-06
-2.78331e-06
3.25579e-09
-2.6698e-06
-4.16557e-07
-2.77923e-06
-1.46449e-07
-1.89859e-06
-1.03057e-06
-2.7851e-06
5.86354e-09
2.17327e-06
-2.13263e-06
-2.77733e-06
-2.78096e-06
-2.79071e-06
9.74507e-09
2.77699e-06
2.77942e-06
-5.27578e-09
-2.78323e-06
2.65175e-06
-2.78332e-06
2.11636e-06
1.48631e-07
1.94861e-06
-2.17656e-08
1.96595e-06
2.22305e-09
1.20277e-06
-2.78806e-06
2.78749e-06
-2.10223e-06
2.79478e-06
3.86616e-09
-2.1224e-06
-2.70598e-06
-2.41051e-06
-5.73153e-07
1.73916e-06
-1.75108e-06
-2.79263e-06
2.11345e-06
-5.54264e-09
-2.78046e-06
-2.78724e-06
2.78656e-06
-2.80461e-06
-2.78609e-06
-2.78916e-06
1.91902e-09
-2.78466e-06
-1.94491e-06
-2.13538e-07
-2.78627e-06
-2.73814e-06
-2.1672e-06
-2.78317e-06
2.08936e-06
-2.79147e-06
5.19867e-09
-2.7911e-06
2.12891e-06
1.1182e-06
-9.14095e-08
-2.75766e-06
1.75681e-06
-2.227e-06
1.32976e-06
1.30116e-06
2.11166e-06
-2.78177e-06
1.59582e-09
-2.75659e-06
-7.04709e-07
-2.77638e-07
-4.07236e-07
-2.78273e-06
-2.78333e-06
-2.78835e-06
-2.76769e-06
8.0903e-07
-2.48136e-06
-2.78091e-06
-2.78667e-06
2.78523e-06
-2.80097e-06
-2.09494e-06
-2.77661e-06
2.05683e-06
-2.05683e-06
-2.7919e-06
5.23268e-09
-2.78833e-06
-2.77391e-06
-2.79169e-06
3.35643e-09
2.79974e-06
-5.0084e-09
1.63452e-06
-2.78008e-06
-2.77667e-06
-3.54913e-07
1.24448e-07
1.93238e-06
-1.18848e-06
-9.46552e-07
-1.12234e-06
-1.07525e-06
2.24758e-06
-2.75234e-06
-2.11561e-06
-2.77895e-06
2.10481e-06
-2.78381e-06
2.55662e-08
1.78094e-06
-2.78398e-06
2.65823e-07
-2.77819e-06
2.78925e-06
-1.08555e-06
-1.13341e-06
-9.19206e-07
-1.23276e-06
-2.79756e-06
2.76839e-06
-2.77792e-06
-1.11582e-06
-1.10165e-06
-1.19812e-06
-9.90517e-07
-1.17885e-06
-1.03346e-06
-1.12079e-06
-9.76611e-07
-1.10391e-06
-1.09938e-06
-8.49786e-07
-1.31798e-06
2.1224e-06
-2.77858e-06
-2.77689e-06
-2.00979e-06
6.82176e-08
-2.77849e-06
1.3928e-06
-5.18484e-07
-1.79851e-06
2.31699e-06
-1.51964e-06
-2.77627e-06
2.00979e-06
-6.28467e-07
-2.77803e-06
-2.08126e-06
-1.9099e-06
7.87681e-07
1.84278e-06
-2.77528e-06
-2.77811e-06
-2.78012e-06
-2.3515e-09
2.78177e-06
-2.77748e-06
-6.33664e-09
2.78333e-06
-2.79359e-06
-2.1268e-06
-2.80534e-07
-2.77634e-06
-2.77441e-06
-2.08662e-06
-2.76842e-06
-2.77668e-06
-2.21379e-06
-2.7736e-06
3.7049e-07
-2.77302e-06
-2.77591e-06
2.19795e-06
-2.76921e-06
-2.77266e-06
2.10304e-06
-2.77522e-06
-2.11455e-06
-2.7664e-06
-2.9001e-07
-2.76936e-06
-2.78686e-06
-2.76286e-06
-2.77711e-06
2.1281e-06
-2.76622e-06
1.9905e-06
9.44792e-09
2.09672e-07
1.87499e-06
1.98423e-06
-2.76253e-06
1.57433e-06
1.00674e-06
-2.78741e-06
-2.76108e-06
-3.62347e-09
-1.80887e-06
2.6179e-06
2.79704e-06
1.87083e-08
-2.7575e-06
-2.763e-06
1.72215e-06
-2.01343e-06
-2.76284e-06
2.76476e-06
-2.75996e-06
-4.14761e-09
-2.78326e-06
2.05981e-06
-2.05981e-06
-2.31023e-06
1.13749e-06
-2.77806e-06
-2.77615e-06
1.36041e-07
-2.12941e-06
-2.20039e-06
-6.23872e-07
2.1672e-08
-2.78784e-06
-2.0782e-06
-2.22467e-06
2.22467e-06
-1.86816e-06
-2.12045e-06
-2.75323e-06
2.75846e-06
2.12045e-06
1.94599e-06
-6.94581e-09
-2.74833e-06
-1.37123e-06
-1.19136e-06
-2.74498e-06
2.74757e-06
-2.75258e-06
2.24683e-06
1.44623e-07
-2.09914e-06
-1.9905e-06
2.15872e-06
8.68926e-08
-6.48937e-08
2.12657e-06
-2.06168e-06
2.80054e-06
-2.10742e-06
2.50778e-06
-2.75234e-06
-2.18563e-06
1.57879e-06
-2.58883e-06
1.01005e-06
2.80322e-06
-2.66118e-08
-1.93238e-06
1.5996e-07
4.97267e-07
-2.03533e-06
8.77289e-08
2.0519e-06
-2.17245e-06
-2.07123e-06
-2.23732e-06
-2.08254e-06
1.62371e-06
-2.78347e-06
7.68143e-07
-2.29467e-06
-2.31891e-06
-2.1233e-06
7.62155e-09
-2.24562e-06
2.16279e-06
-2.09159e-06
2.08375e-06
-2.78013e-06
-2.13116e-06
-5.21747e-07
-1.59001e-06
2.07899e-06
-7.07976e-09
2.71395e-06
-2.71395e-06
2.70591e-06
-2.70591e-06
2.08425e-06
-2.08425e-06
-2.17245e-06
-1.91318e-06
-5.43132e-07
-1.93823e-06
-1.9533e-06
2.39035e-06
-2.38076e-06
1.9642e-06
-1.50194e-06
-1.02812e-06
1.29689e-06
2.2994e-07
1.98423e-06
-2.13989e-06
-1.95725e-06
-2.18563e-06
-2.01924e-06
1.95725e-06
-4.97911e-07
-4.0874e-07
-8.90194e-07
-1.48421e-06
-1.02485e-06
-2.72345e-07
-1.43317e-06
-2.20827e-06
-2.20039e-06
1.28908e-06
1.30505e-06
1.42926e-06
-2.6969e-07
-2.91047e-08
-1.7446e-07
2.05115e-06
-1.73352e-06
1.46117e-06
4.71724e-07
-2.21379e-06
1.81905e-06
3.72163e-07
2.08903e-06
-1.7533e-06
1.94252e-06
-3.31449e-07
2.34029e-06
-2.09773e-06
1.779e-06
-1.59298e-06
1.2985e-06
-7.1046e-07
-5.88368e-07
-1.04755e-06
-1.15718e-06
-1.06641e-06
-1.06659e-06
-2.227e-06
-1.94209e-06
2.14921e-06
-1.30368e-06
-8.45525e-07
5.79664e-08
1.85055e-06
-2.00136e-06
6.86908e-07
-1.72798e-07
3.41483e-07
1.6045e-06
1.36971e-06
-1.88971e-06
1.08103e-06
-2.02758e-06
1.04784e-06
-2.1231e-06
-2.05693e-06
2.13678e-06
-5.28375e-08
3.3091e-07
-1.72089e-06
2.48904e-06
-1.07388e-06
-1.15955e-06
1.80517e-06
-2.2045e-06
2.17633e-06
1.27036e-07
1.83377e-06
-1.83377e-06
2.04581e-06
1.69302e-06
2.47666e-06
1.93802e-06
2.49103e-06
9.51579e-07
1.98504e-06
-6.41687e-07
-2.22447e-06
-2.11317e-06
1.56831e-06
-1.41889e-06
-1.6843e-06
-7.82313e-08
2.05725e-06
4.94499e-07
8.03999e-07
-1.90661e-07
-1.66392e-06
-2.10429e-06
-6.85618e-08
-1.82348e-06
1.78844e-06
-2.04574e-06
-1.34394e-06
-2.1233e-06
1.77279e-06
2.03988e-06
1.71521e-06
1.69554e-06
4.89625e-07
1.58937e-06
-3.17714e-06
1.43317e-06
-2.02945e-06
-1.05046e-06
-1.32768e-06
8.93053e-07
-9.84462e-07
4.64278e-08
-2.22042e-06
1.70749e-06
7.14251e-07
1.52763e-06
-1.45004e-06
-1.09933e-06
2.20529e-06
-5.01058e-07
-2.51659e-07
1.95552e-07
1.87676e-06
-1.42197e-06
-1.80234e-06
-2.16897e-07
2.15735e-06
9.15558e-08
-8.17962e-07
1.07445e-07
-2.05234e-06
-1.68383e-07
-2.09994e-06
1.73203e-06
-1.12214e-06
-1.25665e-06
-2.23862e-06
-2.17369e-07
-1.90275e-06
-1.72782e-06
1.34394e-06
9.30581e-07
1.27576e-06
1.74126e-06
-1.57746e-06
-2.25501e-06
4.00177e-08
-8.29934e-07
-8.47882e-07
-1.61037e-06
2.05862e-06
7.53111e-07
1.55162e-06
1.94416e-06
2.01291e-07
-1.67964e-06
-1.89006e-06
2.01709e-06
-2.12097e-06
-1.82165e-06
2.28587e-06
-6.26013e-07
-1.66816e-06
-1.51498e-06
-1.85004e-06
-1.67832e-06
2.27946e-06
-1.67667e-06
1.73787e-06
3.59792e-07
1.65485e-06
-1.68393e-06
2.36333e-06
9.67185e-07
2.38327e-06
9.46189e-07
-1.68573e-06
2.36333e-06
2.38327e-06
-1.80515e-06
-1.79277e-06
-1.90952e-06
1.97774e-06
1.71463e-06
1.54471e-06
-1.57038e-07
1.05009e-06
2.3195e-06
5.01052e-07
1.75097e-06
-1.62027e-06
-1.88656e-06
1.72703e-07
1.67722e-06
1.48269e-06
-2.02138e-06
-1.76864e-07
1.95586e-06
1.73899e-06
1.8882e-06
-1.69265e-06
4.58448e-07
1.69403e-06
1.72626e-06
7.51704e-07
-1.55675e-06
1.85616e-06
-1.52906e-06
2.26508e-06
-1.80887e-06
-2.5401e-07
-1.78661e-06
1.45874e-06
-1.86191e-06
2.30636e-06
4.13109e-07
5.75155e-07
1.77614e-06
-9.96496e-08
1.64313e-06
5.31396e-07
1.64573e-06
-1.64573e-06
-1.81544e-06
1.67641e-06
-3.16427e-07
-1.4289e-06
-1.37061e-06
-1.26035e-06
1.37061e-06
-1.8163e-06
4.40053e-07
1.49332e-06
-2.86692e-09
-1.89573e-06
1.27804e-07
-1.71873e-06
1.9016e-06
-1.56573e-06
-1.79006e-06
-6.42825e-07
-1.43526e-06
2.69195e-07
-2.09458e-06
7.7706e-07
1.48421e-06
-1.72089e-06
1.8063e-06
-1.73425e-06
-2.54335e-06
1.23967e-06
1.32768e-06
1.7801e-06
7.73409e-07
1.50194e-06
1.77831e-06
1.76232e-06
-1.70312e-06
1.70312e-06
-1.81803e-06
-5.62817e-07
-1.63975e-06
2.99656e-07
1.37123e-06
1.48645e-06
5.16852e-07
1.77054e-06
-1.65941e-06
-1.82121e-06
-1.52208e-06
-5.91236e-07
-1.60367e-06
-6.84529e-08
2.69547e-07
7.07235e-08
8.56547e-08
-1.85714e-06
1.80975e-06
-2.00769e-06
-3.93814e-07
1.3105e-06
1.0065e-06
1.87488e-06
1.91576e-06
1.00085e-06
1.3895e-06
9.30487e-07
-1.83132e-09
1.70932e-06
1.01449e-06
1.63538e-06
5.76596e-07
1.51372e-06
1.30881e-07
-2.03988e-06
1.85646e-06
1.5851e-06
-1.5851e-06
1.53529e-06
-1.53529e-06
2.13386e-07
1.55497e-06
-1.55497e-06
1.58224e-06
-1.58224e-06
-2.03127e-06
-1.98152e-07
-1.55293e-06
1.52906e-06
2.17721e-06
-5.31483e-07
-2.64524e-07
-4.19325e-07
-1.81904e-06
-1.68595e-06
-1.27626e-06
-1.31258e-06
4.74085e-07
-1.88216e-06
-1.81445e-06
-5.7592e-07
-1.68627e-06
-1.7389e-06
-3.19724e-07
1.47227e-06
-1.72474e-06
1.71102e-06
1.50747e-06
1.11043e-06
1.07108e-06
-1.62403e-06
-1.61553e-06
1.93801e-06
1.10486e-06
-1.89646e-06
1.12219e-06
1.80088e-06
-6.38291e-07
-6.6528e-07
-1.73131e-06
1.72099e-06
-1.72834e-06
1.90658e-06
-1.87354e-06
1.77053e-06
1.85152e-06
-1.78738e-06
-6.71058e-07
-6.49968e-07
-6.54607e-07
-1.59204e-06
1.65046e-06
2.18116e-06
1.699e-06
1.56831e-06
-1.65586e-06
1.91603e-06
1.49641e-06
-1.6427e-06
-8.86114e-08
-6.55082e-07
-1.98248e-07
1.32887e-06
1.158e-06
1.78844e-06
1.78291e-06
-3.14957e-08
-1.97662e-06
-1.68911e-06
-1.25336e-07
1.99112e-06
-6.04839e-07
1.62969e-06
-6.1231e-07
-1.81508e-06
1.5897e-06
1.82725e-07
1.19775e-06
1.63916e-06
-1.6139e-06
-6.11043e-07
1.84922e-06
-1.50216e-07
9.32927e-07
1.33354e-06
2.11201e-06
-1.65574e-06
1.65075e-06
1.77162e-06
-5.80262e-07
6.01961e-07
1.67246e-06
-1.46392e-07
-1.36663e-06
1.5269e-06
-1.87276e-06
-5.62481e-07
1.55675e-06
1.53582e-06
1.43526e-06
1.05377e-06
1.75189e-06
-1.26039e-06
1.78661e-06
5.151e-07
-3.20858e-08
-1.63783e-06
-1.69305e-06
3.83015e-07
5.88565e-07
-1.7471e-06
-1.72733e-06
1.46072e-06
-1.70681e-06
1.86235e-06
-1.73792e-07
-1.36946e-06
1.54325e-06
-1.124e-06
1.18026e-06
1.0009e-06
-1.79792e-06
-1.9134e-06
2.35988e-07
-1.59205e-06
-1.50747e-06
-2.37326e-07
2.04949e-06
-1.88553e-07
1.72437e-06
6.44567e-07
2.51451e-07
5.76264e-07
1.30305e-06
-1.47684e-06
1.7981e-06
1.60167e-06
6.73024e-08
-1.72678e-06
1.65948e-06
-6.23698e-08
1.35016e-07
-4.08418e-07
1.58208e-06
-1.51477e-06
-8.83089e-07
3.67435e-07
-2.11384e-06
3.85294e-07
-1.48063e-06
-5.61303e-08
6.20923e-07
3.32781e-07
1.03394e-06
-1.41399e-06
-1.67937e-06
5.62428e-07
-1.79099e-06
2.28671e-07
1.55068e-06
1.71105e-06
1.09982e-06
-1.5157e-06
3.78214e-07
-3.30685e-07
-3.42583e-07
-1.60596e-06
-1.05058e-06
-1.17669e-06
-2.27744e-07
2.83214e-06
-1.01843e-06
2.84109e-06
-1.6574e-06
1.5225e-06
5.3875e-08
-1.70956e-06
-1.71336e-06
-4.27568e-07
1.28128e-06
-1.38756e-06
1.57106e-06
2.9196e-07
-9.54231e-08
1.78147e-06
1.45666e-06
1.71655e-06
1.82824e-06
-5.97219e-07
-1.47618e-06
-1.5742e-06
-1.43918e-06
-4.52872e-07
1.71217e-06
1.82483e-06
1.76036e-07
5.01296e-07
1.10817e-06
-1.73136e-06
1.66692e-06
1.77909e-06
-7.33556e-08
)
;

boundaryField
{
    front
    {
        type            empty;
    }
    back
    {
        type            empty;
    }
    wall
    {
        type            calculated;
        value           uniform 0;
    }
    inlet
    {
        type            calculated;
        value           nonuniform List<scalar> 
12
(
-3.20239e-06
-3.20655e-06
-3.21032e-06
-3.17556e-06
-3.30816e-06
-3.21997e-06
-3.30004e-06
-3.33051e-06
-3.32945e-06
-3.36503e-06
-3.36225e-06
-3.36239e-06
)
;
    }
    outletLeft
    {
        type            calculated;
        value           nonuniform List<scalar> 9(2.19759e-06 2.21897e-06 2.21747e-06 2.21231e-06 2.20328e-06 2.20473e-06 2.20739e-06 2.24752e-06 2.25616e-06);
    }
    aneurysm
    {
        type            calculated;
        value           uniform 0;
    }
    outletRight
    {
        type            calculated;
        value           nonuniform List<scalar> 9(2.13503e-06 2.15196e-06 2.18864e-06 2.0974e-06 2.16776e-06 2.133e-06 2.1549e-06 2.19326e-06 2.18526e-06);
    }
}


// ************************************************************************* //
