/*--------------------------------*- C++ -*----------------------------------*\
  =========                 |
  \\      /  F ield         | OpenFOAM: The Open Source CFD Toolbox
   \\    /   O peration     | Website:  https://openfoam.org
    \\  /    A nd           | Version:  12
     \\/     M anipulation  |
\*---------------------------------------------------------------------------*/
FoamFile
{
    format      ascii;
    class       surfaceScalarField;
    location    "0.03";
    object      phi;
}
// * * * * * * * * * * * * * * * * * * * * * * * * * * * * * * * * * * * * * //

dimensions      [0 3 -1 0 0 0 0];

internalField   nonuniform List<scalar> 
6438
(
-4.97489e-09
6.08604e-07
-6.03629e-07
-5.38868e-09
7.06838e-07
-7.01449e-07
-6.60783e-07
-1.11096e-07
7.71879e-07
6.25972e-07
-6.87436e-07
6.14643e-08
9.66392e-07
-7.54264e-07
-2.12128e-07
2.24376e-07
7.42016e-07
-7.46234e-07
8.54513e-08
-6.53239e-07
6.4785e-07
7.04261e-07
-8.43036e-07
1.38775e-07
6.5544e-07
-7.66742e-07
1.11302e-07
-6.34678e-07
7.69159e-07
-1.34481e-07
1.53712e-07
-6.97941e-07
5.44229e-07
-7.80105e-07
1.45427e-07
6.01434e-07
2.77933e-07
-8.79367e-07
5.66222e-07
-5.71197e-07
-3.06393e-08
6.61751e-07
-6.31112e-07
-8.35674e-07
8.09109e-07
2.65647e-08
-6.32612e-07
7.66297e-07
-1.33685e-07
-7.78438e-07
1.45826e-07
2.48401e-07
5.27652e-07
-7.76052e-07
-1.81978e-07
-1.1875e-07
3.00728e-07
-3.92138e-08
6.95937e-07
-6.56723e-07
-6.42318e-07
-1.05548e-07
7.47866e-07
-7.8579e-07
3.46148e-07
4.39642e-07
-6.85552e-07
6.46338e-07
-6.08207e-07
7.41432e-07
-1.33225e-07
-7.3834e-07
9.60222e-08
7.05216e-07
-5.51504e-07
-6.39358e-07
-1.16133e-07
7.55492e-07
-7.69569e-07
1.61362e-07
5.95324e-07
-7.42351e-07
1.47027e-07
3.0191e-09
-7.26274e-07
7.23255e-07
7.08898e-07
-7.11895e-07
2.99744e-09
-7.02788e-07
1.1943e-07
5.83358e-07
-9.527e-07
1.53806e-07
7.98894e-07
6.6836e-07
-6.65341e-07
6.72292e-07
-4.63196e-08
4.37562e-07
6.11623e-07
-1.04918e-06
-2.11992e-07
8.13426e-07
-6.25338e-07
6.88236e-07
-6.28982e-08
-7.28523e-07
7.21312e-07
7.21094e-09
-3.03439e-07
5.5184e-07
6.50388e-07
5.05212e-09
-7.81256e-07
7.65596e-07
1.56595e-08
7.01935e-07
-1.06611e-07
-5.16924e-07
4.86285e-07
-9.07479e-07
1.53215e-07
6.88092e-07
6.65783e-08
-7.5467e-07
-5.39205e-07
-1.63582e-07
-9.76977e-08
-6.45451e-07
7.33181e-07
-8.773e-08
-4.84423e-07
6.94409e-07
-2.09986e-07
6.96865e-07
-6.96865e-07
2.17511e-07
5.29964e-07
6.94181e-08
-5.99383e-07
3.09297e-07
1.48936e-07
-4.58233e-07
5.90247e-07
1.19805e-07
-7.10052e-07
5.70488e-07
-2.2434e-07
-3.30519e-07
-5.7696e-07
-6.11174e-09
6.13825e-07
-6.07713e-07
-7.58653e-07
7.58653e-07
-7.84063e-07
7.91019e-07
-6.95625e-09
3.14261e-08
5.84968e-07
-6.16394e-07
2.10539e-09
-7.16557e-07
7.14451e-07
6.64599e-07
-6.62493e-07
-7.24033e-07
8.46743e-08
-7.25933e-07
-5.53225e-08
-6.21354e-07
6.83017e-07
-6.16635e-08
6.91925e-08
5.97604e-07
-6.66796e-07
-7.33725e-07
7.05851e-07
2.78747e-08
7.1558e-07
-7.1558e-07
6.66142e-07
3.81191e-08
-4.36453e-07
-3.30289e-07
6.21618e-07
1.32842e-07
-7.5446e-07
-6.11352e-07
-1.17172e-07
5.42688e-07
4.20609e-07
-9.63297e-07
-8.40485e-07
5.37045e-07
-5.3646e-07
-3.04025e-07
7.34304e-07
-1.12686e-07
4.41158e-07
-1.31861e-07
5.99897e-07
6.60392e-08
-6.65936e-07
-7.39069e-07
-4.49941e-08
-1.07694e-07
-1.80387e-07
-5.78266e-07
8.01577e-07
-8.01577e-07
-5.3092e-07
-2.02805e-07
-4.95801e-08
-9.0312e-07
-6.912e-07
6.89271e-07
1.92938e-09
2.48874e-08
-7.02092e-07
6.77204e-07
-7.70622e-08
6.76959e-07
6.9207e-07
1.68283e-08
-7.23208e-07
-1.12466e-07
-7.29864e-07
7.47228e-07
-1.73635e-08
7.62766e-07
-4.26345e-07
-3.36422e-07
6.85222e-07
-6.60335e-07
1.46504e-08
7.68736e-07
-3.90833e-07
-3.77903e-07
4.35527e-07
3.27239e-07
7.04965e-07
-7.04965e-07
-5.40635e-07
7.74311e-07
-2.33676e-07
-6.78823e-07
3.33714e-08
-9.31052e-08
-5.49111e-07
6.42216e-07
-6.36576e-07
2.52242e-08
-6.82437e-07
1.41802e-07
5.8614e-07
1.27531e-07
-7.13671e-07
-4.54216e-08
6.31561e-07
-6.1488e-07
7.10099e-07
-9.5219e-08
-6.50603e-07
2.52652e-08
4.51948e-07
3.16788e-07
6.78893e-07
-1.34664e-07
2.89463e-08
6.67919e-07
-5.86851e-07
-4.97252e-08
6.12242e-07
1.3249e-07
-7.44732e-07
-3.38695e-07
-2.93604e-07
6.32299e-07
4.46291e-07
-5.85765e-08
-3.87714e-07
-7.26274e-07
1.48606e-07
7.24429e-07
-8.73035e-07
-3.38059e-07
1.56081e-07
7.25244e-07
1.61877e-08
7.89154e-07
-4.09785e-07
-3.79368e-07
2.66832e-07
5.22322e-07
7.28748e-07
-1.16505e-07
8.9615e-07
-4.58588e-07
-6.63013e-07
3.01785e-09
6.59996e-07
-9.49958e-07
9.52507e-08
8.54708e-07
-1.12671e-08
-6.60373e-07
6.7164e-07
7.24424e-07
4.11722e-08
-5.59756e-07
5.53644e-07
-6.67854e-07
6.81067e-07
-1.32125e-08
6.77116e-07
-6.88383e-07
6.98712e-07
-6.98712e-07
6.85976e-07
2.08624e-08
6.88608e-07
-1.58643e-07
6.79221e-07
-6.47795e-07
-5.97807e-07
5.04702e-07
6.55494e-09
6.59185e-07
-6.6574e-07
7.77089e-07
-5.41759e-07
-2.3533e-07
-7.16557e-07
-1.06939e-08
8.31688e-09
-6.61556e-07
-6.60468e-07
3.91144e-08
7.05965e-09
6.61301e-07
6.40077e-07
-5.70885e-07
-6.5977e-07
4.489e-08
6.6879e-07
-1.84017e-08
-2.43103e-08
5.82652e-07
-5.58342e-07
4.61228e-07
3.15861e-07
-6.8639e-07
1.48624e-07
5.37767e-07
6.97133e-07
-2.72422e-09
-9.25182e-07
8.30756e-08
8.42106e-07
-9.64346e-09
-6.56985e-07
6.66628e-07
4.35902e-07
1.03885e-08
4.19658e-08
6.55168e-07
6.49802e-07
5.54146e-08
6.73302e-07
-6.82945e-07
-7.00186e-07
-2.30213e-08
7.16849e-07
-7.71857e-07
5.5008e-08
-6.38711e-07
-2.43028e-08
-7.78112e-07
3.38003e-07
4.40109e-07
-6.89509e-10
6.72178e-07
2.37584e-08
-6.33883e-07
7.3659e-07
-1.02706e-07
-6.9462e-07
6.00329e-07
9.4291e-08
-9.45697e-08
2.43415e-07
-1.48846e-07
-2.1842e-07
-5.51149e-07
-7.02092e-07
-5.87818e-09
6.70477e-07
2.07976e-07
5.66335e-07
-1.15923e-08
-6.82048e-07
-3.50354e-09
-1.46447e-08
-7.4531e-07
6.29144e-07
1.16166e-07
-4.38885e-08
5.56121e-07
1.10021e-07
1.0899e-06
-4.78282e-07
-2.29601e-07
-5.48838e-07
6.82969e-07
9.10083e-09
-5.84185e-07
2.4549e-07
-2.65481e-07
-4.15373e-07
6.80854e-07
-2.35005e-07
-5.451e-07
-3.80671e-07
9.23359e-07
-7.05502e-07
2.3454e-08
-6.66295e-07
6.6892e-07
-2.62519e-09
-5.47684e-07
5.23374e-07
-8.14913e-09
-6.53026e-07
6.61175e-07
-7.18037e-07
1.25348e-08
5.98065e-07
-7.11232e-07
1.13167e-07
6.67458e-07
-6.75607e-07
5.94729e-07
-2.24456e-07
-3.70273e-07
-9.00925e-07
3.22424e-07
5.78501e-07
6.10053e-07
5.87369e-08
5.02941e-07
3.06168e-07
1.47142e-07
6.54435e-07
-1.77075e-07
-6.24502e-07
-7.27328e-07
7.2079e-07
6.53812e-09
-7.25321e-07
-2.00787e-09
-7.219e-07
-3.42028e-09
2.75336e-09
1.88111e-07
-1.05041e-06
8.62296e-07
-7.77866e-07
9.26472e-07
6.14598e-07
-6.08043e-07
6.57628e-07
2.75939e-08
5.35464e-08
5.41183e-07
-6.60373e-07
-5.98167e-07
5.95585e-07
7.39819e-08
-6.69567e-07
-3.37955e-09
-1.43507e-07
1.04769e-06
-9.04179e-07
9.9349e-07
-7.15556e-07
-3.02032e-07
4.50969e-07
-1.92359e-07
-5.85753e-07
-5.18532e-07
-3.82393e-07
-6.59417e-07
-4.07697e-08
-6.65107e-07
6.65049e-07
5.84372e-11
-1.04638e-07
6.23247e-07
-5.1861e-07
-7.14779e-07
7.19529e-07
-4.75039e-09
-7.07138e-07
-7.6404e-09
-9.08126e-07
5.80035e-08
8.50122e-07
-6.33113e-07
-4.10783e-08
6.74191e-07
7.1243e-07
7.09886e-09
-1.26429e-07
-7.76205e-07
2.85858e-07
4.90347e-07
4.32383e-09
-4.11282e-07
-3.64924e-07
-9.46999e-09
-7.36063e-09
-6.48931e-07
6.56292e-07
-6.66317e-07
3.32039e-08
6.01973e-07
8.09956e-08
6.93421e-07
-6.64475e-07
6.60645e-07
-6.68006e-07
6.58086e-07
1.90296e-08
3.237e-07
6.69789e-07
6.76987e-07
-1.20866e-07
-5.39448e-08
-8.96013e-07
-3.89249e-08
5.4261e-07
-5.03685e-07
-7.03923e-07
-3.21553e-09
-7.0377e-07
-1.52814e-10
7.09191e-07
-7.03891e-07
-5.29945e-09
7.01794e-07
7.3964e-09
-6.56985e-07
1.6126e-07
-2.20399e-07
5.91388e-08
-7.92894e-07
4.64906e-07
3.27988e-07
3.55304e-07
-7.12327e-07
3.57023e-07
-6.21313e-07
-5.75095e-08
-6.62882e-07
6.59644e-07
3.23792e-09
-6.8836e-07
6.63348e-07
2.50119e-08
-5.48962e-08
7.04561e-07
-6.49665e-07
-6.83764e-07
1.74473e-08
-7.59385e-07
9.47496e-07
-6.98297e-08
-6.16561e-07
-7.13842e-07
6.58946e-07
-5.59517e-07
-5.10888e-08
6.10606e-07
-5.20612e-07
6.97469e-07
4.32508e-09
-4.75378e-07
-1.2735e-07
1.41459e-07
-1.41088e-08
-6.30065e-09
2.59516e-08
-9.05353e-07
8.79401e-07
-5.02366e-07
-2.43868e-07
-7.06241e-07
6.9245e-07
1.37909e-08
-6.95403e-07
-1.08379e-08
-2.49273e-07
1.54703e-07
6.56893e-07
1.64085e-08
6.97006e-07
-1.12037e-07
6.95209e-07
-6.94859e-07
-3.49875e-10
-1.81224e-09
-6.43794e-07
6.45606e-07
7.27725e-07
-5.19749e-07
-8.68278e-09
7.18908e-07
4.0867e-07
-1.12758e-06
7.11397e-07
-7.11397e-07
1.11893e-07
6.4676e-07
-2.51071e-07
-4.45795e-07
-5.68114e-07
6.84741e-07
-1.16627e-07
-7.38463e-08
-6.14513e-07
6.57152e-07
-6.58964e-07
-6.27712e-07
9.44587e-09
6.18266e-07
1.21273e-07
-6.3804e-07
5.16767e-07
-6.60842e-07
6.53704e-07
7.13782e-09
4.23455e-07
3.0427e-07
-2.03093e-08
-1.07041e-07
-3.97108e-07
-3.95786e-07
-1.54938e-07
-7.05028e-07
7.11445e-08
-6.53026e-07
5.9139e-07
1.25459e-07
-5.47481e-07
-6.16455e-07
5.69387e-08
-6.29377e-07
3.63896e-07
7.14536e-07
-5.80627e-07
-1.33908e-07
1.21307e-07
5.72115e-07
-5.00484e-07
-2.37856e-07
-6.97247e-07
6.97247e-07
6.9882e-07
-6.72229e-07
-2.65909e-08
3.9611e-08
-6.60924e-07
-5.57877e-07
6.30451e-07
-7.25738e-08
-2.19963e-07
1.01213e-07
6.50623e-07
-6.53859e-07
3.23674e-09
6.85158e-07
7.29214e-09
6.91209e-07
7.61067e-09
1.04261e-06
-6.65631e-07
-1.81336e-08
-5.83716e-07
4.79078e-07
6.55757e-07
1.1701e-08
6.89235e-07
-6.85835e-07
-3.40041e-09
-6.16722e-09
-9.70106e-09
7.25357e-08
-5.90803e-07
5.18268e-07
-1.98323e-08
-9.0535e-07
2.16702e-07
4.81516e-08
-6.06028e-07
-6.58979e-07
6.4876e-07
1.02191e-08
6.56484e-07
-5.84186e-08
-3.04544e-07
-4.07351e-07
-9.21373e-07
6.81688e-08
-3.70201e-07
-1.09443e-07
2.73898e-09
6.76693e-07
-6.02711e-07
-6.48931e-07
-6.49852e-07
1.71482e-08
6.32703e-07
9.16663e-07
1.31023e-07
5.28029e-07
2.6299e-07
6.39833e-07
-2.84529e-07
6.66927e-07
-3.77832e-08
1.53678e-06
-1.12811e-06
-1.05041e-06
-3.37649e-07
-3.56971e-07
-8.66617e-09
7.1248e-07
-6.67529e-07
-4.49504e-08
6.75797e-07
1.54122e-08
7.83848e-08
-6.46499e-07
-4.78968e-07
5.51504e-07
6.54652e-07
5.99301e-09
5.08293e-07
2.26011e-07
6.86912e-07
2.55674e-08
6.86432e-07
-6.76677e-07
-9.7553e-09
-3.10342e-07
-4.32009e-07
-3.08095e-08
6.31138e-07
1.15076e-08
-7.27087e-07
5.6891e-07
-4.47636e-07
-1.00377e-08
1.4203e-08
5.55536e-07
-6.03368e-07
4.78323e-08
1.02799e-07
5.81942e-07
9.29473e-07
-9.03522e-07
3.24632e-07
4.08549e-07
-6.56833e-07
6.49927e-07
6.90591e-09
-1.50079e-08
-3.82841e-07
2.1056e-07
1.72281e-07
-7.02089e-09
7.12437e-07
-7.12437e-07
8.07219e-07
-4.69052e-07
-3.38167e-07
-5.86645e-07
-1.00791e-07
4.93692e-07
2.35055e-07
6.83125e-07
3.78686e-09
-6.43794e-07
6.38646e-07
4.19648e-09
-6.42843e-07
5.22177e-07
7.27087e-07
-7.23255e-07
1.829e-08
8.49493e-07
-7.54242e-07
6.56075e-07
-6.95209e-07
6.53555e-07
-1.4909e-08
5.88963e-07
-6.38747e-07
6.35706e-07
3.04116e-09
2.90332e-08
5.12434e-07
-5.41467e-07
-5.79637e-07
4.79137e-07
-4.32352e-08
6.0511e-07
8.31257e-08
-5.98886e-09
-5.61857e-07
-9.79133e-08
-8.43474e-07
5.33132e-07
2.05295e-09
-6.40763e-07
-6.81591e-07
-3.22508e-08
9.10895e-07
-4.90287e-07
6.44855e-09
-1.18968e-07
7.24126e-07
-6.05158e-07
-3.08823e-07
-7.40188e-08
6.35969e-07
-6.42517e-07
6.54826e-09
-6.56075e-07
6.52253e-07
2.8306e-07
4.02918e-07
-6.85978e-07
6.79671e-07
-1.24135e-07
5.47019e-08
6.0705e-07
6.71187e-07
6.54029e-08
7.24528e-08
8.88072e-08
-7.14451e-07
1.57395e-08
-5.65812e-07
6.44197e-07
-3.28153e-07
3.96322e-07
6.05619e-08
-5.94367e-07
5.33805e-07
-5.08505e-09
1.04571e-08
-5.92897e-07
-6.763e-07
6.63538e-07
1.27614e-08
-6.46851e-07
6.6224e-08
4.23254e-07
3.83965e-07
-3.6309e-07
7.44839e-07
-3.81749e-07
7.49236e-07
-6.99296e-07
-4.99403e-08
1.92482e-08
4.59889e-07
-6.43028e-07
-6.82398e-09
6.52645e-07
9.10138e-10
3.20291e-07
-1.09731e-07
8.30773e-07
-7.47697e-07
5.8943e-07
9.35878e-08
3.70321e-08
-6.62785e-07
1.00928e-07
1.00127e-08
-5.75824e-07
7.39686e-07
-5.97884e-07
6.02344e-07
-3.64723e-08
-5.73513e-07
6.09985e-07
-6.49773e-07
6.77085e-07
-8.16553e-09
-9.84061e-07
7.98823e-08
-4.32682e-09
6.3713e-07
1.27966e-08
-5.99339e-07
-6.6079e-07
6.58214e-07
2.57587e-09
7.90918e-07
-4.60112e-07
-3.30807e-07
-5.525e-07
-5.02722e-08
6.02772e-07
-1.21432e-09
-6.50198e-07
1.41239e-08
-7.13036e-08
6.97178e-07
-6.25874e-07
-6.39145e-07
6.42381e-07
-9.27958e-07
-1.35133e-07
-8.97149e-07
8.74405e-07
2.27444e-08
5.09005e-07
2.60154e-07
5.97905e-07
5.46539e-08
-6.52559e-07
6.36183e-07
-2.61305e-08
5.09968e-07
2.56329e-07
-4.54191e-07
1.45368e-07
-6.44625e-07
5.58178e-07
-6.3524e-07
-8.63928e-07
8.60839e-07
3.08915e-09
7.78406e-07
-6.246e-07
6.37547e-07
-1.8411e-09
3.96294e-08
-5.94642e-07
5.55013e-07
-9.63347e-09
-8.54295e-07
7.72275e-07
-7.72275e-07
-3.52305e-07
6.62283e-07
-3.09978e-07
-6.37448e-07
6.37448e-07
6.52513e-07
-5.76258e-07
-7.62553e-08
6.02119e-07
1.45109e-07
6.78997e-07
-5.5769e-07
6.72683e-07
-7.63406e-09
-5.24457e-07
-8.4743e-08
6.092e-07
-8.53533e-07
8.56556e-07
-3.02333e-09
7.8873e-07
-4.74618e-07
-3.14112e-07
1.14865e-07
5.64132e-07
-8.62473e-07
8.58083e-07
4.39012e-09
-2.3135e-10
-6.47105e-09
8.51016e-07
-8.44545e-07
-8.5936e-07
8.5936e-07
-1.03115e-08
6.4628e-07
9.23024e-07
-8.59884e-07
-6.31397e-08
-8.63072e-07
8.56601e-07
8.62146e-07
-8.57817e-07
-4.32897e-09
-6.28245e-07
-1.42715e-08
7.35368e-07
-1.00239e-08
8.56587e-07
-8.46563e-07
8.5683e-07
-8.58467e-07
1.63726e-09
-6.48706e-07
8.52293e-07
-1.27686e-09
-6.60117e-07
6.54376e-07
5.74115e-09
-8.52138e-07
8.55322e-07
-3.18384e-09
6.53154e-07
-6.36006e-07
-8.60779e-07
8.50755e-07
6.60913e-07
-2.10915e-07
3.13008e-07
4.11118e-07
-4.76025e-07
-3.67449e-07
-8.57787e-07
8.57787e-07
-8.61753e-07
-1.31938e-09
7.98042e-07
-1.47495e-07
-6.50546e-07
-5.59967e-07
3.7958e-07
2.17538e-08
8.53686e-07
-8.56394e-07
2.70852e-09
6.28455e-07
-6.2846e-07
5.4409e-12
8.80316e-07
-8.57328e-07
-2.29877e-08
8.49077e-07
4.60898e-09
8.47562e-07
9.02421e-09
-1.84335e-09
-6.35604e-07
-7.81932e-07
4.31577e-07
3.50355e-07
-6.34692e-07
6.38888e-07
8.51874e-07
-2.7975e-09
8.93292e-08
5.77598e-07
4.5754e-07
-1.7448e-07
-8.59587e-07
-1.19152e-09
7.00971e-07
4.15257e-07
-7.08862e-07
-1.09018e-07
-8.75043e-07
6.41094e-07
-6.4534e-07
4.24601e-09
-2.9853e-08
-8.67296e-07
6.67258e-07
-7.61316e-09
7.40429e-07
-5.06004e-07
-2.34425e-07
-6.4176e-07
8.53218e-07
-8.53218e-07
6.1163e-07
9.24355e-09
-6.20874e-07
6.58272e-07
-8.55044e-07
8.53893e-07
1.1511e-09
8.48807e-07
-8.57176e-07
8.36908e-09
5.36293e-07
-7.13368e-07
-2.37796e-09
-8.48984e-07
8.51362e-07
8.47014e-07
-8.49392e-07
-2.78938e-08
9.02298e-07
-6.75967e-07
7.3397e-07
-7.68957e-07
5.33952e-07
-1.35249e-08
8.74364e-07
7.33033e-08
3.77665e-07
9.17629e-09
7.88866e-07
-2.11103e-09
6.81843e-07
-6.79732e-07
-5.97041e-09
-8.57055e-07
-5.41764e-09
7.04991e-07
-7.11513e-08
-6.3384e-07
-8.5136e-07
8.5136e-07
4.9743e-07
-4.28012e-07
-8.58449e-07
8.56141e-07
2.30811e-09
6.56262e-07
-6.56262e-07
6.37993e-07
-9.53842e-09
8.52535e-07
-8.53916e-07
1.38172e-09
-8.22151e-07
2.23983e-07
-1.0434e-11
-6.33697e-07
6.33707e-07
6.86866e-07
-5.79886e-09
8.54189e-07
7.95707e-09
5.18329e-07
8.82696e-08
-6.06599e-07
8.56935e-07
-4.64192e-09
6.67482e-07
-6.67482e-07
8.51506e-07
-8.48455e-07
-3.05126e-09
-6.52284e-07
6.46999e-07
5.28444e-09
8.57933e-07
-8.55358e-07
-2.57471e-09
-8.5283e-07
8.5283e-07
1.27848e-07
5.9795e-07
2.02562e-08
-6.18206e-07
-8.5852e-07
8.56227e-07
2.2933e-09
-3.33112e-09
-6.43709e-07
6.40095e-07
9.99242e-10
7.97632e-07
-1.49191e-07
-6.48441e-07
5.51542e-07
8.49333e-07
-8.51707e-07
2.37354e-09
6.57614e-07
7.00778e-07
9.88471e-09
6.01745e-07
8.71003e-07
-1.6814e-08
8.46427e-07
2.9067e-09
6.23738e-07
-6.23738e-07
-3.28153e-07
8.6137e-07
-8.54546e-07
-2.6304e-09
8.54219e-07
-8.51035e-07
-3.18389e-09
1.70509e-08
-8.70613e-07
8.53562e-07
9.00214e-08
-8.62296e-07
-8.56949e-07
8.55431e-07
1.51826e-09
6.18665e-07
-6.18554e-07
-1.10661e-10
6.52513e-07
-5.75585e-07
5.75585e-07
8.48195e-07
-1.76801e-09
-6.36164e-07
-5.94642e-07
5.97905e-07
6.60863e-07
-7.15863e-09
-1.98842e-09
6.76444e-08
-8.42309e-07
8.54005e-07
-8.54369e-07
3.6432e-10
1.9707e-08
5.98958e-07
2.0251e-08
6.8474e-07
6.42312e-07
-4.31867e-09
-8.5515e-07
8.54076e-07
1.07457e-09
8.47524e-07
-8.50084e-07
2.56038e-09
-8.54192e-07
-4.25704e-09
8.51999e-07
-8.49666e-07
-2.33283e-09
6.43864e-07
1.23982e-08
8.52363e-07
3.7773e-09
-1.14553e-09
8.50582e-07
3.49343e-09
-1.50545e-10
-6.30571e-07
-8.6356e-07
9.26529e-09
-6.39177e-07
6.39177e-07
8.81942e-09
7.88813e-07
-6.49486e-07
1.25029e-07
4.64512e-09
8.52185e-07
3.53128e-08
-6.16643e-07
5.81331e-07
6.21882e-09
8.53142e-07
8.14006e-07
-8.87778e-07
6.44287e-07
2.31953e-08
8.47014e-07
-6.54003e-09
6.0449e-07
-6.20978e-07
2.42383e-09
6.12196e-07
-9.38666e-08
-8.49142e-07
8.49142e-07
-8.53641e-07
-4.87938e-09
5.76258e-07
-5.97307e-07
2.10498e-08
-8.53142e-07
6.27988e-07
-6.27998e-07
8.51921e-07
4.30574e-09
-8.52248e-07
-7.58791e-07
5.2919e-07
-8.5609e-07
8.54627e-07
1.46262e-09
5.80809e-07
5.53739e-08
6.33697e-07
3.75055e-09
-8.46323e-07
8.52269e-07
-5.94613e-09
-6.449e-07
6.3944e-07
5.46034e-09
-8.49015e-07
2.69146e-09
6.41056e-07
-9.60903e-10
3.45784e-08
-6.61192e-07
6.26613e-07
8.48888e-07
-8.52745e-07
3.85691e-09
6.90946e-07
-7.23197e-07
8.48771e-07
-8.48686e-07
-8.52587e-11
-5.40883e-07
5.40883e-07
-6.68286e-07
6.68286e-07
-8.47781e-07
-1.2336e-09
-3.96322e-07
4.69625e-07
-8.50273e-07
8.49009e-07
1.26338e-09
6.84671e-09
8.5094e-07
5.30187e-07
-4.69625e-07
-5.30187e-07
5.5922e-07
5.60969e-07
-6.45712e-07
7.77348e-07
-4.59432e-07
-3.17916e-07
-8.53261e-07
-3.68798e-09
-1.22826e-07
-5.5922e-07
6.82047e-07
8.52143e-07
3.2878e-09
-6.46377e-07
5.96282e-07
8.54724e-07
-8.52968e-07
-1.75603e-09
-8.49547e-07
-6.40583e-07
6.4491e-07
-2.11717e-08
-2.33145e-09
8.54206e-07
8.50463e-07
-6.33707e-07
-8.70853e-07
-5.11749e-07
6.52559e-07
-1.4081e-07
-8.45841e-07
-3.14263e-09
8.49486e-07
1.09598e-09
4.95455e-07
-5.06772e-07
1.13166e-08
9.90239e-10
5.97307e-07
-6.21258e-07
2.39503e-08
3.94018e-07
3.96901e-07
-8.52885e-07
-3.20494e-09
-6.47231e-07
8.45753e-07
-8.45024e-07
-7.28932e-10
8.51816e-07
2.81097e-09
-8.54371e-07
8.53425e-07
9.46155e-10
6.54137e-07
6.43864e-07
-8.47962e-07
8.46039e-07
1.92338e-09
8.53947e-07
-8.53547e-07
-3.99551e-10
-6.36081e-07
6.44287e-07
8.47549e-07
-8.47549e-07
3.47912e-09
8.54604e-07
-5.34975e-07
-1.14511e-07
8.49261e-07
-3.727e-10
-1.08769e-07
5.798e-07
-4.71032e-07
8.47129e-07
-8.464e-07
-7.29055e-10
2.63501e-09
8.50583e-07
8.45563e-07
-8.46354e-07
7.90745e-10
-8.55549e-07
-8.52409e-07
-5.13659e-07
7.77728e-10
8.53115e-07
-1.03378e-09
-8.50435e-07
8.51468e-07
-8.47598e-07
8.45716e-07
1.88178e-09
-8.52862e-07
-1.50901e-09
-6.45717e-07
-6.2432e-07
3.34189e-09
8.51946e-07
1.479e-09
-8.46821e-07
8.46459e-07
3.62118e-10
-8.47392e-07
3.26686e-09
8.44125e-07
8.52623e-07
2.10118e-09
-8.49945e-07
-3.02376e-09
-6.20882e-07
-2.85561e-09
8.52214e-07
-8.52723e-07
5.08887e-10
8.47431e-07
-8.48465e-07
-8.48904e-07
8.47723e-07
1.18092e-09
8.46772e-07
-8.46086e-07
-6.85542e-10
6.38733e-07
4.4447e-10
8.52475e-07
1.47223e-09
-8.51255e-07
-2.29259e-09
-8.54338e-07
6.4491e-07
-8.4724e-07
8.45523e-07
1.71745e-09
5.62499e-07
-5.98972e-07
-8.44846e-07
8.4805e-07
-3.20423e-09
8.47516e-07
-8.48802e-07
1.2859e-09
-2.18233e-09
-8.52009e-07
-8.53752e-10
-2.27029e-09
-7.52267e-07
5.33847e-07
-1.49742e-09
8.47431e-07
-1.4448e-09
-9.38624e-10
-8.52754e-07
7.45193e-10
3.27404e-07
7.16109e-07
-1.04351e-06
-1.7682e-07
8.52193e-07
2.11387e-11
-8.50583e-07
1.63378e-09
8.49727e-07
-8.51074e-07
-1.64849e-09
-6.40988e-07
-8.53619e-07
8.65008e-10
3.10367e-09
8.49431e-07
-1.20485e-10
4.11456e-09
-8.39228e-07
8.35114e-07
8.53397e-07
-8.52958e-07
-4.39674e-10
-6.52192e-07
1.17218e-07
8.51758e-07
-8.50267e-07
-1.49051e-09
-8.52282e-07
-6.32126e-07
-3.36141e-08
8.46601e-07
-8.45924e-07
-6.76928e-10
4.51349e-09
-8.40023e-07
8.3551e-07
-8.53182e-07
8.51556e-07
1.62618e-09
-6.45647e-07
6.40018e-07
5.62858e-09
7.17882e-10
-8.53157e-07
-4.61793e-10
-6.49837e-07
1.34723e-07
5.15113e-07
-8.5206e-07
-1.12185e-09
8.53096e-07
3.0132e-10
-8.5168e-07
-1.27721e-09
-3.51112e-09
-8.53207e-07
5.01146e-11
-6.13913e-07
-6.99404e-08
6.83853e-07
4.90181e-07
3.64508e-09
-8.49727e-07
6.40424e-07
-9.83859e-10
-8.46572e-07
8.46572e-07
-1.65157e-09
8.52692e-07
4.03883e-10
-6.83742e-10
1.36846e-09
1.40035e-09
8.53011e-07
-3.19188e-10
5.12397e-10
8.52799e-07
-8.52794e-07
-4.73032e-12
6.15623e-07
-6.15623e-07
-8.51059e-07
8.49184e-07
1.8757e-09
8.48023e-07
-8.47162e-07
-8.60738e-10
-1.23884e-09
8.5248e-07
5.3077e-10
8.52518e-07
2.81262e-10
-3.14029e-10
8.52515e-07
8.51791e-07
-8.52248e-07
4.57054e-10
-8.6e-07
-8.4905e-07
-2.00941e-09
6.56931e-07
-8.17127e-09
8.51011e-07
7.79718e-10
7.06838e-09
8.51681e-07
-8.5071e-07
-9.71219e-10
-6.08775e-07
6.08775e-07
4.90976e-09
8.47921e-07
-8.46415e-07
8.47797e-07
-1.38111e-09
8.51488e-07
1.92633e-10
4.27624e-09
6.38035e-07
8.50492e-07
-8.50134e-07
-3.57405e-10
-8.43713e-07
-2.70215e-09
8.48192e-07
-8.4888e-07
6.87409e-10
8.49917e-07
5.74772e-10
8.51464e-07
1.0538e-09
-8.32162e-09
-8.42113e-07
-1.22539e-09
-7.50627e-08
-5.71436e-07
8.46749e-07
-8.47578e-07
8.28945e-10
2.54465e-08
5.90177e-07
8.50395e-07
-8.49558e-07
-8.37735e-10
-7.83604e-10
-1.5103e-08
-7.06381e-07
7.21484e-07
-6.16024e-07
6.23125e-07
-7.10029e-09
-8.42728e-07
8.43013e-07
-2.84288e-10
8.49378e-07
1.01719e-09
-8.46797e-07
-5.28428e-07
8.55832e-07
8.49751e-07
-8.48494e-07
-1.25699e-09
-8.50523e-07
8.5054e-07
-1.75572e-11
8.4818e-07
-8.47419e-07
-7.61115e-10
-8.28472e-08
-7.27738e-07
8.10585e-07
8.48841e-07
9.10002e-10
-8.43427e-07
6.98587e-10
8.49875e-07
-8.48793e-07
-1.08264e-09
6.38733e-07
-6.52955e-07
6.52955e-07
8.49561e-07
-8.47902e-07
-1.659e-09
-1.68574e-09
8.49881e-07
-1.33898e-09
-6.39654e-07
8.48303e-07
1.25771e-09
-8.5043e-07
-1.62955e-09
-8.42077e-07
8.4254e-07
-4.62173e-10
8.50528e-07
4.82546e-10
1.4729e-08
8.41827e-07
-1.8132e-10
8.49828e-07
2.17085e-09
6.37412e-07
3.01128e-09
1.09728e-10
-8.42961e-07
8.83671e-10
6.50516e-08
2.43594e-09
2.7255e-08
8.47408e-07
-8.48195e-07
7.86813e-10
-8.41178e-07
8.4218e-07
-1.00175e-09
1.57687e-08
-6.38759e-07
6.22991e-07
1.14034e-07
-6.64141e-07
5.50107e-07
2.40016e-07
6.02598e-07
-6.02598e-07
8.46755e-07
-8.46755e-07
-6.92595e-07
3.88993e-10
-8.48351e-07
6.50238e-07
8.49534e-07
1.95425e-09
-1.59437e-07
-2.97807e-07
4.57244e-07
-8.42453e-07
1.27522e-09
-8.42782e-07
-2.78307e-08
3.60147e-07
-5.93777e-07
2.3363e-07
-6.0015e-10
5.8509e-09
8.42199e-07
1.33875e-09
6.39717e-07
-8.50827e-07
1.80821e-09
8.47334e-07
5.40589e-07
-6.59772e-07
1.19183e-07
5.50202e-07
-1.90056e-07
-1.07205e-09
-8.46526e-07
8.51009e-07
-8.45158e-07
-8.48465e-07
-8.40066e-07
8.39249e-07
8.16568e-10
2.15531e-10
8.48794e-07
8.45858e-07
8.96986e-10
7.7295e-07
-5.13382e-07
-2.59568e-07
-2.0906e-09
6.46377e-07
8.48536e-07
1.38083e-09
7.73137e-07
-8.55984e-07
5.863e-09
8.4216e-07
-1.00879e-09
-8.46232e-07
-8.41101e-07
1.03501e-09
-6.17375e-07
1.35121e-09
6.49215e-07
-5.20571e-07
-1.28645e-07
8.44331e-07
-8.44387e-07
5.57083e-11
-1.02168e-09
2.43415e-07
-3.42405e-07
-3.20548e-07
6.62953e-07
8.45968e-07
-8.47251e-07
1.28356e-09
6.69554e-07
-6.6031e-07
-1.85349e-09
6.45717e-07
-5.54116e-07
3.94679e-07
8.45087e-07
-8.45923e-07
8.35647e-10
8.50013e-07
-8.4415e-07
-6.37422e-07
2.17983e-08
-6.39481e-07
6.38141e-07
1.33948e-09
6.21258e-07
-6.36361e-07
1.38005e-08
8.41522e-07
-6.4627e-07
6.24851e-07
-2.2878e-08
8.48632e-07
-8.47601e-07
-1.03074e-09
6.60229e-07
-6.32272e-07
-2.79571e-08
8.45858e-07
-5.16824e-10
-8.46304e-07
-6.26111e-07
1.79061e-09
7.87837e-08
4.8033e-07
-5.59114e-07
-8.38988e-07
8.38056e-07
9.32532e-10
8.44473e-07
3.04282e-09
-5.34464e-07
-1.11248e-07
6.28741e-09
8.41892e-07
8.47143e-07
-8.49181e-07
2.0382e-09
8.46142e-07
-1.54885e-09
-8.43475e-07
-6.57796e-07
-1.11603e-07
8.4757e-07
1.8085e-09
9.02176e-07
-1.86066e-07
-5.31412e-09
8.46842e-07
-8.41528e-07
8.46344e-07
7.98418e-10
-8.4024e-07
1.2522e-09
-8.42454e-07
-6.23195e-09
-1.58267e-09
8.35437e-07
-8.33854e-07
1.11788e-09
8.46431e-07
8.50131e-07
-8.43843e-07
-8.47334e-07
-2.32122e-09
6.47231e-07
-9.24272e-10
6.41047e-07
-3.21373e-08
-6.0891e-07
8.87635e-09
6.3217e-07
-8.36673e-07
8.3509e-07
-8.47172e-07
-1.87818e-09
5.37825e-07
1.1139e-07
-3.00192e-09
6.55539e-07
-6.52537e-07
-5.41916e-07
-4.53835e-07
5.32619e-07
-7.06813e-07
8.89448e-08
6.17868e-07
8.46057e-07
6.62373e-10
-8.47062e-07
8.60023e-09
8.42409e-07
8.44819e-07
-8.44955e-07
1.3635e-10
8.46665e-07
-8.44125e-07
-2.54059e-09
-8.47786e-07
6.25031e-10
-1.29609e-09
-6.40096e-07
6.41392e-07
1.40728e-10
8.47582e-07
-5.87627e-07
1.72254e-07
-8.46735e-07
8.46233e-07
5.01798e-10
-8.37809e-07
8.36778e-07
1.03086e-09
7.95559e-09
6.89741e-07
-6.69485e-07
5.08247e-07
-1.2792e-08
-4.54772e-09
8.47326e-07
-8.42778e-07
-7.54673e-07
4.12268e-07
8.45763e-07
7.50339e-10
-8.46837e-07
8.46594e-07
2.24655e-09
-7.91076e-07
7.21506e-09
7.8386e-07
1.37736e-09
-8.39186e-07
8.44991e-07
-8.44104e-07
-8.87237e-10
-2.67563e-08
8.50239e-07
-8.23483e-07
-1.30732e-09
-1.74437e-07
7.95844e-07
-6.21407e-07
-6.37422e-07
-6.98028e-07
8.45518e-07
-4.31254e-10
7.5954e-09
8.42418e-07
8.25389e-07
8.53751e-07
-8.53672e-07
-7.89246e-11
7.4767e-10
-6.42614e-07
6.41867e-07
-8.46036e-07
8.45455e-07
5.8129e-10
1.73196e-08
-6.38202e-07
6.20882e-07
8.4714e-07
-8.46829e-07
-3.11219e-10
-6.56192e-07
6.5319e-07
8.44662e-07
-8.43998e-07
-6.63451e-10
2.38715e-09
8.44278e-07
-1.08697e-08
8.49127e-07
-8.4649e-07
7.07588e-09
-6.2347e-07
8.4653e-07
-8.46373e-07
-1.5667e-10
8.46084e-07
4.91489e-10
-8.46416e-07
8.41735e-07
1.75286e-09
-8.43488e-07
2.06584e-10
8.46628e-07
-8.44241e-07
-2.23498e-09
-6.41537e-07
6.43772e-07
4.55512e-07
-6.69565e-07
2.14053e-07
-1.40433e-07
-6.50643e-07
-6.22964e-07
-1.38265e-07
-5.45738e-07
-8.45607e-07
4.9938e-09
8.40613e-07
-6.45326e-07
6.41537e-07
3.78901e-09
-1.95768e-07
-5.176e-07
-8.45084e-07
7.55454e-07
-8.43359e-07
8.44872e-07
-1.51342e-09
-7.03775e-07
6.92918e-08
6.34484e-07
6.75059e-07
-5.18107e-07
-1.56952e-07
-8.46391e-07
1.7391e-09
8.44652e-07
6.4251e-07
-6.34193e-07
1.81161e-09
8.4318e-07
-8.46431e-07
8.80146e-10
8.45692e-07
8.45499e-07
2.80359e-09
-1.48795e-10
-8.46205e-07
-2.84843e-09
-8.43887e-07
-8.44224e-07
6.42091e-07
-6.34875e-07
-3.68147e-09
1.81079e-07
5.5935e-07
-5.76416e-07
5.76416e-07
7.47778e-09
8.42653e-07
-9.59298e-07
-7.81596e-07
7.82344e-07
8.46701e-07
6.41214e-07
-6.36161e-07
-8.45461e-07
8.42613e-07
-7.14601e-07
7.31921e-07
8.44834e-07
-8.44089e-07
-7.4426e-10
1.06277e-09
8.45687e-07
-8.55603e-07
6.44023e-07
-6.46258e-07
-8.4517e-07
1.45728e-09
3.1919e-07
8.4728e-07
-8.46252e-07
-1.02761e-09
-8.46698e-07
8.44885e-07
-8.44181e-07
-7.03374e-10
-8.44767e-07
-8.39581e-10
8.42878e-07
-8.4028e-07
-6.45813e-07
7.78303e-07
8.44148e-07
-8.43886e-07
-2.62166e-10
-1.50272e-09
8.43238e-07
-6.45326e-07
5.59624e-07
-6.05831e-07
4.62067e-08
-1.04205e-06
1.04205e-06
8.4631e-07
8.46466e-07
-2.1577e-09
1.45977e-09
-8.46093e-07
8.49212e-07
-3.11902e-09
8.44623e-07
-8.43908e-07
-7.14634e-10
-7.00971e-07
6.67357e-07
2.68653e-09
8.44156e-07
-8.46351e-07
2.32263e-09
8.44029e-07
-8.43808e-07
8.45618e-07
-8.44487e-07
-6.48023e-07
-8.45654e-07
2.88443e-09
8.42769e-07
-6.48754e-07
-1.87815e-09
6.33649e-07
-6.38186e-07
4.53738e-09
8.4351e-07
-8.44218e-07
7.07647e-10
1.62735e-08
-8.4565e-07
8.44222e-07
1.42786e-09
8.45429e-07
-6.2006e-07
-6.15951e-07
-1.01601e-08
8.46192e-07
-8.46192e-07
-4.40519e-09
6.43138e-07
-8.45692e-07
8.44463e-07
-8.43748e-07
-7.15024e-10
8.46014e-07
-4.77645e-09
-8.4489e-07
-6.29274e-07
-7.71069e-08
-6.47103e-07
5.04912e-07
-5.64355e-07
5.94428e-08
-1.25886e-07
-5.46363e-07
6.72249e-07
8.4286e-07
-8.40599e-07
5.49173e-07
-6.38759e-07
-1.87623e-09
-8.44515e-07
8.4493e-07
-8.44227e-07
-7.02999e-10
6.49306e-07
-6.52809e-07
-1.78372e-07
-1.18106e-07
2.96478e-07
-6.73186e-07
6.78238e-07
6.52014e-07
-6.43138e-07
-2.57044e-09
-6.3217e-07
6.3474e-07
-3.47561e-09
-6.27267e-07
6.30742e-07
2.22768e-09
-6.59017e-07
6.56789e-07
6.10345e-09
-6.61185e-07
6.55082e-07
3.28559e-09
-6.47218e-07
6.43932e-07
-1.04005e-09
-6.33903e-07
6.34943e-07
-7.11211e-10
-6.33541e-07
6.34253e-07
3.80447e-07
-2.56364e-07
-1.24083e-07
5.61793e-07
4.24888e-09
8.43077e-07
6.18066e-07
-6.22502e-07
4.43559e-09
1.98675e-09
-8.44583e-07
8.42596e-07
8.46814e-07
-8.46814e-07
8.35595e-07
-9.34202e-12
-8.35586e-07
-2.92441e-09
-8.42537e-07
8.444e-07
-8.43656e-07
-7.43705e-10
-5.24808e-07
-6.89008e-07
-1.47678e-08
5.54211e-07
1.06018e-07
8.4616e-07
-8.44935e-07
-1.225e-09
-6.44104e-07
6.70669e-07
2.8491e-09
8.43779e-07
-4.64549e-07
-2.90123e-07
6.84667e-09
6.05538e-07
-6.12385e-07
-4.32918e-07
-7.38535e-08
-1.45189e-07
-8.8883e-08
2.34072e-07
6.36419e-07
6.36507e-07
6.64198e-07
6.64376e-07
6.59842e-07
6.50661e-07
-3.02025e-09
-6.37683e-07
6.40704e-07
6.38378e-07
-9.65526e-10
-2.49624e-07
8.44681e-07
-8.42694e-07
-2.11026e-08
6.80049e-07
-8.47024e-07
-5.77921e-07
7.16696e-07
8.34723e-07
3.70573e-10
-8.35093e-07
8.47928e-07
-1.73618e-09
-8.46101e-07
3.10441e-09
8.42997e-07
-6.37521e-07
-6.40096e-07
6.40146e-07
-6.43166e-07
-5.82218e-07
7.02939e-07
-1.20721e-07
-1.53315e-09
-8.44121e-07
4.40791e-07
-5.4956e-07
1.39077e-09
-8.45495e-07
-8.44475e-07
-2.2457e-07
-3.29546e-07
-8.42974e-07
-1.60866e-09
6.47667e-07
2.02074e-07
4.94731e-07
8.43567e-07
-8.42913e-07
-6.54192e-10
6.42375e-07
-4.24628e-07
-2.17746e-07
-3.0633e-07
1.61142e-07
-3.55433e-07
7.67701e-07
-3.07811e-07
6.394e-07
-3.31589e-07
3.61404e-10
8.45606e-07
-8.39773e-07
8.44158e-07
-8.4465e-07
4.91402e-10
-4.78038e-07
2.03424e-07
2.74614e-07
-2.74597e-09
-6.3751e-07
6.40256e-07
8.83861e-07
-3.90035e-07
-4.93826e-07
5.6276e-10
8.35033e-07
-1.84088e-07
-2.93951e-07
-6.17043e-07
6.23889e-07
5.27057e-07
3.4736e-08
-6.14024e-07
-1.23508e-09
-6.38082e-07
6.39317e-07
6.58329e-07
-6.38622e-07
-3.91394e-07
-1.4938e-07
5.40774e-07
-8.42904e-07
8.43158e-07
-2.54333e-10
-6.22033e-07
6.29108e-07
8.43753e-07
-8.44313e-07
-5.63816e-07
-1.25997e-08
-8.5014e-07
8.46956e-07
-4.40451e-07
6.30096e-10
8.44242e-07
7.3593e-07
-4.06699e-07
-3.29231e-07
6.22007e-07
-1.17095e-07
6.96977e-07
-9.1439e-08
6.39269e-07
-6.42015e-07
8.42687e-07
-8.42677e-07
-9.94296e-12
6.39514e-07
-6.40749e-07
7.757e-10
-8.42207e-07
8.41431e-07
-3.5497e-07
-8.54808e-08
2.84438e-09
-6.48657e-07
-8.44629e-07
1.20171e-09
5.63816e-07
-5.97054e-07
3.32374e-08
-9.09568e-08
6.89915e-07
-2.66767e-09
-6.26606e-07
6.36355e-07
5.73524e-09
8.43592e-07
-8.43052e-07
-5.39659e-10
1.03862e-09
8.44819e-07
4.28119e-07
-6.38287e-07
6.41132e-07
4.1483e-07
-2.45847e-09
-8.43643e-07
-3.21826e-07
-2.46823e-07
5.6865e-07
-6.10293e-07
-5.65764e-09
5.73299e-07
-5.17081e-07
-5.6218e-08
-1.16314e-07
6.69707e-07
-5.53394e-07
8.44142e-07
-8.43487e-07
-6.55352e-10
1.13744e-09
8.43696e-07
5.36541e-09
6.43077e-07
-6.48442e-07
5.52878e-10
-8.44642e-07
-6.31968e-07
6.33759e-07
8.43836e-07
-8.4477e-07
9.34265e-10
8.47928e-07
-3.65474e-09
-5.8882e-07
-2.58149e-08
6.14635e-07
-8.49714e-07
-3.69947e-10
7.43398e-09
-6.46915e-07
-8.65287e-07
8.43485e-07
-8.42709e-07
-5.40669e-07
1.17333e-09
-2.08902e-09
-8.4317e-07
8.43628e-07
9.94939e-10
-8.80428e-07
1.24871e-10
-8.44033e-07
-3.72976e-08
-4.74193e-07
1.76386e-07
-8.45891e-07
8.45891e-07
-5.32881e-07
6.51428e-07
-1.18548e-07
8.47493e-07
-5.05938e-07
6.30816e-07
-1.24878e-07
-5.45335e-07
6.6027e-07
-1.14934e-07
-6.33182e-07
-9.48079e-09
6.52778e-07
-6.43298e-07
-5.48783e-07
5.34657e-07
-1.39978e-07
8.44752e-07
-8.45865e-07
1.11347e-09
8.44617e-07
-8.4573e-07
1.1131e-09
8.44037e-07
-8.45234e-07
1.197e-09
-9.39582e-10
-8.4471e-07
-5.07707e-07
6.41153e-07
-1.33447e-07
8.44301e-07
-8.43645e-07
-6.554e-10
8.43997e-07
1.18736e-07
-6.76425e-07
8.43557e-07
9.06204e-10
-8.43934e-07
1.86363e-10
1.99515e-07
8.4391e-07
-8.44624e-07
7.13619e-10
1.76386e-08
6.34376e-07
-6.52014e-07
-6.19673e-07
-2.35954e-09
6.22033e-07
-8.45733e-07
-8.43884e-07
8.42804e-07
1.07944e-09
6.42952e-07
-6.35518e-07
-8.44552e-07
8.43495e-07
1.05667e-09
-6.2525e-07
5.99222e-07
2.6028e-08
-8.44656e-07
8.43631e-07
1.02476e-09
8.45964e-07
-8.44946e-07
-1.01723e-09
-6.32947e-07
6.38312e-07
-6.81024e-07
-3.68161e-07
-6.94235e-07
-1.44573e-07
6.97441e-07
-5.52868e-07
8.42785e-07
-2.41734e-09
-8.41581e-07
-6.38202e-07
6.1641e-10
-8.44867e-07
8.44251e-07
-6.72193e-07
6.40056e-07
1.3723e-09
8.45158e-07
8.43357e-07
1.04258e-09
-8.43865e-07
2.08869e-10
-6.63843e-08
-2.39946e-07
-6.45635e-07
6.36154e-07
-6.71452e-07
1.15635e-07
5.55816e-07
-2.25827e-07
-2.48366e-07
-6.42614e-07
6.6931e-07
1.03641e-07
1.8569e-10
8.43084e-07
-8.4327e-07
6.36361e-07
-6.39028e-07
-8.45334e-07
8.49593e-07
-8.47032e-07
-2.11605e-07
-1.77866e-07
3.89471e-07
-6.02069e-07
-2.14016e-08
-8.49866e-07
1.41097e-09
-2.29056e-08
-6.38626e-07
6.3751e-07
1.11606e-09
6.98509e-07
-6.63381e-08
8.4439e-07
-8.43604e-07
-7.85331e-10
8.4326e-07
3.07034e-10
-8.43756e-07
8.43433e-10
8.43906e-07
-8.4418e-07
2.74111e-10
-5.47422e-10
6.31288e-10
-8.47664e-07
-6.23889e-07
-1.35323e-08
2.45329e-08
-6.91582e-07
-4.45071e-09
8.47138e-07
-8.54584e-07
-2.45818e-10
-8.41961e-07
-6.90946e-07
6.69843e-07
3.11499e-10
6.17755e-07
-6.38697e-07
6.38082e-07
6.1509e-10
-5.50023e-07
-1.14118e-07
6.45783e-07
6.07126e-07
-6.32941e-07
8.43592e-07
-8.43441e-07
-6.53059e-07
6.38414e-07
-5.66573e-07
-2.98714e-07
8.43352e-07
-5.76132e-10
-8.43605e-07
7.73137e-07
-6.45361e-07
8.50507e-08
5.6031e-07
1.33114e-07
-6.46496e-07
1.01739e-07
8.1262e-09
1.09494e-07
-6.70163e-07
5.60669e-07
1.29564e-07
-7.8913e-07
6.59566e-07
8.43403e-07
7.39202e-10
-8.12723e-10
-8.43574e-07
1.04804e-07
-6.61524e-07
5.5672e-07
-8.43725e-07
2.38534e-10
8.33557e-09
6.29806e-07
-7.14752e-07
-7.08206e-07
9.79134e-08
-5.86305e-07
6.37683e-07
-6.39676e-07
1.99334e-09
-2.75193e-09
-8.43171e-07
2.99234e-09
8.41689e-07
-4.9201e-07
-4.71287e-07
6.41058e-07
-6.41058e-07
-6.19673e-07
-6.04428e-07
-6.44104e-07
-8.39282e-07
-1.95528e-09
8.41237e-07
-5.86501e-07
-5.97694e-08
1.20144e-07
5.53791e-07
-6.73934e-07
1.26918e-07
5.27001e-07
-6.53919e-07
1.15102e-07
-6.86138e-07
5.71036e-07
6.17251e-07
6.69976e-07
-5.5124e-07
6.67357e-07
7.01746e-07
-6.17072e-07
6.2146e-07
-6.44366e-07
8.44276e-07
-8.43598e-07
-6.78446e-10
-8.17759e-07
-6.3884e-07
8.43276e-07
1.02415e-09
-8.43737e-07
9.19987e-11
8.43236e-07
-3.77279e-08
8.43458e-07
-8.44316e-07
8.57322e-10
8.44901e-07
-8.41368e-07
1.41646e-08
-5.23645e-07
5.0948e-07
3.16087e-10
6.4899e-07
5.53635e-09
6.9621e-07
7.16147e-07
-6.0914e-07
-5.11335e-07
-1.34026e-07
4.29458e-08
5.79061e-07
-6.53749e-07
-8.44034e-07
8.44018e-07
1.56345e-11
6.56192e-07
-6.69843e-07
1.36515e-08
-6.68608e-07
1.18585e-07
-9.14491e-07
1.27843e-07
7.86647e-07
8.44406e-07
3.98279e-07
5.5445e-07
8.45071e-07
-8.45071e-07
-2.94926e-07
9.62754e-10
6.34376e-07
-6.4662e-07
2.64439e-09
6.43976e-07
-8.43733e-07
-8.44819e-07
8.43272e-07
1.11795e-09
-8.43619e-07
1.46044e-11
8.42472e-07
-3.99355e-11
-8.44187e-07
-6.58736e-07
5.67749e-09
6.57643e-07
-5.52839e-07
-5.0435e-07
6.18751e-07
-8.45787e-07
6.85579e-07
-5.52466e-07
6.60322e-07
-5.50828e-07
6.80266e-07
-5.50702e-07
-9.99355e-10
8.4379e-07
-8.47186e-07
6.44416e-07
-6.3608e-07
-6.20384e-07
6.20695e-07
-8.41905e-07
-4.1508e-10
8.4232e-07
1.40573e-07
6.41771e-07
-1.77903e-09
-8.43176e-07
1.13388e-08
6.29875e-07
-4.05498e-07
3.12117e-07
9.33807e-08
-6.38626e-07
6.64779e-07
-5.44635e-07
6.68935e-07
-5.42017e-07
6.68961e-07
-5.53858e-07
6.40623e-07
7.46887e-09
-7.15675e-07
8.55984e-07
-8.19647e-07
-9.48438e-08
6.41567e-07
-6.41567e-07
5.66305e-07
-8.59753e-08
-3.93175e-07
3.07694e-07
5.5663e-07
1.13077e-07
8.43436e-07
8.40676e-10
8.51744e-07
-8.45918e-07
-5.82532e-09
-8.43679e-07
8.06134e-11
-8.44319e-07
8.43167e-07
-8.43857e-07
6.89852e-10
-6.40005e-07
7.83507e-09
-6.39659e-07
1.23924e-08
-6.4061e-07
-1.84063e-08
-6.35679e-07
-2.55063e-08
-6.59931e-07
1.27132e-08
-6.50166e-07
1.62632e-08
-6.48163e-07
1.46217e-08
-1.15958e-09
8.42882e-07
-8.41723e-07
-8.44324e-07
1.36349e-09
-1.82429e-09
8.49752e-07
8.43264e-07
-8.44279e-07
1.01541e-09
-7.694e-07
1.46435e-07
-2.98217e-09
5.40028e-07
2.18503e-08
-6.7702e-07
6.5517e-07
-7.35854e-07
4.68463e-08
8.44711e-07
-8.44019e-07
-5.71019e-07
6.05755e-07
4.29449e-10
-8.44463e-07
8.42251e-07
1.23355e-09
6.40155e-07
-6.40155e-07
-6.17043e-07
3.90422e-07
5.63806e-07
1.94944e-10
-8.42872e-07
-6.38697e-07
-3.84919e-09
-4.12377e-07
1.52869e-06
-1.11631e-06
-4.99781e-07
-6.15106e-07
1.11489e-06
-8.42766e-07
8.42766e-07
2.2193e-13
6.41992e-07
-6.41675e-07
6.22619e-07
-6.17082e-07
-6.39317e-07
6.39499e-07
-1.8141e-10
5.88957e-07
-5.74793e-07
2.17133e-07
-2.0804e-07
-9.09304e-09
-6.90951e-07
5.47906e-08
-1.17241e-07
6.29606e-07
-5.63065e-08
-2.69606e-11
-7.35827e-07
8.42652e-07
2.12229e-10
-8.43265e-07
6.48866e-07
6.59189e-07
6.39796e-07
-4.55549e-07
3.96972e-07
-5.80621e-07
8.43961e-07
-8.43633e-07
-1.18027e-07
-5.50581e-07
-2.14477e-09
-8.67513e-07
9.95356e-07
5.35937e-07
1.17595e-07
-6.53533e-07
-1.0934e-06
8.44705e-07
6.39116e-07
-6.21175e-07
-8.42192e-07
-8.42915e-07
8.44019e-07
-1.10339e-09
6.70669e-07
5.96257e-07
-6.09049e-07
-5.48292e-07
6.43776e-07
-9.54843e-08
-3.55255e-09
8.38275e-07
8.43124e-07
-8.43804e-07
6.80003e-10
-1.71617e-09
-6.89153e-07
6.90937e-08
-6.3447e-07
-3.71609e-09
-3.99989e-10
-3.36776e-10
-3.06544e-10
-3.07961e-10
-3.9925e-10
-4.65518e-10
-3.33975e-10
-3.42502e-10
-4.06857e-10
6.69683e-10
8.46838e-07
4.90617e-09
-6.55384e-07
8.28138e-09
-6.39676e-07
6.32941e-07
-6.49132e-07
-8.4379e-07
8.43599e-07
-2.03256e-09
8.43481e-07
5.86585e-07
1.10856e-07
-1.55475e-08
6.61886e-07
-4.9707e-07
-6.5319e-07
7.86435e-09
1.3357e-07
-7.98046e-07
9.3624e-08
-5.56386e-07
4.62762e-07
9.80177e-08
-6.52031e-07
5.54014e-07
9.39623e-08
-6.29934e-07
5.35972e-07
1.58248e-07
-7.57587e-07
7.72551e-08
-5.95756e-07
5.18501e-07
2.4289e-07
-6.74899e-07
3.3649e-09
-6.4959e-07
1.1671e-07
-1.75126e-10
8.44927e-07
-6.25398e-07
1.19461e-07
-2.34811e-10
8.44852e-07
-8.43848e-07
-6.59963e-07
1.14627e-07
-8.43942e-07
2.8981e-10
8.43747e-07
-8.43517e-07
1.15979e-07
-6.62342e-07
-6.34376e-07
-6.34375e-07
-6.34869e-07
-6.33103e-07
-6.47169e-07
-6.47125e-07
-6.41257e-07
7.28319e-07
-5.14266e-07
8.44097e-07
-8.43629e-07
6.38376e-07
1.66228e-07
-6.86839e-07
6.20758e-07
-6.2374e-07
-8.42145e-07
-1.36793e-07
6.30485e-07
-1.3556e-07
7.01895e-07
-7.14299e-09
-8.34991e-09
-1.02628e-08
-1.12977e-08
2.06607e-08
-6.80996e-07
1.83017e-08
-6.80795e-07
2.60829e-08
-6.91424e-07
-8.41668e-07
-8.41551e-07
4.47813e-11
8.4276e-07
9.13145e-10
8.42582e-07
-5.55373e-07
-6.43518e-07
3.86427e-09
-6.51492e-07
1.09091e-08
-6.54113e-07
1.04042e-08
-6.52901e-07
1.11405e-08
-6.57168e-07
8.46199e-09
-6.54721e-07
1.00956e-08
-6.55889e-07
6.11536e-09
6.44986e-07
1.69137e-08
-6.61899e-07
8.42759e-07
-8.43467e-07
1.50088e-09
8.4213e-07
-2.25944e-08
1.41349e-10
-6.52951e-07
-6.27284e-07
-8.43536e-07
6.20361e-10
8.4299e-07
1.02844e-09
2.03475e-09
6.40416e-07
-6.4245e-07
2.30049e-08
-2.24907e-08
6.21713e-07
7.78788e-07
-4.85691e-10
-6.19895e-07
-2.60674e-09
-6.28212e-07
-9.62021e-09
6.37832e-07
7.15874e-07
-1.2935e-08
8.42577e-07
-8.44616e-07
2.03941e-09
1.2825e-07
-4.85131e-07
-1.31512e-07
-6.66319e-07
-6.68978e-07
1.17474e-07
-6.24081e-07
1.16374e-07
3.99088e-07
9.09869e-08
-7.22099e-07
-2.45992e-09
5.42855e-07
1.20694e-07
-6.63549e-07
-6.66598e-07
9.10045e-08
5.75594e-07
5.34869e-07
1.16559e-07
5.51573e-07
1.17388e-07
5.52534e-07
1.16401e-07
5.11915e-07
1.18901e-07
5.48143e-07
1.16635e-07
5.4624e-07
1.14029e-07
5.42302e-07
1.15342e-07
1.1608e-07
-6.6892e-07
-8.44435e-07
-4.32626e-10
-8.44841e-07
-1.25236e-09
-6.39422e-07
9.99184e-08
5.39504e-07
-5.38282e-07
-5.18355e-07
1.05664e-06
8.43743e-07
-7.52495e-10
-8.87644e-10
-8.42998e-07
8.43676e-07
-8.49076e-07
1.09405e-08
8.38135e-07
-5.29658e-07
-7.69413e-08
8.44115e-07
-8.43274e-07
6.15344e-08
-9.29047e-07
5.28007e-07
1.13146e-07
6.33442e-07
5.9805e-07
9.81599e-08
6.61248e-07
-1.04618e-07
1.99348e-08
-6.04061e-07
5.84126e-07
-6.46132e-07
1.00915e-07
-6.59253e-07
5.58338e-07
-8.55761e-09
6.4225e-07
-1.15071e-08
6.38393e-07
1.83954e-08
6.38438e-07
1.66435e-08
6.29932e-07
1.40002e-08
6.49699e-07
-1.47556e-08
6.48841e-07
-1.45881e-08
6.43099e-07
1.31702e-09
6.24278e-07
-1.15385e-09
-6.38947e-07
4.47605e-09
6.87124e-09
8.45397e-07
-8.44766e-07
-6.37859e-07
4.91215e-09
3.50232e-09
5.41391e-07
-6.5265e-07
1.11259e-07
-5.59805e-07
6.19248e-07
-1.28417e-09
-7.46912e-07
1.00292e-07
5.96039e-07
8.58037e-08
8.42915e-07
-8.43612e-07
6.97022e-10
-8.43443e-07
8.43443e-07
6.629e-07
-1.26962e-07
-6.46114e-07
1.17377e-08
-6.49303e-07
1.49277e-08
-6.48842e-07
1.3973e-08
-6.41072e-07
7.96935e-09
-6.58161e-07
1.09915e-08
-6.58936e-07
1.18109e-08
-6.49214e-07
7.95712e-09
-6.41192e-07
5.67427e-09
-1.75439e-09
-8.45909e-07
3.63655e-09
8.42743e-07
9.9973e-10
-8.47743e-07
6.28493e-07
-6.15132e-07
4.75154e-07
-1.17661e-07
6.33269e-07
5.04299e-09
-5.78183e-07
5.54041e-07
-6.27894e-07
8.44076e-07
5.88735e-07
-4.87072e-08
4.18775e-07
-5.72195e-07
-6.13315e-07
9.72778e-07
-9.11243e-07
5.51735e-07
-6.64307e-07
1.12572e-07
-6.61197e-07
1.16562e-07
8.40424e-07
-8.43977e-07
-6.58513e-07
1.16496e-07
-6.71795e-07
1.17937e-07
5.48435e-07
1.12812e-07
5.64665e-07
1.15601e-07
5.45068e-07
1.15254e-07
5.68155e-07
1.17425e-07
5.49124e-07
1.23125e-07
-9.34734e-07
8.44302e-07
-8.43273e-07
-8.26903e-08
6.41995e-07
8.43422e-07
-8.43599e-07
-2.74425e-07
1.8713e-09
-1.56213e-07
9.4286e-07
8.42343e-07
-8.43316e-07
9.73218e-10
-4.59971e-07
2.65617e-07
-5.95905e-07
-4.17812e-07
-1.40944e-08
8.56201e-07
1.18984e-07
-6.69564e-07
2.2965e-07
3.39e-07
6.60114e-07
-6.26742e-07
-8.42426e-07
8.41267e-07
8.43405e-07
-8.43549e-07
-1.50381e-09
-8.45047e-07
8.445e-07
-6.51608e-07
8.42857e-07
-5.14213e-10
-1.02933e-07
-3.31114e-07
-4.66932e-07
6.16288e-07
-6.47097e-07
-5.73379e-10
-6.00516e-07
8.43449e-07
-8.41287e-07
-6.38287e-07
4.94889e-07
4.50181e-07
-6.2146e-07
5.98969e-07
6.40646e-07
-6.41132e-07
6.0002e-07
-5.98969e-07
-1.05054e-09
-6.22991e-07
6.20384e-07
6.11075e-07
-6.20695e-07
6.41534e-07
-6.39499e-07
-5.94078e-07
6.17082e-07
-6.41534e-07
6.41675e-07
-6.21359e-07
5.74793e-07
4.65661e-08
-6.31706e-07
-8.39695e-08
8.4271e-07
-8.43379e-07
6.69265e-10
5.51454e-07
1.18522e-07
1.71378e-09
-7.77215e-08
3.44585e-07
8.4425e-07
-8.43275e-07
-9.74341e-10
9.71759e-10
-8.45813e-07
-3.50156e-10
8.44817e-07
-8.44467e-07
8.4273e-07
-6.25157e-07
-7.32134e-07
7.32107e-07
-8.44395e-07
1.94049e-09
-6.71995e-07
1.51425e-07
6.49515e-07
-6.59675e-07
8.43334e-07
8.57609e-07
-8.39053e-07
-1.8556e-08
8.43216e-07
-8.43065e-07
-6.94983e-07
-5.19286e-08
-8.45647e-07
-6.12078e-07
-6.14944e-07
1.62958e-09
-9.65318e-08
6.26006e-07
8.98676e-08
8.41396e-07
-1.13444e-07
8.43288e-07
-2.04067e-10
-8.1298e-07
-9.92328e-10
8.47948e-07
6.20758e-07
6.40704e-07
6.16288e-07
6.41867e-07
6.22619e-07
6.29108e-07
-6.2374e-07
-5.94078e-07
6.43772e-07
6.41992e-07
6.60114e-07
-6.21359e-07
6.40256e-07
6.07126e-07
-6.44366e-07
5.88957e-07
5.90177e-07
6.0002e-07
-6.39028e-07
6.11075e-07
6.40646e-07
5.22673e-07
-5.22673e-07
6.41392e-07
-8.45311e-07
-6.65411e-07
6.68055e-07
-5.50788e-07
6.69771e-07
8.42365e-07
-8.43358e-07
9.92639e-10
-2.57207e-08
-4.79913e-10
-6.54144e-07
2.53587e-09
-6.54327e-08
6.37547e-07
7.2035e-10
-8.37124e-07
8.36403e-07
9.33141e-10
2.94583e-09
-8.34102e-07
3.18586e-10
8.33784e-07
3.78865e-08
-8.69579e-07
8.31692e-07
8.4177e-07
1.12154e-09
-8.42892e-07
8.41688e-07
1.16911e-09
-6.04756e-07
5.52142e-07
1.10758e-07
-8.38325e-07
-4.83298e-09
8.43158e-07
8.48313e-07
1.79694e-09
8.3681e-07
2.07995e-08
8.42929e-07
-8.42587e-07
-8.43422e-07
8.42166e-07
8.80371e-10
3.99755e-08
-7.72109e-07
-8.1182e-10
6.6688e-07
-5.46186e-07
6.48697e-07
-6.39669e-07
-9.02785e-09
7.69156e-07
-5.17516e-07
-2.5164e-07
7.28123e-07
-6.37119e-07
6.68588e-07
-5.52029e-07
6.68544e-07
-5.51834e-07
6.69114e-07
-5.51726e-07
6.69038e-07
-5.52637e-07
6.56777e-07
-5.37876e-07
6.5751e-07
-5.38049e-07
-6.84784e-08
-8.60569e-07
6.66461e-07
-5.49826e-07
6.65854e-07
-5.51824e-07
6.66969e-07
-5.52342e-07
6.67626e-07
-5.52285e-07
6.68198e-07
-5.52118e-07
-3.60346e-10
4.94673e-10
-8.37589e-07
8.37095e-07
-1.39984e-09
8.80232e-07
-1.65904e-08
-8.63641e-07
6.60172e-07
-5.37046e-07
6.69366e-07
-5.51429e-07
8.45247e-07
7.68488e-07
-5.39206e-07
-2.29282e-07
6.69187e-07
-5.52692e-07
6.66415e-07
-5.49853e-07
6.5161e-07
-5.51691e-07
6.68761e-07
-5.53126e-07
6.54385e-07
6.65937e-07
-5.53124e-07
8.42927e-07
-1.15709e-09
-6.83445e-07
5.82762e-07
1.00683e-07
-7.6577e-07
5.53778e-07
8.32415e-10
8.42323e-07
-8.42997e-07
6.73165e-10
9.72778e-07
-1.16295e-08
8.58467e-07
6.66643e-07
-5.53497e-07
-8.33267e-07
8.37781e-07
-1.58124e-09
-4.5649e-09
-8.45174e-07
4.07841e-10
3.00085e-10
-8.53693e-07
8.9158e-07
-6.09146e-07
-6.26742e-07
-6.34698e-07
6.27742e-07
6.36094e-07
-7.84453e-07
8.94695e-08
6.69113e-07
-5.52739e-07
2.07753e-09
-1.13104e-07
-8.40921e-07
-5.64666e-10
8.41486e-07
4.9224e-08
-6.47097e-07
-6.42072e-07
6.44658e-07
-2.58675e-09
7.46204e-07
-6.3298e-07
-1.56772e-08
-8.88125e-07
6.76755e-07
-7.50096e-08
6.50636e-07
8.4279e-07
-8.42261e-07
8.43209e-07
8.42741e-07
-8.4253e-07
-6.34375e-07
6.3323e-07
1.14511e-09
-6.00996e-07
-3.43219e-09
6.84472e-07
-5.73213e-07
6.55128e-07
1.55891e-09
-5.51043e-07
6.85477e-07
-5.69498e-07
-5.9245e-07
6.70172e-07
-5.52748e-07
6.69448e-07
-5.54194e-07
6.66331e-07
-5.50729e-07
6.6976e-07
-5.63742e-07
-6.42487e-07
6.51214e-07
-8.72688e-09
3.71553e-09
4.91576e-10
6.145e-07
-1.00099e-08
6.7592e-07
-5.63348e-07
6.66703e-07
-5.53626e-07
-8.42013e-07
8.43135e-07
-8.47088e-07
8.48162e-07
1.41615e-09
1.12811e-06
-9.97088e-07
6.2494e-07
-6.00407e-07
6.94728e-07
-7.03285e-07
6.26751e-07
-6.18916e-07
6.37921e-07
-6.26183e-07
6.88671e-07
-7.00178e-07
6.04063e-07
-5.91671e-07
6.34455e-07
-6.19528e-07
6.70048e-07
-6.51652e-07
7.62748e-07
-7.81155e-07
6.36767e-07
-6.22793e-07
6.68793e-07
-6.52149e-07
7.57697e-07
-7.83204e-07
6.05056e-07
-5.97087e-07
6.15053e-07
-6.01053e-07
6.51325e-07
-6.38612e-07
6.83699e-07
-6.72708e-07
7.35606e-07
-7.50362e-07
6.29077e-07
-6.12814e-07
6.81947e-07
-6.70136e-07
7.318e-07
-7.46388e-07
6.2663e-07
-6.12008e-07
6.71566e-07
-6.63608e-07
6.80972e-07
-6.79655e-07
6.58793e-07
-6.51921e-07
6.66505e-07
-6.60831e-07
6.74043e-07
-6.75197e-07
6.51439e-07
-6.50087e-07
6.39285e-07
-6.34747e-07
6.38315e-07
-6.33839e-07
-1.20329e-09
6.37944e-07
-6.32901e-07
-8.42387e-07
-6.64256e-11
6.37864e-07
-6.32952e-07
8.42985e-07
-8.42124e-07
6.37902e-07
-6.32167e-07
6.3701e-07
-6.33508e-07
8.80232e-07
1.00829e-09
6.3735e-07
-6.34339e-07
-8.42955e-07
-1.66105e-09
-8.42468e-07
8.42468e-07
-8.47274e-07
4.31879e-09
-6.40078e-07
6.38658e-07
-6.33198e-07
8.42961e-07
-7.44477e-07
-3.27687e-08
8.83783e-10
8.42324e-07
-8.42156e-07
-8.70284e-07
8.54658e-07
-8.49752e-07
-8.36028e-07
-1.12462e-08
6.80178e-07
6.3821e-07
-6.34574e-07
2.42931e-09
-4.65269e-09
-4.143e-09
6.72791e-07
-5.61935e-07
4.09548e-09
-8.41989e-07
8.42962e-07
6.85299e-07
-5.69133e-07
6.35599e-07
-6.3656e-07
8.44796e-07
-8.45107e-07
-8.51823e-07
-2.41578e-07
-8.42166e-07
8.42148e-07
-9.11243e-07
8.45632e-07
6.09408e-07
1.06739e-07
-8.60138e-07
8.67206e-07
2.50613e-07
4.1234e-07
9.97088e-07
-9.17206e-07
8.54658e-07
7.71721e-10
5.57808e-10
-8.45665e-07
2.05722e-09
8.43586e-07
8.41607e-07
1.27523e-09
-8.67206e-07
8.8995e-07
-2.17094e-10
8.41788e-07
1.13859e-09
6.39232e-07
-6.34986e-07
-5.64331e-08
-8.60138e-07
4.35083e-10
-8.35932e-07
8.35496e-07
8.57048e-07
-8.47783e-07
-8.50683e-07
-8.57048e-07
6.71386e-07
-5.52203e-07
8.46054e-07
-3.10461e-09
-1.49559e-09
8.4755e-07
-8.46633e-07
1.10386e-07
-8.44513e-07
8.44392e-07
8.89951e-07
9.17206e-07
8.44513e-07
-8.45789e-07
-8.49484e-07
-2.71746e-09
4.77842e-09
-8.43103e-07
-8.47606e-07
8.44554e-07
8.44392e-07
-8.4461e-07
-8.48782e-07
8.47783e-07
-8.42024e-07
8.43053e-07
8.42014e-07
8.48782e-07
8.45871e-07
-8.45789e-07
-8.48507e-07
-5.04105e-09
8.5153e-07
-8.42506e-07
8.4304e-07
7.80887e-10
-8.43821e-07
1.06844e-09
8.44802e-07
8.4693e-07
-1.7724e-09
-8.5153e-07
8.48507e-07
8.42851e-07
1.89193e-10
8.45346e-07
8.4363e-07
-8.42506e-07
-8.47547e-07
1.38936e-09
-8.43112e-07
1.04777e-09
-8.43061e-07
-8.50827e-07
8.44118e-07
-1.06036e-09
8.37844e-07
-8.36783e-07
8.43472e-07
1.58385e-10
8.42584e-07
1.03229e-09
-8.43021e-07
8.43028e-07
-4.4328e-10
9.61315e-10
-5.78965e-10
8.43299e-07
-8.4272e-07
8.43031e-07
-3.75304e-12
-8.42867e-07
8.41763e-07
8.42077e-07
-8.42521e-07
1.17467e-09
-5.39058e-11
8.3659e-07
-8.36536e-07
8.43446e-07
-8.44277e-07
-3.8238e-10
8.43414e-07
-8.43064e-07
8.42664e-07
-1.2174e-09
8.42618e-07
-8.41401e-07
-8.43912e-07
-8.41919e-07
8.42515e-07
-5.95831e-10
8.4355e-07
1.3318e-09
7.29351e-10
8.43951e-07
-4.00435e-10
8.42437e-07
-8.44907e-07
8.44897e-07
-8.41847e-07
8.42517e-07
8.42263e-07
-8.43027e-07
1.10815e-09
8.42155e-07
-8.42105e-07
8.42155e-07
-8.41599e-07
8.43664e-07
1.11359e-09
8.4136e-07
-8.42038e-07
-6.39311e-10
8.43076e-07
-8.43025e-07
8.43533e-07
-4.87554e-10
8.41603e-07
-8.4201e-07
8.42676e-07
-8.42108e-07
8.42108e-07
-8.42126e-07
5.31272e-10
8.41508e-07
-8.42294e-07
1.03089e-09
-3.55378e-10
8.43171e-07
-4.94855e-10
8.41859e-07
-8.42201e-07
1.09192e-09
8.41739e-07
-8.42395e-07
8.42427e-07
-4.35446e-10
8.41967e-07
-8.42301e-07
8.43038e-07
-5.01344e-10
1.88424e-09
8.41805e-07
-8.4246e-07
8.42961e-07
-5.33923e-10
8.42042e-07
-8.42507e-07
8.43551e-07
-4.35042e-10
-4.61881e-10
8.42624e-07
8.42018e-07
-8.42672e-07
-8.43017e-07
8.42577e-07
8.42296e-07
-8.42695e-07
-4.27926e-10
-4.95637e-10
7.66459e-10
8.42114e-07
-8.4288e-07
2.34028e-09
8.42486e-07
-8.4323e-07
8.43098e-07
-4.74217e-10
8.42384e-07
-8.42813e-07
8.42505e-07
1.79793e-09
-8.42998e-07
8.42283e-07
-4.18428e-10
-4.89495e-10
-8.42902e-07
8.42596e-07
-8.41301e-07
8.41301e-07
-8.41555e-07
-5.54769e-12
8.43007e-07
-8.43001e-07
-5.18523e-10
2.40774e-09
-3.76014e-10
-2.09629e-10
8.42103e-07
-2.01353e-11
-4.02263e-10
-5.29733e-10
-7.24985e-10
-2.10065e-09
8.42876e-07
-8.40775e-07
-8.47258e-07
-8.4032e-07
8.4032e-07
-8.40735e-07
-8.4262e-07
8.4239e-07
2.30344e-10
2.59595e-09
-1.23178e-10
-8.43645e-07
1.02509e-09
8.39344e-07
-8.39908e-07
8.39344e-07
1.6149e-09
-8.43283e-07
4.64355e-10
1.33519e-09
8.4121e-07
-8.40659e-07
-5.51448e-10
8.4121e-07
-8.41111e-07
8.41468e-07
-3.57158e-10
8.41111e-07
9.92111e-11
-8.40659e-07
-8.40858e-07
1.992e-10
8.4371e-07
-8.42192e-07
8.4371e-07
-1.11631e-06
8.44544e-07
-8.42236e-07
-8.42174e-07
8.42174e-07
8.50731e-07
-8.42362e-07
8.44544e-07
8.50731e-07
-8.42079e-07
8.42079e-07
8.42128e-07
-8.42128e-07
8.42362e-07
-8.55549e-07
-8.42309e-07
8.42166e-07
-8.42166e-07
-8.42098e-07
8.42098e-07
-8.39908e-07
8.34584e-07
-8.34584e-07
8.41468e-07
8.41134e-07
-8.41134e-07
8.42148e-07
8.42213e-07
-8.42213e-07
-8.49392e-07
-8.42112e-07
8.42112e-07
-8.47547e-07
-8.42126e-07
-8.40735e-07
-8.41555e-07
8.40233e-07
-8.40233e-07
8.4355e-07
-8.4355e-07
-8.42123e-07
8.42123e-07
-8.42093e-07
8.42093e-07
-8.63641e-07
-8.47186e-07
-8.42116e-07
8.42116e-07
-8.40858e-07
-8.42236e-07
8.42192e-07
-8.43636e-07
-8.42105e-07
8.42052e-07
-8.42052e-07
-8.42029e-07
8.42029e-07
8.44506e-07
-8.43112e-07
-8.44506e-07
8.43112e-07
-8.43636e-07
-9.20644e-10
1.4857e-09
-8.42854e-07
-8.42258e-07
8.43371e-07
-7.80062e-10
8.44953e-07
-8.57025e-10
-8.44096e-07
-8.42244e-07
8.43579e-07
8.44032e-07
8.45518e-07
-8.43329e-07
1.07107e-09
8.44789e-07
1.12645e-09
-8.41189e-07
8.42386e-07
8.45497e-07
2.39006e-09
8.44717e-07
6.76309e-10
-6.52343e-10
-8.40029e-07
8.40494e-07
8.45393e-07
8.44707e-07
-8.398e-07
8.40825e-07
2.35706e-09
8.45289e-07
8.44636e-07
-6.94096e-10
8.37482e-07
-8.36788e-07
8.44434e-07
2.02632e-10
1.31862e-09
-8.45338e-07
8.43757e-07
-8.40682e-07
8.42297e-07
-1.21045e-10
1.42781e-10
8.45075e-07
-8.39798e-07
8.42393e-07
8.44954e-07
-8.41764e-07
8.42451e-07
2.4992e-09
1.07811e-09
8.45446e-07
-6.29404e-10
8.38775e-07
-8.38146e-07
8.46237e-07
8.47315e-07
-8.42519e-07
8.42117e-07
8.44111e-07
-2.47147e-09
8.44671e-07
-8.4246e-07
8.42336e-07
8.45045e-07
-8.21641e-12
3.32018e-10
-8.40063e-07
8.42471e-07
8.42573e-07
-8.41786e-07
8.42573e-07
2.27346e-09
8.42905e-07
-6.84209e-10
8.39928e-07
-8.39244e-07
-8.42636e-07
8.41911e-07
8.43981e-07
-1.07571e-09
-2.23105e-09
8.44391e-07
8.23282e-10
8.44695e-07
8.43834e-07
-8.42428e-07
8.42408e-07
8.44657e-07
1.44775e-10
8.42426e-07
-8.40265e-07
8.42605e-07
-8.42641e-07
8.42265e-07
8.427e-07
-8.41628e-07
8.42911e-07
2.14352e-09
8.41563e-10
-9.77281e-10
8.41346e-07
-8.40368e-07
8.43561e-07
-8.60365e-10
8.44402e-07
-1.59556e-09
8.43641e-07
-8.42759e-07
8.4234e-07
-8.1979e-10
-8.41723e-07
8.43521e-07
8.44499e-07
1.18811e-09
7.5224e-10
8.42903e-07
-8.42676e-07
8.43962e-07
1.07835e-09
1.02717e-09
-8.42608e-07
8.43655e-07
-8.44639e-10
8.42509e-07
-8.41664e-07
8.42153e-07
-8.42868e-07
8.4244e-07
-8.4225e-07
-8.43358e-07
8.4148e-07
8.42842e-07
3.40515e-10
6.0407e-10
8.41679e-07
1.16305e-09
-8.40484e-07
8.42368e-07
-8.41288e-07
8.42367e-07
8.4202e-07
-9.96285e-10
8.42904e-07
-8.41907e-07
8.43047e-07
-8.41448e-07
8.4254e-07
-8.42949e-07
8.42514e-07
1.08042e-09
6.28627e-10
8.43727e-07
8.43064e-07
9.1913e-10
8.43692e-07
-8.41496e-07
8.42553e-07
8.42873e-07
-8.35797e-10
8.43444e-07
-8.42525e-07
8.4357e-07
-8.43002e-07
8.42567e-07
1.04389e-09
-8.41736e-07
8.42767e-07
6.68139e-10
8.42866e-07
-8.41985e-07
8.4301e-07
-7.92739e-10
8.16342e-10
8.43227e-07
-8.42411e-07
8.43534e-07
8.42699e-07
7.82236e-10
-8.41757e-07
8.42288e-07
-8.42868e-07
6.34408e-10
8.43368e-07
-8.43224e-07
-8.41413e-07
8.42521e-07
8.42665e-07
1.25287e-09
8.43299e-07
8.42506e-07
-8.4438e-07
8.44807e-07
-4.26347e-10
2.04296e-10
8.42119e-07
8.75619e-10
8.42899e-07
-8.42024e-07
8.4318e-07
-8.38783e-07
8.41208e-07
-2.42458e-09
8.4264e-07
-8.41414e-07
8.42528e-07
-3.45491e-10
1.10665e-09
8.41743e-07
-8.42845e-07
1.10213e-09
8.42844e-07
-8.41549e-07
8.42881e-07
-8.42345e-07
8.40887e-07
1.45811e-09
8.42499e-07
-8.421e-07
8.43116e-07
-8.47515e-07
8.47461e-07
9.78729e-10
-1.31365e-09
-8.3747e-07
8.43032e-07
-5.32997e-10
-7.80454e-10
-8.4175e-07
7.96848e-10
8.41778e-07
-8.42575e-07
8.4277e-07
-2.63747e-09
8.42779e-07
-1.17174e-09
8.43865e-07
-1.09493e-09
1.95884e-10
-8.42541e-07
8.42256e-07
-1.23789e-09
8.43834e-07
-8.41658e-07
-1.20844e-09
-8.42141e-07
8.42871e-07
-8.44664e-07
8.41564e-07
3.10019e-09
8.43053e-07
-8.43361e-07
8.41343e-07
2.01781e-09
-1.19499e-09
8.42082e-07
-8.42494e-07
8.41617e-07
8.76973e-10
-8.42144e-07
8.43318e-07
8.41815e-07
-7.28848e-10
8.42492e-07
-1.51135e-09
8.42942e-07
-7.26931e-10
8.42011e-07
-8.42301e-07
8.43294e-07
-7.63629e-10
8.42099e-07
-8.78536e-11
8.40904e-07
8.40658e-07
8.39022e-07
1.63574e-09
-8.42611e-07
8.43572e-07
8.37511e-07
-8.42545e-07
8.43576e-07
-1.03133e-09
-8.42449e-07
8.42651e-07
-2.01247e-10
-6.82732e-10
-8.45154e-07
8.43752e-07
1.40226e-09
8.40084e-07
-2.57395e-09
3.46089e-09
8.32046e-07
-8.35507e-07
-8.42855e-07
8.43887e-07
-8.41984e-07
8.40738e-07
1.24642e-09
-8.43351e-07
1.10055e-09
8.42781e-07
-8.45606e-07
2.82512e-09
8.38876e-07
-1.22437e-09
-8.4123e-07
8.42454e-07
8.5094e-07
7.21252e-10
-4.31548e-10
-8.41467e-07
8.41898e-07
8.42337e-07
-8.42075e-07
8.41541e-07
5.33786e-10
8.41608e-07
-8.44032e-07
8.42972e-07
-8.42856e-07
8.43927e-07
-1.07028e-09
8.42039e-07
-4.31158e-10
-9.83877e-10
-8.40846e-07
8.4183e-07
8.41739e-07
3.00579e-10
-8.43192e-07
8.4424e-07
-8.43157e-07
8.44319e-07
-1.16111e-09
-8.42154e-07
8.40934e-07
1.21999e-09
8.40755e-07
8.35059e-07
-3.01301e-09
-7.34382e-10
-2.6337e-09
8.40323e-07
8.41994e-07
-8.60354e-10
-8.43447e-07
8.44836e-07
8.34627e-07
8.38831e-07
1.4926e-09
-6.21878e-09
-8.40245e-07
-6.13292e-10
-8.40245e-07
-8.36805e-07
8.36805e-07
-2.22103e-09
8.37782e-07
1.04889e-09
8.71559e-10
3.24389e-09
8.33e-07
-8.36244e-07
-8.42061e-07
8.40997e-07
1.06376e-09
-8.43346e-07
8.44621e-07
-8.41317e-07
-7.57802e-10
-5.68136e-10
8.41953e-07
-8.41385e-07
6.32718e-07
-8.42061e-07
8.4088e-07
1.18101e-09
-8.42197e-07
8.41052e-07
1.1447e-09
8.40214e-07
-2.4324e-09
8.3899e-07
-8.45101e-07
8.42233e-07
-8.41475e-07
8.41841e-07
-3.65674e-10
1.83284e-10
-7.83113e-10
8.42324e-07
8.41508e-07
7.25912e-10
-8.40368e-07
8.40368e-07
7.34964e-10
-8.42387e-07
8.41652e-07
-8.42237e-07
8.42319e-07
-8.10963e-10
3.14616e-09
8.52273e-07
-8.44996e-07
8.46273e-07
-1.27664e-09
8.4175e-07
-8.41881e-07
8.40916e-07
9.64632e-10
-8.43316e-07
1.07849e-09
8.42485e-07
8.45194e-07
6.36133e-10
8.42209e-07
-8.4139e-07
-8.1861e-10
8.43133e-07
-8.44079e-07
9.46048e-10
-3.56299e-09
1.23398e-10
8.41728e-07
-3.15558e-09
8.37914e-07
-4.91454e-09
-8.45081e-07
8.46983e-07
-1.90155e-09
-8.41017e-07
8.40375e-07
6.42924e-10
8.37103e-07
8.42428e-07
-7.00547e-10
7.55558e-10
-8.42385e-07
8.4163e-07
-5.28313e-09
8.41338e-07
8.70961e-10
-8.41745e-07
8.41023e-07
7.22042e-10
8.41645e-07
8.42021e-07
-8.41287e-07
8.41854e-07
-5.67559e-10
8.42394e-07
-7.42062e-10
-8.4093e-07
8.41903e-07
-9.72931e-10
-5.69628e-09
8.56451e-07
-8.40386e-07
-1.02966e-08
8.42401e-07
8.41577e-07
7.33374e-10
-8.4231e-07
8.41693e-07
-8.41155e-07
8.38916e-07
2.23992e-09
9.33821e-10
2.33452e-07
6.23069e-07
-8.56521e-07
-8.39998e-07
-1.15704e-09
-6.92176e-10
8.41582e-07
-7.12123e-07
-8.56934e-10
8.42195e-07
8.42233e-07
-6.56064e-10
-8.41629e-07
8.41672e-07
-4.24951e-11
-5.51956e-07
8.42315e-07
7.34089e-10
8.41499e-07
-8.45311e-07
8.47083e-07
-1.77284e-09
5.46574e-12
-3.4566e-09
-7.70664e-07
-1.02371e-07
8.41458e-07
-8.45764e-07
8.49056e-07
-3.29167e-09
-8.45657e-07
8.46757e-07
-1.09975e-09
-8.44825e-07
8.42192e-07
8.43399e-07
8.43399e-07
8.45747e-07
-8.45747e-07
-8.44044e-07
-6.80482e-10
8.45692e-07
-8.41987e-07
1.05779e-09
8.41643e-07
-8.39092e-07
-2.55108e-09
1.5745e-09
-8.45049e-07
6.9268e-10
-8.41759e-07
8.41067e-07
8.41251e-07
9.41833e-10
-1.25471e-09
-8.41515e-07
8.42597e-07
-1.08199e-09
-8.40825e-07
8.4336e-07
-2.5353e-09
8.41046e-07
1.1493e-09
-3.10114e-08
8.41996e-07
-7.45319e-10
3.39873e-09
8.4302e-07
-8.4302e-07
8.42507e-07
-8.41988e-07
1.90424e-09
-8.44182e-07
8.47435e-07
-3.25289e-09
-6.65479e-07
-8.40811e-07
8.46211e-07
-5.40034e-09
8.40691e-07
5.72936e-10
-8.41264e-07
8.41023e-07
-8.45008e-07
5.4059e-10
8.4046e-07
2.31442e-10
8.42026e-07
-5.27728e-10
-1.58059e-09
8.40496e-07
8.41716e-07
-8.41281e-07
-4.78381e-10
8.42254e-07
-8.42254e-07
-8.45612e-07
8.50391e-07
8.47061e-07
3.12695e-09
-8.48016e-07
8.40559e-07
6.3831e-07
-6.36439e-07
8.43325e-07
-8.42823e-07
8.47921e-07
8.48413e-07
-8.66818e-10
-8.47546e-07
6.40675e-07
-1.82259e-09
8.4247e-07
-8.43241e-07
7.71328e-10
2.72401e-10
8.40187e-07
6.41873e-07
-2.54243e-07
-3.01129e-07
-8.98297e-09
2.54891e-09
8.41132e-07
-8.46589e-07
8.4298e-07
-8.46062e-07
8.54272e-07
-8.20962e-09
8.42413e-07
1.07366e-07
-8.7803e-07
-1.97199e-10
8.39551e-07
-1.65937e-09
8.36079e-07
-8.3442e-07
-8.41424e-07
-2.14057e-08
-3.83265e-07
4.04671e-07
5.28523e-07
-6.14498e-07
8.39823e-07
8.38466e-07
1.35706e-09
6.44718e-07
8.4174e-07
-8.4204e-07
8.34203e-07
-8.33709e-07
8.36703e-11
-9.85224e-10
-8.37313e-07
8.38299e-07
8.38201e-07
2.64972e-10
1.1564e-07
1.02511e-07
1.29487e-07
2.10607e-07
1.16632e-07
1.16515e-07
1.1728e-07
1.16573e-07
2.30532e-08
1.05949e-07
1.19634e-07
1.28412e-07
-8.45654e-07
1.1764e-07
1.15151e-07
1.15145e-07
1.15285e-07
1.1655e-07
1.15914e-07
-8.42019e-07
-3.03062e-09
1.16589e-07
1.16643e-07
8.37103e-07
1.09882e-09
1.36216e-07
-8.37458e-07
8.47857e-07
-1.03998e-08
1.12404e-07
1.3467e-09
-8.45233e-07
1.14245e-07
-8.41544e-07
1.19494e-10
8.39157e-07
1.02978e-09
-8.32069e-07
8.36184e-07
8.36117e-07
8.41834e-07
-8.41834e-07
-8.63447e-07
7.68604e-07
1.48431e-07
-8.38374e-07
8.56037e-07
-1.76631e-08
1.18743e-07
1.16756e-07
1.16478e-07
1.16634e-07
1.1325e-07
-8.42165e-07
8.39422e-07
6.63607e-07
-5.5285e-07
-9.4834e-09
8.34458e-07
-8.44731e-07
-1.08231e-09
-2.00302e-07
2.10884e-09
8.43219e-07
-8.06249e-10
8.25769e-07
-2.33006e-09
-8.23439e-07
1.15616e-07
-8.38417e-07
1.13579e-07
-8.44451e-07
-1.19562e-09
-6.37878e-10
-8.43526e-07
7.02405e-10
-8.12152e-07
-2.72608e-09
8.14878e-07
8.41892e-07
-8.37764e-07
-4.81022e-09
-8.41935e-07
-4.69085e-09
-8.28437e-07
8.33128e-07
-8.40747e-07
2.33024e-09
8.32116e-07
2.34169e-09
-8.45325e-07
-8.45163e-07
6.99607e-10
-7.70531e-07
1.89911e-07
8.30112e-07
2.00437e-09
8.47179e-07
-8.47881e-07
8.25421e-07
8.30026e-07
6.05314e-09
-1.43431e-07
1.31734e-07
-8.23988e-07
8.70002e-07
-4.60147e-08
8.41943e-07
1.36171e-08
8.33049e-07
8.42112e-07
-8.41582e-07
-8.42179e-07
-7.68983e-07
3.31555e-08
8.23091e-07
8.61303e-07
-2.82534e-08
-8.42211e-07
-8.42433e-07
8.41384e-07
-8.43046e-07
8.3377e-07
4.52872e-09
-8.32031e-07
8.59137e-09
-1.42525e-08
-8.04274e-07
8.18526e-07
6.0456e-07
-8.38712e-07
8.38712e-07
-8.4613e-07
6.44015e-07
6.33399e-07
-6.37717e-07
1.13974e-07
-6.59712e-07
6.57892e-07
-6.57892e-07
-6.40026e-08
-7.69316e-07
8.33318e-07
-3.7315e-08
8.36112e-07
9.43203e-08
-7.65346e-08
1.90052e-08
6.24877e-08
-9.61146e-08
4.27844e-08
5.05202e-08
-1.44388e-07
4.59993e-08
-1.78147e-07
1.79662e-08
4.50875e-08
-1.21285e-07
6.91335e-08
-1.19758e-07
5.95575e-08
-3.04137e-09
-7.69068e-07
1.45836e-08
-1.08028e-08
8.14686e-07
8.40507e-09
3.56725e-09
8.42944e-07
-1.0016e-09
4.10519e-09
4.96357e-09
4.95004e-09
-8.4298e-07
-6.60488e-11
7.67423e-09
4.84291e-09
8.41973e-07
-8.41332e-07
8.41332e-07
-1.43533e-07
3.84236e-09
-8.38859e-07
-6.35912e-07
-7.72024e-07
-8.446e-07
4.31936e-09
8.38446e-07
-8.38011e-07
5.82139e-07
-5.82139e-07
-2.30083e-09
-8.43811e-07
8.44745e-07
-9.33988e-10
8.1196e-07
8.41043e-07
8.19131e-07
1.39973e-08
7.94979e-07
1.98992e-08
-8.0848e-07
5.01222e-09
-7.94701e-07
2.26769e-08
8.41297e-07
8.06863e-07
-8.42023e-07
6.05258e-07
-1.65616e-07
7.97707e-07
3.00663e-09
-7.45478e-07
1.07957e-07
8.42368e-07
-8.42159e-07
1.02538e-09
8.42396e-07
-1.35294e-09
7.11677e-08
-8.40483e-07
-1.00098e-07
8.27536e-07
7.12113e-07
-8.68326e-07
2.32622e-08
-7.01282e-07
-8.47626e-07
2.52376e-08
8.41778e-07
-8.47631e-07
8.44951e-07
4.44451e-08
-8.89396e-07
-7.97986e-07
2.89177e-08
7.46685e-07
-8.03447e-07
5.67625e-08
8.35409e-07
-8.35409e-07
-6.86374e-07
2.6721e-09
-8.41233e-07
-7.79562e-07
-6.98632e-07
8.41828e-07
8.4193e-07
-8.4193e-07
2.75677e-09
7.7984e-07
7.8077e-07
3.77563e-08
8.12079e-08
4.59503e-08
-1.84795e-07
8.36701e-07
2.93884e-09
-8.3964e-07
6.36439e-07
-6.36433e-07
8.378e-07
6.53648e-07
8.46541e-07
-8.45551e-07
6.0938e-07
-6.0938e-07
-8.4403e-07
8.42738e-07
-8.42253e-07
3.32407e-09
-8.22624e-07
4.30617e-08
-7.30947e-07
8.20417e-07
-6.15872e-07
6.15872e-07
-5.0073e-07
5.0073e-07
6.45606e-07
-6.35604e-07
-5.30982e-07
5.30982e-07
6.8016e-07
-6.8016e-07
-5.78266e-07
-6.1662e-07
6.1662e-07
6.67919e-07
-6.0612e-07
6.0612e-07
-5.96402e-07
5.96402e-07
-5.88341e-07
5.88341e-07
7.01783e-07
-7.01783e-07
5.55013e-07
6.53912e-07
-6.53912e-07
6.56292e-07
6.75016e-07
-6.75016e-07
6.66628e-07
6.54435e-07
-6.02095e-07
6.02095e-07
-6.95209e-07
-6.24502e-07
-5.97054e-07
6.79379e-07
-6.79379e-07
6.12874e-07
-6.12874e-07
6.7164e-07
6.52253e-07
6.61175e-07
6.77204e-07
8.41294e-07
-8.40804e-07
6.61374e-07
-5.43779e-07
8.43072e-07
-1.24346e-09
-8.60575e-07
1.73711e-08
8.43204e-07
8.41299e-07
8.43878e-07
-7.71785e-10
7.97422e-07
-8.43436e-07
8.44252e-07
-6.62574e-07
-8.44622e-07
-8.45534e-07
8.40479e-07
-8.40479e-07
1.10739e-07
8.33284e-07
-8.32564e-07
-2.69531e-09
-6.23713e-07
6.26409e-07
8.41348e-07
8.33923e-07
-8.33923e-07
8.44894e-07
-8.45006e-07
-8.42884e-07
-8.4072e-07
8.35887e-07
-8.43926e-07
9.45862e-10
-6.19423e-07
5.63205e-07
8.41523e-07
-8.41523e-07
-6.68195e-07
1.17152e-07
-6.86125e-07
-6.6931e-07
1.16563e-07
-6.7223e-07
1.18036e-07
-6.6646e-07
1.15731e-07
-6.82261e-07
1.18519e-07
8.42818e-07
-1.51886e-09
-8.4352e-07
2.95959e-07
-8.02724e-07
-6.67264e-07
1.13638e-07
-6.48975e-07
-3.04038e-09
8.39526e-07
5.52175e-07
1.69666e-07
-7.21841e-07
-6.14686e-07
5.64961e-07
2.17483e-07
-7.72595e-07
5.55112e-07
6.47506e-07
-6.71809e-07
-8.39556e-07
8.46502e-07
-6.9457e-09
8.41983e-07
-8.41487e-07
-8.45663e-07
-4.67574e-10
8.46685e-07
-8.47324e-07
7.77626e-07
-4.02813e-07
-3.74813e-07
-5.48318e-07
6.67061e-07
-5.47944e-07
6.64421e-07
-1.19821e-07
8.41481e-07
-1.95514e-09
-6.70608e-07
-8.40815e-07
-6.3365e-07
1.08524e-07
-3.73562e-08
-5.68474e-07
-8.48465e-07
8.40381e-07
-1.52741e-07
-8.41914e-07
1.57162e-07
8.43172e-07
-2.79045e-09
-5.52597e-07
5.95543e-07
8.41076e-07
-8.41076e-07
-6.60221e-07
-1.05759e-07
-5.03382e-07
-1.29133e-09
8.46242e-07
8.39919e-07
8.41903e-07
-8.4391e-07
-8.15488e-07
-2.79486e-08
-1.49149e-08
-6.56657e-07
6.5644e-07
-5.52554e-07
6.0668e-07
-4.77193e-07
-5.69493e-07
-5.07874e-07
6.25154e-07
-5.52737e-07
-7.63222e-07
4.54727e-07
3.08495e-07
-5.66282e-07
-5.11368e-07
6.3978e-07
-5.51309e-07
6.48212e-07
-5.32927e-07
6.68625e-07
-5.51982e-07
-5.46045e-07
-2.21333e-09
-8.38752e-07
8.40966e-07
6.31626e-07
-6.3619e-07
-5.18899e-07
6.33144e-07
7.30373e-07
-5.31601e-07
6.48357e-07
8.38283e-07
-8.1613e-07
8.41602e-07
-8.4114e-07
-8.43741e-07
-1.27846e-09
-5.54014e-07
6.41053e-07
1.54791e-07
5.51308e-07
9.33736e-08
-6.44682e-07
5.59391e-07
6.57762e-08
-6.25167e-07
5.5368e-07
4.84638e-08
-6.02144e-07
5.53456e-07
2.04657e-07
-7.58113e-07
5.54468e-07
1.07236e-07
-6.61705e-07
8.40731e-07
8.02921e-07
3.38e-09
6.05606e-07
-6.42962e-07
-1.44408e-07
8.42625e-07
-8.34948e-07
-7.67627e-09
-1.15347e-07
7.62853e-07
8.40338e-07
-8.40338e-07
-8.44462e-07
-5.33675e-07
5.5268e-07
6.84096e-07
-6.41311e-07
-6.46754e-07
-6.78631e-07
6.58563e-07
6.61677e-07
3.16294e-09
-8.45945e-07
8.37888e-07
-8.38429e-07
5.41549e-10
-6.67526e-07
3.40459e-10
-8.44963e-07
8.32225e-07
6.37751e-07
-6.33646e-07
-8.06982e-07
6.4016e-07
-6.3521e-07
5.55519e-07
8.29953e-07
-8.41199e-07
8.44844e-07
-8.44144e-07
-8.37781e-07
8.41265e-07
6.40792e-07
-6.36472e-07
8.41218e-07
-8.41169e-07
8.41169e-07
-8.26029e-07
-1.7712e-08
1.03915e-07
-6.6585e-07
8.40645e-07
-8.43692e-07
-8.30673e-07
6.70243e-07
6.67039e-07
6.7791e-07
8.46656e-07
-8.46735e-07
8.99173e-08
6.51799e-07
-5.01924e-07
6.7159e-07
-4.65717e-07
6.832e-07
6.68106e-07
6.72152e-07
-5.54116e-07
8.40459e-07
5.65651e-07
6.55092e-08
-6.31161e-07
6.41422e-07
-6.3875e-07
8.41257e-07
-8.40756e-07
3.25942e-09
1.00199e-09
-8.55687e-07
7.99254e-07
8.41567e-07
-9.53534e-10
-4.14581e-07
8.5368e-07
8.41393e-07
-8.44861e-07
-6.7251e-10
-5.17184e-07
-6.0102e-07
4.36277e-08
-6.14512e-07
-5.64573e-07
-8.38786e-07
8.40772e-07
-8.40772e-07
8.40391e-07
8.4025e-07
-8.4025e-07
-1.21924e-07
6.86885e-07
-1.19096e-07
6.74208e-07
-6.54695e-07
1.29887e-07
8.45329e-07
-2.12506e-09
-8.16131e-07
-3.95563e-08
-8.17056e-07
-3.09888e-09
-8.32833e-07
8.41262e-07
8.43627e-07
2.87504e-09
-8.34768e-07
8.40908e-07
-8.4042e-07
5.41126e-07
-4.80776e-09
-5.55111e-07
1.40552e-07
-5.94711e-07
8.39909e-07
-8.43795e-07
8.25239e-07
-5.52759e-07
6.66338e-07
-6.38764e-07
6.1617e-07
6.4088e-07
-6.42159e-07
2.42673e-07
-2.42673e-07
-6.31617e-07
7.49257e-07
6.66512e-08
-5.07299e-07
6.23849e-07
-5.29911e-07
6.46501e-07
-5.51497e-07
6.54008e-07
-5.31027e-07
6.46171e-07
-5.34647e-07
6.5056e-07
6.19607e-07
-5.07204e-07
-1.14673e-08
6.65603e-07
-5.49987e-07
-8.37372e-07
-1.41419e-09
8.38348e-07
2.86889e-11
-8.44629e-07
8.41058e-07
8.40742e-07
-8.41786e-07
4.00263e-07
-4.00263e-07
6.22895e-07
-6.3583e-07
-8.26177e-07
-6.87868e-10
-8.44318e-07
-8.489e-07
8.39815e-07
-8.39146e-07
8.40873e-07
-4.57284e-07
6.00386e-08
-6.00386e-08
-8.4152e-07
4.18872e-10
-7.25774e-07
8.39354e-07
8.44832e-07
-8.44492e-07
6.44072e-07
-6.40504e-07
-8.42075e-08
6.47892e-07
-5.63684e-07
-8.3025e-07
-1.35445e-08
8.31591e-07
-8.39267e-07
-1.03478e-07
6.43679e-07
-5.40201e-07
-8.37273e-07
8.39776e-07
1.62024e-09
8.41258e-07
6.47256e-07
-5.46591e-07
-1.00665e-07
-1.64012e-07
-8.43509e-07
8.43509e-07
3.54445e-08
1.3451e-07
8.39303e-07
-8.43561e-07
8.37644e-07
-8.40661e-07
8.41543e-07
-9.08999e-08
8.00392e-10
-8.44991e-07
1.41057e-07
1.47439e-07
2.41383e-07
7.1112e-08
5.51831e-08
1.01454e-07
1.33978e-07
1.17185e-07
9.48622e-08
1.17633e-07
2.61697e-07
7.35619e-08
1.2594e-07
-3.18457e-09
8.48425e-07
1.11589e-07
2.52934e-07
-1.32959e-08
-5.31032e-07
-5.4982e-07
-5.51605e-07
-6.5666e-07
-5.50116e-07
-8.44934e-07
1.01782e-09
-8.3512e-07
4.10652e-07
-8.38147e-07
8.74133e-10
-5.11749e-07
-7.57735e-08
-5.55387e-07
8.43602e-07
-8.44683e-07
6.82047e-07
-8.54803e-08
-8.42e-07
-5.49651e-08
6.84571e-07
4.50044e-07
-5.55802e-07
-4.17083e-09
-6.09853e-07
9.35265e-08
5.62957e-07
-8.40547e-07
6.30884e-07
-5.2236e-07
3.92398e-07
3.85228e-07
-7.08638e-08
6.73458e-07
-6.02594e-07
-8.38699e-07
6.23439e-07
-6.02348e-08
8.42336e-07
-8.42336e-07
8.44583e-07
-8.45875e-07
-4.62796e-07
5.9752e-07
1.96596e-08
-6.5166e-07
6.32e-07
-9.66484e-08
6.2046e-07
-5.23812e-07
-3.31588e-08
6.4324e-07
-5.58189e-07
-8.46636e-07
-1.10017e-08
-8.38074e-07
-8.37663e-07
-1.03535e-09
-8.38405e-07
8.33005e-07
8.47061e-07
8.43392e-07
-8.43996e-07
4.05784e-07
1.45758e-07
8.42398e-07
-2.36606e-08
-5.14997e-08
-4.32678e-07
-1.26436e-07
6.33035e-07
-8.34424e-07
-3.98176e-09
1.21319e-07
-8.37464e-07
8.41596e-07
-8.41596e-07
-5.96379e-07
-8.41667e-07
3.65519e-09
-2.15247e-07
-1.54954e-07
5.80719e-07
3.23258e-08
-6.13044e-07
3.99361e-10
-6.46924e-07
6.06154e-07
-7.54192e-09
8.36493e-07
-1.96763e-08
-8.16817e-07
-8.36959e-07
-8.37932e-07
4.67947e-10
-6.41934e-08
8.42621e-07
-8.43809e-07
-5.91723e-07
-5.12389e-08
8.97028e-08
-4.78393e-07
-1.36105e-07
7.64993e-08
-6.40183e-07
-5.43066e-08
8.02588e-08
-5.32776e-07
-8.38545e-07
-6.51958e-07
8.38348e-07
8.41234e-07
-8.41234e-07
-8.37198e-07
8.35099e-07
-8.36181e-07
-9.44896e-08
-1.25909e-07
8.39146e-07
-1.85979e-09
9.97224e-08
-8.25496e-07
6.0608e-07
-7.20529e-07
-8.36889e-07
-1.65624e-09
-8.39597e-07
6.16628e-07
-8.35493e-07
-6.88631e-10
6.22219e-07
6.57218e-07
8.36657e-07
-5.73532e-07
-5.01012e-09
-8.35535e-07
-6.3769e-07
-8.45296e-07
8.5436e-07
-9.06379e-09
5.28041e-07
9.71124e-08
-6.44556e-07
-8.36766e-07
-7.00221e-07
8.40963e-07
8.33562e-07
1.84668e-09
-6.0608e-07
-5.18124e-08
-8.40698e-07
4.5829e-10
8.14392e-09
8.28349e-07
-6.04829e-07
-8.35613e-07
7.75459e-11
-8.31874e-07
-4.89171e-09
8.40739e-07
-8.40739e-07
-6.4875e-07
-8.36128e-07
-8.3497e-07
7.8773e-10
5.31852e-07
-6.67957e-07
5.51481e-07
8.32986e-07
9.37067e-10
-4.68887e-07
8.37446e-07
-8.37075e-07
-8.38443e-07
-8.35476e-07
5.0642e-10
-6.68115e-07
-8.34754e-07
4.07144e-07
3.48348e-07
-6.35654e-07
6.3069e-07
5.47594e-07
-5.58463e-07
8.40027e-07
8.44117e-07
8.74087e-10
-8.45366e-07
-8.3542e-07
6.65941e-10
8.48425e-07
-8.34455e-07
-8.38922e-07
8.35824e-07
-7.68734e-07
-7.82647e-10
8.39802e-07
-8.39802e-07
-8.35277e-07
8.21244e-10
-8.50481e-07
6.38782e-07
-8.36553e-07
-8.48942e-07
-8.37358e-07
-8.34213e-07
-5.20387e-07
-7.61196e-08
-1.6547e-10
8.38877e-07
8.60349e-08
-6.88629e-07
-6.56823e-07
5.65923e-07
-8.35133e-07
9.1976e-10
8.38859e-07
-6.54996e-07
1.31185e-07
6.06511e-07
4.30044e-08
-5.65293e-07
-8.33952e-07
-9.95958e-08
-5.47255e-07
6.36574e-07
-8.38877e-07
-8.39352e-07
-8.34874e-07
9.22547e-10
-9.19244e-08
6.98079e-07
6.17578e-07
-5.71628e-07
-8.33729e-07
5.04265e-07
-5.37477e-07
-1.29268e-09
-8.35495e-07
8.42842e-07
4.59697e-08
-8.88812e-07
-6.35874e-07
-8.45717e-07
-8.34702e-07
9.72837e-10
-7.99905e-07
-1.24971e-07
-8.33482e-07
-4.40461e-08
-5.68998e-07
-3.08433e-07
-8.35241e-07
1.75852e-09
6.52064e-07
-6.39961e-07
-8.32927e-07
-8.33994e-07
-8.36912e-07
2.91775e-09
8.32986e-07
8.33562e-07
-1.58152e-09
-8.34662e-07
7.95171e-07
-8.34727e-07
6.35098e-07
4.49996e-08
5.86305e-07
-9.88924e-09
5.89612e-07
6.4557e-10
3.60833e-07
-8.36097e-07
8.36524e-07
-6.30846e-07
8.38266e-07
1.1896e-09
-6.36794e-07
-8.11465e-07
-7.23197e-07
-1.71943e-07
5.21715e-07
-5.25886e-07
-8.37453e-07
6.34491e-07
-1.67705e-09
-8.3383e-07
-8.35882e-07
8.35681e-07
-8.41108e-07
-8.35488e-07
-8.36466e-07
5.83718e-10
-8.35125e-07
-5.8384e-07
-6.39548e-08
-8.35589e-07
-8.21128e-07
-6.50278e-07
-8.34673e-07
6.27057e-07
-8.37131e-07
1.54219e-09
-8.37076e-07
6.38782e-07
3.36394e-07
-2.86999e-08
-8.26998e-07
5.26773e-07
-6.68538e-07
3.99018e-07
3.89712e-07
6.3388e-07
-8.34265e-07
4.61921e-10
-8.26529e-07
-2.12311e-07
-8.26144e-08
-1.22202e-07
-8.3454e-07
-8.34846e-07
-8.3617e-07
-8.30012e-07
2.42833e-07
-7.44757e-07
-8.33993e-07
-8.35702e-07
8.35275e-07
-8.40019e-07
-6.29076e-07
-8.33054e-07
6.16651e-07
-6.16651e-07
-8.37287e-07
1.58532e-09
-8.36185e-07
-8.31884e-07
-8.372e-07
1.01548e-09
8.39625e-07
-1.48962e-09
4.89994e-07
-8.33744e-07
-8.32714e-07
-1.06385e-07
3.74283e-08
5.79223e-07
-3.56542e-07
-2.8314e-07
-3.36918e-07
-3.2166e-07
6.74037e-07
-8.25779e-07
-6.35118e-07
-8.33403e-07
6.31721e-07
-8.34849e-07
7.66163e-09
5.33521e-07
-8.34859e-07
7.94489e-08
-8.33172e-07
8.36514e-07
-3.25364e-07
-3.39772e-07
-2.75757e-07
-3.69082e-07
-8.39002e-07
8.30235e-07
-8.33094e-07
-3.34358e-07
-3.30059e-07
-3.5935e-07
-2.96958e-07
-3.52949e-07
-3.10196e-07
-3.34136e-07
-2.92059e-07
-3.30559e-07
-3.29637e-07
-2.54792e-07
-3.96548e-07
6.36794e-07
-8.33291e-07
-8.32785e-07
-6.02486e-07
2.03476e-08
-8.33263e-07
4.1767e-07
-1.55983e-07
-5.37577e-07
6.9356e-07
-4.56423e-07
-8.32597e-07
6.02486e-07
-1.89268e-07
-8.33125e-07
-6.24959e-07
-5.73312e-07
2.35664e-07
5.52955e-07
-8.32304e-07
-8.33138e-07
-8.33746e-07
-7.03352e-10
8.34265e-07
-8.3296e-07
-1.85974e-09
8.34846e-07
-8.37843e-07
-6.38333e-07
-8.42691e-08
-8.32596e-07
-8.3204e-07
-6.26092e-07
-8.30206e-07
-8.32721e-07
-6.64619e-07
-8.31798e-07
1.1129e-07
-8.3162e-07
-8.3249e-07
6.59251e-07
-8.30494e-07
-8.31517e-07
6.30843e-07
-8.3226e-07
-6.34548e-07
-8.2962e-07
-8.74307e-08
-8.30501e-07
-8.35784e-07
-8.28549e-07
-8.32866e-07
6.38449e-07
-8.29584e-07
5.97511e-07
2.50891e-09
6.2875e-08
5.61976e-07
5.94089e-07
-8.28484e-07
4.69637e-07
3.02242e-07
-8.36138e-07
-8.28016e-07
-1.10221e-09
-5.42503e-07
7.85335e-07
8.38845e-07
5.73325e-09
-8.26937e-07
-8.28593e-07
5.15254e-07
-6.03278e-07
-8.28494e-07
8.29078e-07
-8.27647e-07
-1.26075e-09
-8.34713e-07
6.18341e-07
-6.18341e-07
-6.92943e-07
3.40638e-07
-8.33171e-07
-8.32539e-07
4.12481e-08
-6.39132e-07
-6.60639e-07
-1.8716e-07
6.59403e-09
-8.36075e-07
-6.24064e-07
-6.67126e-07
6.67126e-07
-5.60392e-07
-6.3551e-07
-8.25645e-07
8.27231e-07
6.3551e-07
5.84069e-07
-2.0432e-09
-8.24187e-07
-4.10517e-07
-3.5844e-07
-8.23172e-07
8.23935e-07
-8.25425e-07
6.73837e-07
4.29705e-08
-6.28723e-07
-5.97511e-07
6.4676e-07
2.60098e-08
-1.99953e-08
6.3737e-07
-6.17374e-07
8.39886e-07
-6.32746e-07
7.52343e-07
-8.25779e-07
-6.5609e-07
4.72933e-07
-7.75632e-07
3.02699e-07
8.40843e-07
-7.78927e-09
-5.79223e-07
4.82412e-08
1.49107e-07
-6.09985e-07
2.63772e-08
6.15026e-07
-6.51965e-07
-6.21635e-07
-6.70332e-07
-6.23874e-07
4.86878e-07
-8.34811e-07
2.31288e-07
-6.87307e-07
-6.93487e-07
-6.37155e-07
2.29129e-09
-6.71544e-07
6.47075e-07
-6.27802e-07
6.25153e-07
-8.33825e-07
-6.39356e-07
-1.56848e-07
-4.76921e-07
6.2436e-07
-2.89054e-09
8.14329e-07
-8.14329e-07
8.11823e-07
-8.11823e-07
6.24973e-07
-6.24973e-07
-6.51965e-07
-5.73513e-07
-1.62487e-07
-5.82269e-07
-5.85613e-07
7.16798e-07
-7.14141e-07
5.8917e-07
-4.49726e-07
-3.09065e-07
3.89078e-07
6.81665e-08
5.94089e-07
-6.41543e-07
-5.87131e-07
-6.5609e-07
-6.05242e-07
5.87131e-07
-1.48846e-07
-1.21512e-07
-2.66202e-07
-4.44325e-07
-3.07942e-07
-8.18493e-08
-4.299e-07
-6.60873e-07
-6.60639e-07
3.86936e-07
3.90412e-07
4.28423e-07
-8.06516e-08
-9.6252e-09
-5.17755e-08
6.14733e-07
-5.19754e-07
4.37905e-07
1.41459e-07
-6.64619e-07
5.44351e-07
1.10817e-07
6.2635e-07
-5.25684e-07
5.82652e-07
-9.94589e-08
7.02118e-07
-6.28961e-07
5.33477e-07
-4.76356e-07
3.8894e-07
-2.12554e-07
-1.76918e-07
-3.14416e-07
-3.44357e-07
-3.20159e-07
-3.17582e-07
-6.68538e-07
-5.82184e-07
6.44475e-07
-3.91402e-07
-2.53073e-07
1.73799e-08
5.54774e-07
-5.99623e-07
2.07398e-07
-5.14944e-08
1.03022e-07
4.81047e-07
4.10652e-07
-5.66853e-07
3.24827e-07
-6.07967e-07
3.14599e-07
-6.36259e-07
-6.17117e-07
6.41125e-07
-1.56162e-08
9.8617e-08
-5.17071e-07
7.4836e-07
-3.19163e-07
-3.45391e-07
5.41867e-07
-6.61501e-07
6.52884e-07
3.85074e-08
5.5045e-07
-5.5045e-07
6.13712e-07
5.06983e-07
7.3958e-07
5.78501e-07
7.47309e-07
2.85932e-07
5.94206e-07
-1.9271e-07
-6.67354e-07
-6.34024e-07
4.70174e-07
-4.24592e-07
-5.04726e-07
-2.35544e-08
6.16889e-07
1.48609e-07
2.40331e-07
-5.80449e-08
-4.98341e-07
-6.31008e-07
-2.03093e-08
-5.47006e-07
5.36566e-07
-6.13774e-07
-4.03331e-07
-6.37155e-07
5.31397e-07
6.11931e-07
5.12504e-07
5.08313e-07
1.47607e-07
4.76753e-07
-9.53102e-07
4.299e-07
-6.08827e-07
-3.13566e-07
-3.98871e-07
2.66239e-07
-2.94939e-07
1.39563e-08
-6.66209e-07
5.118e-07
2.11503e-07
4.58051e-07
-4.34258e-07
-3.28964e-07
6.60108e-07
-1.50607e-07
-7.56924e-08
5.86114e-08
5.63101e-07
-4.25413e-07
-5.40068e-07
-6.51744e-08
6.46916e-07
2.72754e-08
-2.45531e-07
3.26653e-08
-6.15301e-07
-5.08396e-08
-6.29016e-07
5.17286e-07
-3.35509e-07
-3.74543e-07
-6.696e-07
-6.48291e-08
-5.69714e-07
-5.16372e-07
4.03331e-07
2.77379e-07
3.82617e-07
5.21978e-07
-4.72754e-07
-6.74131e-07
1.20967e-08
-2.4868e-07
-2.53382e-07
-4.82651e-07
6.17187e-07
2.23812e-07
4.65929e-07
5.8324e-07
6.07354e-08
-5.03133e-07
-5.66419e-07
6.04927e-07
-6.36271e-07
-5.46159e-07
6.86216e-07
-1.86243e-07
-5.00597e-07
-4.58213e-07
-5.58535e-07
-5.0707e-07
6.84375e-07
-5.05591e-07
5.20031e-07
1.07229e-07
4.96223e-07
-5.09183e-07
7.12972e-07
2.92098e-07
7.19311e-07
2.85454e-07
-5.09117e-07
7.12972e-07
7.19311e-07
-5.40956e-07
-5.38422e-07
-5.72718e-07
5.93066e-07
5.13294e-07
4.6239e-07
-4.58669e-08
3.12106e-07
6.93074e-07
1.50255e-07
5.24931e-07
-4.86616e-07
-5.64112e-07
5.13274e-08
5.03685e-07
4.43388e-07
-6.05729e-07
-5.29842e-08
5.86461e-07
5.20158e-07
5.66362e-07
-5.07751e-07
1.36977e-07
5.07581e-07
5.17215e-07
2.23509e-07
-4.6745e-07
5.54785e-07
-4.59425e-07
6.79591e-07
-5.42503e-07
-7.67063e-08
-5.36168e-07
4.37156e-07
-5.58342e-07
6.92387e-07
1.23657e-07
1.72821e-07
5.33132e-07
-2.96998e-08
4.92461e-07
1.59966e-07
4.95754e-07
-4.95754e-07
-5.44081e-07
5.02885e-07
-9.44621e-08
-4.29183e-07
-4.11434e-07
-3.78007e-07
4.11434e-07
-5.45941e-07
1.30656e-07
4.48405e-07
-6.35787e-10
-5.68362e-07
3.7684e-08
-5.14877e-07
5.68794e-07
-4.68848e-07
-5.35967e-07
-1.92584e-07
-4.31157e-07
8.09015e-08
-6.28157e-07
2.30691e-07
4.44325e-07
-5.17071e-07
5.4261e-07
-5.18532e-07
-7.63553e-07
3.72151e-07
3.98871e-07
5.33847e-07
2.29653e-07
4.49726e-07
5.33952e-07
5.2919e-07
-5.12867e-07
5.12867e-07
-5.45171e-07
-1.67744e-07
-4.91931e-07
9.02137e-08
4.10517e-07
4.45795e-07
1.53723e-07
5.30373e-07
-4.96696e-07
-5.45877e-07
-4.55122e-07
-1.754e-07
-4.81256e-07
-2.12091e-08
8.03479e-08
2.14994e-08
2.62709e-08
-5.57303e-07
5.42027e-07
-6.02694e-07
-1.19131e-07
3.90784e-07
3.02776e-07
5.61774e-07
5.74859e-07
2.9986e-07
4.16938e-07
2.7836e-07
-3.97778e-10
5.12198e-07
3.0469e-07
4.90817e-07
1.71783e-07
4.54626e-07
3.9327e-08
-6.11931e-07
5.56029e-07
4.77061e-07
-4.77061e-07
4.62174e-07
-4.62174e-07
6.45592e-08
4.67003e-07
-4.67003e-07
4.75843e-07
-4.75843e-07
-6.08679e-07
-5.96271e-08
-4.66259e-07
4.59425e-07
6.55817e-07
-1.60063e-07
-7.95512e-08
-1.24958e-07
-5.44926e-07
-5.03794e-07
-3.83041e-07
-3.92591e-07
1.42949e-07
-5.63311e-07
-5.435e-07
-1.71264e-07
-5.05757e-07
-5.22072e-07
-9.58877e-08
4.40713e-07
-5.16969e-07
5.13411e-07
4.51171e-07
3.34164e-07
3.2284e-07
-4.86422e-07
-4.83786e-07
5.80898e-07
3.30284e-07
-5.68635e-07
3.36938e-07
5.40082e-07
-1.93569e-07
-2.0162e-07
-5.18549e-07
5.13744e-07
-5.1807e-07
5.72064e-07
-5.62051e-07
5.31021e-07
5.54391e-07
-5.35475e-07
-2.03246e-07
-1.96912e-07
-1.94543e-07
-4.7765e-07
4.93674e-07
6.53889e-07
5.09519e-07
4.70174e-07
-4.96589e-07
5.74572e-07
4.47444e-07
-4.91467e-07
-2.70822e-08
-1.96057e-07
-5.98648e-08
3.95615e-07
3.46402e-07
5.36566e-07
5.32307e-07
-9.58569e-09
-5.92301e-07
-5.05304e-07
-3.81959e-08
5.9513e-07
-1.79078e-07
4.8702e-07
-1.83752e-07
-5.43628e-07
4.76025e-07
5.49566e-08
3.58956e-07
4.89807e-07
-4.84058e-07
-1.80742e-07
5.545e-07
-4.4981e-08
2.7977e-07
4.01084e-07
6.34043e-07
-4.96608e-07
4.94998e-07
5.31005e-07
-1.72565e-07
1.79406e-07
4.99771e-07
-4.37528e-08
-4.09543e-07
4.56422e-07
-5.61763e-07
-1.66586e-07
4.6745e-07
4.60634e-07
4.31157e-07
3.17203e-07
5.25167e-07
-3.78384e-07
5.36168e-07
1.54631e-07
-9.46206e-09
-4.89512e-07
-5.05911e-07
1.1341e-07
1.75452e-07
-5.23363e-07
-5.17829e-07
4.38852e-07
-5.12108e-07
5.58314e-07
-5.27155e-08
-4.10912e-07
4.63627e-07
-3.37347e-07
3.54568e-07
2.99321e-07
-5.38595e-07
-5.74198e-07
7.06048e-08
-4.77232e-07
-4.51171e-07
-7.1502e-08
6.14222e-07
-5.66635e-08
5.17297e-07
1.92443e-07
7.38807e-08
1.72463e-07
3.91444e-07
-4.4416e-07
5.39317e-07
4.80186e-07
2.01015e-08
-5.15847e-07
4.95746e-07
-1.86785e-08
4.04854e-08
-1.21154e-07
4.7602e-07
-4.55919e-07
-2.64175e-07
1.09011e-07
-6.29234e-07
1.11634e-07
-4.4413e-07
-1.646e-08
1.84974e-07
9.90996e-08
3.08498e-07
-4.24623e-07
-5.0207e-07
1.69508e-07
-5.37027e-07
6.85725e-08
4.64073e-07
5.13423e-07
3.29694e-07
-4.54231e-07
1.12359e-07
-9.50174e-08
-9.8851e-08
-4.82326e-07
-3.14379e-07
-3.51557e-07
-6.82824e-08
8.46548e-07
-3.05123e-07
8.49259e-07
-4.97196e-07
4.5676e-07
1.67137e-08
-5.13697e-07
-5.12459e-07
-1.27457e-07
3.81555e-07
-4.16245e-07
4.7186e-07
8.75883e-08
-2.814e-08
5.34035e-07
4.37146e-07
5.14494e-07
5.47603e-07
-1.77104e-07
-4.43328e-07
-4.71905e-07
-4.3142e-07
-1.35002e-07
5.12733e-07
5.47011e-07
5.15025e-08
1.49736e-07
3.32115e-07
-5.19138e-07
4.99702e-07
5.33404e-07
-2.23487e-08
)
;

boundaryField
{
    front
    {
        type            empty;
    }
    back
    {
        type            empty;
    }
    wall
    {
        type            calculated;
        value           uniform 0;
    }
    inlet
    {
        type            calculated;
        value           nonuniform List<scalar> 
12
(
-9.5273e-07
-9.54228e-07
-9.57057e-07
-9.4507e-07
-9.91791e-07
-9.59691e-07
-9.89643e-07
-1.00507e-06
-1.00476e-06
-1.01675e-06
-1.01625e-06
-1.01471e-06
)
;
    }
    outletLeft
    {
        type            calculated;
        value           nonuniform List<scalar> 9(6.58578e-07 6.65137e-07 6.64417e-07 6.63146e-07 6.60196e-07 6.58773e-07 6.5999e-07 6.77463e-07 6.80307e-07);
    }
    aneurysm
    {
        type            calculated;
        value           uniform 0;
    }
    outletRight
    {
        type            calculated;
        value           nonuniform List<scalar> 9(6.39683e-07 6.44839e-07 6.56309e-07 6.26196e-07 6.51341e-07 6.37741e-07 6.4399e-07 6.60572e-07 6.59086e-07);
    }
}


// ************************************************************************* //
