/*--------------------------------*- C++ -*----------------------------------*\
  =========                 |
  \\      /  F ield         | OpenFOAM: The Open Source CFD Toolbox
   \\    /   O peration     | Website:  https://openfoam.org
    \\  /    A nd           | Version:  12
     \\/     M anipulation  |
\*---------------------------------------------------------------------------*/
FoamFile
{
    format      ascii;
    class       surfaceScalarField;
    location    "0.16";
    object      phi;
}
// * * * * * * * * * * * * * * * * * * * * * * * * * * * * * * * * * * * * * //

dimensions      [0 3 -1 0 0 0 0];

internalField   nonuniform List<scalar> 
6438
(
-2.61009e-08
3.24647e-06
-3.22037e-06
-2.84705e-08
3.7714e-06
-3.74292e-06
-3.53706e-06
-5.9905e-07
4.13611e-06
3.35611e-06
-3.6829e-06
3.26782e-07
5.15767e-06
-4.02889e-06
-1.12878e-06
1.17135e-06
3.98632e-06
-4.01914e-06
4.82076e-07
-3.4854e-06
3.45693e-06
3.76479e-06
-4.49508e-06
7.30286e-07
3.50071e-06
-4.10453e-06
6.03826e-07
-3.38546e-06
4.11643e-06
-7.30969e-07
8.12742e-07
-3.71111e-06
2.89837e-06
-4.19064e-06
8.05177e-07
3.21718e-06
1.47731e-06
-4.69448e-06
3.02207e-06
-3.04817e-06
-1.70834e-07
3.54208e-06
-3.37125e-06
-4.46253e-06
4.32739e-06
1.3514e-07
-3.37887e-06
4.10242e-06
-7.23541e-07
-4.18769e-06
8.08811e-07
1.32947e-06
2.81111e-06
-4.14058e-06
-9.68737e-07
-6.3364e-07
1.60238e-06
-2.06472e-07
3.71002e-06
-3.50355e-06
-3.44044e-06
-5.57299e-07
3.99774e-06
-4.21129e-06
1.84779e-06
2.36351e-06
-3.65524e-06
3.44877e-06
-3.24617e-06
3.94597e-06
-6.99798e-07
-3.96793e-06
5.27488e-07
3.76148e-06
-2.94874e-06
-3.41652e-06
-6.39043e-07
4.05556e-06
-4.13194e-06
8.85762e-07
3.1666e-06
-3.97782e-06
8.11223e-07
1.77783e-08
-3.87401e-06
3.85623e-06
3.79105e-06
-3.8127e-06
2.16512e-08
-3.75588e-06
6.31888e-07
3.12399e-06
-5.07274e-06
8.20478e-07
4.25226e-06
3.56675e-06
-3.54897e-06
3.59849e-06
-2.42377e-07
2.33484e-06
3.26971e-06
-5.60455e-06
-1.15388e-06
4.37106e-06
-3.3499e-06
3.67999e-06
-3.30092e-07
-3.88133e-06
3.84557e-06
3.57634e-08
-1.61303e-06
2.9425e-06
3.47044e-06
3.02654e-08
-4.17162e-06
4.08686e-06
8.47543e-08
3.73834e-06
-5.71743e-07
-2.80604e-06
2.63521e-06
-4.84862e-06
8.19727e-07
3.6858e-06
3.55018e-07
-4.04081e-06
-2.86457e-06
-8.91311e-07
-5.25496e-07
-3.44811e-06
3.91224e-06
-4.6413e-07
-2.56957e-06
3.70766e-06
-1.13809e-06
3.72097e-06
-3.72097e-06
1.16877e-06
2.82193e-06
3.71284e-07
-3.19321e-06
1.65633e-06
8.04199e-07
-2.46053e-06
3.15168e-06
6.60918e-07
-3.8126e-06
3.04255e-06
-1.19476e-06
-1.76432e-06
-3.08429e-06
-3.67138e-08
3.28034e-06
-3.24362e-06
-4.04619e-06
4.04619e-06
-4.19082e-06
4.23329e-06
-4.24665e-08
1.68724e-07
3.11694e-06
-3.28566e-06
1.17111e-08
-3.81843e-06
3.80672e-06
3.54324e-06
-3.53153e-06
-3.86343e-06
4.46908e-07
-3.87363e-06
-2.97984e-07
-3.33175e-06
3.66105e-06
-3.29296e-07
3.68342e-07
3.18962e-06
-3.55797e-06
-3.91712e-06
3.76735e-06
1.49762e-07
3.81873e-06
-3.81873e-06
3.5497e-06
2.1509e-07
-2.33194e-06
-1.7726e-06
3.32544e-06
7.0113e-07
-4.02657e-06
-3.2628e-06
-6.18528e-07
2.89802e-06
2.24004e-06
-5.13806e-06
-4.48917e-06
2.87614e-06
-2.86651e-06
-1.62266e-06
3.95237e-06
-6.26936e-07
2.35616e-06
-6.99832e-07
3.20203e-06
3.64954e-07
-3.56698e-06
-3.94786e-06
-2.42965e-07
-5.59433e-07
-9.60707e-07
-3.08548e-06
4.2793e-06
-4.2793e-06
-2.83016e-06
-1.08695e-06
-2.56656e-07
-4.81609e-06
-3.6923e-06
3.67754e-06
1.47667e-08
1.32904e-07
-3.74062e-06
3.60772e-06
-4.11331e-07
3.61336e-06
3.69667e-06
9.4379e-08
-3.86137e-06
-6.01162e-07
-3.89834e-06
3.99721e-06
-9.88702e-08
4.07167e-06
-2.27851e-06
-1.79316e-06
3.65152e-06
-3.51862e-06
7.50519e-08
4.09697e-06
-2.08504e-06
-2.01193e-06
2.33007e-06
1.74161e-06
3.75846e-06
-3.75846e-06
-2.88302e-06
4.13537e-06
-1.25235e-06
-3.62261e-06
1.74504e-07
-4.95816e-07
-2.93365e-06
3.42947e-06
-3.3957e-06
1.32901e-07
-3.63823e-06
7.55211e-07
3.13857e-06
6.90661e-07
-3.82923e-06
-2.21372e-07
3.35994e-06
-3.27841e-06
3.78765e-06
-5.09239e-07
-3.48293e-06
1.33037e-07
2.40528e-06
1.69169e-06
3.62917e-06
-7.30803e-07
1.56042e-07
3.56493e-06
-3.13191e-06
-2.6379e-07
3.27393e-06
6.96817e-07
-3.97075e-06
-1.81042e-06
-1.56159e-06
3.37201e-06
2.38363e-06
-3.01857e-07
-2.08178e-06
-3.87401e-06
7.86696e-07
3.88193e-06
-4.66863e-06
-1.80026e-06
8.31528e-07
3.87375e-06
7.22224e-08
4.20224e-06
-2.17397e-06
-2.02826e-06
1.4069e-06
2.79534e-06
3.91942e-06
-6.45486e-07
4.78327e-06
-2.44843e-06
-3.5443e-06
1.07442e-08
3.53355e-06
-5.06926e-06
5.16436e-07
4.55283e-06
-5.8342e-08
-3.51947e-06
3.57781e-06
3.87059e-06
2.16275e-07
-2.98609e-06
2.94937e-06
-3.5624e-06
3.63387e-06
-7.14679e-08
3.60729e-06
-3.66564e-06
3.72276e-06
-3.72276e-06
3.66519e-06
1.06205e-07
3.67223e-06
-8.50302e-07
3.62227e-06
-3.45355e-06
-3.19129e-06
2.69547e-06
3.29857e-08
3.51714e-06
-3.55012e-06
4.13957e-06
-2.90034e-06
-1.23923e-06
-3.81843e-06
-5.52756e-08
4.30298e-08
-3.52843e-06
-3.53548e-06
2.03725e-07
4.04978e-08
3.52625e-06
3.41258e-06
-3.04423e-06
-3.51928e-06
2.40866e-07
3.57011e-06
-9.96688e-08
-1.27582e-07
3.10722e-06
-2.97963e-06
2.44639e-06
1.69318e-06
-3.65896e-06
7.86389e-07
2.87257e-06
3.73068e-06
-2.30209e-08
-4.93336e-06
4.47826e-07
4.48554e-06
-5.00588e-08
-3.50097e-06
3.55103e-06
2.32698e-06
5.66546e-08
2.22962e-07
3.50772e-06
3.47099e-06
2.90485e-07
3.58638e-06
-3.63643e-06
-3.73732e-06
-1.24051e-07
3.81266e-06
-4.09752e-06
2.84863e-07
-3.40812e-06
-1.36181e-07
-4.14817e-06
1.79821e-06
2.34996e-06
1.1596e-10
3.58579e-06
1.24226e-07
-3.37555e-06
3.92562e-06
-5.50067e-07
-3.71871e-06
3.20426e-06
5.14453e-07
-5.03105e-07
1.30026e-06
-7.97158e-07
-1.16652e-06
-2.96542e-06
-3.74062e-06
-2.95094e-08
3.57275e-06
1.09653e-06
3.03884e-06
-5.99672e-08
-3.63787e-06
-1.73667e-08
-7.72694e-08
-3.97642e-06
3.35972e-06
6.16696e-07
-2.3315e-07
2.96501e-06
5.84686e-07
5.81371e-06
-2.54401e-06
-1.22987e-06
-2.95781e-06
3.64622e-06
5.04442e-08
-3.12956e-06
1.31914e-06
-1.40611e-06
-2.21856e-06
3.62467e-06
-1.2551e-06
-2.93555e-06
-2.04039e-06
4.93841e-06
-3.76155e-06
1.23677e-07
-3.55075e-06
3.56427e-06
-1.35175e-08
-2.93211e-06
2.80453e-06
-4.28061e-08
-3.47995e-06
3.52276e-06
-3.82682e-06
6.52686e-08
3.19069e-06
-3.79663e-06
6.05939e-07
3.55513e-06
-3.59794e-06
3.17684e-06
-1.20242e-06
-1.97442e-06
-4.80593e-06
1.70238e-06
3.10355e-06
3.25706e-06
3.13047e-07
2.68992e-06
1.63747e-06
7.85541e-07
3.49376e-06
-9.33652e-07
-3.34565e-06
-3.87396e-06
3.83905e-06
3.49177e-08
-3.86321e-06
-1.07495e-08
-3.84391e-06
-1.9302e-08
1.22261e-08
1.0006e-06
-5.59492e-06
4.59433e-06
-4.15338e-06
4.94007e-06
3.27975e-06
-3.24676e-06
3.50522e-06
1.46301e-07
2.85735e-07
2.89111e-06
-3.51947e-06
-3.19088e-06
3.17623e-06
3.95233e-07
-3.57147e-06
-1.78616e-08
-7.5836e-07
5.5844e-06
-4.82604e-06
5.29694e-06
-3.81963e-06
-1.60785e-06
2.41205e-06
-1.01967e-06
-3.1285e-06
-2.77835e-06
-2.02758e-06
-3.51832e-06
-2.18997e-07
-3.54343e-06
3.54285e-06
5.83028e-10
-5.58885e-07
3.32548e-06
-2.76659e-06
-3.80569e-06
3.83246e-06
-2.67705e-08
-3.76582e-06
-3.98637e-08
-4.83829e-06
3.02395e-07
4.5359e-06
-3.38002e-06
-2.19258e-07
3.59928e-06
3.79214e-06
4.03201e-08
-6.73801e-07
-4.14318e-06
1.51145e-06
2.63173e-06
2.33974e-08
-2.19276e-06
-1.95042e-06
-5.17732e-08
-3.87853e-08
-3.45972e-06
3.49851e-06
-3.55729e-06
1.77268e-07
3.21497e-06
4.31248e-07
3.70514e-06
-3.54909e-06
3.52109e-06
-3.55988e-06
3.50662e-06
1.00673e-07
1.7245e-06
3.57244e-06
3.65435e-06
-6.89335e-07
-2.87554e-07
-4.78171e-06
-2.08486e-07
2.89002e-06
-2.68154e-06
-3.74782e-06
-1.80028e-08
-3.74723e-06
-5.89236e-10
3.77693e-06
-3.74988e-06
-2.70516e-08
3.7363e-06
4.06311e-08
-3.50097e-06
8.65233e-07
-1.18796e-06
3.22727e-07
-4.23241e-06
2.47807e-06
1.75434e-06
1.89321e-06
-3.79657e-06
1.90336e-06
-3.31443e-06
-3.08181e-07
-3.53155e-06
3.51402e-06
1.75322e-08
-3.67305e-06
3.54275e-06
1.30299e-07
-2.93419e-07
3.75893e-06
-3.46551e-06
-3.64669e-06
8.93974e-08
-4.04939e-06
5.04999e-06
-3.74579e-07
-3.28438e-06
-3.80708e-06
3.51366e-06
-2.98265e-06
-2.74097e-07
3.25675e-06
-2.79269e-06
3.71239e-06
2.39065e-08
-2.54042e-06
-6.80414e-07
7.54335e-07
-7.39208e-08
-3.48377e-08
1.36737e-07
-4.8311e-06
4.69437e-06
-2.70645e-06
-1.31269e-06
-3.76383e-06
3.6876e-06
7.62278e-08
-3.70623e-06
-5.7596e-08
-1.33191e-06
8.28809e-07
3.50014e-06
8.62367e-08
3.73599e-06
-6.19049e-07
3.70312e-06
-3.69919e-06
-3.93176e-09
-9.86918e-09
-3.433e-06
3.44287e-06
3.87756e-06
-2.78104e-06
-4.67556e-08
3.84078e-06
2.17083e-06
-6.01162e-06
3.8054e-06
-3.8054e-06
5.90252e-07
3.45594e-06
-1.34313e-06
-2.37784e-06
-3.03446e-06
3.65798e-06
-6.23523e-07
-4.02964e-07
-3.27008e-06
3.5034e-06
-3.51327e-06
-3.35522e-06
5.6164e-08
3.29905e-06
6.43838e-07
-3.40076e-06
2.75692e-06
-3.52126e-06
3.48452e-06
3.67444e-08
2.25008e-06
1.62749e-06
-1.10117e-07
-5.70297e-07
-2.11756e-06
-2.11485e-06
-8.12553e-07
-3.76007e-06
3.84515e-07
-3.47995e-06
3.15364e-06
6.59018e-07
-2.92617e-06
-3.28876e-06
3.06104e-07
-3.35544e-06
1.94933e-06
3.80724e-06
-3.09496e-06
-7.12288e-07
6.49914e-07
3.05522e-06
-2.69202e-06
-1.27591e-06
-3.72369e-06
3.72369e-06
3.7262e-06
-3.58368e-06
-1.42522e-07
2.14281e-07
-3.52871e-06
-2.98145e-06
3.37102e-06
-3.89571e-07
-1.18035e-06
5.46713e-07
3.47072e-06
-3.48771e-06
1.69864e-08
3.64837e-06
3.92299e-08
3.68471e-06
4.14919e-08
5.56528e-06
-3.55118e-06
-9.55041e-08
-3.11631e-06
2.55742e-06
3.49503e-06
6.01016e-08
3.67406e-06
-3.65378e-06
-2.02747e-08
-3.2171e-08
-5.08251e-08
3.84226e-07
-3.15093e-06
2.7667e-06
-1.09897e-07
-4.82346e-06
1.15374e-06
2.58037e-07
-3.23948e-06
-3.51319e-06
3.45953e-06
5.36594e-08
3.50484e-06
-3.14153e-07
-1.6358e-06
-2.1769e-06
-4.91174e-06
3.63838e-07
-1.97169e-06
-5.83837e-07
1.5803e-08
3.60988e-06
-3.21464e-06
-3.45972e-06
-3.46508e-06
9.03722e-08
3.3747e-06
4.89118e-06
6.9322e-07
2.82067e-06
1.41262e-06
3.41202e-06
-1.51881e-06
3.56205e-06
-2.02331e-07
8.1778e-06
-6.00697e-06
-5.59492e-06
-1.79339e-06
-1.92532e-06
-4.55331e-08
3.79918e-06
-3.55965e-06
-2.39532e-07
3.60239e-06
8.23219e-08
4.16418e-07
-3.45088e-06
-2.56084e-06
2.94506e-06
3.49059e-06
3.04973e-08
2.73958e-06
1.21279e-06
3.66257e-06
1.36606e-07
3.65988e-06
-3.60746e-06
-5.24242e-08
-1.64979e-06
-2.32803e-06
-1.65219e-07
3.36948e-06
6.27136e-08
-3.88145e-06
3.03448e-06
-2.39065e-06
-5.13966e-08
7.62036e-08
2.96281e-06
-3.21492e-06
2.52118e-07
5.41709e-07
3.11627e-06
4.9645e-06
-4.82776e-06
1.7274e-06
2.18484e-06
-3.50367e-06
3.46303e-06
4.06346e-08
-8.04615e-08
-2.03831e-06
1.11807e-06
9.20243e-07
-3.68096e-08
3.8064e-06
-3.8064e-06
4.30663e-06
-2.49817e-06
-1.80846e-06
-3.15065e-06
-5.32243e-07
2.65941e-06
1.26001e-06
3.6424e-06
2.01699e-08
-3.433e-06
3.40607e-06
2.17896e-08
-3.42786e-06
2.78757e-06
3.88145e-06
-3.85623e-06
9.777e-08
4.53094e-06
-4.01451e-06
3.50742e-06
-3.73318e-06
3.48487e-06
-7.88012e-08
3.14575e-06
-3.40457e-06
3.38682e-06
1.77527e-08
1.58334e-07
2.73306e-06
-2.8914e-06
-3.09652e-06
2.55871e-06
-2.31732e-07
3.23773e-06
4.4226e-07
-3.14127e-08
-2.99669e-06
-5.22587e-07
-4.48963e-06
2.83984e-06
5.84906e-09
-3.41397e-06
-3.63458e-06
-1.72498e-07
4.8666e-06
-2.62656e-06
3.49442e-08
-6.29636e-07
3.87043e-06
-3.24079e-06
-1.65372e-06
-3.84592e-07
3.39088e-06
-3.42703e-06
3.61524e-08
-3.50742e-06
3.48073e-06
1.50971e-06
2.15503e-06
-3.66474e-06
3.64572e-06
-6.82911e-07
3.02089e-07
3.23999e-06
3.57584e-06
3.49786e-07
3.90391e-07
4.74842e-07
-3.80672e-06
8.39593e-08
-3.02062e-06
3.43704e-06
-1.75022e-06
2.11406e-06
3.22587e-07
-3.17378e-06
2.85119e-06
-2.62303e-08
6.54118e-08
-3.16468e-06
-3.60218e-06
3.53587e-06
6.6305e-08
-3.45426e-06
3.59302e-07
2.25668e-06
2.04995e-06
-1.94439e-06
3.98516e-06
-2.04077e-06
3.99545e-06
-3.72973e-06
-2.65721e-07
1.00522e-07
2.45819e-06
-3.42854e-06
-3.65329e-08
3.47987e-06
4.99441e-09
1.71948e-06
-6.01415e-07
4.42924e-06
-3.98142e-06
3.17191e-06
4.8914e-07
1.99283e-07
-3.53278e-06
5.36095e-07
5.32685e-08
-3.07389e-06
3.9444e-06
-3.18919e-06
3.21593e-06
-1.95656e-07
-3.06189e-06
3.25754e-06
-3.46317e-06
3.60698e-06
-4.27149e-08
-5.24655e-06
4.20516e-07
-2.25946e-08
3.39743e-06
6.56025e-08
-3.20638e-06
-3.52064e-06
3.50624e-06
1.43949e-08
4.21771e-06
-2.4515e-06
-1.76621e-06
-2.95398e-06
-2.65633e-07
3.21962e-06
-7.83631e-09
-3.47948e-06
7.48619e-08
-3.7703e-07
3.71841e-06
-3.34138e-06
-3.40862e-06
3.42561e-06
-4.94819e-06
-7.21673e-07
-4.78543e-06
4.66534e-06
1.20094e-07
2.73019e-06
1.38624e-06
3.19505e-06
2.87144e-07
-3.48219e-06
3.39632e-06
-1.3925e-07
2.73726e-06
1.36515e-06
-2.42627e-06
7.72549e-07
-3.43408e-06
2.98225e-06
-3.39358e-06
-4.60981e-06
4.59313e-06
1.66824e-08
4.16183e-06
-3.34135e-06
3.39718e-06
-1.03572e-08
2.09037e-07
-3.16829e-06
2.95925e-06
-5.12164e-08
-4.55859e-06
4.11645e-06
-4.11645e-06
-1.8747e-06
3.53213e-06
-1.65743e-06
-3.39921e-06
3.39921e-06
3.47721e-06
-3.07384e-06
-4.03367e-07
3.22966e-06
7.67549e-07
3.62221e-06
-2.97229e-06
3.58287e-06
-4.00267e-08
-2.80315e-06
-4.48984e-07
3.25214e-06
-4.55376e-06
4.56933e-06
-1.55643e-08
4.20561e-06
-2.53219e-06
-1.67341e-06
6.13816e-07
3.00839e-06
-4.60142e-06
4.57834e-06
2.30807e-08
-1.18e-09
-3.36315e-08
4.54073e-06
-4.5071e-06
-4.58411e-06
4.58411e-06
-5.44896e-08
3.44537e-06
4.92e-06
-4.58598e-06
-3.34022e-07
-4.60434e-06
4.57071e-06
4.6002e-06
-4.57684e-06
-2.33603e-08
-3.3514e-06
-7.56387e-08
3.9212e-06
-5.24774e-08
4.56983e-06
-4.51735e-06
4.57124e-06
-4.57987e-06
8.62961e-09
-3.45588e-06
4.54738e-06
-6.64844e-09
-3.51674e-06
3.48544e-06
3.13003e-08
-4.54654e-06
4.56302e-06
-1.64811e-08
3.48234e-06
-3.39197e-06
-4.59217e-06
4.53969e-06
3.52236e-06
-1.12044e-06
1.67762e-06
2.19281e-06
-2.54548e-06
-1.94414e-06
-4.57626e-06
4.57626e-06
-4.59722e-06
-7.12343e-09
4.25555e-06
-7.80242e-07
-3.47531e-06
-2.99799e-06
2.03728e-06
1.14559e-07
4.55474e-06
-4.56889e-06
1.41489e-08
3.35221e-06
-3.3499e-06
-2.30574e-09
4.69664e-06
-4.57458e-06
-1.22058e-07
4.53093e-06
2.38052e-08
4.5226e-06
4.7228e-08
-9.39034e-09
-3.38982e-06
-4.19393e-06
2.30761e-06
1.88632e-06
-3.38506e-06
3.40685e-06
4.54537e-06
-1.44354e-08
4.76847e-07
3.0852e-06
2.44499e-06
-9.35278e-07
-4.58561e-06
-6.56358e-09
3.73942e-06
2.21868e-06
-3.78027e-06
-5.76614e-07
-4.66994e-06
3.4129e-06
-3.43331e-06
2.04084e-08
-1.58315e-07
-4.62712e-06
3.55369e-06
-3.96704e-08
3.95002e-06
-2.70167e-06
-1.24834e-06
-3.41997e-06
4.55234e-06
-4.55234e-06
3.25921e-06
4.37776e-08
-3.30298e-06
3.50683e-06
-4.56192e-06
4.55591e-06
6.00761e-09
4.52951e-06
-4.57328e-06
4.37736e-08
2.88075e-06
-3.81441e-06
-1.22061e-08
-4.52981e-06
4.54201e-06
4.51934e-06
-4.53154e-06
-1.50767e-07
4.8161e-06
-3.61584e-06
3.91823e-06
-4.09725e-06
2.84216e-06
-7.20043e-08
4.66513e-06
3.92011e-07
2.02004e-06
4.0299e-08
4.21525e-06
-1.26415e-08
3.64795e-06
-3.63531e-06
-3.11605e-08
-4.57279e-06
-2.86379e-08
3.75504e-06
-3.76591e-07
-3.37845e-06
-4.54242e-06
4.54242e-06
2.66549e-06
-2.2942e-06
-4.58004e-06
4.568e-06
1.20377e-08
3.49814e-06
-3.49814e-06
3.4046e-06
-5.23964e-08
4.54863e-06
-4.55594e-06
7.31116e-09
-4.3922e-06
1.20133e-06
4.01587e-09
-3.37877e-06
3.37476e-06
3.66444e-06
-3.05772e-08
4.55806e-06
4.21444e-08
2.76534e-06
4.7173e-07
-3.23707e-06
4.5721e-06
-2.47184e-08
3.553e-06
-3.553e-06
4.54307e-06
-4.52722e-06
-1.58462e-08
-3.47466e-06
3.44838e-06
2.62868e-08
4.57772e-06
-4.56387e-06
-1.38475e-08
-4.54999e-06
4.54999e-06
6.79707e-07
3.18666e-06
1.07769e-07
-3.29443e-06
-4.58041e-06
4.56846e-06
1.19529e-08
-1.7029e-08
-3.43051e-06
3.41045e-06
2.44411e-09
4.25687e-06
-8.02957e-07
-3.45392e-06
2.94142e-06
4.53152e-06
-4.54405e-06
1.25315e-08
3.50297e-06
3.74025e-06
5.27282e-08
3.20648e-06
4.64671e-06
-8.8658e-08
4.51655e-06
1.49765e-08
3.32437e-06
-3.32437e-06
-1.75022e-06
4.5955e-06
-4.55932e-06
-1.3962e-08
4.55706e-06
-4.53993e-06
-1.71351e-08
8.93612e-08
-4.6436e-06
4.55423e-06
4.77875e-07
-4.59433e-06
-4.57213e-06
4.56422e-06
7.90538e-09
3.30109e-06
-3.299e-06
-2.09145e-09
3.47721e-06
-3.0686e-06
3.0686e-06
4.52575e-06
-9.20833e-09
-3.39301e-06
-3.16829e-06
3.19505e-06
3.52132e-06
-3.68017e-08
-1.0356e-08
3.6087e-07
-4.49475e-06
4.55624e-06
-4.55776e-06
1.51896e-09
1.08452e-07
3.19264e-06
1.05354e-07
3.64969e-06
3.43045e-06
-2.58476e-08
-4.56202e-06
4.55665e-06
5.3633e-09
4.52176e-06
-4.53453e-06
1.27763e-08
-4.55779e-06
-2.22514e-08
4.5455e-06
-4.5335e-06
-1.20036e-08
3.43246e-06
6.56805e-08
4.54821e-06
1.97972e-08
-5.77908e-09
4.53813e-06
1.85273e-08
-6.92424e-10
-3.36254e-06
-4.60726e-06
4.86704e-08
-3.40968e-06
3.40968e-06
4.31781e-08
4.21369e-06
-3.46509e-06
6.61939e-07
2.39915e-08
4.54724e-06
1.89985e-07
-3.27959e-06
3.08961e-06
3.18363e-08
4.55227e-06
4.34339e-06
-4.73675e-06
3.42998e-06
1.23022e-07
4.51934e-06
-3.4782e-08
3.22144e-06
-3.31495e-06
1.59573e-08
3.26702e-06
-5.01679e-07
-4.53064e-06
4.53064e-06
-4.55486e-06
-2.55571e-08
3.07384e-06
-3.18437e-06
1.10529e-07
-4.55227e-06
3.35455e-06
-3.35054e-06
4.54597e-06
2.24868e-08
-4.54803e-06
-4.04657e-06
2.8167e-06
-4.56759e-06
4.55995e-06
7.63378e-09
3.10378e-06
2.92537e-07
3.37877e-06
2.04335e-08
-4.51589e-06
4.54698e-06
-3.10903e-08
-3.43207e-06
3.40174e-06
3.03332e-08
-4.53034e-06
1.44489e-08
3.41693e-06
-6.47931e-09
1.88206e-07
-3.53182e-06
3.34361e-06
4.52935e-06
-4.54947e-06
2.01229e-08
3.68436e-06
-3.85686e-06
4.52883e-06
-4.52833e-06
-5.0016e-10
-2.89271e-06
2.89271e-06
-3.56297e-06
3.56297e-06
-4.5236e-06
-6.73856e-09
-2.11406e-06
2.50607e-06
-4.53661e-06
4.52993e-06
6.68482e-09
3.55442e-08
4.54072e-06
2.82866e-06
-2.50607e-06
-2.82866e-06
2.98699e-06
3.00205e-06
-3.45103e-06
4.14645e-06
-2.45591e-06
-1.69053e-06
-4.55281e-06
-1.93193e-08
-6.55026e-07
-2.98699e-06
3.64202e-06
4.54708e-06
1.71423e-08
-3.44541e-06
3.19203e-06
4.5602e-06
-4.55097e-06
-9.23204e-09
-4.53334e-06
-3.41456e-06
3.43136e-06
-1.0699e-07
-1.21827e-08
4.55755e-06
4.53832e-06
-3.37476e-06
-4.64659e-06
-2.7277e-06
3.48219e-06
-7.54496e-07
-4.51342e-06
-1.6385e-08
4.53256e-06
5.56447e-09
2.64306e-06
-2.70076e-06
5.77005e-08
5.2296e-09
3.18437e-06
-3.31279e-06
1.28422e-07
2.0949e-06
2.1228e-06
-4.55077e-06
-1.68168e-08
-3.44764e-06
4.51263e-06
-4.50884e-06
-3.79055e-09
4.54529e-06
1.46629e-08
-4.5585e-06
4.55359e-06
4.91356e-09
3.48512e-06
3.43246e-06
-4.52423e-06
4.51428e-06
9.95511e-09
4.55615e-06
-4.55413e-06
-2.02647e-09
-3.38889e-06
3.42998e-06
4.5221e-06
-4.5221e-06
1.8074e-08
4.56027e-06
-2.85523e-06
-6.09858e-07
4.53153e-06
-2.17846e-09
-5.8147e-07
3.09473e-06
-2.51326e-06
4.51994e-06
-4.51602e-06
-3.91049e-09
1.38683e-08
4.53847e-06
4.5117e-06
-4.51574e-06
4.04555e-09
-4.56452e-06
-4.54805e-06
-2.74007e-06
3.94978e-09
4.55196e-06
-4.85032e-09
-4.53601e-06
4.54086e-06
-4.52238e-06
4.51248e-06
9.89853e-09
-4.55058e-06
-7.92129e-09
-3.44447e-06
-3.32711e-06
1.21582e-08
4.5459e-06
7.68648e-09
-4.51827e-06
4.51636e-06
1.91072e-09
-4.52136e-06
1.70552e-08
4.50431e-06
4.54923e-06
1.09647e-08
-4.53514e-06
-1.583e-08
-3.30867e-06
-1.56924e-08
4.54701e-06
-4.54979e-06
2.78383e-09
4.52026e-06
-4.52511e-06
-4.52935e-06
4.52309e-06
6.25543e-09
4.51805e-06
-4.51439e-06
-3.65884e-09
3.40678e-06
2.9011e-09
4.54849e-06
7.65986e-09
-4.54212e-06
-1.20031e-08
-4.55877e-06
3.43136e-06
-4.52048e-06
4.51145e-06
9.03739e-09
3.0006e-06
-3.19625e-06
-4.50773e-06
4.52467e-06
-1.6938e-08
4.52174e-06
-4.5285e-06
6.76507e-09
-1.11141e-08
-4.5462e-06
-4.38192e-09
-1.18181e-08
-4.01394e-06
2.84742e-06
-7.7746e-09
4.52026e-06
-7.52013e-09
-4.86859e-09
-4.55003e-06
3.83037e-09
1.74124e-06
3.8217e-06
-5.56294e-06
-9.41523e-07
4.547e-06
5.36035e-12
-4.53847e-06
8.4258e-09
4.534e-06
-4.54116e-06
-8.63373e-09
-3.41801e-06
-4.55456e-06
4.52839e-09
1.59973e-08
4.53263e-06
-6.91654e-10
2.15943e-08
-4.47756e-06
4.45597e-06
4.55331e-06
-4.551e-06
-2.30949e-09
-3.47909e-06
6.23858e-07
4.54454e-06
-4.53659e-06
-7.95228e-09
-4.54752e-06
-3.37227e-06
-1.77853e-07
4.5171e-06
-4.51352e-06
-3.57614e-09
2.37891e-08
-4.48181e-06
4.45802e-06
-4.55216e-06
4.54368e-06
8.48441e-09
-3.44191e-06
3.41324e-06
2.86675e-08
3.96581e-09
-4.5521e-06
-2.45419e-09
-3.46236e-06
7.18473e-07
2.74389e-06
-4.54618e-06
-5.97844e-09
4.55179e-06
1.52174e-09
-4.54433e-06
-6.6719e-09
-1.81742e-08
-4.55242e-06
3.1416e-10
-3.27396e-06
-3.79779e-07
3.65374e-06
2.61721e-06
1.91405e-08
-4.534e-06
3.41422e-06
-1.24791e-08
-4.51689e-06
4.51689e-06
-8.73867e-09
4.54962e-06
2.17107e-09
-3.61147e-09
7.10995e-09
7.33358e-09
4.55133e-06
-1.7162e-09
2.67586e-09
4.55014e-06
-4.55018e-06
4.3296e-11
3.28405e-06
-3.28405e-06
-4.54075e-06
4.53098e-06
9.77391e-09
4.52446e-06
-4.51983e-06
-4.63081e-09
-6.40213e-09
4.54849e-06
2.84084e-09
4.5487e-06
1.43987e-09
-1.69177e-09
4.54908e-06
4.54472e-06
-4.54722e-06
2.50189e-09
-4.58859e-06
-4.53018e-06
-1.05724e-08
3.50244e-06
-4.29098e-08
4.54066e-06
4.05357e-09
3.8014e-08
4.5441e-06
-4.53912e-06
-4.98009e-09
-3.24571e-06
3.24571e-06
2.55469e-08
4.52445e-06
-4.51611e-06
4.52338e-06
-7.27182e-09
4.54314e-06
9.58492e-10
3.29804e-08
3.39747e-06
4.53776e-06
-4.53603e-06
-1.73591e-09
-4.50194e-06
-1.41671e-08
4.52503e-06
-4.52873e-06
3.70009e-09
4.53482e-06
2.94115e-09
4.5432e-06
5.50002e-09
-4.50035e-08
-4.49101e-06
-7.00674e-09
-4.00335e-07
-3.05054e-06
4.51785e-06
-4.52224e-06
4.38317e-09
1.34886e-07
3.14916e-06
4.53719e-06
-4.53292e-06
-4.26994e-09
-4.01615e-09
-7.80938e-08
-3.77183e-06
3.84993e-06
-3.28635e-06
3.32392e-06
-3.7571e-08
-4.49662e-06
4.49808e-06
-1.45558e-09
4.53194e-06
5.25247e-09
-4.51851e-06
-2.8236e-06
4.56483e-06
4.53374e-06
-4.52729e-06
-6.45263e-09
-4.53812e-06
4.53823e-06
-1.10688e-10
4.52516e-06
-4.52107e-06
-4.09315e-09
-4.40448e-07
-3.88137e-06
4.32181e-06
4.52906e-06
4.67729e-09
-4.5001e-06
3.48102e-09
4.5344e-06
-4.5286e-06
-5.80141e-09
3.40678e-06
-3.48894e-06
3.48894e-06
4.53271e-06
-4.52416e-06
-8.54998e-09
-8.78485e-09
4.53454e-06
-7.14199e-09
-3.41141e-06
4.52629e-06
6.4194e-09
-4.5377e-06
-8.48778e-09
-4.49316e-06
4.49557e-06
-2.40951e-09
4.5382e-06
2.46341e-09
7.68918e-08
4.49244e-06
-9.2134e-10
4.53399e-06
1.15142e-08
3.39628e-06
1.79401e-08
5.35883e-10
-4.49763e-06
4.47487e-09
3.46139e-07
1.26249e-08
1.46165e-07
4.52093e-06
-4.52517e-06
4.23452e-09
-4.48839e-06
4.49363e-06
-5.24059e-09
8.10457e-08
-3.40133e-06
3.32028e-06
6.07951e-07
-3.54256e-06
2.93461e-06
1.29702e-06
3.21271e-06
-3.21271e-06
4.51778e-06
-4.51778e-06
-3.71579e-06
2.07144e-09
-4.5263e-06
3.4669e-06
4.53293e-06
1.02125e-08
-8.542e-07
-1.59e-06
2.4442e-06
-4.49498e-06
6.58507e-09
-4.49741e-06
-1.4619e-07
1.92201e-06
-3.17088e-06
1.24887e-06
-3.09948e-09
3.07889e-08
4.49388e-06
1.07692e-08
3.40617e-06
-4.53942e-06
9.56412e-09
4.52107e-06
2.88408e-06
-3.51915e-06
6.35074e-07
2.93425e-06
-1.01224e-06
-5.66375e-09
-4.51672e-06
4.54012e-06
-4.50933e-06
-4.52705e-06
-4.48246e-06
4.4782e-06
4.26162e-09
1.02261e-09
4.5289e-06
4.51308e-06
4.70088e-09
4.12397e-06
-2.73764e-06
-1.38633e-06
-1.54374e-08
3.44541e-06
4.52764e-06
7.17914e-09
4.12258e-06
-4.56303e-06
3.07124e-08
4.49375e-06
-5.34758e-09
-4.51514e-06
-4.48774e-06
5.27995e-09
-3.29591e-06
9.56137e-09
3.46373e-06
-2.77743e-06
-6.86306e-07
4.505e-06
-4.50538e-06
3.78942e-10
-5.27937e-09
1.30026e-06
-1.82731e-06
-1.7113e-06
3.53861e-06
4.51343e-06
-4.52037e-06
6.93363e-09
3.59273e-06
-3.54895e-06
-1.20053e-08
3.44447e-06
-2.95769e-06
2.10349e-06
4.50887e-06
-4.51339e-06
4.52093e-09
4.53483e-06
-4.50412e-06
-3.39724e-06
1.13193e-07
-3.4103e-06
3.40576e-06
4.54354e-09
3.31279e-06
-3.39088e-06
7.20894e-08
4.49093e-06
-3.44232e-06
3.33657e-06
-1.21598e-07
4.52775e-06
-4.52226e-06
-5.48924e-09
3.52496e-06
-3.36668e-06
-1.58278e-07
4.51308e-06
-2.73029e-09
-4.51554e-06
-3.33801e-06
1.08928e-08
4.18714e-07
2.56407e-06
-2.98279e-06
-4.47674e-06
4.47187e-06
4.86447e-09
4.5059e-06
1.58377e-08
-2.85327e-06
-5.97763e-07
3.28999e-08
4.49226e-06
4.5202e-06
-4.53079e-06
1.05949e-08
4.5147e-06
-8.32819e-09
-4.50051e-06
-3.52724e-06
-5.95016e-07
4.52253e-06
9.40874e-09
4.80923e-06
-9.87536e-07
-2.75127e-08
4.51812e-06
-4.49061e-06
4.51602e-06
4.17661e-09
-4.48315e-06
6.41338e-09
-4.49599e-06
-3.23354e-08
-8.60024e-09
4.45769e-06
-4.44909e-06
5.87832e-09
4.51622e-06
4.53543e-06
-4.50253e-06
-4.52107e-06
-1.62856e-08
3.44764e-06
-4.75611e-09
3.41912e-06
-1.75482e-07
-3.24363e-06
4.61975e-08
3.37292e-06
-4.46407e-06
4.45547e-06
-4.52038e-06
-9.80133e-09
2.86954e-06
5.9419e-07
-1.70416e-08
3.49608e-06
-3.47904e-06
-2.89691e-06
-2.42261e-06
2.84132e-06
-3.77786e-06
4.67903e-07
3.30996e-06
4.51427e-06
3.45723e-09
-4.51948e-06
4.49968e-08
4.49513e-06
4.50752e-06
-4.5082e-06
6.72148e-10
4.51738e-06
-4.50392e-06
-1.34608e-08
-4.52347e-06
3.00464e-09
-6.5008e-09
-3.41358e-06
3.42008e-06
6.72306e-10
4.52242e-06
-3.13727e-06
9.18711e-07
-4.5176e-06
4.51504e-06
2.55835e-09
-4.47044e-06
4.4651e-06
5.34136e-09
4.44177e-08
3.69232e-06
-3.58456e-06
2.70846e-06
-6.53969e-08
-2.35684e-08
4.52066e-06
-4.49709e-06
-4.03028e-06
2.20297e-06
4.5127e-06
3.9972e-09
-4.51838e-06
4.51738e-06
1.16823e-08
-4.22152e-06
4.20201e-08
4.1795e-06
7.10309e-09
-4.47755e-06
4.50849e-06
-4.50375e-06
-4.73574e-09
-1.43379e-07
4.53516e-06
-4.39178e-06
-6.77318e-09
-9.27868e-07
4.24436e-06
-3.31649e-06
-3.39724e-06
-3.76077e-06
4.51133e-06
-2.45996e-09
3.97239e-08
4.4951e-06
4.39908e-06
4.55411e-06
-4.55088e-06
-3.22925e-09
5.3413e-10
-3.41995e-06
3.41942e-06
-4.51394e-06
4.51087e-06
3.06993e-09
9.13058e-08
-3.39998e-06
3.30867e-06
4.5199e-06
-4.51804e-06
-1.8602e-09
-3.49962e-06
3.48258e-06
4.50661e-06
-4.50314e-06
-3.47673e-09
1.26588e-08
4.50472e-06
-5.06563e-08
4.53058e-06
-4.51679e-06
4.52966e-08
-3.33096e-06
4.51661e-06
-4.51582e-06
-7.91064e-10
4.51437e-06
2.63521e-09
-4.51616e-06
4.49124e-06
9.51392e-09
-4.50076e-06
1.081e-09
4.51717e-06
-4.50451e-06
-1.08248e-08
-3.42048e-06
3.4313e-06
2.42604e-06
-3.56908e-06
1.14305e-06
-7.58039e-07
-3.46348e-06
-3.31842e-06
-7.44839e-07
-2.9112e-06
-4.51163e-06
2.60874e-08
4.48555e-06
-3.44125e-06
3.42048e-06
2.07674e-08
-1.04724e-06
-2.76717e-06
-4.50925e-06
4.02545e-06
-4.49993e-06
4.50788e-06
-7.94932e-09
-3.76049e-06
3.7332e-07
3.38717e-06
3.5922e-06
-2.76006e-06
-8.32138e-07
-4.51575e-06
9.08343e-09
4.50666e-06
3.42631e-06
-3.38328e-06
9.4729e-09
4.49901e-06
-4.51622e-06
4.59903e-09
4.51229e-06
4.51158e-06
1.47019e-08
-7.54905e-10
-4.51499e-06
-1.46858e-08
-4.50291e-06
-4.50447e-06
3.42236e-06
-3.38034e-06
-1.92085e-08
9.6495e-07
2.98507e-06
-3.08783e-06
3.08783e-06
3.92677e-08
4.49616e-06
-5.11866e-06
-4.16418e-06
4.16471e-06
4.51773e-06
3.41981e-06
-3.39474e-06
-4.51084e-06
4.49615e-06
-3.81323e-06
3.90453e-06
4.50766e-06
-4.50372e-06
-3.9414e-09
5.48481e-09
4.51237e-06
-4.56512e-06
3.43473e-06
-3.44556e-06
-4.50953e-06
7.58084e-09
1.69897e-06
4.52058e-06
-4.51509e-06
-5.49207e-09
-4.51764e-06
4.50788e-06
-4.50412e-06
-3.75979e-09
-4.50713e-06
-4.49884e-09
4.49752e-06
-4.48374e-06
-3.44811e-06
4.14493e-06
4.50399e-06
-4.50252e-06
-1.46469e-09
-7.95943e-09
4.4992e-06
-3.44125e-06
2.98287e-06
-3.23247e-06
2.496e-07
-5.55057e-06
5.55057e-06
4.51561e-06
4.51648e-06
-1.14475e-08
7.59257e-09
-4.51511e-06
4.53089e-06
-1.57857e-08
4.50652e-06
-4.50274e-06
-3.7777e-09
-3.73942e-06
3.56157e-06
1.39713e-08
4.50415e-06
-4.51567e-06
1.22168e-08
4.50346e-06
-4.50242e-06
4.51215e-06
-4.50611e-06
-3.45821e-06
-4.51193e-06
1.51022e-08
4.49683e-06
-3.46305e-06
-9.77222e-09
3.37947e-06
-3.40479e-06
2.53193e-08
4.5006e-06
-4.5044e-06
3.79346e-09
8.35641e-08
-4.51186e-06
4.50437e-06
7.49484e-09
4.5091e-06
-3.30643e-06
-3.28341e-06
-5.45994e-08
4.51481e-06
-4.51481e-06
-2.29552e-08
3.42974e-06
-4.51229e-06
4.50568e-06
-4.50191e-06
-3.77016e-09
4.51408e-06
-2.51933e-08
-4.50831e-06
-3.35666e-06
-4.15177e-07
-3.44315e-06
2.69652e-06
-3.01198e-06
3.15464e-07
-6.74812e-07
-2.91294e-06
3.58775e-06
4.49737e-06
-4.48544e-06
2.91739e-06
-3.40133e-06
-9.74919e-09
-4.506e-06
4.50811e-06
-4.50437e-06
-3.74073e-09
3.46342e-06
-3.48079e-06
-9.51727e-07
-6.29647e-07
1.58137e-06
-3.59241e-06
3.62267e-06
3.47593e-06
-3.42974e-06
-1.35573e-08
-3.37086e-06
3.38441e-06
-1.65813e-08
-3.34482e-06
3.3614e-06
1.13001e-08
-3.50619e-06
3.49489e-06
3.20848e-08
-3.52022e-06
3.48813e-06
1.62858e-08
-3.44889e-06
3.43261e-06
-6.46316e-09
-3.37575e-06
3.38221e-06
-7.23635e-09
-3.37295e-06
3.38019e-06
2.02951e-06
-1.36764e-06
-6.61876e-07
2.9942e-06
2.20569e-08
4.4986e-06
3.30014e-06
-3.31996e-06
1.98249e-08
1.05993e-08
-4.50632e-06
4.49572e-06
4.51802e-06
-4.51802e-06
4.45818e-06
-9.58219e-10
-4.45722e-06
-1.5091e-08
-4.49575e-06
4.50534e-06
-4.50142e-06
-3.92614e-09
-2.80042e-06
-3.67669e-06
-8.37945e-08
2.95249e-06
5.72472e-07
4.51443e-06
-4.5083e-06
-6.12753e-09
-3.43634e-06
3.57148e-06
1.49852e-08
4.50219e-06
-2.47739e-06
-1.55288e-06
3.39985e-08
3.23408e-06
-3.26808e-06
-2.3094e-06
-3.91368e-07
-7.74879e-07
-4.79396e-07
1.25427e-06
3.39019e-06
3.39071e-06
3.53864e-06
3.53891e-06
3.51427e-06
3.46854e-06
-1.58526e-08
-3.39873e-06
3.41459e-06
3.401e-06
-4.72663e-09
-1.33906e-06
4.5068e-06
-4.4962e-06
-1.11531e-07
3.62519e-06
-4.52033e-06
-3.08565e-06
3.81593e-06
4.45238e-06
3.65987e-09
-4.45604e-06
4.52397e-06
-9.16149e-09
-4.51422e-06
1.6233e-08
4.49798e-06
-3.40454e-06
-3.41358e-06
3.41281e-06
-3.42866e-06
-3.10612e-06
3.75105e-06
-6.44929e-07
-8.0758e-09
-4.50386e-06
2.35433e-06
-2.9358e-06
7.43992e-09
-4.51119e-06
-4.50586e-06
-1.19843e-06
-1.75926e-06
-4.4978e-06
-8.5245e-09
3.45334e-06
1.07779e-06
2.62723e-06
4.50097e-06
-4.4975e-06
-3.47206e-09
3.43052e-06
-2.27155e-06
-1.15897e-06
-1.63383e-06
8.58948e-07
-1.89396e-06
4.09694e-06
-1.6418e-06
3.41277e-06
-1.77097e-06
1.46052e-09
4.51197e-06
-4.4811e-06
4.5041e-06
-4.50673e-06
2.62798e-09
-2.55087e-06
1.08761e-06
1.46326e-06
-1.50401e-08
-3.39778e-06
3.41282e-06
4.71756e-06
-2.08798e-06
-2.62958e-06
3.31171e-09
4.45486e-06
-9.80656e-07
-1.57021e-06
-3.29158e-06
3.32558e-06
2.80846e-06
1.8574e-07
-3.27605e-06
-6.92717e-09
-3.40232e-06
3.40925e-06
3.51418e-06
-3.40573e-06
-2.0922e-06
-7.93535e-07
2.88574e-06
-4.49725e-06
4.49855e-06
-1.2996e-09
-3.32514e-06
3.37043e-06
4.50219e-06
-4.50512e-06
-3.01018e-06
-7.76447e-08
-4.53573e-06
4.51859e-06
-2.34829e-06
3.39644e-09
4.50448e-06
3.92848e-06
-2.17113e-06
-1.75735e-06
3.32496e-06
-6.28442e-07
3.71527e-06
-4.81187e-07
3.40751e-06
-3.42255e-06
4.4961e-06
-4.49628e-06
1.77753e-10
3.41094e-06
-3.41787e-06
4.13382e-09
-4.49376e-06
4.48963e-06
-1.89544e-06
-4.52855e-07
9.20459e-09
-3.45732e-06
-4.50648e-06
6.37433e-09
3.01018e-06
-3.18519e-06
1.75012e-07
-4.89058e-07
3.68169e-06
-1.71045e-08
-3.33955e-06
3.38782e-06
3.45388e-08
4.50107e-06
-4.49814e-06
-2.9213e-09
5.45532e-09
4.50762e-06
2.28667e-06
-3.40316e-06
3.41236e-06
2.21434e-06
-1.29184e-08
-4.5013e-06
-1.71922e-06
-1.31552e-06
3.03475e-06
-3.25371e-06
-2.96971e-08
3.06494e-06
-2.76308e-06
-3.0186e-07
-6.13212e-07
3.56567e-06
-2.95245e-06
4.50398e-06
-4.5005e-06
-3.48016e-09
6.0277e-09
4.50164e-06
2.98657e-08
3.43187e-06
-3.46174e-06
2.94572e-09
-4.50667e-06
-3.36994e-06
3.38084e-06
4.50234e-06
-4.50735e-06
5.0114e-09
4.52397e-06
-1.90523e-08
-3.14718e-06
-1.38166e-07
3.28535e-06
-4.53279e-06
-1.73653e-09
4.41393e-08
-3.45444e-06
-4.61955e-06
4.5005e-06
-4.49636e-06
-2.88915e-06
6.19093e-09
-1.09115e-08
-4.49901e-06
4.50128e-06
5.23979e-09
-4.69426e-06
7.22863e-10
-4.50346e-06
-2.03528e-07
-2.53184e-06
9.41837e-07
-4.51315e-06
4.51315e-06
-2.8444e-06
3.47228e-06
-6.27879e-07
4.52179e-06
-2.69721e-06
3.36246e-06
-6.65254e-07
-2.90804e-06
3.51985e-06
-6.11817e-07
-3.37778e-06
-4.9757e-08
3.48047e-06
-3.43071e-06
-2.9357e-06
2.84988e-06
-7.46383e-07
4.50724e-06
-4.51318e-06
5.93335e-09
4.5065e-06
-4.51243e-06
5.93265e-09
4.50341e-06
-4.50978e-06
6.377e-09
-4.92637e-09
-4.50694e-06
-2.70722e-06
3.41739e-06
-7.10169e-07
4.50481e-06
-4.50134e-06
-3.46718e-09
4.50352e-06
6.36321e-07
-3.60861e-06
4.50089e-06
4.788e-09
-4.50296e-06
1.04806e-09
1.0577e-06
4.50276e-06
-4.50653e-06
3.76506e-09
9.30885e-08
3.38285e-06
-3.47593e-06
-3.30881e-06
-1.63215e-08
3.32514e-06
-4.51248e-06
-4.50265e-06
4.49684e-06
5.80994e-09
3.43133e-06
-3.38719e-06
-4.50602e-06
4.50041e-06
5.61269e-09
-3.33479e-06
3.19737e-06
1.3742e-07
-4.50655e-06
4.50109e-06
5.46079e-09
4.51363e-06
-4.50815e-06
-5.4837e-09
-3.37638e-06
3.40624e-06
-3.64107e-06
-1.96347e-06
-3.69886e-06
-7.67914e-07
3.71745e-06
-2.94954e-06
4.49687e-06
-1.25755e-08
-4.49056e-06
-3.39998e-06
3.60631e-09
-4.5081e-06
4.5045e-06
-3.59983e-06
3.42435e-06
7.18447e-09
4.50943e-06
4.49981e-06
5.53748e-09
-4.50257e-06
1.1562e-09
-3.55777e-07
-1.27805e-06
-3.44251e-06
3.39275e-06
-3.58346e-06
6.21956e-07
2.9615e-06
-1.20431e-06
-1.32753e-06
-3.41995e-06
3.5713e-06
5.52673e-07
1.11073e-09
4.49834e-06
-4.49945e-06
3.39088e-06
-3.40799e-06
-4.51036e-06
4.53193e-06
-4.51916e-06
-1.12839e-06
-9.50443e-07
2.07883e-06
-3.21029e-06
-1.20676e-07
-4.53448e-06
7.26026e-09
-1.18861e-07
-3.40371e-06
3.39778e-06
5.93636e-09
3.72828e-06
-3.55361e-07
4.50526e-06
-4.50114e-06
-4.11854e-09
4.4993e-06
1.67036e-09
-4.50196e-06
4.46734e-09
4.50271e-06
-4.50419e-06
1.4869e-09
-3.79439e-09
2.28633e-09
-4.52144e-06
-3.32558e-06
-7.16665e-08
1.2907e-07
-3.72346e-06
-2.36252e-08
4.51972e-06
-4.56538e-06
-1.33708e-09
-4.49242e-06
-3.68436e-06
3.57283e-06
4.55678e-10
3.29968e-06
-3.40518e-06
3.40232e-06
2.85799e-09
-2.93411e-06
-6.08456e-07
3.44366e-06
3.23409e-06
-3.37225e-06
4.50126e-06
-4.50043e-06
-3.48487e-06
3.4076e-06
-3.02571e-06
-1.59384e-06
4.49981e-06
-2.91818e-09
-4.50121e-06
4.12258e-06
-3.43379e-06
4.55283e-07
2.97851e-06
7.08027e-07
-3.44566e-06
5.4048e-07
4.41494e-08
5.85918e-07
-3.57487e-06
2.98895e-06
6.83087e-07
-4.20372e-06
3.52063e-06
4.50007e-06
3.90278e-09
-4.3365e-09
-4.50104e-06
5.59347e-07
-3.52962e-06
2.97027e-06
-4.50179e-06
1.29511e-09
4.73293e-08
3.35843e-06
-3.82444e-06
-3.78002e-06
5.26313e-07
-3.11408e-06
3.39873e-06
-3.40997e-06
1.12317e-08
-1.44812e-08
-4.49891e-06
1.57758e-08
4.49102e-06
-2.62728e-06
-2.51078e-06
3.41916e-06
-3.41916e-06
-3.30881e-06
-3.22661e-06
-3.43634e-06
-4.4778e-06
-1.02679e-08
4.48806e-06
-3.13188e-06
-3.10441e-07
6.3664e-07
2.96281e-06
-3.59945e-06
6.73427e-07
2.81745e-06
-3.49088e-06
6.17201e-07
-3.66568e-06
3.04848e-06
3.29492e-06
3.57359e-06
-2.93727e-06
3.56157e-06
3.74007e-06
-3.29317e-06
3.31353e-06
-3.43239e-06
4.50462e-06
-4.50109e-06
-3.52716e-09
-4.36032e-06
-3.40748e-06
4.4994e-06
5.40675e-09
-4.50187e-06
5.28795e-10
4.49934e-06
-1.99224e-07
4.50035e-06
-4.50496e-06
4.60566e-09
4.50804e-06
-4.48941e-06
7.41245e-08
-2.79263e-06
2.7185e-06
3.18495e-09
3.46024e-06
3.24144e-08
3.70766e-06
3.82137e-06
-3.25118e-06
-2.72728e-06
-7.06515e-07
2.28576e-07
3.09638e-06
-3.48628e-06
-4.5035e-06
4.50394e-06
-4.40164e-10
3.49962e-06
-3.57283e-06
7.3213e-08
-3.56677e-06
6.32667e-07
-4.87828e-06
6.79281e-07
4.199e-06
4.50567e-06
2.14909e-06
2.99608e-06
4.50881e-06
-4.50881e-06
-1.57117e-06
5.57775e-09
3.38285e-06
-3.44767e-06
1.51113e-08
3.43256e-06
-4.50142e-06
-4.50762e-06
4.49938e-06
5.88045e-09
-4.50125e-06
1.06137e-10
4.49519e-06
-1.16565e-10
-4.50425e-06
-3.51663e-06
3.17585e-08
3.50689e-06
-2.94754e-06
-2.68897e-06
3.30038e-06
-4.51352e-06
3.65451e-06
-2.94648e-06
3.5217e-06
-2.93579e-06
3.6206e-06
-2.93751e-06
-4.84762e-09
4.50219e-06
-4.5202e-06
3.43905e-06
-3.39172e-06
-3.31013e-06
3.31058e-06
-4.49194e-06
-2.09185e-09
4.49403e-06
7.41807e-07
3.4229e-06
-9.21487e-09
-4.49898e-06
5.98964e-08
3.35991e-06
-2.1654e-06
1.6592e-06
5.062e-07
-3.40371e-06
3.54009e-06
-2.90345e-06
3.56561e-06
-2.89218e-06
3.56878e-06
-2.95158e-06
3.41446e-06
4.09084e-08
-3.82093e-06
4.56303e-06
-4.37388e-06
-5.04407e-07
3.42233e-06
-3.42233e-06
3.02276e-06
-4.58684e-07
-2.09645e-06
1.6436e-06
2.96957e-06
5.96096e-07
4.50021e-06
4.40904e-09
4.5443e-06
-4.51337e-06
-3.09294e-08
-4.50156e-06
4.68115e-10
-4.50469e-06
4.49882e-06
-4.50249e-06
3.67105e-09
-3.41303e-06
4.21745e-08
-3.40785e-06
6.30316e-08
-3.41402e-06
-9.21706e-08
-3.38599e-06
-1.34221e-07
-3.51597e-06
6.70801e-08
-3.46511e-06
8.93545e-08
-3.45726e-06
8.43049e-08
-6.19629e-09
4.49734e-06
-4.49114e-06
-4.50482e-06
7.18615e-09
-9.75941e-09
4.53373e-06
4.49922e-06
-4.50464e-06
5.42717e-09
-4.09949e-06
7.81074e-07
-4.21649e-09
2.88035e-06
1.17133e-07
-3.62318e-06
3.50605e-06
-3.92648e-06
2.49787e-07
4.50705e-06
-4.50334e-06
-3.04373e-06
3.22947e-06
3.07105e-09
-4.50657e-06
4.49397e-06
6.52801e-09
3.41204e-06
-3.41204e-06
-3.29158e-06
2.10786e-06
3.04375e-06
8.53178e-10
-4.49713e-06
-3.40518e-06
-2.00623e-08
-2.19235e-06
8.13893e-06
-5.94658e-06
-2.66435e-06
-3.30356e-06
5.96791e-06
-4.49665e-06
4.49663e-06
1.65719e-11
3.42347e-06
-3.42029e-06
3.31924e-06
-3.28683e-06
-3.40925e-06
3.40977e-06
-5.22603e-10
3.13622e-06
-3.0621e-06
1.1594e-06
-1.10994e-06
-4.94549e-08
-3.68524e-06
2.90505e-07
-6.30972e-07
3.36231e-06
-2.97367e-07
6.68718e-10
-3.92715e-06
4.49614e-06
1.25705e-09
-4.4994e-06
3.48139e-06
3.51683e-06
3.40888e-06
-2.42418e-06
2.12232e-06
-3.10118e-06
4.50306e-06
-4.50132e-06
-6.30297e-07
-2.93648e-06
-1.1185e-08
-4.6287e-06
5.30798e-06
2.86166e-06
6.24903e-07
-3.48657e-06
-5.83342e-06
4.50699e-06
3.40692e-06
-3.31633e-06
-4.49378e-06
-4.49743e-06
4.50332e-06
-5.88602e-09
3.57148e-06
3.17526e-06
-3.24066e-06
-2.9241e-06
3.43438e-06
-5.10283e-07
-2.03701e-08
4.47275e-06
4.49857e-06
-4.50216e-06
3.59486e-09
-9.00355e-09
-3.67804e-06
3.7161e-07
-3.38421e-06
-2.05812e-08
-2.18262e-09
-1.82849e-09
-1.67655e-09
-1.68349e-09
-2.15892e-09
-2.49195e-09
-1.79645e-09
-1.84977e-09
-2.17861e-09
3.56528e-09
4.51826e-06
2.60415e-08
-3.48672e-06
4.35769e-08
-3.40997e-06
3.37225e-06
-3.46162e-06
-4.50219e-06
4.50115e-06
-1.08362e-08
4.50056e-06
3.12592e-06
5.91537e-07
-8.03344e-08
3.5291e-06
-2.65434e-06
-3.48258e-06
4.13322e-08
7.09578e-07
-4.25867e-06
4.97341e-07
-2.9675e-06
2.47016e-06
5.23061e-07
-3.47973e-06
2.95666e-06
4.9972e-07
-3.3677e-06
2.86798e-06
8.47973e-07
-4.05435e-06
4.1765e-07
-3.18578e-06
2.76813e-06
1.29085e-06
-3.61889e-06
2.23448e-08
-3.46549e-06
6.21092e-07
-1.01731e-09
4.50826e-06
-3.33603e-06
6.38822e-07
-1.34278e-09
4.50784e-06
-4.50253e-06
-3.51849e-06
6.10453e-07
-4.50322e-06
1.45932e-09
4.50195e-06
-4.50075e-06
6.19256e-07
-3.53219e-06
-3.38436e-06
-3.38157e-06
-3.38272e-06
-3.3716e-06
-3.44967e-06
-3.44735e-06
-3.41663e-06
3.88565e-06
-2.7426e-06
4.50381e-06
-4.50129e-06
3.40634e-06
8.82876e-07
-3.67557e-06
3.32058e-06
-3.32479e-06
-4.49357e-06
-7.24259e-07
3.38367e-06
-7.15641e-07
3.75448e-06
-3.85566e-08
-4.42496e-08
-5.35605e-08
-5.86504e-08
1.09875e-07
-3.62849e-06
9.81283e-08
-3.62966e-06
1.40544e-07
-3.68952e-06
-4.49092e-06
-4.49031e-06
1.09952e-10
4.49673e-06
4.58476e-09
4.49582e-06
-2.96358e-06
-3.42998e-06
1.8572e-08
-3.47002e-06
5.54627e-08
-3.48535e-06
5.48467e-08
-3.47999e-06
6.00251e-08
-3.50059e-06
4.47113e-08
-3.48832e-06
5.42382e-08
-3.49897e-06
3.58023e-08
3.43967e-06
9.11377e-08
-3.53081e-06
4.49681e-06
-4.50046e-06
7.69715e-09
4.49339e-06
-1.2325e-07
3.32435e-10
-3.48112e-06
-3.34916e-06
-4.50081e-06
3.37794e-09
4.49784e-06
5.48319e-09
1.01787e-08
3.41585e-06
-3.42603e-06
1.19408e-07
-1.18762e-07
3.31613e-06
4.14534e-06
-4.13933e-10
-3.30981e-06
-1.01544e-08
-3.36509e-06
-4.88162e-08
3.41391e-06
3.82067e-06
-6.96193e-08
4.49423e-06
-4.50817e-06
1.3944e-08
6.80003e-07
-2.58662e-06
-6.92969e-07
-3.5544e-06
-3.5783e-06
6.29568e-07
-3.32695e-06
6.19728e-07
2.1283e-06
4.7835e-07
-3.8496e-06
-7.91557e-09
2.89904e-06
6.46143e-07
-3.54518e-06
-3.55985e-06
4.84385e-07
3.07547e-06
2.85242e-06
6.19862e-07
2.94243e-06
6.26354e-07
2.94594e-06
6.19664e-07
2.72689e-06
6.35569e-07
2.91838e-06
6.21706e-07
2.91286e-06
6.06988e-07
2.89192e-06
6.14971e-07
6.21694e-07
-3.56924e-06
-4.50532e-06
-2.78387e-09
-4.50824e-06
-6.8678e-09
-3.4071e-06
5.30835e-07
2.87626e-06
-2.88827e-06
-2.76796e-06
5.65623e-06
4.50187e-06
-4.03588e-09
-4.55526e-09
-4.49797e-06
4.50166e-06
-4.53002e-06
5.80726e-08
4.47194e-06
-2.82593e-06
-4.1114e-07
4.50386e-06
-4.4994e-06
3.26493e-07
-4.95519e-06
2.81598e-06
6.01407e-07
3.3799e-06
3.19769e-06
5.09971e-07
3.52059e-06
-5.5102e-07
1.03451e-07
-3.22332e-06
3.11987e-06
-3.44604e-06
5.37002e-07
-3.51772e-06
2.98072e-06
-4.62942e-08
3.42438e-06
-6.29807e-08
3.40155e-06
9.33445e-08
3.40357e-06
8.45574e-08
3.35809e-06
7.45184e-08
3.46042e-06
-7.8207e-08
3.45495e-06
-7.47561e-08
3.42831e-06
1.07429e-08
3.32855e-06
-4.63379e-09
-3.4094e-06
2.51946e-08
3.96076e-08
4.50995e-06
-4.50766e-06
-3.40591e-06
2.95302e-08
2.06606e-08
2.88665e-06
-3.48005e-06
5.93402e-07
-2.98497e-06
3.30043e-06
-6.84358e-09
-3.98598e-06
5.38306e-07
3.18428e-06
4.63672e-07
4.49744e-06
-4.50115e-06
3.70214e-09
-4.50018e-06
4.50018e-06
3.53311e-06
-6.7145e-07
-3.44295e-06
5.8591e-08
-3.45701e-06
7.54427e-08
-3.45842e-06
7.57011e-08
-3.41811e-06
4.65121e-08
-3.50513e-06
5.54667e-08
-3.50919e-06
6.18323e-08
-3.46411e-06
4.7482e-08
-3.41969e-06
3.25008e-08
-8.06935e-09
-4.51337e-06
1.72725e-08
4.49655e-06
5.31923e-09
-4.52313e-06
3.34976e-06
-3.28259e-06
2.5362e-06
-6.26571e-07
3.37765e-06
2.85953e-08
-3.08549e-06
2.9558e-06
-3.34717e-06
4.50375e-06
3.13563e-06
-2.55273e-07
2.26747e-06
-3.05277e-06
-3.26659e-06
5.18683e-06
-4.86033e-06
2.94305e-06
-3.54392e-06
6.00864e-07
-3.52415e-06
6.20702e-07
4.48384e-06
-4.50421e-06
-3.51276e-06
6.20581e-07
-3.58125e-06
6.2967e-07
2.92875e-06
5.91842e-07
3.00594e-06
6.14657e-07
2.90682e-06
6.14889e-07
3.02858e-06
6.2593e-07
2.93028e-06
6.57468e-07
-4.98918e-06
4.50482e-06
-4.49942e-06
-4.40297e-07
3.42109e-06
4.50018e-06
-4.50115e-06
-1.46572e-06
4.461e-09
-8.31359e-07
5.03036e-06
4.4944e-06
-4.49961e-06
5.21005e-09
-2.45592e-06
1.41819e-06
-3.19079e-06
-2.22849e-06
-7.93542e-08
4.56489e-06
6.34819e-07
-3.5713e-06
1.22625e-06
1.8085e-06
3.52012e-06
-3.34562e-06
-4.49486e-06
4.48866e-06
4.50011e-06
-4.50082e-06
-1.80825e-08
-4.50922e-06
4.50542e-06
-3.46821e-06
4.49715e-06
-2.75581e-09
-5.50249e-07
-1.76583e-06
-2.49284e-06
3.28891e-06
-3.45413e-06
-3.05495e-09
-3.20467e-06
4.50033e-06
-4.48887e-06
-3.40316e-06
2.67183e-06
2.43377e-06
-3.31353e-06
3.19476e-06
3.41195e-06
-3.41236e-06
3.20004e-06
-3.19476e-06
-5.2748e-09
-3.32028e-06
3.31013e-06
3.26177e-06
-3.31058e-06
3.41995e-06
-3.40977e-06
-3.16742e-06
3.28683e-06
-3.41995e-06
3.42029e-06
-3.3055e-06
3.0621e-06
2.43406e-07
-3.36889e-06
-4.52045e-07
4.49632e-06
-4.49987e-06
3.55718e-09
2.94058e-06
6.33006e-07
8.74784e-09
-4.17998e-07
1.86837e-06
4.50452e-06
-4.4993e-06
-5.22287e-09
6.19775e-09
-4.51444e-06
-7.29332e-10
4.50722e-06
-4.50649e-06
4.49671e-06
-3.33273e-06
-3.90675e-06
3.90742e-06
-4.50615e-06
1.01557e-08
-3.58762e-06
8.10197e-07
3.47366e-06
-3.52826e-06
4.49981e-06
4.57544e-06
-4.47684e-06
-9.85937e-08
4.4991e-06
-4.49826e-06
-3.70919e-06
-2.76783e-07
-4.51302e-06
-3.26491e-06
-3.28611e-06
1.95169e-08
-5.18207e-07
3.33921e-06
4.81459e-07
4.49004e-06
-6.05946e-07
4.49947e-06
-1.12863e-09
-4.33644e-06
-5.70532e-09
4.5243e-06
3.32058e-06
3.41459e-06
3.28891e-06
3.41942e-06
3.31924e-06
3.37043e-06
-3.32479e-06
-3.16742e-06
3.4313e-06
3.42347e-06
3.52012e-06
-3.3055e-06
3.41282e-06
3.23409e-06
-3.43239e-06
3.13622e-06
3.14916e-06
3.20004e-06
-3.40799e-06
3.26177e-06
3.41195e-06
2.79397e-06
-2.79397e-06
3.42008e-06
-4.5104e-06
-3.54684e-06
3.56195e-06
-2.93787e-06
3.57269e-06
4.49447e-06
-4.4998e-06
5.3231e-09
-1.41433e-07
-4.26736e-09
-3.47767e-06
9.46288e-09
-3.48716e-07
3.40394e-06
4.13423e-09
-4.46672e-06
4.46258e-06
4.30918e-09
1.04296e-08
-4.45065e-06
1.92113e-09
4.44873e-06
2.01339e-07
-4.63907e-06
4.43773e-06
4.49134e-06
5.99336e-09
-4.49734e-06
4.49094e-06
6.20822e-09
-3.22242e-06
2.94213e-06
5.90981e-07
-4.47305e-06
-2.5779e-08
4.49883e-06
4.52582e-06
9.49819e-09
4.46491e-06
1.10526e-07
4.49755e-06
-4.49574e-06
-4.50018e-06
4.49351e-06
4.51429e-09
2.1412e-07
-4.12087e-06
-4.97478e-09
3.55443e-06
-2.90829e-06
3.45547e-06
-3.40493e-06
-5.05382e-08
4.09331e-06
-2.75562e-06
-1.33769e-06
3.87973e-06
-3.39535e-06
3.56471e-06
-2.94485e-06
3.56401e-06
-2.94292e-06
3.56757e-06
-2.94121e-06
3.56691e-06
-2.94724e-06
3.5016e-06
-2.86603e-06
3.50523e-06
-2.86641e-06
-3.63879e-07
-4.59132e-06
3.55104e-06
-2.92933e-06
3.54878e-06
-2.94179e-06
3.55467e-06
-2.94422e-06
3.55837e-06
-2.9434e-06
3.56188e-06
-2.94018e-06
-1.98472e-09
2.83863e-09
-4.46912e-06
4.46629e-06
-9.98164e-09
4.69563e-06
-8.81519e-08
-4.60748e-06
3.52074e-06
-2.86327e-06
3.56908e-06
-2.93941e-06
4.51029e-06
4.09388e-06
-2.86595e-06
-1.22793e-06
3.56807e-06
-2.94748e-06
3.55057e-06
-2.92986e-06
3.46661e-06
-2.93578e-06
3.56744e-06
-2.94549e-06
3.48428e-06
3.54129e-06
-2.94945e-06
4.49748e-06
-6.14049e-09
-3.6436e-06
3.11334e-06
5.30263e-07
-4.10236e-06
2.94848e-06
4.44788e-09
4.49423e-06
-4.49784e-06
3.60573e-09
5.18683e-06
-6.17549e-08
4.58002e-06
3.55086e-06
-2.94945e-06
-4.44603e-06
4.46982e-06
-8.4247e-09
-2.33351e-08
-4.50834e-06
6.77623e-10
-2.90738e-09
-4.55468e-06
4.75602e-06
-3.24435e-06
-3.34562e-06
-3.38702e-06
3.34455e-06
3.39164e-06
-4.18646e-06
4.77267e-07
3.56565e-06
-2.94592e-06
1.08751e-08
-6.07733e-07
-4.48669e-06
-2.8724e-09
4.48957e-06
2.59675e-07
-3.45413e-06
-3.42e-06
3.43587e-06
-1.5871e-08
3.97647e-06
-3.37684e-06
-8.04779e-08
-4.73776e-06
3.61236e-06
-4.05883e-07
3.4797e-06
4.49678e-06
-4.49399e-06
4.49924e-06
4.4966e-06
-4.49547e-06
-3.38421e-06
3.3777e-06
6.51033e-09
-3.20812e-06
-1.8487e-08
3.64806e-06
-3.05466e-06
3.49015e-06
7.63448e-09
-2.93829e-06
3.65499e-06
-3.03574e-06
-3.16463e-06
3.57492e-06
-2.94899e-06
3.57012e-06
-2.95523e-06
3.54962e-06
-2.93496e-06
3.57336e-06
-3.00089e-06
-3.421e-06
3.47096e-06
-4.99638e-08
2.90004e-08
-8.84397e-11
3.2832e-06
-6.17658e-08
3.60473e-06
-3.00386e-06
3.54915e-06
-2.95305e-06
-4.49263e-06
4.49862e-06
-4.51969e-06
4.52505e-06
7.49168e-09
6.00697e-06
-5.31375e-06
3.33007e-06
-3.201e-06
3.70735e-06
-3.75365e-06
3.34465e-06
-3.30248e-06
3.39972e-06
-3.34113e-06
3.67245e-06
-3.73543e-06
3.21967e-06
-3.15664e-06
3.37863e-06
-3.30319e-06
3.56357e-06
-3.47023e-06
4.06928e-06
-4.16145e-06
3.39201e-06
-3.31631e-06
3.56908e-06
-3.48452e-06
4.04182e-06
-4.17604e-06
3.22214e-06
-3.17563e-06
3.2792e-06
-3.20468e-06
3.47031e-06
-3.40323e-06
3.64498e-06
-3.58952e-06
3.91961e-06
-3.99781e-06
3.35288e-06
-3.26353e-06
3.63362e-06
-3.57179e-06
3.90109e-06
-3.97584e-06
3.34193e-06
-3.25762e-06
3.58283e-06
-3.53535e-06
3.63422e-06
-3.62348e-06
3.51727e-06
-3.47767e-06
3.55615e-06
-3.52365e-06
3.59512e-06
-3.59975e-06
3.47552e-06
-3.46596e-06
3.41084e-06
-3.38552e-06
3.40583e-06
-3.38064e-06
-6.39181e-09
3.40384e-06
-3.37524e-06
-4.4946e-06
-3.79214e-10
3.40285e-06
-3.37332e-06
4.49785e-06
-4.49327e-06
3.40222e-06
-3.36768e-06
3.3954e-06
-3.37474e-06
4.69563e-06
5.43637e-09
3.39636e-06
-3.37842e-06
-4.49175e-06
-1.64214e-08
-4.49503e-06
4.49503e-06
-4.51772e-06
2.59662e-08
-3.41302e-06
3.40274e-06
-3.3724e-06
4.49748e-06
-3.97234e-06
-1.74159e-07
4.77936e-09
4.49425e-06
-4.49343e-06
-4.64283e-06
4.55977e-06
-4.53373e-06
-4.45654e-06
-6.11738e-08
3.63064e-06
3.3989e-06
-3.38163e-06
1.25738e-08
-2.51424e-08
-2.15899e-08
3.5877e-06
-2.99616e-06
2.13378e-08
-4.49251e-06
4.49772e-06
3.6605e-06
-3.04381e-06
3.38515e-06
-3.39163e-06
4.5073e-06
-4.50916e-06
-4.54823e-06
-1.28519e-06
-4.49351e-06
4.49331e-06
-4.86033e-06
4.51182e-06
3.24756e-06
5.73807e-07
-4.58896e-06
4.62697e-06
1.33734e-06
2.20126e-06
5.31375e-06
-4.89323e-06
4.55977e-06
3.95656e-09
2.75163e-09
-4.51191e-06
1.07786e-08
4.50115e-06
4.49048e-06
6.8563e-09
-4.62697e-06
4.74707e-06
-2.66562e-09
4.4914e-06
6.08197e-09
3.4048e-06
-3.38439e-06
-3.00024e-07
-4.58896e-06
2.12378e-09
-4.46016e-06
4.45804e-06
4.57227e-06
-4.5236e-06
-4.5386e-06
-4.57227e-06
3.57964e-06
-2.94457e-06
4.5143e-06
-1.69273e-08
-7.53107e-09
4.52183e-06
-4.51758e-06
5.89696e-07
-4.50606e-06
4.50537e-06
4.74707e-06
4.89323e-06
4.50606e-06
-4.51271e-06
-4.53231e-06
-1.46611e-08
2.53865e-08
-4.49844e-06
-4.52221e-06
4.50636e-06
4.50537e-06
-4.50636e-06
-4.52845e-06
4.5236e-06
-4.49272e-06
4.4982e-06
4.4929e-06
4.52845e-06
4.51302e-06
-4.51271e-06
-4.52737e-06
-2.64224e-08
4.54294e-06
-4.49571e-06
4.4982e-06
4.05347e-09
-4.50225e-06
5.59627e-09
4.50742e-06
4.51874e-06
-9.31959e-09
-4.54294e-06
4.52737e-06
4.49714e-06
1.0532e-09
4.51032e-06
4.50131e-06
-4.49571e-06
-4.52213e-06
7.34586e-09
-4.49849e-06
5.59872e-09
-4.49822e-06
-4.53942e-06
4.50381e-06
-5.76878e-09
4.4704e-06
-4.46463e-06
4.50044e-06
8.72484e-10
4.4957e-06
5.50194e-09
-4.49801e-06
4.49811e-06
-2.40922e-09
5.13058e-09
-3.10591e-09
4.49951e-06
-4.49641e-06
4.49815e-06
-3.18599e-11
-4.49719e-06
4.4913e-06
4.49304e-06
-4.49545e-06
6.24395e-09
-3.96927e-10
4.46375e-06
-4.46336e-06
4.50015e-06
-4.50469e-06
-1.92097e-09
4.50007e-06
-4.49823e-06
4.49621e-06
-6.57646e-09
4.49596e-06
-4.48938e-06
-4.50278e-06
-4.49211e-06
4.49533e-06
-3.22613e-09
4.50074e-06
7.09035e-09
3.91849e-09
4.50292e-06
-2.17903e-09
4.49497e-06
-4.5079e-06
4.50808e-06
-4.49175e-06
4.49531e-06
4.49403e-06
-4.49803e-06
5.91712e-09
4.49334e-06
-4.49303e-06
4.49334e-06
-4.49053e-06
4.50136e-06
5.95441e-09
4.48929e-06
-4.49282e-06
-3.38055e-09
4.49835e-06
-4.49798e-06
4.50077e-06
-2.46007e-09
4.49042e-06
-4.4926e-06
4.49617e-06
-4.49303e-06
4.49303e-06
-4.49314e-06
2.8578e-09
4.49004e-06
-4.49416e-06
5.50914e-09
-1.81423e-09
4.49884e-06
-2.6738e-09
4.49176e-06
-4.49361e-06
5.8118e-09
4.49124e-06
-4.49471e-06
4.4949e-06
-2.39241e-09
4.49234e-06
-4.49414e-06
4.49809e-06
-2.56456e-09
9.88922e-09
4.49159e-06
-4.49507e-06
4.49766e-06
-2.76325e-09
4.49279e-06
-4.49528e-06
4.50077e-06
-2.39907e-09
-2.3652e-09
4.49583e-06
4.49269e-06
-4.49616e-06
-4.498e-06
4.49569e-06
4.4941e-06
-4.49626e-06
-2.36563e-09
-2.55071e-09
3.92748e-09
4.49346e-06
-4.49739e-06
1.23647e-08
4.49522e-06
-4.49915e-06
4.49843e-06
-2.59998e-09
4.49466e-06
-4.49692e-06
4.49524e-06
9.55682e-09
-4.4979e-06
4.49413e-06
-2.27842e-09
-2.59252e-09
-4.4974e-06
4.49572e-06
-4.48879e-06
4.48879e-06
-4.49009e-06
-3.6641e-11
4.49817e-06
-4.49814e-06
-2.74586e-09
1.27296e-08
-2.05989e-09
-1.04197e-09
4.49309e-06
-2.51597e-11
-2.1787e-09
-2.78843e-09
-3.90747e-09
-1.13933e-08
4.49757e-06
-4.48617e-06
-4.52073e-06
-4.48362e-06
4.48362e-06
-4.48571e-06
-4.49587e-06
4.49472e-06
1.15471e-09
1.38277e-08
-6.15855e-10
-4.50132e-06
5.45022e-09
4.47843e-06
-4.48131e-06
4.47843e-06
8.54417e-09
-4.49941e-06
2.5368e-09
7.09272e-09
4.48834e-06
-4.48539e-06
-2.94576e-09
4.48834e-06
-4.48776e-06
4.4896e-06
-1.83808e-09
4.48776e-06
5.78297e-10
-4.48539e-06
-4.48644e-06
1.05138e-09
4.50155e-06
-4.49365e-06
4.50155e-06
-5.94658e-06
4.50595e-06
-4.49391e-06
-4.49354e-06
4.49354e-06
4.53861e-06
-4.49484e-06
4.50595e-06
4.53861e-06
-4.49287e-06
4.49287e-06
4.49317e-06
-4.49317e-06
4.49484e-06
-4.56452e-06
-4.49475e-06
4.49349e-06
-4.49349e-06
-4.49298e-06
4.49298e-06
-4.48131e-06
4.45309e-06
-4.45309e-06
4.4896e-06
4.48794e-06
-4.48794e-06
4.49331e-06
4.49378e-06
-4.49378e-06
-4.53154e-06
-4.4931e-06
4.4931e-06
-4.52213e-06
-4.49314e-06
-4.48571e-06
-4.49009e-06
4.48317e-06
-4.48317e-06
4.50035e-06
-4.50035e-06
-4.49314e-06
4.49314e-06
-4.49295e-06
4.49295e-06
-4.60748e-06
-4.5202e-06
-4.49306e-06
4.49306e-06
-4.48644e-06
-4.49391e-06
4.49365e-06
-4.50117e-06
-4.49303e-06
4.49286e-06
-4.49286e-06
-4.49252e-06
4.49252e-06
4.50573e-06
-4.4984e-06
-4.50573e-06
4.4984e-06
-4.50117e-06
-4.78515e-09
7.81023e-09
-4.49722e-06
-4.494e-06
4.49994e-06
-4.11269e-09
4.50831e-06
-4.53337e-09
-4.50378e-06
-4.49381e-06
4.5009e-06
4.50353e-06
4.51134e-06
-4.49966e-06
5.65989e-09
4.50743e-06
6.12912e-09
-4.48826e-06
4.49463e-06
4.51122e-06
1.2645e-08
4.50711e-06
3.57466e-09
-3.45721e-09
-4.48214e-06
4.48468e-06
4.51068e-06
4.50702e-06
-4.48088e-06
4.48633e-06
1.24898e-08
4.51009e-06
4.50664e-06
-3.79713e-09
4.46847e-06
-4.46468e-06
4.50562e-06
1.02085e-09
6.93385e-09
-4.51027e-06
4.50204e-06
-4.48549e-06
4.49403e-06
-6.20405e-10
8.47485e-10
4.50897e-06
-4.48093e-06
4.49476e-06
4.50835e-06
-4.49127e-06
4.49497e-06
1.31015e-08
5.72957e-09
4.51098e-06
-3.48374e-09
4.47543e-06
-4.47194e-06
4.51503e-06
4.52076e-06
-4.49536e-06
4.49318e-06
4.50382e-06
-1.3051e-08
4.50693e-06
-4.49493e-06
4.49431e-06
4.50883e-06
4.34754e-11
1.77401e-09
-4.48242e-06
4.49515e-06
4.49578e-06
-4.49139e-06
4.49562e-06
1.18898e-08
4.49755e-06
-3.76285e-09
4.48155e-06
-4.47779e-06
-4.49594e-06
4.49203e-06
4.50314e-06
-5.58822e-09
-1.17296e-08
4.50548e-06
4.40419e-09
4.50691e-06
4.50227e-06
-4.49474e-06
4.49471e-06
4.50668e-06
8.85249e-10
4.49495e-06
-4.4835e-06
4.49586e-06
-4.49595e-06
4.49389e-06
4.49644e-06
-4.49057e-06
4.4975e-06
1.12146e-08
4.44272e-09
-5.29794e-09
4.48913e-06
-4.48383e-06
4.50092e-06
-4.48296e-09
4.50536e-06
-8.49728e-09
4.50127e-06
-4.49653e-06
4.49425e-06
-4.34099e-09
-4.49109e-06
4.50064e-06
4.50587e-06
6.41369e-09
4.00168e-09
4.49738e-06
-4.49619e-06
4.50296e-06
5.73161e-09
5.29638e-09
-4.49586e-06
4.50138e-06
-4.45016e-09
4.49539e-06
-4.49094e-06
4.49342e-06
-4.49715e-06
4.49478e-06
-4.49393e-06
-4.49966e-06
4.48989e-06
4.49709e-06
1.84956e-09
3.29534e-09
4.49096e-06
6.12936e-09
-4.48468e-06
4.49457e-06
-4.48874e-06
4.49455e-06
4.49281e-06
-5.21209e-09
4.49747e-06
-4.49225e-06
4.49811e-06
-4.48962e-06
4.49543e-06
-4.49755e-06
4.49516e-06
5.83231e-09
3.35962e-09
4.5017e-06
4.49823e-06
4.92704e-09
4.50158e-06
-4.48987e-06
4.49548e-06
4.49724e-06
-4.44127e-09
4.50026e-06
-4.49533e-06
4.50095e-06
-4.49782e-06
4.49543e-06
5.55825e-09
-4.49121e-06
4.49672e-06
3.55622e-09
4.49719e-06
-4.49243e-06
4.49789e-06
-4.21284e-09
4.27658e-09
4.49893e-06
-4.49465e-06
4.50074e-06
4.4963e-06
4.28617e-09
-4.49124e-06
4.4941e-06
-4.49731e-06
3.35543e-09
4.49986e-06
-4.49912e-06
-4.4895e-06
4.49542e-06
4.49612e-06
6.65084e-09
4.49947e-06
4.49526e-06
-4.50522e-06
4.50754e-06
-2.31881e-09
1.1787e-09
4.49307e-06
4.59816e-09
4.49729e-06
-4.49269e-06
4.49887e-06
-4.47549e-06
4.48835e-06
-1.28615e-08
4.49594e-06
-4.48941e-06
4.49537e-06
-1.82694e-09
6.0064e-09
4.49132e-06
-4.49698e-06
5.66191e-09
4.49712e-06
-4.49018e-06
4.49727e-06
-4.49431e-06
4.48645e-06
7.85558e-09
4.4953e-06
-4.49311e-06
4.49854e-06
-4.52169e-06
4.52129e-06
5.18242e-09
-6.20567e-09
-4.46929e-06
4.4981e-06
-2.79982e-09
-4.16095e-09
-4.4913e-06
4.29803e-09
4.49116e-06
-4.49546e-06
4.49663e-06
-1.39003e-08
4.49668e-06
-6.2032e-09
4.50243e-06
-5.80274e-09
1.03653e-09
-4.49534e-06
4.49391e-06
-6.62006e-09
4.50234e-06
-4.4907e-06
-6.49005e-09
-4.49332e-06
4.49724e-06
-4.50686e-06
4.49046e-06
1.63946e-08
4.49821e-06
-4.49996e-06
4.48916e-06
1.07997e-08
-6.26296e-09
4.49271e-06
-4.49517e-06
4.49057e-06
4.60209e-09
-4.49337e-06
4.49962e-06
4.49159e-06
-3.89479e-09
4.4952e-06
-7.91554e-09
4.49754e-06
-3.86318e-09
4.49262e-06
-4.49413e-06
4.49946e-06
-4.18174e-09
4.49299e-06
-3.64644e-10
4.48673e-06
4.48539e-06
4.47689e-06
8.50017e-09
-4.49584e-06
4.50097e-06
4.46897e-06
-4.49548e-06
4.50099e-06
-5.50977e-09
-4.49501e-06
4.49611e-06
-1.09663e-09
-3.61528e-09
-4.50929e-06
4.50177e-06
7.52075e-09
4.48241e-06
-1.34374e-08
1.83043e-08
4.43968e-06
-4.45799e-06
-4.49714e-06
4.50264e-06
-4.49256e-06
4.48596e-06
6.60287e-09
-4.49985e-06
5.91777e-09
4.49676e-06
-4.51178e-06
1.50195e-08
4.47592e-06
-6.5634e-09
-4.48842e-06
4.49498e-06
4.54072e-06
3.85376e-09
-2.2872e-09
-4.48978e-06
4.49207e-06
4.49422e-06
-4.49297e-06
4.49011e-06
2.85672e-09
4.49033e-06
-4.50342e-06
4.49765e-06
-4.49715e-06
4.50285e-06
-5.70636e-09
4.49269e-06
-2.3558e-09
-5.08776e-09
-4.48594e-06
4.49103e-06
4.49101e-06
1.67532e-09
-4.49894e-06
4.50454e-06
-4.49873e-06
4.50495e-06
-6.21337e-09
-4.49345e-06
4.48693e-06
6.52065e-09
4.48592e-06
4.45582e-06
-1.61328e-08
-3.91761e-09
-1.41282e-08
4.48364e-06
4.49261e-06
-4.61068e-09
-4.5003e-06
4.50765e-06
4.45346e-06
4.47585e-06
7.78873e-09
-3.24835e-08
-4.48313e-06
-3.31654e-09
-4.48313e-06
-4.46491e-06
4.46491e-06
-1.18175e-08
4.47035e-06
5.4948e-09
4.64323e-09
1.72019e-08
4.44482e-06
-4.46202e-06
-4.49288e-06
4.48718e-06
5.69377e-09
-4.4997e-06
4.50655e-06
-4.48895e-06
-4.02e-09
-3.05953e-09
4.49233e-06
-4.48927e-06
3.37717e-06
-4.49293e-06
4.48662e-06
6.30652e-09
-4.49362e-06
4.48749e-06
6.12408e-09
4.48306e-06
-1.27127e-08
4.4765e-06
-4.50912e-06
4.4937e-06
-4.48995e-06
4.49186e-06
-1.90965e-09
1.08511e-09
-4.1788e-09
4.49429e-06
4.48981e-06
3.89235e-09
-4.48372e-06
4.48372e-06
3.94102e-09
-4.49441e-06
4.49047e-06
-4.49392e-06
4.49426e-06
-4.44767e-09
1.6608e-08
4.54719e-06
-4.5085e-06
4.51539e-06
-6.88897e-09
4.4912e-06
-4.49196e-06
4.4868e-06
5.16581e-09
-4.49963e-06
5.71025e-09
4.49514e-06
4.50958e-06
3.38681e-09
4.49371e-06
-4.48931e-06
-4.39448e-09
4.49854e-06
-4.50334e-06
4.7994e-09
-1.88103e-08
5.91404e-10
4.49112e-06
-1.66412e-08
4.47093e-06
-2.61068e-08
-4.50882e-06
4.51896e-06
-1.01419e-08
-4.48738e-06
4.48393e-06
3.45441e-09
4.46648e-06
4.49486e-06
-3.73966e-09
4.03485e-09
-4.49462e-06
4.49058e-06
-2.79286e-08
4.48902e-06
4.68682e-09
-4.49118e-06
4.48732e-06
3.86052e-09
4.49068e-06
4.4927e-06
-4.48905e-06
4.49208e-06
-3.03123e-09
4.49464e-06
-4.17099e-09
-4.48684e-06
4.49204e-06
-5.20466e-09
-2.99132e-08
4.5696e-06
-4.48393e-06
-5.46664e-08
4.49472e-06
4.4903e-06
3.92747e-09
-4.49423e-06
4.4909e-06
-4.4881e-06
4.47616e-06
1.19422e-08
4.97726e-09
1.24402e-06
3.32642e-06
-4.57044e-06
-4.48189e-06
-6.21212e-09
-3.71853e-09
4.49032e-06
-3.79223e-06
-4.57856e-09
4.4936e-06
4.49383e-06
-3.53123e-09
-4.49057e-06
4.49074e-06
-1.69255e-10
-2.9425e-06
4.49425e-06
3.94435e-09
4.48989e-06
-4.5102e-06
4.51971e-06
-9.51121e-09
-6.09169e-11
-1.81157e-08
-4.11706e-06
-5.51571e-07
4.48967e-06
-4.51259e-06
4.53001e-06
-1.74226e-08
-4.51213e-06
4.51814e-06
-6.00492e-09
-4.50757e-06
4.49361e-06
4.49966e-06
4.49966e-06
4.5124e-06
-4.5124e-06
-4.50352e-06
-3.64163e-09
4.51231e-06
-4.49252e-06
5.68534e-09
4.49072e-06
-4.47749e-06
-1.32269e-08
8.27546e-09
-4.50878e-06
3.72143e-09
-4.4913e-06
4.48758e-06
4.48857e-06
5.04581e-09
-6.646e-09
-4.48995e-06
4.49565e-06
-5.69433e-09
-4.48633e-06
4.49976e-06
-1.34381e-08
4.48747e-06
6.12378e-09
-1.64703e-07
4.49255e-06
-3.98617e-09
1.78779e-08
4.49787e-06
-4.49787e-06
4.49527e-06
-4.49252e-06
1.01477e-08
-4.50429e-06
4.52158e-06
-1.72956e-08
-3.56406e-06
-4.48621e-06
4.51486e-06
-2.86476e-08
4.48558e-06
3.08803e-09
-4.48867e-06
4.48735e-06
-4.50799e-06
1.49561e-09
4.4844e-06
1.18196e-09
4.49271e-06
-2.82377e-09
-8.41412e-09
4.48458e-06
4.49107e-06
-4.48872e-06
-2.57711e-09
4.49388e-06
-4.49388e-06
-4.5119e-06
4.53728e-06
4.51852e-06
1.66473e-08
-4.52495e-06
4.48486e-06
3.39947e-06
-3.39501e-06
4.49968e-06
-4.49712e-06
4.52445e-06
4.52688e-06
-4.48374e-09
-4.5224e-06
3.41455e-06
-9.68516e-09
4.49524e-06
-4.4994e-06
4.15514e-09
1.50101e-09
4.4829e-06
3.41975e-06
-1.35737e-06
-1.6062e-06
-4.77121e-08
1.35507e-08
4.48795e-06
-4.51701e-06
4.49856e-06
-4.51392e-06
4.55762e-06
-4.36955e-08
4.49478e-06
5.68349e-07
-4.6854e-06
-1.0878e-09
4.47953e-06
-8.91587e-09
4.46112e-06
-4.4522e-06
-4.48949e-06
-1.19338e-07
-2.05518e-06
2.17452e-06
2.82028e-06
-3.27896e-06
4.48103e-06
4.47376e-06
7.27711e-09
3.4358e-06
4.49116e-06
-4.49284e-06
4.45088e-06
-4.44804e-06
2.827e-10
-5.17109e-09
-4.46765e-06
4.47282e-06
4.47241e-06
1.3428e-09
6.17163e-07
5.47178e-07
6.8838e-07
1.12411e-06
6.22209e-07
6.19163e-07
6.2465e-07
6.20423e-07
1.25392e-07
5.65815e-07
6.39199e-07
6.84627e-07
-4.51261e-06
6.27864e-07
6.11262e-07
6.12883e-07
6.14153e-07
6.20824e-07
6.18477e-07
-4.49306e-06
-1.57254e-08
6.21236e-07
6.27258e-07
4.46648e-06
5.9305e-09
7.27202e-07
-4.46896e-06
4.52437e-06
-5.54058e-08
6.00661e-07
6.92624e-09
-4.50984e-06
6.05513e-07
-4.49014e-06
6.46534e-10
4.47747e-06
5.4224e-09
-4.43972e-06
4.46132e-06
4.46131e-06
4.49162e-06
-4.49162e-06
-4.60659e-06
4.10219e-06
7.91722e-07
-4.47328e-06
4.56722e-06
-9.39415e-08
6.35515e-07
6.22632e-07
6.19755e-07
6.27876e-07
5.98401e-07
-4.49355e-06
4.47882e-06
3.53968e-06
-2.9487e-06
-5.10871e-08
4.4524e-06
-4.50786e-06
-6.57769e-09
-1.06825e-06
1.11634e-08
4.49913e-06
-4.35166e-09
4.40641e-06
-1.25958e-08
-4.39381e-06
6.16203e-07
-4.47349e-06
5.99701e-07
-4.5067e-06
-6.32115e-09
-3.45638e-09
-4.50084e-06
3.7231e-09
-4.33376e-06
-1.4838e-08
4.3486e-06
4.49202e-06
-4.47026e-06
-2.5196e-08
-4.49277e-06
-2.47959e-08
-4.42046e-06
4.44525e-06
-4.48594e-06
1.24497e-08
4.44006e-06
1.23372e-08
-4.5105e-06
-4.5094e-06
2.82892e-09
-4.1112e-06
1.01003e-06
4.42927e-06
1.07906e-08
4.52014e-06
-4.52386e-06
4.40447e-06
4.42886e-06
3.22564e-08
-7.64983e-07
7.02138e-07
-4.39697e-06
4.6412e-06
-2.44229e-07
4.49224e-06
7.26488e-08
4.44516e-06
4.49323e-06
-4.49044e-06
-4.49392e-06
-4.10323e-06
1.76086e-07
4.39188e-06
4.59539e-06
-1.50224e-07
-4.49376e-06
-4.49481e-06
4.48931e-06
-4.4984e-06
4.44884e-06
2.39822e-08
-4.43965e-06
4.58394e-08
-7.55076e-08
-4.29187e-06
4.36738e-06
3.22653e-06
-4.47515e-06
4.47515e-06
-4.51784e-06
3.42811e-06
3.37552e-06
-3.40136e-06
6.07855e-07
-3.51905e-06
3.51521e-06
-3.51521e-06
-3.43191e-07
-4.10772e-06
4.45091e-06
-1.98421e-07
4.46118e-06
5.06356e-07
-4.08995e-07
9.72438e-08
3.31317e-07
-5.15759e-07
2.21991e-07
2.60387e-07
-7.69443e-07
2.52775e-07
-9.53906e-07
1.03571e-07
2.4175e-07
-6.44931e-07
3.70096e-07
-6.33916e-07
3.2521e-07
-1.69976e-08
-4.10387e-06
7.84824e-08
-5.51189e-08
4.34739e-06
4.44879e-08
2.03057e-08
4.49762e-06
-5.38468e-09
2.32018e-08
2.76114e-08
2.88981e-08
-4.49833e-06
-6.57188e-11
4.07196e-08
2.77158e-08
4.49241e-06
-4.48905e-06
4.48905e-06
-7.59753e-07
2.16247e-08
-4.47606e-06
-3.39111e-06
-4.12023e-06
-4.50731e-06
2.43148e-08
4.47374e-06
-4.47162e-06
3.10658e-06
-3.10658e-06
-1.2202e-08
-4.50334e-06
4.50796e-06
-4.6112e-09
4.33255e-06
4.48748e-06
4.37096e-06
7.42993e-08
4.24225e-06
1.06344e-07
-4.31553e-06
2.64998e-08
-4.24047e-06
1.20243e-07
4.48884e-06
4.30717e-06
-4.49273e-06
3.24741e-06
-8.83908e-07
4.25704e-06
1.65716e-08
-3.97767e-06
5.73129e-07
4.49453e-06
-4.49349e-06
3.51417e-09
4.49468e-06
-7.19467e-09
3.78232e-07
-4.48595e-06
-5.32019e-07
4.41544e-06
3.80164e-06
-4.633e-06
1.23572e-07
-3.74517e-06
-4.52271e-06
1.31537e-07
4.49131e-06
-4.5229e-06
4.51471e-06
2.37234e-07
-4.75194e-06
-4.25882e-06
1.54951e-07
3.98487e-06
-4.28693e-06
3.0206e-07
4.45672e-06
-4.45672e-06
-3.67478e-06
1.31735e-08
-4.48858e-06
-4.16058e-06
-3.72789e-06
4.49164e-06
4.49218e-06
-4.49218e-06
1.44498e-08
4.16095e-06
4.16669e-06
2.00693e-07
4.33068e-07
2.44497e-07
-9.92935e-07
4.46438e-06
1.56609e-08
-4.48004e-06
3.39329e-06
-3.39559e-06
4.47031e-06
3.48499e-06
4.51676e-06
-4.51144e-06
3.25493e-06
-3.25493e-06
-4.50349e-06
4.49659e-06
-4.49392e-06
1.50847e-08
-4.39018e-06
2.29595e-07
-3.89934e-06
4.37661e-06
-3.28504e-06
3.28504e-06
-2.67443e-06
2.67443e-06
3.44287e-06
-3.38982e-06
-2.83743e-06
2.83743e-06
3.65106e-06
-3.65106e-06
-3.08548e-06
-3.31864e-06
3.31864e-06
3.56493e-06
-3.24533e-06
3.24533e-06
-3.1792e-06
3.1792e-06
-3.14179e-06
3.14179e-06
3.73717e-06
-3.73717e-06
2.95925e-06
3.49385e-06
-3.49385e-06
3.49851e-06
3.62551e-06
-3.62551e-06
3.55103e-06
3.49376e-06
-3.21389e-06
3.21389e-06
-3.73318e-06
-3.34565e-06
-3.18519e-06
3.64734e-06
-3.64734e-06
3.26339e-06
-3.26339e-06
3.57781e-06
3.48073e-06
3.52276e-06
3.60772e-06
4.48891e-06
-4.48632e-06
3.52618e-06
-2.90128e-06
4.49828e-06
-6.63638e-09
-4.5975e-06
9.5503e-08
4.50199e-06
4.48877e-06
4.50268e-06
-3.93796e-09
4.25636e-06
-4.50059e-06
4.50471e-06
-3.53807e-06
-4.5079e-06
-4.51327e-06
4.48455e-06
-4.48455e-06
5.90143e-07
4.44598e-06
-4.44184e-06
-1.15482e-08
-3.33554e-06
3.34709e-06
4.48913e-06
4.44714e-06
-4.44714e-06
4.50804e-06
-4.50967e-06
-4.49731e-06
-4.48578e-06
4.46e-06
-4.50312e-06
4.7847e-09
-3.30522e-06
3.00336e-06
4.49004e-06
-4.49004e-06
-3.56177e-06
6.23479e-07
-3.65926e-06
-3.56674e-06
6.17746e-07
-3.58366e-06
6.28431e-07
-3.5492e-06
6.14241e-07
-3.63394e-06
6.33054e-07
4.49691e-06
-8.14004e-09
-4.50109e-06
1.57688e-06
-4.28383e-06
-3.55219e-06
5.99142e-07
-3.46313e-06
-1.94977e-08
4.47949e-06
2.94804e-06
9.12779e-07
-3.86082e-06
-3.28127e-06
3.01748e-06
1.15861e-06
-4.12127e-06
2.96267e-06
3.45419e-06
-3.59037e-06
-4.48365e-06
4.51735e-06
-3.37021e-08
4.49252e-06
-4.48997e-06
-4.51429e-06
-3.55246e-09
4.51811e-06
-4.53071e-06
4.1446e-06
-2.13691e-06
-2.00769e-06
-2.92784e-06
3.56335e-06
-2.91978e-06
3.53953e-06
-6.39586e-07
4.48995e-06
-1.04656e-08
-3.57746e-06
-4.48633e-06
-3.37755e-06
5.77475e-07
-2.00573e-07
-3.03189e-06
-4.52511e-06
4.48395e-06
-8.10963e-07
-4.49215e-06
8.40785e-07
4.49874e-06
-1.47969e-08
-2.94714e-06
3.17572e-06
4.4877e-06
-4.4877e-06
-3.52282e-06
-5.57702e-07
-2.69347e-06
-1.46472e-09
4.51617e-06
4.48145e-06
4.49205e-06
-4.50356e-06
-4.3518e-06
-1.48785e-07
-7.86163e-08
-3.51618e-06
3.51352e-06
-2.94461e-06
3.23465e-06
-2.54627e-06
-3.03705e-06
-2.71025e-06
3.3349e-06
-2.94631e-06
-4.07664e-06
2.43175e-06
1.64489e-06
-3.01784e-06
-2.72584e-06
3.41047e-06
-2.93794e-06
3.45412e-06
-2.83996e-06
3.55679e-06
-2.92953e-06
-2.90674e-06
-1.18088e-08
-4.4753e-06
4.4871e-06
3.36859e-06
-3.39193e-06
-2.76513e-06
3.37064e-06
3.908e-06
-2.83462e-06
3.45725e-06
4.47277e-06
-4.36026e-06
4.49051e-06
-4.48815e-06
-4.50203e-06
-8.07738e-09
-2.95379e-06
3.42018e-06
8.24173e-07
2.93818e-06
4.99001e-07
-3.43718e-06
2.98144e-06
3.52044e-07
-3.33349e-06
2.95671e-06
2.59203e-07
-3.21591e-06
2.95398e-06
1.08473e-06
-4.03871e-06
2.95955e-06
5.74323e-07
-3.53387e-06
4.48585e-06
4.27797e-06
1.81147e-08
3.22973e-06
-3.4303e-06
-7.68791e-07
4.49601e-06
-4.45513e-06
-4.08738e-08
-6.11749e-07
4.06594e-06
4.48096e-06
-4.48096e-06
-4.50606e-06
-2.85336e-06
2.9506e-06
3.66519e-06
-3.4432e-06
-3.4759e-06
-3.64593e-06
3.54201e-06
3.55487e-06
1.72587e-08
-4.51466e-06
4.47075e-06
-4.47355e-06
2.80534e-09
-3.55867e-06
1.79454e-10
-4.50808e-06
4.4406e-06
3.40246e-06
-3.37926e-06
-4.30687e-06
3.41417e-06
-3.38527e-06
2.96084e-06
4.43521e-06
-4.49638e-06
4.50817e-06
-4.50534e-06
-4.47012e-06
4.4887e-06
3.41554e-06
-3.39123e-06
4.48836e-06
-4.4882e-06
4.4882e-06
-4.40773e-06
-9.42941e-08
5.55276e-07
-3.55144e-06
4.4852e-06
-4.50167e-06
-4.43262e-06
3.57445e-06
3.55242e-06
3.6145e-06
4.516e-06
-4.51923e-06
4.80851e-07
3.4774e-06
-2.67488e-06
3.58766e-06
-2.50943e-06
3.66804e-06
3.55869e-06
3.58667e-06
-2.95824e-06
4.48435e-06
3.01619e-06
3.48582e-07
-3.36477e-06
3.41816e-06
-3.40499e-06
4.4887e-06
-4.48614e-06
9.5956e-09
3.3966e-09
-4.56516e-06
4.26513e-06
4.49052e-06
-4.97258e-09
-2.21579e-06
4.55293e-06
4.48933e-06
-4.51001e-06
-3.26175e-09
-2.77608e-06
-3.20592e-06
2.34494e-07
-3.27873e-06
-3.01604e-06
-4.47539e-06
4.4861e-06
-4.4861e-06
4.48394e-06
4.48337e-06
-4.48337e-06
-6.46615e-07
3.66409e-06
-6.32648e-07
3.59532e-06
-3.49121e-06
6.90789e-07
4.51357e-06
-1.1572e-08
-4.35487e-06
-2.10283e-07
-4.35997e-06
-1.58631e-08
-4.4443e-06
4.48863e-06
4.50197e-06
1.53818e-08
-4.45426e-06
4.48688e-06
-4.48442e-06
2.88639e-06
-2.69987e-08
-2.9613e-06
7.52047e-07
-3.17424e-06
4.48144e-06
-4.50191e-06
4.40332e-06
-2.94694e-06
3.54664e-06
-3.40833e-06
3.28508e-06
3.41674e-06
-3.42482e-06
1.30105e-06
-1.30105e-06
-3.36812e-06
3.99599e-06
3.53293e-07
-2.70557e-06
3.3264e-06
-2.82628e-06
3.44752e-06
-2.93793e-06
3.48511e-06
-2.83057e-06
3.44345e-06
-2.84892e-06
3.4674e-06
3.30271e-06
-2.70205e-06
-6.10731e-08
3.54257e-06
-2.92637e-06
-4.46809e-06
-7.30251e-09
4.47331e-06
-1.94958e-09
-4.50536e-06
4.48756e-06
4.48609e-06
-4.49165e-06
2.13487e-06
-2.13487e-06
3.32057e-06
-3.39019e-06
-4.40842e-06
-3.2188e-09
-4.50645e-06
-4.52903e-06
4.48092e-06
-4.47749e-06
4.48661e-06
-2.43977e-06
3.22316e-07
-3.22316e-07
-4.48995e-06
2.20868e-09
-3.8738e-06
4.47847e-06
4.50856e-06
-4.50838e-06
3.43499e-06
-3.41468e-06
-4.48437e-07
3.45422e-06
-3.00579e-06
-4.42998e-06
-7.19289e-08
4.43724e-06
-4.47811e-06
-5.50637e-07
3.43119e-06
-2.88056e-06
-4.46751e-06
4.4806e-06
9.44e-09
4.48862e-06
3.45191e-06
-2.91531e-06
-5.36606e-07
-8.79043e-07
-4.50044e-06
4.50044e-06
1.9523e-07
7.13248e-07
4.47815e-06
-4.50083e-06
4.4695e-06
-4.4855e-06
4.49009e-06
-4.84937e-07
4.07556e-09
-4.50971e-06
7.51681e-07
7.81516e-07
1.28574e-06
3.80081e-07
2.96724e-07
5.405e-07
7.07867e-07
6.23552e-07
5.05507e-07
6.27436e-07
1.39527e-06
3.95972e-07
6.68588e-07
-1.69866e-08
4.5266e-06
5.88778e-07
1.3516e-06
-7.13542e-08
-2.83583e-06
-2.93168e-06
-2.93752e-06
-3.49821e-06
-2.94509e-06
-4.51003e-06
5.11606e-09
-4.45576e-06
2.19152e-06
-4.47195e-06
4.43917e-09
-2.7277e-06
-4.04354e-07
-2.96042e-06
4.50095e-06
-4.50678e-06
3.64202e-06
-4.49172e-07
-4.49264e-06
-2.92814e-07
3.65512e-06
2.40313e-06
-2.96084e-06
-1.61885e-08
-3.25987e-06
5.01935e-07
3.00291e-06
-4.48465e-06
3.36565e-06
-2.78817e-06
2.09501e-06
2.04958e-06
-3.77653e-07
3.59253e-06
-3.21488e-06
-4.4749e-06
3.32471e-06
-3.21348e-07
4.49432e-06
-4.49432e-06
4.51452e-06
-4.51599e-06
-2.47288e-06
3.19135e-06
1.05118e-07
-3.47565e-06
3.37053e-06
-5.15236e-07
3.30851e-06
-2.79328e-06
-1.78599e-07
3.43054e-06
-2.97526e-06
-4.51748e-06
-5.82634e-08
-4.47175e-06
-4.46955e-06
-5.34257e-09
-4.47328e-06
4.44463e-06
4.51852e-06
4.49987e-06
-4.50316e-06
2.163e-06
7.78423e-07
4.4947e-06
-1.25718e-07
-2.76776e-07
-2.30938e-06
-6.73411e-07
3.37469e-06
-4.45217e-06
-2.11047e-08
6.43021e-07
-4.4685e-06
4.49035e-06
-4.49035e-06
-3.18439e-06
-4.49053e-06
1.89174e-08
-1.15321e-06
-8.18483e-07
3.09922e-06
1.73979e-07
-3.2732e-06
1.35596e-09
-3.45372e-06
3.23473e-06
-4.00193e-08
4.46106e-06
-1.05873e-07
-4.35518e-06
-4.46561e-06
-4.47078e-06
2.27759e-09
-3.41459e-07
4.49572e-06
-4.50213e-06
-3.15612e-06
-2.74176e-07
4.78964e-07
-2.55345e-06
-7.2552e-07
4.06393e-07
-3.41218e-06
-2.85841e-07
4.27956e-07
-2.8414e-06
-4.4741e-06
-3.47747e-06
4.47331e-06
4.48841e-06
-4.48841e-06
-4.46679e-06
4.45577e-06
-4.46147e-06
-5.12409e-07
-6.75552e-07
4.47749e-06
-9.83705e-09
5.30817e-07
-4.40462e-06
3.23416e-06
-3.84316e-06
-4.4653e-06
-8.79423e-09
-4.47988e-06
3.28518e-06
-4.45786e-06
-3.60959e-09
3.31836e-06
3.50562e-06
4.46481e-06
-3.05889e-06
-2.57236e-08
-4.45803e-06
-3.39864e-06
-4.50943e-06
4.5574e-06
-4.7969e-08
2.81822e-06
5.16681e-07
-3.43738e-06
-4.46471e-06
-3.73713e-06
4.48683e-06
4.44739e-06
9.32747e-09
-3.23416e-06
-2.81054e-07
-4.48556e-06
2.40854e-09
4.41208e-08
4.41694e-06
-3.22686e-06
-4.45849e-06
4.66725e-10
-4.43888e-06
-2.58335e-08
4.48582e-06
-4.48582e-06
-3.45887e-06
-4.46116e-06
-4.45504e-06
4.00484e-09
2.83808e-06
-3.5636e-06
2.9407e-06
4.44316e-06
3.98801e-09
-2.50163e-06
4.46747e-06
-4.46381e-06
-4.47371e-06
-4.45776e-06
2.71943e-09
-3.56857e-06
-4.4539e-06
2.19547e-06
1.86009e-06
-3.39001e-06
3.36239e-06
2.93233e-06
-2.98298e-06
4.48184e-06
4.5046e-06
5.10711e-09
-4.51349e-06
-4.45747e-06
3.57619e-09
4.5266e-06
-4.45231e-06
-4.4754e-06
4.45954e-06
-4.10256e-06
1.03571e-09
4.48084e-06
-4.48084e-06
-4.4567e-06
4.39659e-09
-4.53844e-06
3.40634e-06
-4.46342e-06
-4.53016e-06
-4.46794e-06
-4.45101e-06
-2.7784e-06
-4.03213e-07
-8.16874e-10
4.47597e-06
4.58276e-07
-3.67316e-06
-3.50413e-06
3.0192e-06
-4.45593e-06
4.91901e-09
4.47558e-06
-3.49195e-06
6.98672e-07
3.24771e-06
2.25953e-07
-3.01299e-06
-4.44962e-06
-5.32829e-07
-2.92143e-06
3.3927e-06
-4.47597e-06
-4.47836e-06
-4.45457e-06
4.95141e-09
-4.9263e-07
3.72736e-06
3.29227e-06
-3.04778e-06
-4.44845e-06
2.68951e-06
-2.86735e-06
-6.8337e-09
-4.45784e-06
4.49361e-06
2.39502e-07
-4.73312e-06
-3.38943e-06
-4.509e-06
-4.45367e-06
5.21768e-09
-4.27649e-06
-6.66058e-07
-4.44715e-06
-2.33387e-07
-3.03981e-06
-1.64784e-06
-4.45653e-06
9.38593e-09
3.47836e-06
-3.41204e-06
-4.44401e-06
-4.44993e-06
-4.46554e-06
1.56113e-08
4.44316e-06
4.44739e-06
-8.45226e-09
-4.45357e-06
4.24332e-06
-4.4536e-06
3.38566e-06
2.37401e-07
3.11408e-06
-2.62525e-08
3.14584e-06
3.60716e-09
1.92453e-06
-4.46133e-06
4.45902e-06
-3.36324e-06
4.47179e-06
6.16672e-09
-3.39598e-06
-4.33003e-06
-3.85686e-06
-9.16869e-07
2.78298e-06
-2.79916e-06
-4.46866e-06
3.3807e-06
-8.84132e-09
-4.44915e-06
-4.45996e-06
4.45886e-06
-4.48771e-06
-4.45822e-06
-4.46302e-06
3.05717e-09
-4.45575e-06
-3.1115e-06
-3.42051e-07
-4.45841e-06
-4.38145e-06
-3.46761e-06
-4.45338e-06
3.34247e-06
-4.46676e-06
8.35187e-09
-4.46608e-06
3.40634e-06
1.78829e-06
-1.44698e-07
-4.41266e-06
2.81133e-06
-3.56218e-06
2.12198e-06
2.08363e-06
3.3782e-06
-4.45117e-06
2.58892e-09
-4.41121e-06
-1.12642e-06
-4.44752e-07
-6.51801e-07
-4.45268e-06
-4.45341e-06
-4.46182e-06
-4.4287e-06
1.29406e-06
-3.96894e-06
-4.4498e-06
-4.45907e-06
4.45675e-06
-4.48188e-06
-3.35059e-06
-4.4421e-06
3.29143e-06
-3.29143e-06
-4.46742e-06
8.35424e-09
-4.46176e-06
-4.43864e-06
-4.46711e-06
5.35046e-09
4.47997e-06
-8.02775e-09
2.61522e-06
-4.44848e-06
-4.44305e-06
-5.69169e-07
1.98803e-07
3.09262e-06
-1.9016e-06
-1.51697e-06
-1.79531e-06
-1.7249e-06
3.59653e-06
-4.40302e-06
-3.38432e-06
-4.44666e-06
3.36734e-06
-4.45449e-06
4.02032e-08
2.8509e-06
-4.45484e-06
4.29308e-07
-4.44548e-06
4.46315e-06
-1.73682e-06
-1.81413e-06
-1.47041e-06
-1.97468e-06
-4.47643e-06
4.4298e-06
-4.44501e-06
-1.78652e-06
-1.76379e-06
-1.91448e-06
-1.58523e-06
-1.88805e-06
-1.65278e-06
-1.79959e-06
-1.56658e-06
-1.76898e-06
-1.75924e-06
-1.35945e-06
-2.10565e-06
3.39598e-06
-4.4461e-06
-4.44338e-06
-3.21622e-06
1.0964e-07
-4.44596e-06
2.22897e-06
-8.29412e-07
-2.87955e-06
3.70896e-06
-2.43068e-06
-4.44238e-06
3.21622e-06
-1.00548e-06
-4.44521e-06
-3.32876e-06
-3.05569e-06
1.2623e-06
2.94889e-06
-4.44081e-06
-4.44535e-06
-4.44857e-06
-3.77772e-09
4.45117e-06
-4.44434e-06
-1.02528e-08
4.45341e-06
-4.47002e-06
-3.40233e-06
-4.49325e-07
-4.44255e-06
-4.43942e-06
-3.33904e-06
-4.4299e-06
-4.44306e-06
-3.541e-06
-4.43811e-06
5.92083e-07
-4.43721e-06
-4.44183e-06
3.51764e-06
-4.43108e-06
-4.43661e-06
3.36534e-06
-4.44079e-06
-3.38333e-06
-4.42664e-06
-4.61371e-07
-4.4314e-06
-4.45933e-06
-4.42098e-06
-4.44372e-06
3.40548e-06
-4.42632e-06
3.1839e-06
1.61408e-08
3.35306e-07
3.00127e-06
3.17773e-06
-4.4204e-06
2.52402e-06
1.61209e-06
-4.45982e-06
-4.41813e-06
-5.76712e-09
-2.89347e-06
4.18752e-06
4.4756e-06
2.96964e-08
-4.41242e-06
-4.42121e-06
2.75802e-06
-3.2238e-06
-4.42105e-06
4.42411e-06
-4.41641e-06
-6.60711e-09
-4.45354e-06
3.29476e-06
-3.29476e-06
-3.69573e-06
1.82103e-06
-4.44519e-06
-4.44224e-06
2.17431e-07
-3.40662e-06
-3.51962e-06
-9.97884e-07
3.44953e-08
-4.4609e-06
-3.32409e-06
-3.56039e-06
3.56039e-06
-2.98894e-06
-3.39418e-06
-4.4056e-06
4.41395e-06
3.39418e-06
3.11337e-06
-1.12134e-08
-4.39774e-06
-2.19388e-06
-1.90337e-06
-4.39239e-06
4.39658e-06
-4.4046e-06
3.59489e-06
2.31397e-07
-3.3599e-06
-3.1839e-06
3.45594e-06
1.39162e-07
-1.02751e-07
3.4039e-06
-3.30115e-06
4.48123e-06
-3.37085e-06
4.01227e-06
-4.40302e-06
-3.49653e-06
2.52265e-06
-4.14015e-06
1.6175e-06
4.48498e-06
-4.28868e-08
-3.09262e-06
2.55196e-07
7.97145e-07
-3.25754e-06
1.41043e-07
3.28401e-06
-3.47591e-06
-3.31368e-06
-3.58311e-06
-3.33412e-06
2.59865e-06
-4.45381e-06
1.22656e-06
-3.67457e-06
-3.71407e-06
-3.39662e-06
1.21771e-08
-3.59855e-06
3.4655e-06
-3.34585e-06
3.33412e-06
-4.44845e-06
-3.41032e-06
-8.34606e-07
-2.54276e-06
3.32427e-06
-9.49633e-09
4.3418e-06
-4.3418e-06
4.32896e-06
-4.32896e-06
3.33549e-06
-3.33549e-06
-3.47591e-06
-3.06189e-06
-8.69634e-07
-3.0993e-06
-3.1262e-06
3.82487e-06
-3.80924e-06
3.14318e-06
-2.40322e-06
-1.64336e-06
2.07607e-06
3.68132e-07
3.17773e-06
-3.42733e-06
-3.13134e-06
-3.49653e-06
-3.23217e-06
3.13134e-06
-7.97158e-07
-6.55896e-07
-1.42588e-06
-2.37517e-06
-1.63876e-06
-4.35652e-07
-2.29205e-06
-3.53743e-06
-3.51962e-06
2.05614e-06
2.09031e-06
2.2858e-06
-4.32766e-07
-4.44885e-08
-2.80803e-07
3.28371e-06
-2.7748e-06
2.33915e-06
7.54335e-07
-3.541e-06
2.91219e-06
5.95531e-07
3.34347e-06
-2.80686e-06
3.10722e-06
-5.29975e-07
3.74479e-06
-3.35704e-06
2.84676e-06
-2.55055e-06
2.07935e-06
-1.13752e-06
-9.41317e-07
-1.674e-06
-1.85747e-06
-1.70577e-06
-1.71264e-06
-3.56218e-06
-3.10897e-06
3.43779e-06
-2.08501e-06
-1.35278e-06
9.4162e-08
2.95953e-06
-3.2032e-06
1.09815e-06
-2.77576e-07
5.45477e-07
2.5679e-06
2.19152e-06
-3.02251e-06
1.7276e-06
-3.24456e-06
1.67538e-06
-3.40028e-06
-3.291e-06
3.41862e-06
-8.58039e-08
5.30684e-07
-2.75138e-06
3.97794e-06
-1.72437e-06
-1.86084e-06
2.88788e-06
-3.52708e-06
3.48229e-06
2.03295e-07
2.93293e-06
-2.93293e-06
3.27326e-06
2.70925e-06
3.9681e-06
3.10355e-06
3.98565e-06
1.52318e-06
3.17835e-06
-1.02589e-06
-3.55901e-06
-3.38105e-06
2.51297e-06
-2.27014e-06
-2.69408e-06
-1.24809e-07
3.29197e-06
7.9045e-07
1.2889e-06
-3.03412e-07
-2.66409e-06
-3.36595e-06
-1.10117e-07
-2.9174e-06
2.86098e-06
-3.27373e-06
-2.14988e-06
-3.39662e-06
2.83459e-06
3.26372e-06
2.74672e-06
2.71366e-06
7.81248e-07
2.54303e-06
-5.08442e-06
2.29205e-06
-3.2461e-06
-1.6844e-06
-2.122e-06
1.42841e-06
-1.57311e-06
7.40607e-08
-3.5525e-06
2.73346e-06
1.14997e-06
2.44276e-06
-2.31649e-06
-1.76014e-06
3.53026e-06
-8.01356e-07
-4.0081e-07
3.14162e-07
3.00197e-06
-2.27547e-06
-2.8857e-06
-3.46473e-07
3.45272e-06
1.4656e-07
-1.30825e-06
1.67988e-07
-3.28368e-06
-2.67914e-07
-3.36074e-06
2.77376e-06
-1.79722e-06
-2.01538e-06
-3.58739e-06
-3.48647e-07
-3.04556e-06
-2.77135e-06
2.14988e-06
1.49174e-06
2.04181e-06
2.78439e-06
-2.52471e-06
-3.61442e-06
6.24696e-08
-1.3283e-06
-1.35873e-06
-2.57588e-06
3.29322e-06
1.21231e-06
2.48001e-06
3.11095e-06
3.21605e-07
-2.68723e-06
-3.02461e-06
3.2279e-06
-3.39316e-06
-2.91335e-06
3.65671e-06
-1.0073e-06
-2.66827e-06
-2.41259e-06
-2.94772e-06
-2.67437e-06
3.64635e-06
-2.67384e-06
2.78428e-06
5.78151e-07
2.64738e-06
-2.68072e-06
3.77323e-06
1.54107e-06
3.80445e-06
1.5081e-06
-2.68488e-06
3.77323e-06
3.80445e-06
-2.88755e-06
-2.86667e-06
-3.05529e-06
3.16493e-06
2.7448e-06
2.47345e-06
-2.5376e-07
1.68217e-06
3.71827e-06
8.00377e-07
2.80281e-06
-2.59056e-06
-3.02213e-06
2.77718e-07
2.68154e-06
2.37468e-06
-3.23552e-06
-2.82958e-07
3.12971e-06
2.78441e-06
3.02257e-06
-2.7084e-06
7.32264e-07
2.70977e-06
2.76306e-06
1.20665e-06
-2.48995e-06
2.97516e-06
-2.44693e-06
3.62402e-06
-2.89347e-06
-4.05703e-07
-2.85769e-06
2.33571e-06
-2.97963e-06
3.68963e-06
6.61693e-07
9.19681e-07
2.83984e-06
-1.59198e-07
2.62936e-06
8.49275e-07
2.6293e-06
-2.6293e-06
-2.90354e-06
2.68232e-06
-5.07409e-07
-2.28522e-06
-2.19182e-06
-2.01707e-06
2.19182e-06
-2.90426e-06
7.08749e-07
2.38764e-06
-5.18202e-09
-3.03463e-06
2.05324e-07
-2.7516e-06
3.04478e-06
-2.50751e-06
-2.86491e-06
-1.03087e-06
-2.29393e-06
4.29683e-07
-3.35111e-06
1.25034e-06
2.37517e-06
-2.75138e-06
2.89002e-06
-2.77835e-06
-4.06625e-06
1.98123e-06
2.122e-06
2.84742e-06
1.24412e-06
2.40322e-06
2.84216e-06
2.8167e-06
-2.71816e-06
2.71816e-06
-2.90938e-06
-9.07043e-07
-2.62122e-06
4.80544e-07
2.19388e-06
2.37784e-06
8.32941e-07
2.83225e-06
-2.65565e-06
-2.91507e-06
-2.43928e-06
-9.53689e-07
-2.56249e-06
-1.09705e-07
4.32433e-07
1.14661e-07
1.35907e-07
-2.97174e-06
2.89426e-06
-3.21161e-06
-6.29952e-07
2.10019e-06
1.60877e-06
2.99976e-06
3.06688e-06
1.60202e-06
2.22285e-06
1.4905e-06
-3.29443e-09
2.73676e-06
1.62198e-06
2.61655e-06
9.29124e-07
2.41796e-06
2.08504e-07
-3.26372e-06
2.97319e-06
2.53259e-06
-2.53259e-06
2.45263e-06
-2.45263e-06
3.40517e-07
2.48606e-06
-2.48606e-06
2.52741e-06
-2.52741e-06
-3.25194e-06
-3.16532e-07
-2.48263e-06
2.44693e-06
3.47761e-06
-8.48304e-07
-4.22895e-07
-6.75781e-07
-2.91226e-06
-2.69852e-06
-2.03688e-06
-2.10327e-06
7.59443e-07
-3.01492e-06
-2.90419e-06
-9.27398e-07
-2.69578e-06
-2.78076e-06
-5.14577e-07
2.35701e-06
-2.76037e-06
2.73638e-06
2.41507e-06
1.77245e-06
1.70924e-06
-2.60055e-06
-2.58518e-06
3.10186e-06
1.77122e-06
-3.03488e-06
1.79529e-06
2.88197e-06
-1.01632e-06
-1.0599e-06
-2.77122e-06
2.76206e-06
-2.76657e-06
3.04997e-06
-2.9967e-06
2.83296e-06
2.96335e-06
-2.86111e-06
-1.06837e-06
-1.03489e-06
-1.05413e-06
-2.5457e-06
2.64533e-06
3.49017e-06
2.71857e-06
2.51297e-06
-2.65018e-06
3.06611e-06
2.40044e-06
-2.63045e-06
-1.40763e-07
-1.04858e-06
-3.16611e-07
2.13221e-06
1.85411e-06
2.86098e-06
2.85721e-06
-5.08267e-08
-3.16455e-06
-2.70544e-06
-1.98744e-07
3.18991e-06
-9.76731e-07
2.61549e-06
-9.79711e-07
-2.9058e-06
2.54548e-06
2.91944e-07
1.91672e-06
2.63036e-06
-2.5826e-06
-9.87006e-07
2.95908e-06
-2.40507e-07
1.4931e-06
2.13157e-06
3.37844e-06
-2.65353e-06
2.64037e-06
2.83487e-06
-9.31503e-07
9.69512e-07
2.68347e-06
-2.34253e-07
-2.18729e-06
2.45044e-06
-2.99665e-06
-9.05225e-07
2.48995e-06
2.4574e-06
2.29393e-06
1.68401e-06
2.80336e-06
-2.01498e-06
2.85769e-06
8.2742e-07
-5.13209e-08
-2.6271e-06
-2.7155e-06
6.15965e-07
9.44613e-07
-2.79723e-06
-2.76249e-06
2.33405e-06
-2.73008e-06
2.97968e-06
-2.76713e-07
-2.1896e-06
2.46632e-06
-1.7979e-06
1.88518e-06
1.60499e-06
-2.87737e-06
-3.06053e-06
3.78171e-07
-2.54765e-06
-2.41507e-06
-3.789e-07
3.28089e-06
-3.01371e-07
2.75877e-06
1.03556e-06
4.06642e-07
9.25042e-07
2.08213e-06
-2.35885e-06
2.87723e-06
2.56285e-06
1.07939e-07
-2.76691e-06
2.65897e-06
-9.96889e-08
2.17191e-07
-6.58794e-07
2.52618e-06
-2.41824e-06
-1.41474e-06
5.92702e-07
-3.39465e-06
6.27484e-07
-2.36921e-06
-9.02965e-08
9.97095e-07
5.36795e-07
1.65703e-06
-2.26123e-06
-2.69361e-06
8.9715e-07
-2.86528e-06
3.68301e-07
2.48369e-06
2.73786e-06
1.76208e-06
-2.42699e-06
6.09976e-07
-5.37348e-07
-5.55731e-07
-2.56796e-06
-1.68112e-06
-1.88586e-06
-3.65774e-07
4.53715e-06
-1.62984e-06
4.55185e-06
-2.65081e-06
2.43649e-06
8.5697e-08
-2.731e-06
-2.74467e-06
-6.903e-07
2.05588e-06
-2.22006e-06
2.51312e-06
4.66981e-07
-1.54157e-07
2.84937e-06
2.33023e-06
2.74753e-06
2.92585e-06
-9.57161e-07
-2.36082e-06
-2.51807e-06
-2.30087e-06
-7.25006e-07
2.74069e-06
2.92074e-06
2.84106e-07
8.03495e-07
1.77335e-06
-2.76955e-06
2.66665e-06
2.84648e-06
-1.16858e-07
)
;

boundaryField
{
    front
    {
        type            empty;
    }
    back
    {
        type            empty;
    }
    wall
    {
        type            calculated;
        value           uniform 0;
    }
    inlet
    {
        type            calculated;
        value           nonuniform List<scalar> 
12
(
-5.14517e-06
-5.15161e-06
-5.15574e-06
-5.1056e-06
-5.29163e-06
-5.17193e-06
-5.27874e-06
-5.3143e-06
-5.31255e-06
-5.3603e-06
-5.35509e-06
-5.35873e-06
)
;
    }
    outletLeft
    {
        type            calculated;
        value           nonuniform List<scalar> 9(3.52021e-06 3.55095e-06 3.55031e-06 3.54083e-06 3.52823e-06 3.53147e-06 3.53622e-06 3.58731e-06 3.60097e-06);
    }
    aneurysm
    {
        type            calculated;
        value           uniform 0;
    }
    outletRight
    {
        type            calculated;
        value           nonuniform List<scalar> 9(3.41856e-06 3.44509e-06 3.49971e-06 3.36617e-06 3.4651e-06 3.41841e-06 3.45197e-06 3.50239e-06 3.48752e-06);
    }
}


// ************************************************************************* //
