/*--------------------------------*- C++ -*----------------------------------*\
  =========                 |
  \\      /  F ield         | OpenFOAM: The Open Source CFD Toolbox
   \\    /   O peration     | Website:  https://openfoam.org
    \\  /    A nd           | Version:  12
     \\/     M anipulation  |
\*---------------------------------------------------------------------------*/
FoamFile
{
    format      ascii;
    class       surfaceScalarField;
    location    "0.26";
    object      phi;
}
// * * * * * * * * * * * * * * * * * * * * * * * * * * * * * * * * * * * * * //

dimensions      [0 3 -1 0 0 0 0];

internalField   nonuniform List<scalar> 
6438
(
-4.20652e-08
5.27475e-06
-5.23269e-06
-4.53925e-08
6.12799e-06
-6.0826e-06
-5.75001e-06
-9.80527e-07
6.73054e-06
5.45387e-06
-5.98882e-06
5.34945e-07
8.37681e-06
-6.54577e-06
-1.83104e-06
1.8907e-06
6.4861e-06
-6.54043e-06
7.90422e-07
-5.66408e-06
5.61869e-06
6.1261e-06
-7.30976e-06
1.18366e-06
5.68622e-06
-6.67207e-06
9.85847e-07
-5.49844e-06
6.69548e-06
-1.19704e-06
1.31876e-06
-6.02312e-06
4.70437e-06
-6.81769e-06
1.31925e-06
5.2258e-06
2.40011e-06
-7.6259e-06
4.91231e-06
-4.95437e-06
-2.77861e-07
5.75647e-06
-5.47861e-06
-7.25296e-06
7.03544e-06
2.17521e-07
-5.49165e-06
6.674e-06
-1.18235e-06
-6.81769e-06
1.32604e-06
2.16409e-06
4.56802e-06
-6.73212e-06
-1.57499e-06
-1.02809e-06
2.60308e-06
-3.3425e-07
6.02793e-06
-5.69368e-06
-5.59468e-06
-9.05968e-07
6.50065e-06
-6.85188e-06
3.0022e-06
3.84967e-06
-5.93768e-06
5.60343e-06
-5.27324e-06
6.41037e-06
-1.13713e-06
-6.4583e-06
8.63617e-07
6.11138e-06
-4.79262e-06
-5.55196e-06
-1.0455e-06
6.59746e-06
-6.72264e-06
1.44941e-06
5.13614e-06
-6.46759e-06
1.33144e-06
2.82028e-08
-6.2937e-06
6.26549e-06
6.16003e-06
-6.19987e-06
3.98423e-08
-6.10382e-06
1.02354e-06
5.08027e-06
-8.23972e-06
1.33578e-06
6.90394e-06
5.79581e-06
-5.7676e-06
5.84964e-06
-3.95768e-07
3.79463e-06
5.31708e-06
-9.11171e-06
-1.88827e-06
7.11406e-06
-5.44191e-06
5.98111e-06
-5.39206e-07
-6.30709e-06
6.2508e-06
5.6292e-08
-2.61565e-06
4.77974e-06
5.63751e-06
4.87103e-08
-6.77845e-06
6.63979e-06
1.38655e-07
6.06382e-06
-9.27674e-07
-4.57508e-06
4.29722e-06
-7.88208e-06
1.33632e-06
5.99473e-06
5.75982e-07
-6.57072e-06
-4.64795e-06
-1.45587e-06
-8.57145e-07
-5.60634e-06
6.36226e-06
-7.55916e-07
-4.16156e-06
6.01405e-06
-1.8525e-06
6.04665e-06
-6.04665e-06
1.90226e-06
4.58558e-06
6.02696e-07
-5.18827e-06
2.69105e-06
1.3125e-06
-4.00355e-06
5.11808e-06
1.08461e-06
-6.20269e-06
4.94497e-06
-1.94277e-06
-2.86654e-06
-5.01554e-06
-5.96682e-08
5.33139e-06
-5.27173e-06
-6.57407e-06
6.57407e-06
-6.81308e-06
6.88528e-06
-7.22012e-08
2.76636e-07
5.06051e-06
-5.33715e-06
1.87838e-08
-6.20277e-06
6.18399e-06
5.75685e-06
-5.73806e-06
-6.27754e-06
7.25582e-07
-6.29265e-06
-4.85797e-07
-5.41318e-06
5.95266e-06
-5.39478e-07
5.98962e-07
5.18343e-06
-5.78239e-06
-6.36696e-06
6.12239e-06
2.44566e-07
6.20503e-06
-6.20503e-06
5.76353e-06
3.62571e-07
-3.78827e-06
-2.88379e-06
5.40555e-06
1.13967e-06
-6.54521e-06
-5.30079e-06
-1.0063e-06
4.71026e-06
3.63705e-06
-8.34731e-06
-7.29136e-06
4.67571e-06
-4.6482e-06
-2.64316e-06
6.43106e-06
-1.02552e-06
3.8289e-06
-1.13785e-06
5.20155e-06
5.98095e-07
-5.79964e-06
-6.41487e-06
-3.98208e-07
-9.05047e-07
-1.56392e-06
-5.01015e-06
6.95614e-06
-6.95614e-06
-4.59479e-06
-1.77217e-06
-4.16125e-07
-7.82359e-06
-6.00189e-06
5.97769e-06
2.42011e-08
2.16289e-07
-6.07656e-06
5.86027e-06
-6.67657e-07
5.86921e-06
6.00631e-06
1.5372e-07
-6.27453e-06
-9.78427e-07
-6.33861e-06
6.50165e-06
-1.63041e-07
6.6068e-06
-3.69843e-06
-2.90837e-06
5.93296e-06
-5.71667e-06
1.20501e-07
6.64806e-06
-3.38318e-06
-3.26488e-06
3.78403e-06
2.82277e-06
6.1057e-06
-6.1057e-06
-4.68279e-06
6.71943e-06
-2.03663e-06
-5.88667e-06
2.80334e-07
-8.04218e-07
-4.76912e-06
5.57334e-06
-5.51639e-06
2.15601e-07
-5.91305e-06
1.23026e-06
5.10331e-06
1.12913e-06
-6.23244e-06
-3.50024e-07
5.45333e-06
-5.32858e-06
6.15697e-06
-8.28392e-07
-5.66245e-06
2.20539e-07
3.89605e-06
2.75201e-06
5.89356e-06
-1.18919e-06
2.53003e-07
5.79364e-06
-5.08835e-06
-4.28034e-07
5.32117e-06
1.13247e-06
-6.45364e-06
-2.94058e-06
-2.53886e-06
5.47944e-06
3.87283e-06
-4.85614e-07
-3.38722e-06
-6.2937e-06
1.2757e-06
6.31365e-06
-7.58936e-06
-2.9255e-06
1.35051e-06
6.2975e-06
1.12873e-07
6.82005e-06
-3.53093e-06
-3.28912e-06
2.28401e-06
4.53605e-06
6.37589e-06
-1.05472e-06
7.77463e-06
-3.98001e-06
-5.76047e-06
1.41685e-08
5.74631e-06
-8.23777e-06
8.44224e-07
7.39355e-06
-9.434e-08
-5.71746e-06
5.8118e-06
6.29032e-06
3.49469e-07
-4.85063e-06
4.79096e-06
-5.78846e-06
5.90502e-06
-1.16561e-07
5.86106e-06
-5.9554e-06
6.04673e-06
-6.04673e-06
5.95782e-06
1.70168e-07
5.96931e-06
-1.38373e-06
5.88966e-06
-5.61303e-06
-5.18689e-06
4.38268e-06
5.31275e-08
5.71513e-06
-5.76826e-06
6.71388e-06
-4.70597e-06
-2.00791e-06
-6.20277e-06
-8.86641e-08
6.92521e-08
-5.73333e-06
-5.74751e-06
3.34331e-07
6.64761e-08
5.72933e-06
5.54445e-06
-4.94549e-06
-5.71813e-06
3.89554e-07
5.80239e-06
-1.64878e-07
-2.06895e-07
5.04872e-06
-4.84182e-06
3.96855e-06
2.74533e-06
-5.94751e-06
1.27523e-06
4.67228e-06
6.05952e-06
-4.54714e-08
-8.01556e-06
7.31673e-07
7.28389e-06
-8.10359e-08
-5.68727e-06
5.76831e-06
3.78077e-06
9.2067e-08
3.60501e-07
5.69902e-06
5.64178e-06
4.696e-07
5.82653e-06
-5.90757e-06
-6.07173e-06
-2.02802e-07
6.19231e-06
-6.65096e-06
4.58654e-07
-5.53839e-06
-2.22087e-07
-6.7396e-06
2.92223e-06
3.81737e-06
4.84906e-09
5.82762e-06
2.00302e-07
-5.48329e-06
6.37588e-06
-8.9259e-07
-6.0495e-06
5.20797e-06
8.41531e-07
-8.17486e-07
2.11221e-06
-1.29473e-06
-1.89442e-06
-4.82822e-06
-6.07656e-06
-4.80129e-08
5.80486e-06
1.77674e-06
4.94268e-06
-9.70742e-08
-5.9101e-06
-2.7574e-08
-1.24553e-07
-6.46285e-06
5.46209e-06
1.00076e-06
-3.80786e-07
4.81417e-06
9.49358e-07
9.44703e-06
-4.12995e-06
-1.9992e-06
-4.81849e-06
5.92626e-06
8.00495e-08
-5.08988e-06
2.14929e-06
-2.28289e-06
-3.60685e-06
5.88975e-06
-2.03872e-06
-4.77897e-06
-3.32002e-06
8.03028e-06
-6.10858e-06
1.98473e-07
-5.76839e-06
5.79062e-06
-2.22344e-08
-4.76898e-06
4.56208e-06
-6.94739e-08
-5.65349e-06
5.72296e-06
-6.21435e-06
1.05769e-07
5.18453e-06
-6.16868e-06
9.84149e-07
5.7758e-06
-5.84528e-06
5.16195e-06
-1.95492e-06
-3.20703e-06
-7.80549e-06
2.76362e-06
5.04187e-06
5.29405e-06
5.08341e-07
4.37322e-06
2.66222e-06
1.27891e-06
5.67723e-06
-1.51555e-06
-5.4406e-06
-6.28715e-06
6.23217e-06
5.49708e-08
-6.27048e-06
-1.6664e-08
-6.23781e-06
-3.26686e-08
1.78295e-08
1.6218e-06
-9.08633e-06
7.46453e-06
-6.75083e-06
8.02653e-06
5.33083e-06
-5.27771e-06
5.69507e-06
2.37883e-07
4.6485e-07
4.6971e-06
-5.71746e-06
-5.18394e-06
5.15887e-06
6.44285e-07
-5.80315e-06
-2.98366e-08
-1.22956e-06
9.07354e-06
-7.84399e-06
8.60776e-06
-6.20766e-06
-2.60976e-06
3.92225e-06
-1.65454e-06
-5.08506e-06
-4.5192e-06
-3.28628e-06
-5.71642e-06
-3.55312e-07
-5.75598e-06
5.75517e-06
8.14547e-10
-9.1057e-07
5.40547e-06
-4.4949e-06
-6.17693e-06
6.22045e-06
-4.35205e-08
-6.1125e-06
-6.44273e-08
-7.8586e-06
4.88728e-07
7.36987e-06
-5.4941e-06
-3.56415e-07
5.85052e-06
6.15376e-06
6.66901e-08
-1.09412e-06
-6.72531e-06
2.44863e-06
4.27667e-06
3.9163e-08
-3.56208e-06
-3.16322e-06
-8.40559e-08
-6.28429e-08
-5.62185e-06
5.6847e-06
-5.78238e-06
2.88283e-07
5.22564e-06
7.00613e-07
6.02255e-06
-5.76955e-06
5.72187e-06
-5.78471e-06
5.6967e-06
1.64359e-07
2.79926e-06
5.8085e-06
5.9509e-06
-1.13672e-06
-4.66865e-07
-7.77091e-06
-3.41188e-07
4.69635e-06
-4.35516e-06
-6.08341e-06
-2.90885e-08
-6.08257e-06
-8.38573e-10
6.13182e-06
-6.08808e-06
-4.37464e-08
6.06459e-06
6.72352e-08
-5.68727e-06
1.40384e-06
-1.92838e-06
5.24538e-07
-6.86754e-06
4.01693e-06
2.85061e-06
3.07806e-06
-6.16989e-06
3.09182e-06
-5.38556e-06
-5.01109e-07
-5.73681e-06
5.70838e-06
2.8432e-08
-5.96947e-06
5.75679e-06
2.12687e-07
-4.76538e-07
6.10881e-06
-5.63227e-06
-5.92691e-06
1.44524e-07
-6.58048e-06
8.20229e-06
-6.1224e-07
-5.33527e-06
-6.18653e-06
5.71e-06
-4.84799e-06
-4.46468e-07
5.29446e-06
-4.54614e-06
6.02534e-06
3.92418e-08
-4.12946e-06
-1.10455e-06
1.22476e-06
-1.20215e-07
-5.72276e-08
2.21089e-07
-7.85046e-06
7.62937e-06
-4.40214e-06
-2.1383e-06
-6.11255e-06
5.98683e-06
1.25712e-07
-6.01858e-06
-9.39639e-08
-2.16535e-06
1.34787e-06
5.68647e-06
1.40062e-07
6.07398e-06
-1.01347e-06
6.01242e-06
-6.00517e-06
-7.24959e-09
-1.62687e-08
-5.57889e-06
5.59515e-06
6.29247e-06
-4.51573e-06
-7.56526e-08
6.24602e-06
3.52259e-06
-9.76861e-06
6.18927e-06
-6.18927e-06
9.55582e-07
5.61849e-06
-2.18388e-06
-3.86276e-06
-4.93222e-06
5.94404e-06
-1.01182e-06
-6.59449e-07
-5.31003e-06
5.6931e-06
-5.70936e-06
-5.45118e-06
9.33585e-08
5.35782e-06
1.04642e-06
-5.52539e-06
4.47897e-06
-5.72056e-06
5.66175e-06
5.88099e-08
3.65372e-06
2.63875e-06
-1.78698e-07
-9.25848e-07
-3.43374e-06
-3.4338e-06
-1.31225e-06
-6.10668e-06
6.23385e-07
-5.65349e-06
5.12277e-06
1.06954e-06
-4.76026e-06
-5.34398e-06
4.95993e-07
-5.45306e-06
3.17016e-06
6.18682e-06
-5.03001e-06
-1.15681e-06
1.05734e-06
4.96521e-06
-4.38244e-06
-2.07586e-06
-6.05294e-06
6.05294e-06
6.05377e-06
-5.82101e-06
-2.32753e-07
3.49168e-07
-5.73473e-06
-4.84327e-06
5.47515e-06
-6.31881e-07
-1.91971e-06
8.91616e-07
5.64035e-06
-5.66782e-06
2.74659e-08
5.9227e-06
6.41308e-08
5.9855e-06
6.82631e-08
9.04528e-06
-5.77175e-06
-1.55163e-07
-5.064e-06
4.15343e-06
5.67894e-06
9.68626e-08
5.96726e-06
-5.93315e-06
-3.41058e-08
-5.13228e-08
-8.24701e-08
6.22917e-07
-5.11668e-06
4.49377e-06
-1.79986e-07
-7.83558e-06
1.87397e-06
4.2295e-07
-5.26622e-06
-5.70869e-06
5.62169e-06
8.70005e-08
5.69641e-06
-5.11878e-07
-2.66095e-06
-3.53892e-06
-7.98038e-06
5.91577e-07
-3.20133e-06
-9.47808e-07
2.39664e-08
5.86822e-06
-5.22394e-06
-5.62185e-06
-5.63103e-06
1.46606e-07
5.48442e-06
7.94974e-06
1.1238e-06
4.58145e-06
2.30383e-06
5.54421e-06
-2.46615e-06
5.79074e-06
-3.28645e-07
1.32794e-05
-9.75685e-06
-9.08633e-06
-2.91176e-06
-3.13775e-06
-7.33162e-08
6.17269e-06
-5.78307e-06
-3.8962e-07
5.85051e-06
1.34997e-07
6.76864e-07
-5.60909e-06
-4.16192e-06
4.78483e-06
5.67264e-06
4.92234e-08
4.45594e-06
1.97513e-06
5.95118e-06
2.2151e-07
5.94571e-06
-5.86044e-06
-8.52708e-08
-2.67659e-06
-3.79099e-06
-2.67817e-07
5.47579e-06
1.01867e-07
-6.3069e-06
4.93015e-06
-3.88372e-06
-8.26472e-08
1.24695e-07
4.80832e-06
-5.22179e-06
4.13473e-07
8.78577e-07
5.06546e-06
8.06892e-06
-7.84783e-06
2.80772e-06
3.55454e-06
-5.69399e-06
5.62713e-06
6.68572e-08
-1.31396e-07
-3.30909e-06
1.81136e-06
1.49773e-06
-5.92839e-08
6.1864e-06
-6.1864e-06
6.98676e-06
-4.05054e-06
-2.93622e-06
-5.12854e-06
-8.60273e-07
4.32461e-06
2.05128e-06
5.91728e-06
3.38972e-08
-5.57889e-06
5.53522e-06
3.51445e-08
-5.57036e-06
4.53228e-06
6.3069e-06
-6.26549e-06
1.59795e-07
7.36493e-06
-6.5207e-06
5.70347e-06
-6.0764e-06
5.66316e-06
-1.27941e-07
5.11231e-06
-5.53176e-06
5.50259e-06
2.91693e-08
2.59006e-07
4.43815e-06
-4.69716e-06
-5.03447e-06
4.15804e-06
-3.77278e-07
5.26595e-06
7.15167e-07
-5.03397e-08
-4.86801e-06
-8.50126e-07
-7.28859e-06
4.612e-06
7.77596e-09
-5.54616e-06
-5.90637e-06
-2.80162e-07
7.91165e-06
-4.2746e-06
5.68453e-08
-1.0232e-06
6.2908e-06
-5.2676e-06
-2.68775e-06
-6.21339e-07
5.51012e-06
-5.5697e-06
5.95799e-08
-5.70347e-06
5.65474e-06
2.4525e-06
3.50437e-06
-5.95686e-06
5.92918e-06
-1.12086e-06
4.92751e-07
5.26372e-06
5.81449e-06
5.61393e-07
6.34291e-07
7.6955e-07
-6.18399e-06
1.37263e-07
-4.90973e-06
5.5866e-06
-2.84356e-06
3.43513e-06
5.24915e-07
-5.15859e-06
4.63367e-06
-4.16249e-08
1.09602e-07
-5.14634e-06
-5.85232e-06
5.74519e-06
1.07126e-07
-5.61455e-06
5.84538e-07
3.66317e-06
3.3236e-06
-3.15961e-06
6.47889e-06
-3.31929e-06
6.49237e-06
-6.06112e-06
-4.31256e-07
1.61316e-07
3.99673e-06
-5.57144e-06
-5.95867e-08
5.65488e-06
8.28196e-09
2.79647e-06
-9.85116e-07
7.19838e-06
-6.46671e-06
5.16221e-06
7.90443e-07
3.25739e-07
-5.74168e-06
8.73667e-07
8.80414e-08
-4.99777e-06
6.41179e-06
-5.18153e-06
5.2276e-06
-3.18208e-07
-4.9762e-06
5.29441e-06
-5.62751e-06
5.86013e-06
-6.95025e-08
-8.52525e-06
6.81265e-07
-3.60513e-08
5.52029e-06
1.06838e-07
-5.2131e-06
-5.72034e-06
5.69632e-06
2.40216e-08
6.84487e-06
-3.97468e-06
-2.87018e-06
-4.80069e-06
-4.31815e-07
5.2325e-06
-1.29406e-08
-5.65783e-06
1.21652e-07
-6.1152e-07
6.04232e-06
-5.4308e-06
-5.53943e-06
5.5669e-06
-8.03858e-06
-1.17365e-06
-7.77623e-06
7.58145e-06
1.94777e-07
4.43889e-06
2.25659e-06
5.19586e-06
4.65853e-07
-5.66171e-06
5.5212e-06
-2.27156e-07
4.4519e-06
2.2221e-06
-3.94098e-06
1.25323e-06
-5.57977e-06
4.84759e-06
-5.51525e-06
-7.49136e-06
7.46416e-06
2.72037e-08
6.76798e-06
-5.4322e-06
5.51921e-06
-1.6618e-08
3.39301e-07
-5.14719e-06
4.80789e-06
-8.32195e-08
-7.40814e-06
6.68888e-06
-6.68888e-06
-3.04355e-06
5.73856e-06
-2.69502e-06
-5.52399e-06
5.52399e-06
5.64836e-06
-4.99356e-06
-6.54801e-07
5.25368e-06
1.24797e-06
5.88622e-06
-4.82888e-06
5.82041e-06
-6.52389e-08
-4.55673e-06
-7.30018e-07
5.28675e-06
-7.40003e-06
7.42509e-06
-2.50622e-08
6.82532e-06
-4.10857e-06
-2.71675e-06
9.97729e-07
4.88849e-06
-7.4775e-06
7.44007e-06
3.74225e-08
-1.2853e-09
-5.44234e-08
7.37894e-06
-7.32452e-06
-7.44898e-06
7.44898e-06
-8.87076e-08
5.59883e-06
7.99334e-06
-7.4516e-06
-5.41741e-07
-7.48213e-06
7.42771e-06
7.47572e-06
-7.43758e-06
-3.81376e-08
-5.44698e-06
-1.2272e-07
6.37125e-06
-8.49717e-08
7.42598e-06
-7.34101e-06
7.42831e-06
-7.44228e-06
1.39703e-08
-5.61443e-06
7.38972e-06
-1.0779e-08
-5.71356e-06
5.66248e-06
5.10787e-08
-7.3883e-06
7.41488e-06
-2.65854e-08
5.65907e-06
-5.51246e-06
-7.46236e-06
7.37739e-06
5.72296e-06
-1.81887e-06
2.72568e-06
3.56512e-06
-4.1379e-06
-3.15069e-06
-7.43644e-06
7.43644e-06
-7.47052e-06
-1.1612e-08
6.91575e-06
-1.26768e-06
-5.64807e-06
-4.8757e-06
3.31178e-06
1.86399e-07
7.40159e-06
-7.42448e-06
2.28917e-08
5.44799e-06
-5.44259e-06
-5.39599e-09
7.63219e-06
-7.43402e-06
-1.98177e-07
7.36317e-06
3.84204e-08
7.34962e-06
7.63621e-08
-1.50966e-08
-5.50889e-06
-6.81709e-06
3.75162e-06
3.06547e-06
-5.50113e-06
5.53628e-06
7.38647e-06
-2.32951e-08
7.75728e-07
5.01501e-06
3.97227e-06
-1.51977e-06
-7.45158e-06
-1.07833e-08
6.07736e-06
3.60658e-06
-6.14544e-06
-9.35849e-07
-7.5894e-06
5.54392e-06
-5.57592e-06
3.19929e-08
-2.56946e-07
-7.51928e-06
5.77286e-06
-6.44782e-08
6.41897e-06
-4.39194e-06
-2.02702e-06
-5.55598e-06
7.3977e-06
-7.3977e-06
5.2924e-06
6.78239e-08
-5.36022e-06
5.69714e-06
-7.41325e-06
7.40354e-06
9.70982e-09
7.36089e-06
-7.43176e-06
7.08701e-08
4.68625e-06
-6.2018e-06
-1.97464e-08
-7.36107e-06
7.38081e-06
7.3441e-06
-7.36385e-06
-2.45906e-07
7.82736e-06
-5.8815e-06
6.37023e-06
-6.65378e-06
4.61506e-06
-1.16995e-07
7.58116e-06
6.37639e-07
3.28461e-06
6.1339e-08
6.85441e-06
-1.99477e-08
5.9328e-06
-5.91285e-06
-5.04109e-08
-7.43104e-06
-4.64569e-08
6.09913e-06
-6.10086e-07
-5.48905e-06
-7.38158e-06
7.38158e-06
4.33536e-06
-3.73267e-06
-7.44276e-06
7.42328e-06
1.94805e-08
5.68395e-06
-5.68395e-06
5.53421e-06
-8.62269e-08
7.39168e-06
-7.40355e-06
1.18702e-08
-7.13488e-06
1.95094e-06
7.41928e-09
-5.49055e-06
5.48314e-06
5.95481e-06
-4.97935e-08
7.40727e-06
6.84465e-08
4.49331e-06
7.67075e-07
-5.26038e-06
7.42986e-06
-4.01421e-08
5.77145e-06
-5.77145e-06
7.38261e-06
-7.35697e-06
-2.56481e-08
-5.64497e-06
5.60347e-06
4.15069e-08
7.43909e-06
-7.41652e-06
-2.25721e-08
-7.39379e-06
7.39379e-06
1.10009e-06
5.17653e-06
1.74587e-07
-5.35112e-06
-7.44337e-06
7.42401e-06
1.93532e-08
-2.74064e-08
-5.5735e-06
5.54158e-06
2.3391e-09
6.91841e-06
-1.30834e-06
-5.61008e-06
4.7796e-06
7.36388e-06
-7.38419e-06
2.0306e-08
5.69092e-06
6.07956e-06
8.57015e-08
5.2067e-06
7.55096e-06
-1.43687e-07
7.33973e-06
2.41483e-08
5.40083e-06
-5.40083e-06
-2.84356e-06
7.46774e-06
-7.4091e-06
-2.26665e-08
7.40524e-06
-7.37734e-06
-2.7896e-08
1.4474e-07
-7.54578e-06
7.40104e-06
7.75652e-07
-7.46453e-06
-7.4299e-06
7.41711e-06
1.27924e-08
5.36396e-06
-5.36119e-06
-2.77454e-09
5.64836e-06
-4.98499e-06
4.98499e-06
7.35461e-06
-1.48757e-08
-5.51458e-06
-5.14719e-06
5.19586e-06
5.72124e-06
-5.94865e-08
-1.67101e-08
5.86002e-07
-7.30424e-06
7.40403e-06
-7.40637e-06
2.33533e-09
1.77331e-07
5.18663e-06
1.70803e-07
5.92833e-06
5.57782e-06
-4.36087e-08
-7.4133e-06
7.40473e-06
8.57315e-09
7.34797e-06
-7.36844e-06
2.04678e-08
-7.40669e-06
-3.60717e-08
7.38656e-06
-7.36716e-06
-1.93967e-08
5.57724e-06
1.06712e-07
7.39119e-06
3.20958e-08
-9.27018e-09
7.37459e-06
3.01393e-08
-1.1246e-09
-5.46254e-06
-7.48699e-06
7.88446e-08
-5.54105e-06
5.54105e-06
6.8124e-08
6.85029e-06
-5.63056e-06
1.07383e-06
3.87214e-08
7.38959e-06
3.07422e-07
-5.32373e-06
5.01631e-06
5.12663e-08
7.39771e-06
7.05749e-06
-7.69751e-06
5.57186e-06
1.99582e-07
7.3441e-06
-5.70485e-08
5.23358e-06
-5.38837e-06
2.71792e-08
5.30871e-06
-8.15407e-07
-7.36245e-06
7.36245e-06
-7.40191e-06
-4.14591e-08
4.99356e-06
-5.17581e-06
1.8225e-07
-7.39771e-06
5.45259e-06
-5.44517e-06
7.38756e-06
3.64581e-08
-7.39102e-06
-6.57317e-06
4.57396e-06
-7.42252e-06
7.41019e-06
1.23345e-08
5.04716e-06
4.74038e-07
5.49055e-06
3.34324e-08
-7.33867e-06
7.38894e-06
-5.02692e-08
-5.57412e-06
5.52453e-06
4.95907e-08
-7.36216e-06
2.34933e-08
5.55316e-06
-1.15753e-08
3.08189e-07
-5.74087e-06
5.43268e-06
7.36042e-06
-7.39298e-06
3.25618e-08
5.98743e-06
-6.2676e-06
7.35961e-06
-7.35881e-06
-8.02126e-10
-4.70405e-06
4.70405e-06
-5.79132e-06
5.79132e-06
-7.35117e-06
-1.09942e-08
-3.43513e-06
4.07277e-06
-7.37217e-06
7.36133e-06
1.08412e-08
5.74353e-08
7.379e-06
4.59769e-06
-4.07277e-06
-4.59769e-06
4.8567e-06
4.88116e-06
-5.61118e-06
6.72829e-06
-3.98743e-06
-2.74086e-06
-7.39857e-06
-3.13328e-08
-1.06735e-06
-4.8567e-06
5.92405e-06
7.38931e-06
2.77992e-08
-5.59825e-06
5.18858e-06
7.4105e-06
-7.39554e-06
-1.49646e-08
-7.36705e-06
-5.54811e-06
5.57282e-06
-1.71986e-07
-1.97198e-08
7.40619e-06
7.37525e-06
-5.48314e-06
-7.55101e-06
-4.42998e-06
5.66171e-06
-1.23173e-06
-7.33457e-06
-2.65004e-08
7.36562e-06
8.96542e-09
4.29578e-06
-4.38799e-06
9.22077e-08
8.44097e-09
5.17581e-06
-5.38353e-06
2.07718e-07
3.39195e-06
3.45291e-06
-7.39524e-06
-2.72875e-08
-5.60064e-06
7.33324e-06
-7.32712e-06
-6.11365e-09
7.38641e-06
2.37758e-08
-7.40778e-06
7.39982e-06
7.96273e-09
5.66228e-06
5.57724e-06
-7.35204e-06
7.33598e-06
1.60587e-08
7.40393e-06
-7.40068e-06
-3.24099e-09
-5.506e-06
5.57186e-06
7.34855e-06
-7.34855e-06
2.92261e-08
7.41085e-06
-4.64003e-06
-9.90533e-07
7.364e-06
-3.58075e-09
-9.47205e-07
5.03067e-06
-4.08346e-06
7.34511e-06
-7.33875e-06
-6.35941e-09
2.24657e-08
7.37523e-06
7.33177e-06
-7.33828e-06
6.50381e-09
-7.41742e-06
-7.39078e-06
-4.45053e-06
6.3478e-09
7.39719e-06
-7.74013e-09
-7.37071e-06
7.37845e-06
-7.34906e-06
7.33304e-06
1.60209e-08
-7.39494e-06
-1.28377e-08
-5.5981e-06
-5.40621e-06
1.78471e-08
7.38742e-06
1.23981e-08
-7.3424e-06
7.3393e-06
3.10041e-09
-7.34745e-06
2.75952e-08
7.31986e-06
7.39273e-06
1.77787e-08
-7.36986e-06
-2.56829e-08
-5.3756e-06
-2.52305e-08
7.3891e-06
-7.39366e-06
4.56003e-09
7.34518e-06
-7.35292e-06
-7.36038e-06
7.35023e-06
1.01497e-08
7.34205e-06
-7.3361e-06
-5.94949e-09
5.53615e-06
4.8987e-09
7.39155e-06
1.23761e-08
-7.38125e-06
-1.943e-08
-7.40836e-06
5.57282e-06
-7.34598e-06
7.33135e-06
1.46299e-08
4.87572e-06
-5.19392e-06
-7.32526e-06
7.35271e-06
-2.74548e-08
7.34795e-06
-7.3589e-06
1.09568e-08
-1.79079e-08
-7.38782e-06
-7.12353e-09
-1.91373e-08
-6.52141e-06
4.62699e-06
-1.25953e-08
7.34518e-06
-1.21561e-08
-7.81985e-09
-7.39405e-06
6.23191e-09
2.82698e-06
6.21272e-06
-9.0397e-06
-1.53106e-06
7.38916e-06
-6.31e-11
-7.37523e-06
1.35916e-08
7.36799e-06
-7.37974e-06
-1.39163e-08
-5.55453e-06
-7.40141e-06
7.35763e-09
2.58026e-08
7.36588e-06
-1.17386e-09
3.49419e-08
-7.27615e-06
7.24121e-06
7.39934e-06
-7.39556e-06
-3.78096e-09
-5.65368e-06
1.01365e-06
7.38509e-06
-7.37215e-06
-1.29405e-08
-7.38996e-06
-5.47933e-06
-2.88931e-07
7.34049e-06
-7.33469e-06
-5.79547e-09
3.8527e-08
-7.28307e-06
7.24454e-06
-7.3975e-06
7.38371e-06
1.37887e-08
-5.59327e-06
5.54717e-06
4.61015e-08
6.51323e-09
-7.39744e-06
-3.97147e-09
-5.62406e-06
1.16656e-06
4.4575e-06
-7.38777e-06
-9.72968e-09
7.39691e-06
2.42536e-09
-7.38479e-06
-1.07635e-08
-2.93741e-08
-7.3979e-06
4.6647e-10
-5.31958e-06
-6.21591e-07
5.94117e-06
4.24988e-06
3.10568e-08
-7.36799e-06
5.54826e-06
-2.37352e-08
-7.34009e-06
7.34009e-06
-1.41946e-08
7.39336e-06
3.55302e-09
-5.85384e-09
1.1472e-08
1.18099e-08
7.39616e-06
-2.7999e-09
4.36517e-09
7.39424e-06
-7.3943e-06
5.89942e-11
5.33727e-06
-5.33727e-06
-7.37898e-06
7.36312e-06
1.58548e-08
7.35236e-06
-7.34481e-06
-7.54965e-09
-1.03696e-08
7.39153e-06
4.62903e-09
7.39189e-06
2.34901e-09
-2.76927e-09
7.39263e-06
7.3854e-06
-7.38949e-06
4.09128e-09
-7.45666e-06
-7.36179e-06
-1.71844e-08
5.69145e-06
-6.97601e-08
7.37877e-06
6.62374e-09
6.18741e-08
7.38439e-06
-7.37629e-06
-8.09962e-09
-5.27481e-06
5.27481e-06
4.12859e-08
7.35251e-06
-7.33892e-06
7.3507e-06
-1.17756e-08
7.38283e-06
1.5689e-09
5.85582e-08
5.51926e-06
7.37408e-06
-7.37131e-06
-2.76989e-09
-7.31596e-06
-2.29636e-08
7.3532e-06
-7.35922e-06
6.01636e-09
7.36932e-06
4.76267e-09
7.38295e-06
8.94074e-09
-7.31764e-08
-7.29753e-06
-1.23772e-08
-6.50199e-07
-4.95889e-06
7.34169e-06
-7.34881e-06
7.1175e-09
2.20817e-07
5.11645e-06
7.37314e-06
-7.36623e-06
-6.91002e-09
-6.53829e-09
-1.25766e-07
-6.13545e-06
6.26122e-06
-5.34072e-06
5.40138e-06
-6.0665e-08
-7.30728e-06
7.30962e-06
-2.33977e-09
7.36466e-06
8.477e-09
-7.3429e-06
-4.59095e-06
7.41793e-06
7.36753e-06
-7.35706e-06
-1.04714e-08
-7.37468e-06
7.37487e-06
-1.92686e-10
7.35345e-06
-7.34678e-06
-6.66971e-09
-7.14619e-07
-6.30716e-06
7.02178e-06
7.35998e-06
7.55127e-09
-7.31286e-06
5.57859e-09
7.36859e-06
-7.35915e-06
-9.44498e-09
5.53615e-06
-5.66961e-06
5.66961e-06
7.36586e-06
-7.35199e-06
-1.38691e-08
-1.42092e-08
7.36882e-06
-1.15557e-08
-5.54404e-06
7.35548e-06
1.03742e-08
-7.37401e-06
-1.37586e-08
-7.30166e-06
7.30553e-06
-3.86838e-09
7.37475e-06
4.02255e-09
1.24426e-07
7.30067e-06
-1.54266e-09
7.36787e-06
1.86846e-08
5.51865e-06
2.9612e-08
8.61505e-10
-7.30886e-06
7.19314e-09
5.62992e-07
2.04206e-08
2.37954e-07
7.34656e-06
-7.35345e-06
6.89117e-09
-7.29392e-06
7.3024e-06
-8.47427e-09
1.30338e-07
-5.5264e-06
5.39606e-06
9.87817e-07
-5.75656e-06
4.76875e-06
2.11085e-06
5.21814e-06
-5.21814e-06
7.34149e-06
-7.34149e-06
-6.04665e-06
3.38155e-09
-7.35542e-06
5.63417e-06
7.36627e-06
1.65591e-08
-1.39003e-06
-2.58338e-06
3.97342e-06
-7.30455e-06
1.06231e-08
-7.30874e-06
-2.37037e-07
3.12342e-06
-5.1542e-06
2.03078e-06
-5.04806e-09
4.98505e-08
7.30286e-06
2.05683e-08
5.53259e-06
-7.37666e-06
1.55092e-08
7.34694e-06
4.68664e-06
-5.71843e-06
1.0318e-06
4.76975e-06
-1.64633e-06
-9.17126e-09
-7.33989e-06
7.37773e-06
-7.32788e-06
-7.35666e-06
-7.28429e-06
7.27737e-06
6.91542e-09
1.61546e-09
7.35971e-06
7.33388e-06
7.61316e-09
6.70138e-06
-4.447e-06
-2.25438e-06
-2.63873e-08
5.59825e-06
7.35773e-06
1.15928e-08
6.69885e-06
-7.41347e-06
4.96778e-08
7.30269e-06
-8.66923e-09
-7.33731e-06
-7.29278e-06
8.49266e-09
-5.35772e-06
1.70011e-08
5.62875e-06
-4.51284e-06
-1.11591e-06
7.32083e-06
-7.32147e-06
6.39972e-10
-8.50191e-09
2.11221e-06
-2.96915e-06
-2.78222e-06
5.75137e-06
7.33443e-06
-7.34573e-06
1.12952e-08
5.84584e-06
-5.77801e-06
-2.08567e-08
5.5981e-06
-4.80753e-06
3.41749e-06
7.32705e-06
-7.33442e-06
7.37115e-09
7.36914e-06
-7.31947e-06
-5.52016e-06
1.82891e-07
-5.54129e-06
5.53464e-06
6.64658e-09
5.38353e-06
-5.50929e-06
1.16616e-07
7.29827e-06
-5.58951e-06
5.423e-06
-1.97359e-07
7.35779e-06
-7.34887e-06
-8.92029e-09
5.72932e-06
-5.47359e-06
-2.55731e-07
7.33388e-06
-4.42414e-09
-7.33798e-06
-5.42432e-06
1.81061e-08
6.79875e-07
4.16671e-06
-4.84658e-06
-7.27499e-06
7.2671e-06
7.89042e-09
7.32236e-06
2.55837e-08
-4.6378e-06
-9.73381e-07
5.32126e-08
7.30024e-06
7.34568e-06
-7.3628e-06
1.71141e-08
7.33662e-06
-1.35615e-08
-7.31356e-06
-5.73863e-06
-9.67043e-07
7.34941e-06
1.52581e-08
7.81284e-06
-1.60013e-06
-4.43942e-08
7.34204e-06
-7.29765e-06
7.33888e-06
6.80333e-09
-7.28532e-06
1.03299e-08
-7.30659e-06
-5.22218e-08
-1.40366e-08
7.244e-06
-7.22997e-06
9.52127e-09
7.33903e-06
7.37011e-06
-7.31689e-06
-7.34694e-06
-2.7828e-08
5.60064e-06
-7.65414e-09
5.55554e-06
-2.8763e-07
-5.26791e-06
7.45816e-08
5.48096e-06
-7.25433e-06
7.24029e-06
-7.3459e-06
-1.5894e-08
4.66322e-06
9.65524e-07
-2.78957e-08
5.68221e-06
-5.65432e-06
-4.70624e-06
-3.93781e-06
4.61769e-06
-6.14036e-06
7.58575e-07
5.38179e-06
7.33594e-06
5.58833e-09
-7.34434e-06
7.27968e-08
7.30493e-06
7.32491e-06
-7.32599e-06
1.07746e-09
7.34092e-06
-7.31908e-06
-2.18396e-08
-7.35085e-06
4.8007e-09
-1.06307e-08
-5.54652e-06
5.55715e-06
1.06123e-09
7.34916e-06
-5.09917e-06
1.49232e-06
-7.34119e-06
7.33711e-06
4.08652e-09
-7.26477e-06
7.25611e-06
8.65164e-09
7.09467e-08
6.00675e-06
-5.83216e-06
4.40095e-06
-1.05173e-07
-3.80261e-08
7.34615e-06
-7.30813e-06
-6.55117e-06
3.58202e-06
7.33338e-06
6.49452e-09
-7.34259e-06
7.34102e-06
1.89565e-08
-6.86192e-06
6.91139e-08
6.79281e-06
1.14604e-08
-7.27623e-06
7.3265e-06
-7.31879e-06
-7.7043e-09
-2.31553e-07
7.36997e-06
-7.13842e-06
-1.0967e-08
-1.50569e-06
6.89659e-06
-5.39091e-06
-5.52016e-06
-6.12683e-06
7.33111e-06
-4.05989e-09
6.42557e-08
7.30489e-06
7.1469e-06
7.4002e-06
-7.39451e-06
-5.68688e-09
-5.67404e-10
-5.55481e-06
5.55537e-06
-7.33531e-06
7.33034e-06
4.97319e-09
1.48179e-07
-5.52378e-06
5.3756e-06
7.34502e-06
-7.34194e-06
-3.07663e-09
-5.68739e-06
5.6595e-06
7.32341e-06
-7.31777e-06
-5.63318e-09
2.05337e-08
7.32039e-06
-7.89575e-08
7.36242e-06
-7.34005e-06
7.77889e-08
-5.41494e-06
7.33962e-06
-7.33837e-06
-1.24424e-09
7.33607e-06
4.28689e-09
-7.33898e-06
7.29853e-06
1.55185e-08
-7.31404e-06
1.74751e-09
7.34058e-06
-7.32004e-06
-1.73952e-08
-5.55865e-06
5.57605e-06
3.94089e-06
-5.79957e-06
1.85868e-06
-1.2374e-06
-5.62452e-06
-5.38661e-06
-1.21331e-06
-4.73062e-06
-7.33156e-06
4.21899e-08
7.28937e-06
-5.59262e-06
5.55865e-06
3.39649e-08
-1.70164e-06
-4.50016e-06
-7.32782e-06
6.54212e-06
-7.31265e-06
7.32551e-06
-1.28529e-08
-6.11196e-06
6.07898e-07
5.50406e-06
5.8324e-06
-4.48208e-06
-1.35031e-06
-7.33822e-06
1.46789e-08
7.32354e-06
5.5671e-06
-5.49785e-06
1.53205e-08
7.31118e-06
-7.33903e-06
7.44071e-09
7.33265e-06
7.33166e-06
2.38276e-08
-1.21121e-09
-7.33707e-06
-2.36474e-08
-7.31755e-06
-7.31999e-06
5.56052e-06
-5.49141e-06
-3.11398e-08
1.56693e-06
4.85204e-06
-5.02527e-06
5.02527e-06
6.35729e-08
7.30653e-06
-8.31733e-06
-6.76736e-06
6.76679e-06
7.34157e-06
5.55647e-06
-5.51688e-06
-7.33022e-06
7.30657e-06
-6.1953e-06
6.34348e-06
7.32515e-06
-7.31876e-06
-6.39674e-09
8.84144e-09
7.33285e-06
-7.41854e-06
5.58263e-06
-5.60003e-06
-7.3282e-06
1.22427e-08
2.7591e-06
7.34615e-06
-7.33722e-06
-8.92778e-09
-7.34137e-06
7.3255e-06
-7.31939e-06
-6.10942e-09
-7.32425e-06
-7.31426e-09
7.30881e-06
-7.28642e-06
-5.60342e-06
6.7359e-06
7.31919e-06
-7.31677e-06
-2.41862e-09
-1.29036e-08
7.31143e-06
-5.59262e-06
4.84658e-06
-5.25299e-06
4.06411e-07
-9.0136e-06
9.0136e-06
7.33809e-06
7.33953e-06
-1.85794e-08
1.2253e-08
-7.33757e-06
7.36291e-06
-2.53381e-08
7.32329e-06
-7.31717e-06
-6.119e-09
-6.07736e-06
5.78843e-06
2.25302e-08
7.31951e-06
-7.33814e-06
1.97802e-08
7.31836e-06
-7.31671e-06
7.33252e-06
-7.32269e-06
-5.61932e-06
-7.33206e-06
2.44384e-08
7.30762e-06
-5.6277e-06
-1.57823e-08
5.49295e-06
-5.53498e-06
4.20356e-08
7.31369e-06
-7.31985e-06
6.16417e-09
1.35229e-07
-7.33194e-06
7.3198e-06
1.21352e-08
7.32702e-06
-5.37198e-06
-5.33387e-06
-9.045e-08
7.33665e-06
-7.33665e-06
-3.77203e-08
5.57387e-06
-7.33265e-06
7.32192e-06
-7.31582e-06
-6.10583e-09
7.33564e-06
-4.08107e-08
-7.32635e-06
-5.45331e-06
-6.82146e-07
-5.58951e-06
4.38313e-06
-4.89571e-06
5.12578e-07
-1.09814e-06
-4.73315e-06
5.83128e-06
7.30853e-06
-7.28919e-06
4.73426e-06
-5.5264e-06
-1.57478e-08
-7.32247e-06
7.32585e-06
-7.31978e-06
-6.07528e-09
5.62813e-06
-5.6557e-06
-1.54937e-06
-1.02111e-06
2.57048e-06
-5.83852e-06
5.88723e-06
5.64845e-06
-5.57387e-06
-2.22228e-08
-5.4774e-06
5.49962e-06
-2.54652e-08
-5.436e-06
5.46147e-06
1.83883e-08
-5.69465e-06
5.67627e-06
5.20741e-08
-5.71759e-06
5.66552e-06
2.63234e-08
-5.60354e-06
5.57722e-06
-1.10916e-08
-5.48387e-06
5.49496e-06
-1.30867e-08
-5.47931e-06
5.4924e-06
3.29987e-06
-2.22313e-06
-1.07674e-06
4.8658e-06
3.5591e-08
7.31056e-06
5.36464e-06
-5.39375e-06
2.9113e-08
1.723e-08
-7.32298e-06
7.30575e-06
7.34188e-06
-7.34188e-06
7.24467e-06
-1.86751e-09
-7.2428e-06
-2.4305e-08
-7.30592e-06
7.32139e-06
-7.31502e-06
-6.37126e-09
-4.55023e-06
-5.97514e-06
-1.36823e-07
4.79784e-06
9.31474e-07
7.33599e-06
-7.3262e-06
-9.79251e-09
-5.58434e-06
5.80186e-06
2.42514e-08
7.31632e-06
-4.0242e-06
-2.52697e-06
5.35198e-08
5.25707e-06
-5.31059e-06
-3.75367e-06
-6.34314e-07
-1.25936e-06
-7.80562e-07
2.03992e-06
5.50721e-06
5.50812e-06
5.74928e-06
5.74921e-06
5.7093e-06
5.63681e-06
-2.56225e-08
-5.5229e-06
5.54852e-06
5.5253e-06
-6.65132e-09
-2.17695e-06
7.32374e-06
-7.30651e-06
-1.80688e-07
5.89068e-06
-7.3461e-06
-5.01571e-06
6.19936e-06
7.23483e-06
6.50099e-09
-7.24133e-06
7.35148e-06
-1.4829e-08
-7.33573e-06
2.62563e-08
7.30948e-06
-5.53247e-06
-5.54652e-06
5.54622e-06
-5.57184e-06
-5.04796e-06
6.10014e-06
-1.05218e-06
-1.30807e-08
-7.31898e-06
3.82213e-06
-4.76933e-06
1.20957e-08
-7.33089e-06
-7.32228e-06
-1.94818e-06
-2.85935e-06
-7.30915e-06
-1.38324e-08
5.61194e-06
1.75049e-06
4.26584e-06
7.31431e-06
-7.30868e-06
-5.62949e-09
5.57689e-06
-3.69449e-06
-1.8824e-06
-2.65459e-06
1.39523e-06
-3.0764e-06
6.65842e-06
-2.66832e-06
5.54735e-06
-2.87903e-06
2.19469e-09
7.33224e-06
-7.28215e-06
7.31939e-06
-7.32367e-06
4.27605e-09
-4.14612e-06
1.76908e-06
2.37704e-06
-2.44822e-08
-5.52126e-06
5.54574e-06
7.66735e-06
-3.39592e-06
-4.27143e-06
5.50161e-09
7.23917e-06
-1.59338e-06
-2.55274e-06
-5.34966e-06
5.40318e-06
4.56299e-06
3.02811e-07
-5.32236e-06
-1.12227e-08
-5.52919e-06
5.54041e-06
5.71238e-06
-5.53505e-06
-3.40159e-06
-1.28887e-06
4.69046e-06
-7.30819e-06
7.31032e-06
-2.13357e-09
-5.40389e-06
5.48168e-06
7.31633e-06
-7.32107e-06
-4.89079e-06
-1.34477e-07
-7.37062e-06
7.34273e-06
-3.81651e-06
5.53141e-09
7.31998e-06
6.38582e-06
-3.52928e-06
-2.85654e-06
5.40678e-06
-1.02364e-06
6.03798e-06
-7.80911e-07
5.53724e-06
-5.56173e-06
7.30631e-06
-7.3067e-06
3.94641e-10
5.544e-06
-5.55522e-06
6.72189e-09
-7.30262e-06
7.2959e-06
-3.08095e-06
-7.35562e-07
1.22765e-08
-5.6157e-06
-7.3232e-06
1.03352e-08
4.89079e-06
-5.17664e-06
2.85851e-07
-7.94829e-07
5.98146e-06
-2.95242e-08
-5.42378e-06
5.50329e-06
5.72307e-08
7.31445e-06
-7.30968e-06
-4.76451e-09
8.83828e-09
7.32504e-06
3.7175e-06
-5.53016e-06
5.54243e-06
3.59917e-06
-2.09183e-08
-7.31481e-06
-2.79467e-06
-2.13772e-06
4.93239e-06
-5.28503e-06
-4.88373e-08
4.98361e-06
-4.49354e-06
-4.90068e-07
-9.94218e-07
5.79205e-06
-4.79784e-06
7.31916e-06
-7.31352e-06
-5.64447e-09
9.77332e-09
7.31538e-06
4.95737e-08
5.57798e-06
-5.62756e-06
4.79084e-09
-7.32355e-06
-5.47663e-06
5.49474e-06
7.3165e-06
-7.32465e-06
8.14658e-09
7.35148e-06
-3.08145e-08
-5.12001e-06
-2.24417e-07
5.34442e-06
-7.36568e-06
-2.75835e-09
7.32858e-08
-5.61457e-06
-7.50928e-06
7.31353e-06
-7.3068e-06
-4.69706e-06
1.00389e-08
-1.76628e-08
-7.31119e-06
7.3148e-06
8.48542e-09
-7.62606e-06
1.19591e-09
-7.31836e-06
-3.3272e-07
-4.11575e-06
1.53237e-06
-7.33398e-06
7.33398e-06
-4.62265e-06
5.64076e-06
-1.01811e-06
7.34813e-06
-4.38312e-06
5.46308e-06
-1.07996e-06
-4.72452e-06
5.71893e-06
-9.94402e-07
-5.48957e-06
-8.05026e-08
5.65602e-06
-5.57551e-06
-4.77385e-06
4.63025e-06
-1.21276e-06
7.32449e-06
-7.33413e-06
9.63643e-09
7.32326e-06
-7.33289e-06
9.63432e-09
7.31824e-06
-7.3286e-06
1.0359e-08
-7.97917e-09
-7.32396e-06
-4.39856e-06
5.55332e-06
-1.15476e-06
7.32051e-06
-7.3149e-06
-5.61426e-09
7.31852e-06
1.03538e-06
-5.86426e-06
7.31416e-06
7.76221e-09
-7.31754e-06
1.72682e-09
1.7161e-06
7.3172e-06
-7.3233e-06
6.10388e-09
1.5073e-07
5.49772e-06
-5.64845e-06
-5.37834e-06
-2.55501e-08
5.40389e-06
-7.33297e-06
-7.31703e-06
7.30757e-06
9.45396e-09
5.57639e-06
-5.50311e-06
-7.32244e-06
7.31333e-06
9.1092e-09
-5.41757e-06
5.19645e-06
2.21114e-07
-7.32327e-06
7.31441e-06
8.85871e-09
7.33486e-06
-7.3259e-06
-8.96014e-09
-5.48717e-06
5.53675e-06
-5.92113e-06
-3.19058e-06
-6.00993e-06
-1.2457e-06
6.04002e-06
-4.79432e-06
7.30766e-06
-2.02942e-08
-7.29748e-06
-5.52378e-06
6.00306e-09
-7.32595e-06
7.31995e-06
-5.85757e-06
5.56994e-06
1.16088e-08
7.32801e-06
7.3124e-06
8.99092e-09
-7.31692e-06
1.90439e-09
-5.7692e-07
-2.07767e-06
-5.59403e-06
5.51353e-06
-5.82153e-06
1.01114e-06
4.81038e-06
-1.95743e-06
-2.15833e-06
-5.55481e-06
5.80392e-06
8.97466e-07
1.85141e-09
7.31001e-06
-7.31186e-06
5.50929e-06
-5.53882e-06
-7.32954e-06
7.36415e-06
-7.34368e-06
-1.83438e-06
-1.54466e-06
3.37904e-06
-5.21667e-06
-1.98271e-07
-7.3687e-06
1.17328e-08
-1.89971e-07
-5.53065e-06
5.52126e-06
9.38437e-09
6.06308e-06
-5.82121e-07
7.32124e-06
-7.31458e-06
-6.6561e-09
7.31158e-06
2.72682e-09
-7.31593e-06
7.24726e-09
7.3171e-06
-7.31952e-06
2.42422e-09
-6.47716e-09
3.36309e-09
-7.34704e-06
-5.40318e-06
-1.1698e-07
2.09037e-07
-6.06563e-06
-3.83411e-08
7.34465e-06
-7.42012e-06
-2.19476e-09
-7.30043e-06
-5.98743e-06
5.80675e-06
7.52483e-10
5.36388e-06
-5.5336e-06
5.52919e-06
4.40974e-09
-4.76791e-06
-9.88652e-07
5.59694e-06
5.25361e-06
-5.47803e-06
7.31481e-06
-7.31344e-06
-5.66448e-06
5.53992e-06
-4.91867e-06
-2.59061e-06
7.31242e-06
-4.69248e-09
-7.31469e-06
6.69885e-06
-5.57766e-06
7.40745e-07
4.83691e-06
1.15063e-06
-5.59763e-06
8.76583e-07
7.24382e-08
9.52205e-07
-5.80928e-06
4.85707e-06
1.10819e-06
-6.82866e-06
5.72046e-06
7.31284e-06
6.32322e-09
-7.04492e-09
-7.31443e-06
9.0942e-07
-5.73553e-06
4.82611e-06
-7.31563e-06
2.11185e-09
7.81967e-08
5.45644e-06
-6.22146e-06
-6.14671e-06
8.61677e-07
-5.05407e-06
5.5229e-06
-5.54114e-06
1.82427e-08
-2.34673e-08
-7.31095e-06
2.5554e-08
7.29818e-06
-4.27046e-06
-4.07685e-06
5.55578e-06
-5.55578e-06
-5.37834e-06
-5.24222e-06
-5.58434e-06
-7.27651e-06
-1.6623e-08
7.29314e-06
-5.08933e-06
-5.00183e-07
1.03272e-06
4.81866e-06
-5.85138e-06
1.09275e-06
4.57984e-06
-5.67259e-06
1.00341e-06
-5.95764e-06
4.95423e-06
5.35596e-06
5.80709e-06
-4.77171e-06
5.78843e-06
6.07798e-06
-5.35239e-06
5.38477e-06
-5.57475e-06
7.32019e-06
-7.3145e-06
-5.69225e-09
-7.08422e-06
-5.53841e-06
7.31175e-06
8.759e-09
-7.31577e-06
8.73274e-10
7.31169e-06
-3.23833e-07
7.31329e-06
-7.32079e-06
7.50089e-09
7.32579e-06
-7.2956e-06
1.21258e-07
-4.5392e-06
4.41794e-06
5.70891e-09
5.62242e-06
5.38039e-08
6.02417e-06
6.21381e-06
-5.28399e-06
-4.43098e-06
-1.14668e-06
3.70117e-07
5.03666e-06
-5.66635e-06
-7.31835e-06
7.31933e-06
-9.86466e-10
5.68739e-06
-5.80675e-06
1.19354e-07
-5.79618e-06
1.02827e-06
-7.92692e-06
1.10228e-06
6.82464e-06
7.32205e-06
3.50684e-06
4.88564e-06
7.32692e-06
-7.32692e-06
-2.55217e-06
9.25872e-09
5.49772e-06
-5.60292e-06
2.47884e-08
5.57814e-06
-7.31485e-06
-7.32504e-06
7.31172e-06
9.5197e-09
-7.31477e-06
1.81451e-10
7.30493e-06
-1.58988e-10
-7.31962e-06
-5.71664e-06
5.21606e-08
5.69809e-06
-4.78867e-06
-4.36982e-06
5.36334e-06
-7.33496e-06
5.93849e-06
-4.78786e-06
5.72228e-06
-4.77007e-06
5.88252e-06
-4.77433e-06
-7.69584e-09
7.3162e-06
-7.34546e-06
5.58906e-06
-5.51086e-06
-5.38132e-06
5.38207e-06
-7.29954e-06
-3.40595e-09
7.30295e-06
1.20727e-06
5.55953e-06
-1.48729e-08
-7.31111e-06
9.6841e-08
5.45963e-06
-3.51958e-06
2.69428e-06
8.25298e-07
-5.53065e-06
5.75255e-06
-4.71984e-06
5.79251e-06
-4.69976e-06
5.79968e-06
-4.79627e-06
5.54853e-06
6.75238e-08
-6.21423e-06
7.41347e-06
-7.10807e-06
-8.18846e-07
5.56157e-06
-5.56157e-06
4.91039e-06
-7.43686e-07
-3.4075e-06
2.67194e-06
4.82545e-06
9.66601e-07
7.31306e-06
7.12565e-09
7.38454e-06
-7.33436e-06
-5.01758e-08
-7.31527e-06
7.7007e-10
-7.3202e-06
7.3108e-06
-7.31676e-06
5.95982e-09
-5.54702e-06
6.96218e-08
-5.53616e-06
1.00156e-07
-5.547e-06
-1.47654e-07
-5.50071e-06
-2.16878e-07
-5.7118e-06
1.08263e-07
-5.62934e-06
1.45471e-07
-5.61773e-06
1.38421e-07
-1.00707e-08
7.30842e-06
-7.29835e-06
-7.32049e-06
1.16333e-08
-1.58665e-08
7.36735e-06
7.3114e-06
-7.32023e-06
8.82119e-09
-6.66286e-06
1.27625e-06
-1.31394e-09
4.67702e-06
1.90389e-07
-5.89311e-06
5.70272e-06
-6.38081e-06
4.05675e-07
7.32418e-06
-7.31813e-06
-4.94487e-06
5.24768e-06
5.36887e-09
-7.32372e-06
7.30294e-06
1.05846e-08
5.54463e-06
-5.54463e-06
-5.34966e-06
3.43988e-06
4.96265e-06
1.28788e-09
-7.30799e-06
-5.5336e-06
-3.24448e-08
-3.55868e-06
1.32163e-05
-9.6576e-06
-4.32325e-06
-5.38356e-06
9.70681e-06
-7.30725e-06
7.30723e-06
2.38919e-11
5.56249e-06
-5.55678e-06
5.39412e-06
-5.34032e-06
-5.54041e-06
5.54087e-06
-4.61498e-10
5.09577e-06
-4.97452e-06
1.88575e-06
-1.80367e-06
-8.20819e-08
-5.98886e-06
4.71984e-07
-1.02368e-06
5.46839e-06
-4.84782e-07
1.3953e-09
-6.38221e-06
7.30647e-06
2.08636e-09
-7.31177e-06
5.66321e-06
5.71553e-06
5.53897e-06
-3.93699e-06
3.45138e-06
-5.041e-06
7.3177e-06
-7.31488e-06
-1.02448e-06
-4.7717e-06
-1.80945e-08
-7.52194e-06
8.62422e-06
4.64989e-06
1.01459e-06
-5.66448e-06
-9.47982e-06
7.32407e-06
5.53641e-06
-5.39052e-06
-7.30269e-06
-7.30854e-06
7.3181e-06
-9.55769e-09
5.80186e-06
5.15823e-06
-5.2634e-06
-4.75156e-06
5.58104e-06
-8.2948e-07
-3.36453e-08
7.26847e-06
7.31039e-06
-7.31622e-06
5.83057e-09
-1.45627e-08
-5.9801e-06
6.08125e-07
-5.49984e-06
-3.51484e-08
-3.57136e-09
-2.98464e-09
-2.74024e-09
-2.763e-09
-3.52741e-09
-4.05054e-09
-2.92715e-09
-3.01517e-09
-3.54626e-09
5.8087e-09
7.3423e-06
4.22384e-08
-5.65971e-06
7.02068e-08
-5.54114e-06
5.47803e-06
-5.62271e-06
-7.3162e-06
7.31455e-06
-1.79118e-08
7.31364e-06
5.07938e-06
9.60638e-07
-1.29942e-07
5.73337e-06
-4.31509e-06
-5.6595e-06
6.68809e-08
1.15315e-06
-6.9227e-06
8.07924e-07
-4.82284e-06
4.01492e-06
8.49244e-07
-5.65484e-06
4.8056e-06
8.1215e-07
-5.47446e-06
4.66231e-06
1.37823e-06
-6.59133e-06
6.78296e-07
-5.17916e-06
4.50086e-06
2.09743e-06
-5.88842e-06
3.77957e-08
-5.63132e-06
1.00867e-06
-1.68228e-09
7.32617e-06
-5.4212e-06
1.03808e-06
-2.21721e-09
7.32548e-06
-7.31687e-06
-5.71693e-06
9.92407e-07
-7.31807e-06
2.34054e-09
7.3159e-06
-7.31397e-06
1.00651e-06
-5.73966e-06
-5.50092e-06
-5.49465e-06
-5.49592e-06
-5.47669e-06
-5.60468e-06
-5.60017e-06
-5.55087e-06
6.31524e-06
-4.45657e-06
7.31893e-06
-7.31482e-06
5.53582e-06
1.43422e-06
-5.98036e-06
5.4008e-06
-5.40211e-06
-7.30235e-06
-1.17985e-06
5.50446e-06
-1.16312e-06
6.1058e-06
-6.34681e-08
-7.24202e-08
-8.71596e-08
-9.52712e-08
1.78998e-07
-5.89567e-06
1.60828e-07
-5.89889e-06
2.29937e-07
-5.99754e-06
-7.298e-06
-7.29701e-06
1.32109e-10
7.30744e-06
7.35363e-09
7.30597e-06
-4.81677e-06
-5.57334e-06
2.9299e-08
-5.63688e-06
8.87725e-08
-5.66205e-06
8.85486e-08
-5.65401e-06
9.8026e-08
-5.68712e-06
7.26828e-08
-5.66803e-06
8.82591e-08
-5.68638e-06
5.88698e-08
5.59037e-06
1.47991e-07
-5.73836e-06
7.30758e-06
-7.31351e-06
1.23949e-08
7.30202e-06
-2.01385e-07
7.69252e-10
-5.65647e-06
-5.4443e-06
-7.31406e-06
5.51536e-09
7.30919e-06
8.91319e-09
1.51393e-08
5.5507e-06
-5.56584e-06
1.92057e-07
-1.93471e-07
5.38993e-06
6.73529e-06
6.04204e-10
-5.37901e-06
-1.47431e-08
-5.47349e-06
-7.76931e-08
5.55118e-06
6.21428e-06
-1.1414e-07
7.30262e-06
-7.3264e-06
2.37744e-08
1.10519e-06
-4.20367e-06
-1.12006e-06
-5.77604e-06
-5.81887e-06
1.02625e-06
-5.40641e-06
1.00785e-06
3.4587e-06
7.76524e-07
-6.25513e-06
-1.01736e-08
4.7111e-06
1.0473e-06
-5.7584e-06
-5.78859e-06
7.90829e-07
4.99776e-06
4.63393e-06
1.00682e-06
4.78208e-06
1.01761e-06
4.78548e-06
1.00703e-06
4.43105e-06
1.03203e-06
4.7429e-06
1.00965e-06
4.73123e-06
9.87693e-07
4.69863e-06
9.99458e-07
1.01087e-06
-5.79954e-06
-7.3212e-06
-4.74769e-09
-7.32634e-06
-1.12264e-08
-5.53725e-06
8.63352e-07
4.6739e-06
-4.70498e-06
-4.49654e-06
9.20152e-06
7.31575e-06
-6.56743e-09
-7.33526e-09
-7.30943e-06
7.31546e-06
-7.36135e-06
9.41916e-08
7.26716e-06
-4.59239e-06
-6.67995e-07
7.319e-06
-7.31176e-06
5.29474e-07
-8.05141e-06
4.57571e-06
9.77611e-07
5.49248e-06
5.19815e-06
8.26017e-07
5.71904e-06
-8.93587e-07
1.67152e-07
-5.23813e-06
5.07098e-06
-5.60033e-06
8.71826e-07
-5.71643e-06
4.84461e-06
-7.58949e-08
5.5652e-06
-1.03739e-07
5.52604e-06
1.50223e-07
5.53025e-06
1.35269e-07
5.45694e-06
1.2027e-07
5.62201e-06
-1.27048e-07
5.61318e-06
-1.20784e-07
5.56988e-06
1.91785e-08
5.40829e-06
-6.90503e-09
-5.54156e-06
4.17259e-08
6.55332e-08
7.32846e-06
-7.3251e-06
-5.53626e-06
4.90877e-08
3.38935e-08
4.69105e-06
-5.65468e-06
9.63631e-07
-4.85021e-06
5.36279e-06
-1.1117e-08
-6.47824e-06
8.75317e-07
5.17555e-06
7.57243e-07
7.30856e-06
-7.31456e-06
6.00308e-09
-7.31295e-06
7.31295e-06
5.7391e-06
-1.08921e-06
-5.5945e-06
9.35877e-08
-5.61482e-06
1.20166e-07
-5.61879e-06
1.22873e-07
-5.55497e-06
7.8281e-08
-5.69469e-06
9.00179e-08
-5.70144e-06
1.01264e-07
-5.62875e-06
7.78756e-08
-5.55628e-06
5.31719e-08
-1.27692e-08
-7.33427e-06
2.65952e-08
7.30712e-06
8.63438e-09
-7.35023e-06
5.44186e-06
-5.3353e-06
4.12254e-06
-1.0183e-06
5.4894e-06
4.73466e-08
-5.01187e-06
4.80475e-06
-5.43906e-06
7.31884e-06
5.0923e-06
-4.1528e-07
3.70421e-06
-4.95981e-06
-5.30563e-06
8.4267e-06
-7.89722e-06
4.78285e-06
-5.75852e-06
9.75673e-07
-5.7278e-06
1.00797e-06
7.28631e-06
-7.31996e-06
-5.70794e-06
1.00818e-06
-5.81905e-06
1.02277e-06
4.76073e-06
9.58312e-07
4.88413e-06
9.98394e-07
4.72347e-06
9.98809e-07
4.92158e-06
1.01691e-06
4.76234e-06
1.06895e-06
-8.10925e-06
7.32053e-06
-7.3118e-06
-7.15366e-07
5.55544e-06
7.31301e-06
-7.31455e-06
-2.38059e-06
4.68828e-09
-1.34999e-06
8.17463e-06
7.30361e-06
-7.31209e-06
8.47497e-09
-3.99271e-06
2.30628e-06
-5.19007e-06
-3.62233e-06
-1.31747e-07
7.41564e-06
1.03184e-06
-5.80355e-06
1.99316e-06
2.93924e-06
5.71801e-06
-5.43768e-06
-7.30437e-06
7.29429e-06
7.31291e-06
-7.31404e-06
-3.29693e-08
-7.32774e-06
7.32126e-06
-5.63117e-06
7.30809e-06
-4.48331e-09
-8.94613e-07
-2.87076e-06
-4.05194e-06
5.34616e-06
-5.61397e-06
-4.96528e-09
-5.20809e-06
7.31326e-06
-7.29467e-06
-5.53016e-06
4.36177e-06
3.97459e-06
-5.38477e-06
5.1913e-06
5.54304e-06
-5.54243e-06
5.2006e-06
-5.1913e-06
-9.29755e-09
-5.39606e-06
5.38132e-06
5.30438e-06
-5.38207e-06
5.55601e-06
-5.54087e-06
-5.14826e-06
5.34032e-06
-5.55601e-06
5.55678e-06
-5.3681e-06
4.97452e-06
3.93583e-07
-5.47298e-06
-7.41255e-07
7.30672e-06
-7.31249e-06
5.77029e-09
4.77831e-06
1.02879e-06
1.4031e-08
-6.79141e-07
3.05332e-06
7.32008e-06
-7.31158e-06
-8.49931e-09
1.04842e-08
-7.33683e-06
-7.24024e-10
7.32418e-06
-7.32346e-06
7.30746e-06
-5.4134e-06
-6.3486e-06
6.35e-06
-7.32306e-06
1.64773e-08
-5.83154e-06
1.3187e-06
5.6499e-06
-5.74035e-06
7.31247e-06
7.43504e-06
-7.27505e-06
-1.59985e-07
7.31127e-06
-7.3099e-06
-6.02836e-06
-4.49885e-07
-7.33429e-06
-5.30578e-06
-5.34313e-06
3.74945e-08
-8.43676e-07
5.42444e-06
7.89844e-07
7.2968e-06
-9.84474e-07
7.31187e-06
-1.85395e-09
-7.04718e-06
-9.41051e-09
7.35214e-06
5.4008e-06
5.54852e-06
5.34616e-06
5.55537e-06
5.39412e-06
5.48168e-06
-5.40211e-06
-5.14826e-06
5.57605e-06
5.56249e-06
5.71801e-06
-5.3681e-06
5.54574e-06
5.25361e-06
-5.57475e-06
5.09577e-06
5.11645e-06
5.2006e-06
-5.53882e-06
5.30438e-06
5.54304e-06
4.54364e-06
-4.54364e-06
5.55715e-06
-7.32961e-06
-5.76329e-06
5.78808e-06
-4.77416e-06
5.80601e-06
7.30372e-06
-7.31238e-06
8.66708e-09
-2.32515e-07
-7.25432e-09
-5.64421e-06
1.30368e-08
-5.67121e-07
5.53233e-06
6.8136e-09
-7.25868e-06
7.25187e-06
6.71003e-09
1.57886e-08
-7.2326e-06
3.19318e-09
7.22941e-06
3.26728e-07
-7.53832e-06
7.21159e-06
7.29865e-06
9.74506e-09
-7.3084e-06
7.29802e-06
1.00734e-08
-5.2334e-06
4.77794e-06
9.61157e-07
-7.26897e-06
-4.19504e-08
7.31092e-06
7.35447e-06
1.54031e-08
7.25568e-06
1.79356e-07
7.30874e-06
-7.3058e-06
-7.31301e-06
7.30218e-06
7.28648e-09
3.48587e-07
-6.69719e-06
-8.34847e-09
5.7729e-06
-4.7256e-06
5.61275e-06
-5.53757e-06
-7.51872e-08
6.65561e-06
-4.47738e-06
-2.17823e-06
6.31218e-06
-5.52135e-06
5.79106e-06
-4.78424e-06
5.79062e-06
-4.78194e-06
5.7972e-06
-4.7796e-06
5.79558e-06
-4.78855e-06
5.6892e-06
-4.65717e-06
5.69611e-06
-4.65803e-06
-5.90486e-07
-7.46092e-06
5.77061e-06
-4.76096e-06
5.76727e-06
-4.77958e-06
5.77585e-06
-4.78345e-06
5.78147e-06
-4.78201e-06
5.78712e-06
-4.77625e-06
-3.24001e-09
4.6812e-09
-7.26257e-06
7.25789e-06
-1.73378e-08
7.63003e-06
-1.43037e-07
-7.48699e-06
5.72256e-06
-4.65361e-06
5.79937e-06
-4.77659e-06
7.32955e-06
6.65547e-06
-4.65205e-06
-2.00343e-06
5.79751e-06
-4.78933e-06
5.76959e-06
-4.76163e-06
5.63053e-06
-4.76718e-06
5.79644e-06
-4.7853e-06
5.65737e-06
5.75072e-06
-4.79241e-06
7.30861e-06
-9.95805e-09
-5.921e-06
5.06061e-06
8.6039e-07
-6.6758e-06
4.78753e-06
7.23021e-09
7.30332e-06
-7.30918e-06
5.86142e-09
8.4267e-06
-1.00175e-07
7.44248e-06
5.77022e-06
-4.79261e-06
-7.22504e-06
7.26356e-06
-1.36792e-08
-3.81011e-08
-7.32563e-06
5.32001e-10
-6.20141e-09
-7.40139e-06
7.72812e-06
-5.26954e-06
-5.43768e-06
-5.50477e-06
5.43257e-06
5.51133e-06
-6.80384e-06
7.75486e-07
5.79513e-06
-4.78727e-06
1.78758e-08
-9.89156e-07
-7.29102e-06
-4.67284e-09
7.2957e-06
4.16853e-07
-5.61397e-06
-5.55332e-06
5.58152e-06
-2.81966e-08
6.46328e-06
-5.48663e-06
-1.29074e-07
-7.69856e-06
5.87339e-06
-6.66694e-07
5.65568e-06
7.30749e-06
-7.30297e-06
7.31156e-06
7.30724e-06
-7.30535e-06
-5.49919e-06
5.48859e-06
1.0595e-08
-5.21394e-06
-2.82723e-08
5.92783e-06
-4.9642e-06
5.66794e-06
1.21447e-08
-4.77476e-06
5.9393e-06
-4.93279e-06
-5.14344e-06
5.80962e-06
-4.79271e-06
5.80146e-06
-4.80265e-06
5.76786e-06
-4.76946e-06
5.80733e-06
-4.87586e-06
-5.55385e-06
5.63787e-06
-8.40206e-08
5.11381e-08
-1.59279e-09
5.33823e-06
-1.04644e-07
5.85679e-06
-4.88112e-06
5.76489e-06
-4.79829e-06
-7.30073e-06
7.31047e-06
-7.34468e-06
7.35325e-06
1.21579e-08
9.75685e-06
-8.63305e-06
5.40793e-06
-5.19889e-06
6.02816e-06
-6.10406e-06
5.43581e-06
-5.36619e-06
5.52265e-06
-5.42906e-06
5.96999e-06
-6.07372e-06
5.22877e-06
-5.12861e-06
5.4864e-06
-5.36623e-06
5.78488e-06
-5.63466e-06
6.61519e-06
-6.76284e-06
5.5077e-06
-5.38483e-06
5.79749e-06
-5.66222e-06
6.56819e-06
-6.78507e-06
5.23342e-06
-5.15514e-06
5.32633e-06
-5.20606e-06
5.63788e-06
-5.52962e-06
5.9215e-06
-5.83149e-06
6.37069e-06
-6.49774e-06
5.44535e-06
-5.29987e-06
5.90289e-06
-5.80162e-06
6.3411e-06
-6.46189e-06
5.42877e-06
-5.29035e-06
5.82074e-06
-5.74286e-06
5.9059e-06
-5.88672e-06
5.71655e-06
-5.65102e-06
5.77881e-06
-5.72563e-06
5.8422e-06
-5.8491e-06
5.6488e-06
-5.6318e-06
5.54401e-06
-5.50198e-06
5.53609e-06
-5.49436e-06
-1.03787e-08
5.53272e-06
-5.48537e-06
-7.30393e-06
-6.11874e-10
5.53053e-06
-5.48145e-06
7.30923e-06
-7.3018e-06
5.52865e-06
-5.47142e-06
5.51686e-06
-5.48296e-06
7.63003e-06
8.85763e-09
5.51837e-06
-5.48876e-06
-7.2967e-06
-2.96973e-08
-7.30461e-06
7.30461e-06
-7.33984e-06
4.31454e-08
-5.54625e-06
5.52845e-06
-5.47886e-06
7.30852e-06
-6.45525e-06
-2.82635e-07
7.794e-09
7.30334e-06
-7.30205e-06
-7.54443e-06
7.40959e-06
-7.36735e-06
-7.23812e-06
-1.01723e-07
5.90011e-06
5.5212e-06
-5.4946e-06
2.02807e-08
-4.10963e-08
-3.49093e-08
5.82892e-06
-4.86829e-06
3.49045e-08
-7.30055e-06
7.30903e-06
5.94896e-06
-4.9482e-06
5.49933e-06
-5.5109e-06
7.32451e-06
-7.32759e-06
-7.39332e-06
-2.0865e-06
-7.30218e-06
7.30181e-06
-7.89722e-06
7.33188e-06
5.27449e-06
9.39318e-07
-7.45718e-06
7.51905e-06
2.17306e-06
3.5783e-06
8.63305e-06
-7.95178e-06
7.40959e-06
6.38556e-09
4.38173e-09
-7.33197e-06
1.74566e-08
7.31459e-06
7.29725e-06
1.11638e-08
-7.51905e-06
7.71383e-06
-5.47292e-09
7.29873e-06
9.88625e-09
5.53155e-06
-5.49955e-06
-4.86971e-07
-7.45718e-06
3.37665e-09
-7.24798e-06
7.2446e-06
7.42997e-06
-7.35113e-06
-7.37523e-06
-7.42997e-06
5.81638e-06
-4.78458e-06
7.33597e-06
-2.69963e-08
-1.21128e-08
7.34808e-06
-7.34139e-06
9.59772e-07
-7.32257e-06
7.3214e-06
7.71383e-06
7.95178e-06
7.32257e-06
-7.33335e-06
-7.36507e-06
-2.3852e-08
4.12303e-08
-7.3102e-06
-7.34872e-06
7.32308e-06
7.3214e-06
-7.32298e-06
-7.35882e-06
7.35113e-06
-7.30089e-06
7.30981e-06
7.30124e-06
7.35882e-06
7.3338e-06
-7.33335e-06
-7.35721e-06
-4.27437e-08
7.38227e-06
-7.30591e-06
7.30981e-06
6.54644e-09
-7.31636e-06
9.05208e-09
7.32475e-06
7.34308e-06
-1.50678e-08
-7.38227e-06
7.35721e-06
7.30808e-06
1.73344e-09
7.32944e-06
7.31488e-06
-7.30591e-06
-7.34865e-06
1.19094e-08
-7.31026e-06
9.10491e-09
-7.30983e-06
-7.37666e-06
7.31889e-06
-9.41485e-09
7.26461e-06
-7.2552e-06
7.31344e-06
1.4358e-09
7.30574e-06
8.93625e-09
-7.30949e-06
7.30967e-06
-3.93376e-09
8.33997e-09
-5.06272e-09
7.31194e-06
-7.30688e-06
7.30974e-06
-6.35879e-11
-7.30814e-06
7.29859e-06
7.30143e-06
-7.30536e-06
1.01412e-08
-6.86222e-10
7.25383e-06
-7.25315e-06
7.3129e-06
-7.32033e-06
-3.06721e-09
7.3128e-06
-7.30984e-06
7.30659e-06
-1.07308e-08
7.30619e-06
-7.29546e-06
-7.31724e-06
-7.29988e-06
7.30514e-06
-5.265e-09
7.31388e-06
1.15189e-08
6.3767e-09
7.31742e-06
-3.54061e-09
7.30457e-06
-7.32552e-06
7.32592e-06
-7.29932e-06
7.30512e-06
7.30305e-06
-7.3095e-06
9.6232e-09
7.30182e-06
-7.30136e-06
7.30182e-06
-7.29737e-06
7.31486e-06
9.68278e-09
7.29537e-06
-7.30106e-06
-5.46134e-09
7.31003e-06
-7.3094e-06
7.31396e-06
-3.94486e-09
7.29714e-06
-7.30068e-06
7.30646e-06
-7.30133e-06
7.30133e-06
-7.30152e-06
4.65082e-09
7.29657e-06
-7.30322e-06
8.96133e-09
-2.86828e-09
7.31084e-06
-4.38446e-09
7.2993e-06
-7.30231e-06
9.44239e-09
7.29852e-06
-7.30413e-06
7.30445e-06
-3.92486e-09
7.30025e-06
-7.30318e-06
7.30958e-06
-4.1156e-09
1.60158e-08
7.29908e-06
-7.30473e-06
7.30891e-06
-4.45936e-09
7.30099e-06
-7.30504e-06
7.31394e-06
-3.92842e-09
-3.79609e-09
7.30592e-06
7.30086e-06
-7.30649e-06
-7.30948e-06
7.3057e-06
7.30312e-06
-7.30665e-06
-3.87516e-09
-4.09866e-09
6.33022e-09
7.3022e-06
-7.30853e-06
2.00461e-08
7.30498e-06
-7.31135e-06
7.31017e-06
-4.2439e-09
7.30405e-06
-7.30771e-06
7.30494e-06
1.5523e-08
-7.3093e-06
7.3032e-06
-3.73329e-09
-4.18433e-09
-7.3085e-06
7.30576e-06
-7.29442e-06
7.29442e-06
-7.29655e-06
-4.73475e-11
7.30984e-06
-7.30979e-06
-4.45321e-09
2.06432e-08
-3.36988e-09
-1.66851e-09
7.30146e-06
1.84948e-12
-3.54297e-09
-4.51094e-09
-6.40592e-09
-1.85842e-08
7.30889e-06
-7.29031e-06
-7.34647e-06
-7.28603e-06
7.28603e-06
-7.28944e-06
-7.30601e-06
7.30415e-06
1.8597e-09
2.24685e-08
-9.8079e-10
-7.31486e-06
8.85087e-09
7.27762e-06
-7.28229e-06
7.27762e-06
1.38405e-08
-7.31176e-06
4.14378e-09
1.15074e-08
7.29372e-06
-7.28893e-06
-4.78734e-09
7.29372e-06
-7.29276e-06
7.29574e-06
-2.98356e-09
7.29276e-06
9.59853e-10
-7.28893e-06
-7.29064e-06
1.71299e-09
7.31517e-06
-7.30238e-06
7.31517e-06
-9.6576e-06
7.32227e-06
-7.30279e-06
-7.3022e-06
7.3022e-06
7.37523e-06
-7.30436e-06
7.32227e-06
7.37523e-06
-7.30109e-06
7.30109e-06
7.30156e-06
-7.30156e-06
7.30436e-06
-7.41742e-06
-7.30424e-06
7.30206e-06
-7.30206e-06
-7.30121e-06
7.30121e-06
-7.28229e-06
7.2365e-06
-7.2365e-06
7.29574e-06
7.2931e-06
-7.2931e-06
7.30181e-06
7.30258e-06
-7.30258e-06
-7.36385e-06
-7.30147e-06
7.30147e-06
-7.34865e-06
-7.30152e-06
-7.28944e-06
-7.29655e-06
7.28533e-06
-7.28533e-06
7.31305e-06
-7.31305e-06
-7.3015e-06
7.3015e-06
-7.30119e-06
7.30119e-06
-7.48699e-06
-7.34546e-06
-7.30139e-06
7.30139e-06
-7.29064e-06
-7.30279e-06
7.30238e-06
-7.31453e-06
-7.30136e-06
7.30109e-06
-7.30109e-06
-7.30049e-06
7.30049e-06
7.32193e-06
-7.31002e-06
-7.32193e-06
7.31002e-06
-7.31453e-06
-7.71936e-09
1.26371e-08
-7.30824e-06
-7.303e-06
7.31264e-06
-6.65471e-09
7.32622e-06
-7.34295e-09
-7.31888e-06
-7.30264e-06
7.31414e-06
7.3185e-06
7.33114e-06
-7.31218e-06
9.17526e-09
7.32478e-06
1.00022e-08
-7.29364e-06
7.304e-06
7.33094e-06
2.05051e-08
7.32429e-06
5.79558e-09
-5.60268e-09
-7.28372e-06
7.28786e-06
7.33008e-06
7.32413e-06
-7.28166e-06
7.29051e-06
2.02773e-08
7.32911e-06
7.3235e-06
-6.20467e-09
7.2615e-06
-7.2553e-06
7.32186e-06
1.6385e-09
1.12214e-08
-7.32936e-06
7.31607e-06
-7.28913e-06
7.30297e-06
-9.9945e-10
1.3808e-09
7.32729e-06
-7.28176e-06
7.30423e-06
7.32629e-06
-7.29852e-06
7.30454e-06
2.12122e-08
9.30227e-09
7.33057e-06
-5.70519e-09
7.27281e-06
-7.2671e-06
7.33707e-06
7.34637e-06
-7.30519e-06
7.30164e-06
7.31892e-06
-2.11428e-08
7.32401e-06
-7.30446e-06
7.30348e-06
7.32706e-06
7.80488e-11
2.88333e-09
-7.28422e-06
7.30486e-06
7.30592e-06
-7.29871e-06
7.3056e-06
1.9257e-08
7.30881e-06
-6.15246e-09
7.28274e-06
-7.27659e-06
-7.30613e-06
7.29973e-06
7.31782e-06
-9.00975e-09
-1.89767e-08
7.32166e-06
7.16559e-09
7.32392e-06
7.31637e-06
-7.30413e-06
7.30413e-06
7.32353e-06
1.46981e-09
7.30456e-06
-7.28597e-06
7.30602e-06
-7.30617e-06
7.3028e-06
7.30698e-06
-7.29739e-06
7.30868e-06
1.81609e-08
7.20588e-09
-8.63303e-09
7.29507e-06
-7.28644e-06
7.31421e-06
-7.23205e-09
7.32142e-06
-1.38053e-08
7.31475e-06
-7.30708e-06
7.30334e-06
-7.03602e-09
-7.29822e-06
7.31375e-06
7.32225e-06
1.04572e-08
6.49834e-09
7.30845e-06
-7.30654e-06
7.3175e-06
9.2983e-09
8.53713e-09
-7.30602e-06
7.31494e-06
-7.20607e-09
7.30526e-06
-7.29806e-06
7.30204e-06
-7.30807e-06
7.30419e-06
-7.30288e-06
-7.31212e-06
7.29634e-06
7.308e-06
3.01433e-09
5.37872e-09
7.29807e-06
9.92942e-09
-7.28789e-06
7.30391e-06
-7.29441e-06
7.30386e-06
7.30109e-06
-8.44725e-09
7.30862e-06
-7.30017e-06
7.30962e-06
-7.29586e-06
7.3053e-06
-7.30875e-06
7.30482e-06
9.50003e-09
5.46116e-09
7.31545e-06
7.30982e-06
8.00252e-09
7.31528e-06
-7.29625e-06
7.30536e-06
7.30825e-06
-7.20251e-09
7.31312e-06
-7.30512e-06
7.31425e-06
-7.30919e-06
7.30526e-06
9.05298e-09
-7.29843e-06
7.30739e-06
5.77552e-09
7.30814e-06
-7.30039e-06
7.30925e-06
-6.83631e-09
6.92562e-09
7.31094e-06
-7.30401e-06
7.31391e-06
7.30671e-06
7.00187e-09
-7.29848e-06
7.30313e-06
-7.30841e-06
5.43428e-09
7.31248e-06
-7.31128e-06
-7.29568e-06
7.3053e-06
7.30641e-06
1.077e-08
7.31184e-06
7.305e-06
-7.32119e-06
7.32497e-06
-3.77843e-09
1.94581e-09
7.30139e-06
7.45179e-09
7.30828e-06
-7.30083e-06
7.31087e-06
-7.27294e-06
7.29383e-06
-2.08877e-08
7.3061e-06
-7.2955e-06
7.30518e-06
-2.96393e-09
9.8043e-09
7.29865e-06
-7.3078e-06
9.15219e-09
7.30805e-06
-7.29675e-06
7.30827e-06
-7.30344e-06
7.29064e-06
1.27987e-08
7.30508e-06
-7.30154e-06
7.31036e-06
-7.34786e-06
7.34717e-06
8.42529e-09
-1.0021e-08
-7.26292e-06
7.30963e-06
-4.54246e-09
-6.73122e-09
-7.29862e-06
7.00813e-09
7.2983e-06
-7.30531e-06
7.30721e-06
-2.25426e-08
7.30731e-06
-1.00609e-08
7.31665e-06
-9.44653e-09
1.68193e-09
-7.30512e-06
7.30282e-06
-1.07705e-08
7.31652e-06
-7.29759e-06
-1.05577e-08
-7.30186e-06
7.30824e-06
-7.32388e-06
7.29731e-06
2.65716e-08
7.30983e-06
-7.31271e-06
7.29514e-06
1.75716e-08
-1.01477e-08
7.30079e-06
-7.30485e-06
7.2974e-06
7.45092e-09
-7.30198e-06
7.31212e-06
7.29906e-06
-6.32587e-09
7.30491e-06
-1.28032e-08
7.3087e-06
-6.26463e-09
7.30074e-06
-7.30316e-06
7.31182e-06
-6.81555e-09
7.3013e-06
-5.60287e-10
7.29115e-06
7.28896e-06
7.27523e-06
1.37258e-08
-7.30596e-06
7.3143e-06
7.26243e-06
-7.30537e-06
7.31432e-06
-8.95342e-09
-7.30463e-06
7.30642e-06
-1.79257e-09
-5.8677e-09
-7.32777e-06
7.31553e-06
1.22396e-08
7.28417e-06
-2.1736e-08
2.96735e-08
7.2148e-06
-7.24447e-06
-7.30807e-06
7.317e-06
-7.30066e-06
7.28994e-06
1.07141e-08
-7.3125e-06
9.62036e-09
7.30747e-06
-7.33186e-06
2.43886e-08
7.27361e-06
-1.0675e-08
-7.29388e-06
7.30455e-06
7.379e-06
6.25328e-09
-3.72355e-09
-7.29613e-06
7.29985e-06
7.30328e-06
-7.30129e-06
7.29664e-06
4.65466e-09
7.29696e-06
-7.31829e-06
7.30888e-06
-7.30808e-06
7.31735e-06
-9.2682e-09
7.30079e-06
-3.83727e-09
-8.21541e-09
-7.28974e-06
7.29795e-06
7.29805e-06
2.74725e-09
-7.31099e-06
7.3201e-06
-7.31065e-06
7.32076e-06
-1.01025e-08
-7.3021e-06
7.2915e-06
1.06039e-08
7.28983e-06
7.24102e-06
-2.6222e-08
-6.35878e-09
-2.29798e-08
7.28611e-06
7.30074e-06
-7.50414e-09
-7.31322e-06
7.32513e-06
7.23718e-06
7.27353e-06
1.25744e-08
-5.25548e-08
-7.28523e-06
-5.41719e-09
-7.28523e-06
-7.2557e-06
7.2557e-06
-1.92017e-08
7.26465e-06
8.88754e-09
7.53403e-09
2.78995e-08
7.22317e-06
-7.25107e-06
-7.30113e-06
7.29187e-06
9.26539e-09
-7.31219e-06
7.32336e-06
-7.29476e-06
-6.52785e-09
-4.98768e-09
7.30027e-06
-7.29528e-06
5.48948e-06
-7.30124e-06
7.29098e-06
1.02523e-08
-7.30234e-06
7.29238e-06
9.96095e-09
7.28522e-06
-2.0572e-08
7.27454e-06
-7.32755e-06
7.30244e-06
-7.29645e-06
7.29954e-06
-3.08572e-09
1.79007e-09
-6.79791e-09
7.30343e-06
7.29611e-06
6.3283e-09
-7.28624e-06
7.28624e-06
6.41743e-09
-7.30356e-06
7.29714e-06
-7.30286e-06
7.30338e-06
-7.26299e-09
2.69038e-08
7.38933e-06
-7.32649e-06
7.33774e-06
-1.12493e-08
7.29839e-06
-7.29966e-06
7.29125e-06
8.40815e-09
-7.31213e-06
9.26467e-09
7.30481e-06
7.32825e-06
5.50525e-09
7.30251e-06
-7.29534e-06
-7.16658e-09
7.31034e-06
-7.31806e-06
7.72418e-09
-3.05383e-08
1.00979e-09
7.29828e-06
-2.69579e-08
7.26553e-06
-4.23549e-08
-7.32696e-06
7.34345e-06
-1.64886e-08
-7.29222e-06
7.28658e-06
5.63548e-09
7.25826e-06
7.30437e-06
-6.09498e-09
6.56521e-09
-7.30398e-06
7.29741e-06
-4.52922e-08
7.29486e-06
7.6474e-09
-7.29837e-06
7.29208e-06
6.28898e-09
7.29758e-06
7.30085e-06
-7.29506e-06
7.29999e-06
-4.92281e-09
7.30401e-06
-6.87176e-09
-7.2913e-06
7.29978e-06
-8.4799e-09
-4.83872e-08
7.42578e-06
-7.28656e-06
-8.86684e-08
7.30414e-06
7.29694e-06
6.39687e-09
-7.30334e-06
7.29792e-06
-7.29342e-06
7.274e-06
1.94159e-08
8.09251e-09
2.02112e-06
5.40656e-06
-7.42767e-06
-7.28328e-06
-1.01334e-08
-6.05904e-09
7.29697e-06
-6.16085e-06
-7.45012e-09
7.30231e-06
7.3027e-06
-5.76107e-09
-7.29738e-06
7.29761e-06
-2.31899e-10
-4.77988e-06
7.30337e-06
6.43559e-09
7.29627e-06
-7.32926e-06
7.34476e-06
-1.5509e-08
-1.38751e-10
-2.92702e-08
-6.69113e-06
-8.98223e-07
7.29592e-06
-7.33315e-06
7.36141e-06
-2.82596e-08
-7.33246e-06
7.34229e-06
-9.82568e-09
-7.32499e-06
7.30236e-06
7.31192e-06
7.31192e-06
7.33279e-06
-7.33279e-06
-7.31844e-06
-5.92824e-09
7.33271e-06
-7.30058e-06
9.27736e-09
7.29764e-06
-7.27625e-06
-2.13964e-08
1.34102e-08
-7.32697e-06
6.07555e-09
-7.29859e-06
7.29251e-06
7.29413e-06
8.22301e-09
-1.07911e-08
-7.29636e-06
7.30556e-06
-9.19644e-09
-7.29049e-06
7.31227e-06
-2.1777e-08
7.29236e-06
9.95515e-09
-2.67196e-07
7.30063e-06
-6.49275e-09
2.89476e-08
7.30918e-06
-7.30918e-06
7.30501e-06
-7.30056e-06
1.64979e-08
-7.31972e-06
7.34781e-06
-2.80954e-08
-5.80048e-06
-7.29029e-06
7.33674e-06
-4.64475e-08
7.28926e-06
5.05199e-09
-7.29431e-06
7.29215e-06
-7.32519e-06
1.72776e-09
7.28738e-06
1.87842e-09
7.30087e-06
-4.60318e-09
-1.36793e-08
7.28768e-06
7.29822e-06
-7.29438e-06
-4.21261e-09
7.30265e-06
-7.30265e-06
-7.33209e-06
7.37332e-06
7.34242e-06
2.70212e-08
-7.35337e-06
7.28809e-06
5.52259e-06
-5.5179e-06
7.31218e-06
-7.3081e-06
7.35251e-06
7.35643e-06
-7.1952e-09
-7.34923e-06
5.54855e-06
-1.57253e-08
7.30503e-06
-7.31181e-06
6.77711e-09
2.48513e-09
7.2849e-06
5.55685e-06
-2.20633e-06
-2.61045e-06
-7.74032e-08
2.19814e-08
7.29314e-06
-7.34033e-06
7.31069e-06
-7.33518e-06
7.40621e-06
-7.10298e-08
7.30423e-06
9.22889e-07
-7.61402e-06
-1.79832e-09
7.27946e-06
-1.45669e-08
7.24961e-06
-7.23504e-06
-7.29564e-06
-1.94418e-07
-3.34224e-06
3.53666e-06
4.58446e-06
-5.32815e-06
7.28195e-06
7.27007e-06
1.18767e-08
5.58343e-06
7.29834e-06
-7.30109e-06
7.23286e-06
-7.22818e-06
3.7356e-10
-8.32288e-09
-7.26019e-06
7.26851e-06
7.26796e-06
2.11201e-09
1.00118e-06
8.87154e-07
1.11805e-06
1.8348e-06
1.01118e-06
1.00638e-06
1.01526e-06
1.00772e-06
2.01209e-07
9.19127e-07
1.03894e-06
1.11257e-06
-7.33289e-06
1.01977e-06
9.92941e-07
9.96277e-07
9.9802e-07
1.00896e-06
1.00511e-06
-7.30154e-06
-2.54285e-08
1.00864e-06
1.02019e-06
7.25824e-06
9.7165e-09
1.18189e-06
-7.26252e-06
7.35261e-06
-9.00847e-08
9.78481e-07
1.11305e-08
-7.32868e-06
9.83545e-07
-7.29668e-06
1.04213e-09
7.27615e-06
8.75e-09
-7.21482e-06
7.24976e-06
7.24992e-06
7.29904e-06
-7.29904e-06
-7.48571e-06
6.66686e-06
1.28569e-06
-7.26934e-06
7.4219e-06
-1.52565e-07
1.03303e-06
1.01213e-06
1.00623e-06
1.02203e-06
9.72389e-07
-7.30228e-06
7.27826e-06
5.75287e-06
-4.79171e-06
-8.32717e-08
7.23535e-06
-7.32578e-06
-1.10419e-08
-1.73614e-06
1.80677e-08
7.31134e-06
-7.10967e-09
7.16085e-06
-2.0624e-08
-7.14023e-06
1.00251e-06
-7.26966e-06
9.72476e-07
-7.32414e-06
-1.01486e-08
-5.63958e-09
-7.3141e-06
6.00769e-09
-7.04272e-06
-2.4352e-08
7.06707e-06
7.29976e-06
-7.26445e-06
-4.08641e-08
-7.30117e-06
-4.01206e-08
-7.18358e-06
7.2237e-06
-7.28988e-06
2.02163e-08
7.21543e-06
1.99213e-08
-7.32988e-06
-7.32782e-06
4.09879e-09
-6.68162e-06
1.64062e-06
7.19779e-06
1.76427e-08
7.34543e-06
-7.35144e-06
7.15767e-06
7.19716e-06
5.24498e-08
-1.24271e-06
1.14056e-06
-7.14543e-06
7.5417e-06
-3.9627e-07
7.30009e-06
1.18133e-07
7.22372e-06
7.3017e-06
-7.29719e-06
-7.30297e-06
-6.66787e-06
2.85662e-07
7.13704e-06
7.46768e-06
-2.4396e-07
-7.30259e-06
-7.30425e-06
7.29537e-06
-7.31017e-06
7.22968e-06
3.88383e-08
-7.2148e-06
7.45715e-08
-1.22353e-07
-6.97477e-06
7.09712e-06
5.24351e-06
-7.27232e-06
7.27232e-06
-7.34312e-06
5.5678e-06
5.48444e-06
-5.52805e-06
9.87756e-07
-5.71837e-06
5.71846e-06
-5.71846e-06
-5.58795e-07
-6.67667e-06
7.23547e-06
-3.22259e-07
7.2496e-06
8.29274e-07
-6.68246e-07
1.56458e-07
5.40925e-07
-8.44958e-07
3.57786e-07
4.18651e-07
-1.25514e-06
4.12662e-07
-1.55165e-06
1.71192e-07
3.91887e-07
-1.05239e-06
6.03016e-07
-1.03311e-06
5.30382e-07
-2.81725e-08
-6.66902e-06
1.27786e-07
-8.77855e-08
7.06499e-06
7.20485e-08
3.41136e-08
7.30887e-06
-8.78039e-09
3.83564e-08
4.51608e-08
4.71992e-08
-7.31023e-06
6.01805e-11
6.60222e-08
4.54404e-08
7.30037e-06
-7.29485e-06
7.29485e-06
-1.2309e-06
3.54125e-08
-7.27389e-06
-5.51087e-06
-6.69604e-06
-7.32465e-06
3.9688e-08
7.27012e-06
-7.26674e-06
5.04749e-06
-5.04749e-06
-1.9762e-08
-7.31867e-06
7.32592e-06
-7.25194e-09
7.04064e-06
7.29238e-06
7.1032e-06
1.20492e-07
6.89405e-06
1.73025e-07
-7.01405e-06
4.23362e-08
-6.89096e-06
1.94921e-07
7.29459e-06
6.99995e-06
-7.30092e-06
5.28378e-06
-1.4341e-06
6.91829e-06
2.73264e-08
-6.46326e-06
9.30796e-07
7.30382e-06
-7.30215e-06
4.72611e-09
7.30406e-06
-1.16815e-08
6.14067e-07
-7.29074e-06
-8.63713e-07
7.17525e-06
6.17894e-06
-7.52893e-06
2.00487e-07
-6.08813e-06
-7.34964e-06
2.13361e-07
7.29855e-06
-7.35003e-06
7.33551e-06
3.85921e-07
-7.72143e-06
-6.92137e-06
2.52357e-07
6.47585e-06
-6.96634e-06
4.9049e-07
7.24213e-06
-7.24213e-06
-5.97188e-06
2.06424e-08
-7.29416e-06
-6.76169e-06
-6.05759e-06
7.29914e-06
7.29993e-06
-7.29993e-06
2.34258e-08
6.76151e-06
6.77142e-06
3.25703e-07
7.03923e-07
3.97467e-07
-1.61162e-06
7.25486e-06
2.54755e-08
-7.28034e-06
5.5137e-06
-5.5191e-06
7.26458e-06
5.66382e-06
7.33995e-06
-7.33129e-06
5.29016e-06
-5.29016e-06
-7.31842e-06
7.3072e-06
-7.30284e-06
2.30361e-08
-7.13482e-06
3.73123e-07
-6.33724e-06
7.11273e-06
-5.34046e-06
5.34046e-06
-4.34782e-06
4.34782e-06
5.59515e-06
-5.50889e-06
-4.6125e-06
4.6125e-06
5.94344e-06
-5.94344e-06
-5.01015e-06
-5.40444e-06
5.40444e-06
5.79364e-06
-5.27747e-06
5.27747e-06
-5.16579e-06
5.16579e-06
-5.10661e-06
5.10661e-06
6.07271e-06
-6.07271e-06
4.80789e-06
5.6822e-06
-5.6822e-06
5.6847e-06
5.9e-06
-5.9e-06
5.76831e-06
5.67723e-06
-5.22315e-06
5.22315e-06
-6.0764e-06
-5.4406e-06
-5.17664e-06
5.93431e-06
-5.93431e-06
5.30062e-06
-5.30062e-06
5.8118e-06
5.65474e-06
5.72296e-06
5.86027e-06
7.2947e-06
-7.29052e-06
5.72991e-06
-4.71532e-06
7.30994e-06
-1.08009e-08
-7.47276e-06
1.5398e-07
7.31878e-06
7.29443e-06
7.3171e-06
-6.3345e-09
6.91761e-06
-7.31388e-06
7.32042e-06
-5.75082e-06
-7.32609e-06
-7.33518e-06
7.28757e-06
-7.28757e-06
9.58549e-07
7.2249e-06
-7.21808e-06
-1.98738e-08
-5.42402e-06
5.4439e-06
7.29506e-06
7.22593e-06
-7.22593e-06
7.3258e-06
-7.32882e-06
-7.30836e-06
-7.28965e-06
7.2477e-06
-7.31786e-06
7.63224e-09
-5.37152e-06
4.88145e-06
7.29645e-06
-7.29645e-06
-5.78787e-06
1.01311e-06
-5.94461e-06
-5.795e-06
1.00229e-06
-5.82241e-06
1.01976e-06
-5.76627e-06
9.96809e-07
-5.90425e-06
1.02839e-06
7.30769e-06
-1.32605e-08
-7.31465e-06
2.56343e-06
-6.96179e-06
-5.76919e-06
9.70905e-07
-5.62833e-06
-3.34601e-08
7.27943e-06
4.7922e-06
1.48679e-06
-6.27899e-06
-5.33348e-06
4.90544e-06
1.88674e-06
-6.70076e-06
4.81402e-06
5.61406e-06
-5.83615e-06
-7.28648e-06
7.33966e-06
-5.31793e-08
7.30058e-06
-7.29648e-06
-7.33623e-06
-6.89745e-09
7.3424e-06
-7.36592e-06
6.72491e-06
-3.45853e-06
-3.26639e-06
-4.75847e-06
5.7915e-06
-4.74456e-06
5.75079e-06
-1.03933e-06
7.29647e-06
-1.70406e-08
-5.8135e-06
-7.29052e-06
-5.48853e-06
9.38192e-07
-3.25085e-07
-4.9279e-06
-7.35292e-06
7.28665e-06
-1.31652e-06
-7.29997e-06
1.37064e-06
7.31066e-06
-2.40099e-08
-4.78952e-06
5.15963e-06
7.29271e-06
-7.29271e-06
-5.72505e-06
-9.0567e-07
-4.37833e-06
-3.16053e-09
7.33867e-06
7.28256e-06
7.2998e-06
-7.31885e-06
-7.07218e-06
-2.41703e-07
-1.29156e-07
-5.72006e-06
5.71459e-06
-4.78669e-06
5.25788e-06
-4.13983e-06
-4.93343e-06
-4.40403e-06
5.41929e-06
-4.78729e-06
-6.61712e-06
3.95034e-06
2.66679e-06
-4.90328e-06
-4.43028e-06
5.54286e-06
-4.77333e-06
5.61255e-06
-4.61453e-06
5.77601e-06
-4.75582e-06
-4.72236e-06
-1.92189e-08
-7.2726e-06
7.29182e-06
5.47464e-06
-5.51275e-06
-4.49149e-06
5.47504e-06
6.35115e-06
-4.60618e-06
5.61831e-06
7.26846e-06
-7.08684e-06
7.29728e-06
-7.29349e-06
-7.31614e-06
-1.43442e-08
-4.7968e-06
5.55878e-06
1.33781e-06
4.7749e-06
8.11099e-07
-5.586e-06
4.84502e-06
5.71981e-07
-5.417e-06
4.80664e-06
4.21166e-07
-5.22781e-06
4.80039e-06
1.76239e-06
-6.56278e-06
4.80964e-06
9.34201e-07
-5.74384e-06
7.28974e-06
6.95505e-06
2.9539e-08
5.24962e-06
-5.57471e-06
-1.24873e-06
7.30632e-06
-7.23989e-06
-6.64311e-08
-9.91701e-07
6.60576e-06
7.28048e-06
-7.28048e-06
-7.3227e-06
-4.63823e-06
4.79469e-06
5.96335e-06
-5.60556e-06
-5.65727e-06
-5.93408e-06
5.76523e-06
5.78406e-06
2.80832e-08
-7.33682e-06
7.26521e-06
-7.26975e-06
4.5349e-09
-5.78146e-06
-6.70173e-10
-7.32542e-06
7.21623e-06
5.53105e-06
-5.49269e-06
-6.99955e-06
5.54825e-06
-5.50105e-06
4.81008e-06
7.21194e-06
-7.31367e-06
7.3261e-06
-7.322e-06
-7.26418e-06
7.29439e-06
5.55003e-06
-5.51034e-06
7.29375e-06
-7.29353e-06
7.29353e-06
-7.16293e-06
-1.5321e-07
9.02595e-07
-5.77088e-06
7.28864e-06
-7.3155e-06
-7.20349e-06
5.80893e-06
5.77171e-06
5.8734e-06
7.33799e-06
-7.34368e-06
7.82439e-07
5.65098e-06
-4.34483e-06
5.83162e-06
-4.08413e-06
5.97087e-06
5.78055e-06
5.82774e-06
-4.80798e-06
7.28728e-06
4.90056e-06
5.68468e-07
-5.46903e-06
5.55417e-06
-5.53353e-06
7.29435e-06
-7.29023e-06
1.26896e-08
5.1078e-09
-7.41832e-06
6.93135e-06
7.2974e-06
-8.02843e-09
-3.60192e-06
7.39686e-06
7.29538e-06
-7.33028e-06
-4.9034e-09
-4.5166e-06
-5.21041e-06
3.83889e-07
-5.32938e-06
-4.90195e-06
-7.27273e-06
7.29012e-06
-7.29012e-06
7.2866e-06
7.28566e-06
-7.28566e-06
-1.05046e-06
5.9559e-06
-1.02715e-06
5.84117e-06
-5.67321e-06
1.12298e-06
7.33718e-06
-1.83952e-08
-7.07702e-06
-3.41296e-07
-7.08536e-06
-2.55174e-08
-7.22246e-06
7.29424e-06
7.31516e-06
2.44993e-08
-7.23857e-06
7.29139e-06
-7.28745e-06
4.6901e-06
-4.4456e-08
-4.81233e-06
1.22156e-06
-5.15658e-06
7.28256e-06
-7.31565e-06
7.15566e-06
-4.78885e-06
5.76132e-06
-5.54065e-06
5.33926e-06
5.55221e-06
-5.56655e-06
2.11638e-06
-2.11638e-06
-5.4735e-06
6.49327e-06
5.73276e-07
-4.3952e-06
5.40416e-06
-4.59529e-06
5.60393e-06
-4.77639e-06
5.66354e-06
-4.59889e-06
5.59517e-06
-4.6286e-06
5.63371e-06
5.3678e-06
-4.38932e-06
-9.92631e-08
5.75388e-06
-4.75137e-06
-7.26093e-06
-1.18025e-08
7.26935e-06
-4.38592e-09
-7.32027e-06
7.29252e-06
7.29016e-06
-7.29921e-06
3.46864e-06
-3.46864e-06
5.39579e-06
-5.50993e-06
-7.164e-06
-4.90457e-09
-7.32392e-06
-7.35966e-06
7.28172e-06
-7.27616e-06
7.29099e-06
-3.96358e-06
5.25179e-07
-5.25179e-07
-7.29638e-06
3.60435e-09
-6.29563e-06
7.27773e-06
7.32691e-06
-7.32758e-06
5.58299e-06
-5.54887e-06
-7.28655e-07
5.61264e-06
-4.88398e-06
-7.19897e-06
-1.16683e-07
7.21081e-06
-7.27724e-06
-8.94181e-07
5.5767e-06
-4.68252e-06
-7.25997e-06
7.28116e-06
1.56411e-08
7.29423e-06
5.6095e-06
-4.73889e-06
-8.7061e-07
-1.42928e-06
-7.31333e-06
7.31333e-06
3.17998e-07
1.15549e-06
7.27719e-06
-7.31404e-06
7.26326e-06
-7.2892e-06
7.29661e-06
-7.87063e-07
6.56521e-09
-7.32882e-06
1.22311e-06
1.26983e-06
2.08924e-06
6.16872e-07
4.81487e-07
8.76854e-07
1.14741e-06
1.01365e-06
8.2184e-07
1.01918e-06
2.26648e-06
6.45442e-07
1.08572e-06
-2.76362e-08
7.35583e-06
9.5708e-07
2.20368e-06
-1.1696e-07
-4.61093e-06
-4.76416e-06
-4.77155e-06
-5.68592e-06
-4.78676e-06
-7.3298e-06
8.22574e-09
-7.24083e-06
3.56071e-06
-7.26714e-06
7.16808e-09
-4.42998e-06
-6.57108e-07
-4.81192e-06
7.3142e-06
-7.3237e-06
5.92405e-06
-7.2718e-07
-7.30075e-06
-4.75245e-07
5.94364e-06
3.90651e-06
-4.81218e-06
-2.16818e-08
-5.30067e-06
8.15846e-07
4.88056e-06
-7.28763e-06
5.46944e-06
-4.53125e-06
3.39869e-06
3.32622e-06
-6.12738e-07
5.83824e-06
-5.22551e-06
-7.27192e-06
5.40315e-06
-5.21694e-07
7.30343e-06
-7.30343e-06
7.34082e-06
-7.34398e-06
-4.01957e-06
5.18614e-06
1.70665e-07
-5.64883e-06
5.47817e-06
-8.36458e-07
5.37616e-06
-4.53971e-06
-2.91023e-07
5.57535e-06
-4.8346e-06
-7.3412e-06
-9.44959e-08
-7.26686e-06
-7.26328e-06
-8.64299e-09
-7.26919e-06
7.22274e-06
7.34242e-06
7.31246e-06
-7.31784e-06
3.51262e-06
1.26698e-06
7.30411e-06
-2.03993e-07
-4.50962e-07
-3.75325e-06
-1.09333e-06
5.48412e-06
-7.23499e-06
-3.41972e-08
1.04545e-06
-7.26157e-06
7.29696e-06
-7.29696e-06
-5.17705e-06
-7.29726e-06
3.05143e-08
-1.8759e-06
-1.32543e-06
5.03769e-06
2.8256e-07
-5.32025e-06
2.0547e-09
-5.61339e-06
5.25808e-06
-6.48894e-08
7.25008e-06
-1.71462e-07
-7.07862e-06
-7.25677e-06
-7.26524e-06
3.67238e-09
-5.5436e-07
7.30569e-06
-7.31615e-06
-5.12907e-06
-4.45639e-07
7.78036e-07
-4.15033e-06
-1.17782e-06
6.59668e-07
-5.54365e-06
-4.63302e-07
6.93644e-07
-4.61696e-06
-7.27066e-06
-5.65076e-06
7.26935e-06
7.29381e-06
-7.29381e-06
-7.25868e-06
7.24085e-06
-7.25005e-06
-8.32118e-07
-1.09626e-06
7.27616e-06
-1.59215e-08
8.62074e-07
-7.1577e-06
5.25494e-06
-6.24501e-06
-7.25636e-06
-1.42974e-08
-7.28005e-06
5.33614e-06
-7.24423e-06
-5.81466e-09
5.39261e-06
5.69736e-06
7.25582e-06
-4.97037e-06
-4.14359e-08
-7.24446e-06
-5.52249e-06
-7.32797e-06
7.40577e-06
-7.77943e-08
4.57725e-06
8.42038e-07
-5.58363e-06
-7.25535e-06
-6.07678e-06
7.29124e-06
7.22714e-06
1.49959e-08
-5.25494e-06
-4.63521e-07
-7.28924e-06
3.9251e-09
7.28456e-08
7.17724e-06
-5.24366e-06
-7.24526e-06
7.98331e-10
-7.21347e-06
-4.18844e-08
7.28964e-06
-7.28964e-06
-5.62042e-06
-7.24958e-06
-7.23963e-06
6.45347e-09
4.61305e-06
-5.79087e-06
4.77929e-06
7.21983e-06
6.0996e-09
-4.06522e-06
7.2596e-06
-7.2531e-06
-7.27003e-06
-7.24406e-06
4.4382e-09
-5.80132e-06
-7.23778e-06
3.5737e-06
3.02376e-06
-5.50935e-06
5.46419e-06
4.76825e-06
-4.84721e-06
7.28314e-06
7.32028e-06
8.54359e-09
-7.33612e-06
-7.24361e-06
5.83501e-09
7.35583e-06
-7.2352e-06
-7.27251e-06
7.247e-06
-6.66722e-06
4.69724e-09
7.28155e-06
-7.28155e-06
-7.24236e-06
7.15651e-09
-7.37537e-06
5.53557e-06
-7.25329e-06
-7.36192e-06
-7.26065e-06
-7.23309e-06
-4.51618e-06
-6.55774e-07
-1.32567e-09
7.27364e-06
7.4346e-07
-5.96897e-06
-5.69437e-06
4.9073e-06
-7.2411e-06
8.00259e-09
7.27296e-06
-5.67386e-06
1.13415e-06
5.28283e-06
3.67072e-07
-4.89582e-06
-7.23084e-06
-8.66394e-07
-4.74815e-06
5.5131e-06
-7.27364e-06
-7.27755e-06
-7.23891e-06
8.06648e-09
-8.01537e-07
6.05962e-06
5.34791e-06
-4.95045e-06
-7.22895e-06
4.37019e-06
-4.65956e-06
-1.10852e-08
-7.24421e-06
7.30061e-06
3.8577e-07
-7.68638e-06
-5.50771e-06
-7.32511e-06
-7.23744e-06
8.48912e-09
-6.95821e-06
-1.08132e-06
-7.22683e-06
-3.77539e-07
-4.94271e-06
-2.674e-06
-7.2421e-06
1.52608e-08
5.65527e-06
-5.54457e-06
-7.22158e-06
-7.23138e-06
-7.25678e-06
2.54015e-08
7.21983e-06
7.22714e-06
-1.37561e-08
-7.23732e-06
6.89587e-06
-7.23717e-06
5.50106e-06
3.85689e-07
5.05407e-06
-2.88008e-08
5.1123e-06
5.93298e-09
3.12748e-06
-7.24999e-06
7.24418e-06
-5.46503e-06
7.26661e-06
9.96633e-09
-5.51886e-06
-7.03668e-06
-6.2676e-06
-1.48948e-06
4.52249e-06
-4.54417e-06
-7.26189e-06
5.4928e-06
-1.43352e-08
-7.23014e-06
-7.24766e-06
7.24587e-06
-7.29271e-06
-7.24496e-06
-7.25262e-06
4.95505e-09
-7.24067e-06
-5.05588e-06
-5.57149e-07
-7.24517e-06
-7.12018e-06
-5.63518e-06
-7.23686e-06
5.43107e-06
-7.25878e-06
1.36114e-08
-7.25752e-06
5.53557e-06
2.90578e-06
-2.33836e-07
-7.17084e-06
4.56878e-06
-5.78696e-06
3.4361e-06
3.38922e-06
5.48947e-06
-7.2333e-06
4.25715e-09
-7.16873e-06
-1.82904e-06
-7.23131e-07
-1.05955e-06
-7.23573e-06
-7.23663e-06
-7.25077e-06
-7.19689e-06
2.1024e-06
-6.44723e-06
-7.23109e-06
-7.24623e-06
7.24245e-06
-7.28321e-06
-5.44311e-06
-7.21756e-06
5.34859e-06
-5.34859e-06
-7.2598e-06
1.35677e-08
-7.25065e-06
-7.21302e-06
-7.25932e-06
8.66905e-09
7.2802e-06
-1.30436e-08
4.24916e-06
-7.22894e-06
-7.22019e-06
-9.27891e-07
3.22628e-07
5.02596e-06
-3.09006e-06
-2.46929e-06
-2.91727e-06
-2.81126e-06
5.84478e-06
-7.15309e-06
-5.49913e-06
-7.22601e-06
5.4717e-06
-7.23879e-06
6.3485e-08
4.63362e-06
-7.23944e-06
7.05911e-07
-7.22413e-06
7.25283e-06
-2.8213e-06
-2.94834e-06
-2.38938e-06
-3.21127e-06
-7.27434e-06
7.19864e-06
-7.22333e-06
-2.90428e-06
-2.86816e-06
-3.10496e-06
-2.57589e-06
-3.07028e-06
-2.68496e-06
-2.93447e-06
-2.55299e-06
-2.87938e-06
-2.85925e-06
-2.20897e-06
-3.41631e-06
5.51886e-06
-7.22513e-06
-7.22069e-06
-5.22652e-06
1.79035e-07
-7.22491e-06
3.62281e-06
-1.34899e-06
-4.67962e-06
6.02862e-06
-3.94912e-06
-7.21907e-06
5.22652e-06
-1.63569e-06
-7.22367e-06
-5.40782e-06
-4.96619e-06
2.05443e-06
4.79279e-06
-7.21652e-06
-7.22394e-06
-7.22916e-06
-6.16728e-09
7.2333e-06
-7.22228e-06
-1.67988e-08
7.23663e-06
-7.2639e-06
-5.52822e-06
-7.30774e-07
-7.2194e-06
-7.21428e-06
-5.42732e-06
-7.1989e-06
-7.2202e-06
-5.75251e-06
-7.21214e-06
9.60659e-07
-7.2107e-06
-7.2182e-06
5.71834e-06
-7.2007e-06
-7.20971e-06
5.46956e-06
-7.21658e-06
-5.49829e-06
-7.19353e-06
-7.47045e-07
-7.20132e-06
-7.24661e-06
-7.18435e-06
-7.22121e-06
5.53501e-06
-7.193e-06
5.17259e-06
2.80143e-08
5.44113e-07
4.87889e-06
5.16767e-06
-7.18338e-06
4.10779e-06
2.62275e-06
-7.247e-06
-7.1797e-06
-9.32937e-09
-4.70004e-06
6.80244e-06
7.27305e-06
4.79568e-08
-7.17044e-06
-7.18474e-06
4.48413e-06
-5.24261e-06
-7.1846e-06
7.18955e-06
-7.17701e-06
-1.06944e-08
-7.23715e-06
5.35393e-06
-5.35393e-06
-6.00345e-06
2.9599e-06
-7.22354e-06
-7.2189e-06
3.53813e-07
-5.53534e-06
-5.71797e-06
-1.62084e-06
5.58274e-08
-7.24917e-06
-5.40077e-06
-5.78714e-06
5.78714e-06
-4.85675e-06
-5.51732e-06
-7.15938e-06
7.17295e-06
5.51732e-06
5.05985e-06
-1.83488e-08
-7.14658e-06
-3.56388e-06
-3.0899e-06
-7.13792e-06
7.14473e-06
-7.15778e-06
5.84122e-06
3.75197e-07
-5.46025e-06
-5.17259e-06
5.61849e-06
2.26508e-07
-1.65099e-07
5.53349e-06
-5.36839e-06
7.28225e-06
-5.47643e-06
6.51944e-06
-7.15309e-06
-5.68134e-06
4.09114e-06
-6.72277e-06
2.63163e-06
7.28732e-06
-6.97647e-08
-5.02596e-06
4.13456e-07
1.29827e-06
-5.29441e-06
2.31634e-07
5.33763e-06
-5.64865e-06
-5.38478e-06
-5.82773e-06
-5.42025e-06
4.22394e-06
-7.23751e-06
1.98985e-06
-5.97456e-06
-6.03943e-06
-5.51845e-06
1.97594e-08
-5.85555e-06
5.64038e-06
-5.4361e-06
5.41805e-06
-7.22878e-06
-5.54275e-06
-1.35643e-06
-4.12857e-06
5.3984e-06
-1.33398e-08
7.05397e-06
-7.05397e-06
7.03332e-06
-7.03332e-06
5.42051e-06
-5.42051e-06
-5.64865e-06
-4.9762e-06
-1.41258e-06
-5.03465e-06
-5.08119e-06
6.21534e-06
-6.18985e-06
5.10853e-06
-3.90258e-06
-2.67058e-06
3.37609e-06
5.97329e-07
5.16767e-06
-5.57662e-06
-5.08851e-06
-5.68134e-06
-5.25415e-06
5.08851e-06
-1.29473e-06
-1.06802e-06
-2.3192e-06
-3.85749e-06
-2.66392e-06
-7.07958e-07
-3.72203e-06
-5.75477e-06
-5.71797e-06
3.32752e-06
3.40077e-06
3.71134e-06
-7.05939e-07
-7.03741e-08
-4.58601e-07
5.33916e-06
-4.51122e-06
3.80326e-06
1.22476e-06
-5.75251e-06
4.73434e-06
9.64682e-07
5.43501e-06
-4.5644e-06
5.04872e-06
-8.60436e-07
6.0862e-06
-5.45594e-06
4.62646e-06
-4.14457e-06
3.38114e-06
-1.84877e-06
-1.53026e-06
-2.71641e-06
-3.02628e-06
-2.77097e-06
-2.79286e-06
-5.78696e-06
-5.05465e-06
5.58457e-06
-3.38703e-06
-2.19754e-06
1.56096e-07
4.80678e-06
-5.20567e-06
1.78536e-06
-4.52804e-07
8.85866e-07
4.17399e-06
3.56071e-06
-4.90897e-06
2.80385e-06
-5.27314e-06
2.71959e-06
-5.53085e-06
-5.34686e-06
5.55446e-06
-1.41358e-07
8.63187e-07
-4.46821e-06
6.45806e-06
-2.80934e-06
-3.0323e-06
4.69273e-06
-5.73167e-06
5.65901e-06
3.314e-07
4.76437e-06
-4.76437e-06
5.31864e-06
4.40303e-06
6.45461e-06
5.04187e-06
6.4766e-06
2.47719e-06
5.16665e-06
-1.66656e-06
-5.78313e-06
-5.4938e-06
4.09094e-06
-3.68732e-06
-4.37548e-06
-2.01244e-07
5.34971e-06
1.28321e-06
2.09793e-06
-4.91242e-07
-4.3316e-06
-5.46736e-06
-1.78698e-07
-4.74047e-06
4.64801e-06
-5.32131e-06
-3.49267e-06
-5.51845e-06
4.60196e-06
5.30285e-06
4.46494e-06
4.41107e-06
1.26609e-06
4.13231e-06
-8.26395e-06
3.72203e-06
-5.27245e-06
-2.7423e-06
-3.4441e-06
2.31771e-06
-2.55155e-06
1.19764e-07
-5.77253e-06
4.44455e-06
1.87955e-06
3.96628e-06
-3.75501e-06
-2.86211e-06
5.73569e-06
-1.30303e-06
-6.47486e-07
5.13467e-07
4.87646e-06
-3.69623e-06
-4.69191e-06
-5.62242e-07
5.61303e-06
2.37486e-07
-2.1246e-06
2.64545e-07
-5.33474e-06
-4.32565e-07
-5.46053e-06
4.50909e-06
-2.92199e-06
-3.2807e-06
-5.83879e-06
-5.67449e-07
-4.9496e-06
-4.51446e-06
3.49267e-06
2.42725e-06
3.31905e-06
4.52005e-06
-4.1032e-06
-5.88374e-06
9.87079e-08
-2.15847e-06
-2.21063e-06
-4.18321e-06
5.34948e-06
1.98166e-06
4.02509e-06
5.05564e-06
5.22496e-07
-4.36447e-06
-4.91393e-06
5.24533e-06
-5.5132e-06
-4.73269e-06
5.94212e-06
-1.64598e-06
-4.33438e-06
-3.90218e-06
-4.77028e-06
-4.32874e-06
5.9255e-06
-4.33102e-06
4.53048e-06
9.43438e-07
4.3009e-06
-4.33438e-06
6.12115e-06
2.49325e-06
6.17179e-06
2.44024e-06
-4.34274e-06
6.12115e-06
6.17179e-06
-4.6907e-06
-4.65609e-06
-4.96488e-06
5.14391e-06
4.46086e-06
4.02094e-06
-4.15882e-07
2.73359e-06
6.05304e-06
1.29754e-06
4.55598e-06
-4.20669e-06
-4.91533e-06
4.52724e-07
4.35516e-06
3.86202e-06
-5.26022e-06
-4.59568e-07
5.08603e-06
4.52644e-06
4.9152e-06
-4.40173e-06
1.18732e-06
4.40071e-06
4.49126e-06
1.96449e-06
-4.04547e-06
4.843e-06
-3.97847e-06
5.88913e-06
-4.70004e-06
-6.58738e-07
-4.64188e-06
3.7984e-06
-4.84182e-06
5.99596e-06
1.07658e-06
1.4939e-06
4.612e-06
-2.57388e-07
4.27231e-06
1.37846e-06
4.26772e-06
-4.26772e-06
-4.71594e-06
4.35951e-06
-8.26561e-07
-3.71263e-06
-3.55954e-06
-3.27954e-06
3.55954e-06
-4.71856e-06
1.15908e-06
3.87758e-06
-9.25133e-09
-4.93346e-06
3.33719e-07
-4.47355e-06
4.94901e-06
-4.07789e-06
-4.65567e-06
-1.67908e-06
-3.72304e-06
6.96344e-07
-5.4445e-06
2.04251e-06
3.85749e-06
-4.46821e-06
4.69635e-06
-4.5192e-06
-6.60313e-06
3.2161e-06
3.4441e-06
4.62699e-06
2.03173e-06
3.90258e-06
4.61506e-06
4.57397e-06
-4.40779e-06
4.40779e-06
-4.72934e-06
-1.48672e-06
-4.25363e-06
7.83942e-07
3.56388e-06
3.86276e-06
1.36338e-06
4.59997e-06
-4.31452e-06
-4.73971e-06
-3.96959e-06
-1.56327e-06
-4.15679e-06
-1.7934e-07
7.03878e-07
1.90223e-07
2.19719e-07
-4.83065e-06
4.69927e-06
-5.21802e-06
-1.024e-06
3.41515e-06
2.61347e-06
4.87501e-06
4.98759e-06
2.604e-06
3.61134e-06
2.42444e-06
-6.12946e-09
4.45068e-06
2.63372e-06
4.25267e-06
1.52185e-06
3.92205e-06
3.36836e-07
-5.30285e-06
4.8354e-06
4.11012e-06
-4.11012e-06
3.98032e-06
-3.98032e-06
5.52124e-07
4.03703e-06
-4.03703e-06
4.10072e-06
-4.10072e-06
-5.28696e-06
-5.13937e-07
-4.03024e-06
3.97847e-06
5.64353e-06
-1.37581e-06
-6.87087e-07
-1.10607e-06
-4.73466e-06
-4.38365e-06
-3.29959e-06
-3.42318e-06
1.23574e-06
-4.90445e-06
-4.72018e-06
-1.51769e-06
-4.37542e-06
-4.51691e-06
-8.42344e-07
3.83132e-06
-4.48612e-06
4.4434e-06
3.92863e-06
2.87381e-06
2.77182e-06
-4.22769e-06
-4.19942e-06
5.04146e-06
2.88273e-06
-4.93226e-06
2.91801e-06
4.68435e-06
-1.64445e-06
-1.71563e-06
-4.50302e-06
4.5023e-06
-4.49758e-06
4.9552e-06
-4.86716e-06
4.60328e-06
4.81492e-06
-4.65055e-06
-1.72807e-06
-1.67426e-06
-1.72415e-06
-4.13342e-06
4.30469e-06
5.67017e-06
4.41803e-06
4.09094e-06
-4.30765e-06
4.98322e-06
3.91108e-06
-4.27554e-06
-2.27481e-07
-1.70407e-06
-5.14491e-07
3.47195e-06
3.01416e-06
4.64801e-06
4.64845e-06
-8.40473e-08
-5.14566e-06
-4.39972e-06
-3.20462e-07
5.18804e-06
-1.60069e-06
4.26461e-06
-1.59112e-06
-4.72396e-06
4.1379e-06
4.74599e-07
3.11482e-06
4.28832e-06
-4.19766e-06
-1.61773e-06
4.80895e-06
-3.90918e-07
2.42729e-06
3.46245e-06
5.48915e-06
-4.32224e-06
4.28852e-06
4.60607e-06
-1.51617e-06
1.58722e-06
4.37245e-06
-3.8133e-07
-3.55388e-06
3.995e-06
-4.86989e-06
-1.47735e-06
4.04547e-06
3.99354e-06
3.72304e-06
2.73502e-06
4.55519e-06
-3.27095e-06
4.64188e-06
1.35225e-06
-8.2574e-08
-4.28002e-06
-4.42294e-06
1.00466e-06
1.53824e-06
-4.54777e-06
-4.48592e-06
3.78677e-06
-4.43437e-06
4.84078e-06
-4.48732e-07
-3.55465e-06
4.00338e-06
-2.91956e-06
3.05733e-06
2.61283e-06
-4.67585e-06
-4.97232e-06
6.15497e-07
-4.1401e-06
-3.92863e-06
-6.15007e-07
5.33397e-06
-4.88998e-07
4.48254e-06
1.6906e-06
6.67016e-07
1.50927e-06
3.37792e-06
-3.82665e-06
4.67602e-06
4.16427e-06
1.75481e-07
-4.50148e-06
4.326e-06
-1.62245e-07
3.54856e-07
-1.07912e-06
4.09592e-06
-3.92044e-06
-2.30065e-06
9.70027e-07
-5.53296e-06
1.0328e-06
-3.85072e-06
-1.46965e-07
1.62492e-06
8.79246e-07
2.69526e-06
-3.67311e-06
-4.38787e-06
1.45347e-06
-4.65468e-06
6.04338e-07
4.03779e-06
4.45012e-06
2.86782e-06
-3.94698e-06
9.98652e-07
-8.82186e-07
-9.12174e-07
-4.17118e-06
-2.73091e-06
-3.06874e-06
-5.97324e-07
7.37888e-06
-2.64871e-06
7.40289e-06
-4.30499e-06
3.96113e-06
1.39015e-07
-4.43031e-06
-4.46502e-06
-1.13289e-06
3.34912e-06
-3.60754e-06
4.08369e-06
7.58272e-07
-2.53021e-07
4.62803e-06
3.78624e-06
4.46712e-06
4.75434e-06
-1.55525e-06
-3.83503e-06
-4.08957e-06
-3.73472e-06
-1.17834e-06
4.45379e-06
4.74794e-06
4.64078e-07
1.30829e-06
2.88332e-06
-4.49873e-06
4.33204e-06
4.62363e-06
-1.89902e-07
)
;

boundaryField
{
    front
    {
        type            empty;
    }
    back
    {
        type            empty;
    }
    wall
    {
        type            calculated;
        value           uniform 0;
    }
    inlet
    {
        type            calculated;
        value           nonuniform List<scalar> 
12
(
-8.39248e-06
-8.40254e-06
-8.40919e-06
-8.33636e-06
-8.59371e-06
-8.43687e-06
-8.57338e-06
-8.61439e-06
-8.61202e-06
-8.67246e-06
-8.66311e-06
-8.67376e-06
)
;
    }
    outletLeft
    {
        type            calculated;
        value           nonuniform List<scalar> 9(5.72852e-06 5.76964e-06 5.77244e-06 5.75524e-06 5.73863e-06 5.74269e-06 5.75189e-06 5.81635e-06 5.83819e-06);
    }
    aneurysm
    {
        type            calculated;
        value           uniform 0;
    }
    outletRight
    {
        type            calculated;
        value           nonuniform List<scalar> 9(5.55935e-06 5.60066e-06 5.68085e-06 5.48746e-06 5.62529e-06 5.56383e-06 5.61319e-06 5.68148e-06 5.65458e-06);
    }
}


// ************************************************************************* //
