/*--------------------------------*- C++ -*----------------------------------*\
  =========                 |
  \\      /  F ield         | OpenFOAM: The Open Source CFD Toolbox
   \\    /   O peration     | Website:  https://openfoam.org
    \\  /    A nd           | Version:  12
     \\/     M anipulation  |
\*---------------------------------------------------------------------------*/
FoamFile
{
    format      ascii;
    class       surfaceScalarField;
    location    "0.17";
    object      phi;
}
// * * * * * * * * * * * * * * * * * * * * * * * * * * * * * * * * * * * * * //

dimensions      [0 3 -1 0 0 0 0];

internalField   nonuniform List<scalar> 
6438
(
-2.77177e-08
3.44934e-06
-3.42162e-06
-3.01923e-08
4.00708e-06
-3.97689e-06
-3.75841e-06
-6.37075e-07
4.39548e-06
3.56603e-06
-3.91354e-06
3.47511e-07
5.47974e-06
-4.28066e-06
-1.19908e-06
1.24346e-06
4.23628e-06
-4.27126e-06
5.12859e-07
-3.70326e-06
3.67307e-06
4.00071e-06
-4.77635e-06
7.75639e-07
3.71938e-06
-4.36132e-06
6.41934e-07
-3.59676e-06
4.37423e-06
-7.77463e-07
8.6332e-07
-3.9424e-06
3.07908e-06
-4.45343e-06
8.56669e-07
3.41808e-06
1.56958e-06
-4.98766e-06
3.21106e-06
-3.23878e-06
-1.81553e-07
3.76361e-06
-3.58206e-06
-4.74158e-06
4.5982e-06
1.43388e-07
-3.59007e-06
4.35944e-06
-7.69372e-07
-4.45068e-06
8.60615e-07
1.41286e-06
2.98678e-06
-4.39964e-06
-1.02933e-06
-6.7311e-07
1.70244e-06
-2.19275e-07
3.94183e-06
-3.72256e-06
-3.65582e-06
-5.92121e-07
4.24794e-06
-4.47546e-06
1.96335e-06
2.51211e-06
-3.88356e-06
3.66429e-06
-3.44892e-06
4.19237e-06
-7.4345e-07
-4.21696e-06
5.6114e-07
3.9965e-06
-3.13318e-06
-3.63012e-06
-6.79608e-07
4.30973e-06
-4.39099e-06
9.42072e-07
3.36371e-06
-4.22685e-06
8.63136e-07
1.88423e-08
-4.11605e-06
4.0972e-06
4.02806e-06
-4.05141e-06
2.33474e-08
-3.99074e-06
6.71121e-07
3.31962e-06
-5.38945e-06
8.71895e-07
4.51755e-06
3.78967e-06
-3.77083e-06
3.82365e-06
-2.57623e-07
2.48081e-06
3.4744e-06
-5.95521e-06
-1.22715e-06
4.64523e-06
-3.55929e-06
3.91018e-06
-3.50894e-07
-4.12389e-06
4.08603e-06
3.78562e-08
-1.71339e-06
3.12626e-06
3.68724e-06
3.21429e-08
-4.43236e-06
4.34222e-06
9.01427e-08
3.97113e-06
-6.07412e-07
-2.98287e-06
2.80132e-06
-5.15194e-06
8.71278e-07
3.91676e-06
3.77078e-07
-4.29384e-06
-3.04296e-06
-9.47781e-07
-5.58692e-07
-3.6639e-06
4.15706e-06
-4.93163e-07
-2.72903e-06
3.93862e-06
-1.20959e-06
3.95357e-06
-3.95357e-06
1.2421e-06
2.99828e-06
3.9443e-07
-3.39271e-06
1.75988e-06
8.54917e-07
-2.6148e-06
3.34841e-06
7.03194e-07
-4.05161e-06
3.23279e-06
-1.26944e-06
-1.87458e-06
-3.27736e-06
-3.90421e-08
3.48548e-06
-3.44644e-06
-4.29903e-06
4.29903e-06
-4.45304e-06
4.49842e-06
-4.53855e-08
1.79446e-07
3.31141e-06
-3.49086e-06
1.23865e-08
-4.05687e-06
4.04448e-06
3.76462e-06
-3.75223e-06
-4.10487e-06
4.74749e-07
-4.11564e-06
-3.1672e-07
-3.54007e-06
3.89029e-06
-3.50216e-07
3.91368e-07
3.38902e-06
-3.78038e-06
-4.16207e-06
4.00287e-06
1.59198e-07
4.0574e-06
-4.0574e-06
3.7712e-06
2.29507e-07
-2.47759e-06
-1.88372e-06
3.53349e-06
7.44886e-07
-4.27838e-06
-3.46666e-06
-6.57229e-07
3.07924e-06
2.37981e-06
-5.45905e-06
-4.7695e-06
3.05611e-06
-3.045e-06
-1.7245e-06
4.20031e-06
-6.66823e-07
2.50346e-06
-7.4358e-07
3.40207e-06
3.88199e-07
-3.79027e-06
-4.19465e-06
-2.58384e-07
-5.93986e-07
-1.02093e-06
-3.2781e-06
4.54695e-06
-4.54695e-06
-3.00671e-06
-1.15536e-06
-2.7259e-07
-5.11686e-06
-3.92325e-06
3.9075e-06
1.57505e-08
1.41205e-07
-3.97421e-06
3.833e-06
-4.36994e-07
3.83906e-06
3.92773e-06
1.00334e-07
-4.10273e-06
-6.38851e-07
-4.14228e-06
4.24757e-06
-1.05288e-07
4.32546e-06
-2.42065e-06
-1.90481e-06
3.87965e-06
-3.73845e-06
7.96219e-08
4.35231e-06
-2.21499e-06
-2.13732e-06
2.47557e-06
1.8499e-06
3.99329e-06
-3.99329e-06
-3.06303e-06
4.39384e-06
-1.33081e-06
-3.84905e-06
1.85155e-07
-5.26688e-07
-3.11719e-06
3.64387e-06
-3.60781e-06
1.41146e-07
-3.86566e-06
8.02624e-07
3.33498e-06
7.34385e-07
-4.06936e-06
-2.34402e-07
3.56938e-06
-3.48339e-06
4.02453e-06
-5.41138e-07
-3.70092e-06
1.41632e-07
2.55463e-06
1.79768e-06
3.85577e-06
-7.76695e-07
1.65764e-07
3.7878e-06
-3.32761e-06
-2.802e-07
3.47872e-06
7.40284e-07
-4.219e-06
-1.92351e-06
-1.65923e-06
3.58273e-06
2.53259e-06
-3.20291e-07
-2.2123e-06
-4.11605e-06
8.35599e-07
4.12518e-06
-4.96077e-06
-1.91277e-06
8.83435e-07
4.11606e-06
7.63151e-08
4.46416e-06
-2.30959e-06
-2.15457e-06
1.49446e-06
2.9697e-06
4.16514e-06
-6.86427e-07
5.08237e-06
-2.60156e-06
-3.76598e-06
1.11731e-08
3.7548e-06
-5.38611e-06
5.49127e-07
4.83698e-06
-6.18637e-08
-3.73934e-06
3.8012e-06
4.11265e-06
2.29567e-07
-3.17259e-06
3.13354e-06
-3.78502e-06
3.86101e-06
-7.59887e-08
3.83268e-06
-3.89455e-06
3.95525e-06
-3.95525e-06
3.89446e-06
1.12622e-07
3.90191e-06
-9.03625e-07
3.84888e-06
-3.66944e-06
-3.39084e-06
2.86416e-06
3.4981e-08
3.73696e-06
-3.77194e-06
4.39734e-06
-3.08119e-06
-1.31614e-06
-4.05687e-06
-5.86472e-08
4.56672e-08
-3.74893e-06
-3.75672e-06
2.1665e-07
4.30941e-08
3.74658e-06
3.62579e-06
-3.23442e-06
-3.73919e-06
2.558e-07
3.79334e-06
-1.06098e-07
-1.35458e-07
3.30134e-06
-3.16588e-06
2.59871e-06
1.79863e-06
-3.88775e-06
8.35289e-07
3.05246e-06
3.96373e-06
-2.51115e-08
-5.24159e-06
4.76125e-07
4.76547e-06
-5.30905e-08
-3.71967e-06
3.77276e-06
2.47239e-06
6.01974e-08
2.36747e-07
3.72699e-06
3.68812e-06
3.08379e-07
3.81042e-06
-3.86351e-06
-3.97083e-06
-1.31905e-07
4.05066e-06
-4.35292e-06
3.02261e-07
-3.62116e-06
-1.44816e-07
-4.40734e-06
1.9106e-06
2.49674e-06
4.16261e-10
3.80997e-06
1.31864e-07
-3.58635e-06
4.17072e-06
-5.84374e-07
-3.9517e-06
3.40461e-06
5.47081e-07
-5.34517e-07
1.3815e-06
-8.46986e-07
-1.23937e-06
-3.15162e-06
-3.97421e-06
-3.13422e-08
3.79596e-06
1.16459e-06
3.22925e-06
-6.35796e-08
-3.86513e-06
-1.84367e-08
-8.20048e-08
-4.225e-06
3.56991e-06
6.55096e-07
-2.47823e-07
3.15e-06
6.21207e-07
6.17704e-06
-2.70264e-06
-1.30689e-06
-3.1438e-06
3.8742e-06
5.35235e-08
-3.3256e-06
1.4021e-06
-1.4937e-06
-2.35738e-06
3.85108e-06
-1.33354e-06
-3.11989e-06
-2.16832e-06
5.24756e-06
-3.99637e-06
1.31244e-07
-3.77253e-06
3.78691e-06
-1.43792e-08
-3.11575e-06
2.98029e-06
-4.54193e-08
-3.69735e-06
3.74277e-06
-4.0657e-06
6.93262e-08
3.39009e-06
-4.0339e-06
6.43804e-07
3.77722e-06
-3.82264e-06
3.3754e-06
-1.27768e-06
-2.09771e-06
-5.10599e-06
1.8084e-06
3.2976e-06
3.46074e-06
3.32596e-07
2.85824e-06
1.73995e-06
8.34799e-07
3.71215e-06
-9.91757e-07
-3.55519e-06
-4.11551e-06
4.07852e-06
3.69873e-08
-4.10413e-06
-1.13707e-08
-4.08353e-06
-2.0603e-08
1.28222e-08
1.06286e-06
-5.9442e-06
4.88134e-06
-4.41313e-06
5.24873e-06
3.48483e-06
-3.44985e-06
3.72422e-06
1.55438e-07
3.03596e-07
3.0718e-06
-3.73934e-06
-3.39021e-06
3.37458e-06
4.20071e-07
-3.79465e-06
-1.89592e-08
-8.05494e-07
5.93332e-06
-5.12783e-06
5.62802e-06
-4.05844e-06
-1.70812e-06
2.56304e-06
-1.08317e-06
-3.32417e-06
-2.95241e-06
-2.15358e-06
-3.73817e-06
-2.32656e-07
-3.76471e-06
3.7641e-06
6.04721e-10
-5.94004e-07
3.53344e-06
-2.93944e-06
-4.043e-06
4.07146e-06
-2.84591e-08
-4.00068e-06
-4.23244e-08
-5.14036e-06
3.21027e-07
4.81934e-06
-3.59141e-06
-2.3297e-07
3.82438e-06
4.02852e-06
4.29465e-08
-7.15853e-07
-4.40163e-06
1.60527e-06
2.79636e-06
2.49465e-08
-2.3297e-06
-2.07193e-06
-5.50146e-08
-4.11537e-08
-3.67596e-06
3.71711e-06
-3.77977e-06
1.88365e-07
3.41603e-06
4.58174e-07
3.93689e-06
-3.77112e-06
3.74116e-06
-3.78232e-06
3.72568e-06
1.07008e-07
1.83205e-06
3.79597e-06
3.88393e-06
-7.33928e-07
-3.055e-07
-5.08061e-06
-2.21754e-07
3.07065e-06
-2.8489e-06
-3.98155e-06
-1.91266e-08
-3.98094e-06
-6.14474e-10
4.01257e-06
-3.98386e-06
-2.87154e-08
3.9693e-06
4.32682e-08
-3.71967e-06
9.19219e-07
-1.26215e-06
3.42928e-07
-4.49624e-06
2.63219e-06
1.86405e-06
2.01162e-06
-4.03387e-06
2.02225e-06
-3.52157e-06
-3.27481e-07
-3.7521e-06
3.73348e-06
1.86153e-08
-3.90268e-06
3.76423e-06
1.38445e-07
-3.11746e-07
3.99391e-06
-3.68216e-06
-3.87468e-06
9.49092e-08
-4.30246e-06
5.36532e-06
-3.98257e-07
-3.48949e-06
-4.04502e-06
3.73328e-06
-3.16911e-06
-2.91328e-07
3.46044e-06
-2.96795e-06
3.94387e-06
2.54354e-08
-2.69935e-06
-7.22862e-07
8.01403e-07
-7.85414e-08
-3.70702e-08
1.45193e-07
-5.13305e-06
4.98786e-06
-2.87608e-06
-1.39519e-06
-3.99881e-06
3.91766e-06
8.1151e-08
-3.93759e-06
-6.12204e-08
-1.41524e-06
8.80722e-07
3.71881e-06
9.16088e-08
3.96985e-06
-6.5844e-07
3.93419e-06
-3.92993e-06
-4.26117e-09
-1.05151e-08
-3.64758e-06
3.6581e-06
4.11925e-06
-2.95466e-06
-4.96621e-08
4.08123e-06
2.30609e-06
-6.38732e-06
4.04372e-06
-4.04372e-06
6.26848e-07
3.67218e-06
-1.4272e-06
-2.52636e-06
-3.22425e-06
3.8867e-06
-6.62446e-07
-4.28524e-07
-3.47415e-06
3.72236e-06
-3.73287e-06
-3.56492e-06
5.98589e-08
3.50506e-06
6.84061e-07
-3.61322e-06
2.92916e-06
-3.74121e-06
3.70225e-06
3.89603e-08
2.39042e-06
1.72883e-06
-1.1703e-07
-6.05832e-07
-2.24936e-06
-2.24688e-06
-8.62483e-07
-3.99484e-06
4.08486e-07
-3.69735e-06
3.35063e-06
7.00031e-07
-3.10947e-06
-3.4943e-06
3.25191e-07
-3.56516e-06
2.07146e-06
4.04517e-06
-3.28843e-06
-7.56743e-07
6.90642e-07
3.24625e-06
-2.86101e-06
-1.35595e-06
-3.95657e-06
3.95657e-06
3.95902e-06
-3.80749e-06
-1.51525e-07
2.27795e-07
-3.74937e-06
-3.16773e-06
3.58161e-06
-4.13883e-07
-1.25429e-06
5.81178e-07
3.68768e-06
-3.70571e-06
1.80314e-08
3.87595e-06
4.17122e-08
3.91487e-06
4.41523e-08
5.91328e-06
-3.77322e-06
-1.01464e-07
-3.31111e-06
2.71711e-06
3.71344e-06
6.37809e-08
3.90348e-06
-3.88183e-06
-2.16481e-08
-3.4113e-08
-5.39839e-08
4.08065e-07
-3.34761e-06
2.93954e-06
-1.16888e-07
-5.1247e-06
1.22578e-06
2.74445e-07
-3.44217e-06
-3.73274e-06
3.67575e-06
5.69876e-08
3.72399e-06
-3.33901e-07
-1.73833e-06
-2.31308e-06
-5.21863e-06
3.86619e-07
-2.09474e-06
-6.20257e-07
1.66876e-08
3.83563e-06
-3.41555e-06
-3.67596e-06
-3.68166e-06
9.59959e-08
3.58567e-06
5.19702e-06
7.36301e-07
2.99683e-06
1.5016e-06
3.62521e-06
-1.61359e-06
3.78488e-06
-2.14976e-07
8.68808e-06
-6.38199e-06
-5.9442e-06
-1.90523e-06
-2.04647e-06
-4.83138e-08
4.03657e-06
-3.78204e-06
-2.54529e-07
3.8273e-06
8.75612e-08
4.4243e-07
-3.66668e-06
-2.72101e-06
3.12907e-06
3.7088e-06
3.23676e-08
2.91134e-06
1.28897e-06
3.89147e-06
1.45107e-07
3.88852e-06
-3.83281e-06
-5.57133e-08
-1.75256e-06
-2.47429e-06
-1.75512e-07
3.58013e-06
6.66439e-08
-4.12404e-06
3.22408e-06
-2.54002e-06
-5.45264e-08
8.10301e-08
3.14756e-06
-3.41566e-06
2.68104e-07
5.75389e-07
3.31131e-06
5.27494e-06
-5.12975e-06
1.83535e-06
2.32171e-06
-3.72267e-06
3.67941e-06
4.32631e-08
-8.5536e-08
-2.16546e-06
1.18753e-06
9.77931e-07
-3.903e-08
4.04442e-06
-4.04442e-06
4.57498e-06
-2.6536e-06
-1.92138e-06
-3.34842e-06
-5.65112e-07
2.82606e-06
1.33908e-06
3.86994e-06
2.15214e-08
-3.64758e-06
3.61898e-06
2.31254e-08
-3.6421e-06
2.962e-06
4.12404e-06
-4.0972e-06
1.03917e-07
4.81429e-06
-4.26516e-06
3.727e-06
-3.96741e-06
3.70268e-06
-8.3706e-08
3.34246e-06
-3.61729e-06
3.59839e-06
1.89027e-08
1.68418e-07
2.90365e-06
-3.07207e-06
-3.29027e-06
2.71869e-06
-2.46299e-07
3.44051e-06
4.69669e-07
-3.32896e-08
-3.18387e-06
-5.55323e-07
-4.76963e-06
3.01707e-06
6.01111e-09
-3.62717e-06
-3.86175e-06
-1.83275e-07
5.17107e-06
-2.79127e-06
3.71346e-08
-6.68945e-07
4.11247e-06
-3.44352e-06
-1.75717e-06
-4.08286e-07
3.60281e-06
-3.64128e-06
3.84779e-08
-3.727e-06
3.69819e-06
1.60401e-06
2.28996e-06
-3.89397e-06
3.87414e-06
-7.26579e-07
3.21184e-07
3.44243e-06
3.79957e-06
3.71151e-07
4.14806e-07
5.04413e-07
-4.04448e-06
8.92311e-08
-3.20953e-06
3.65196e-06
-1.85955e-06
2.24617e-06
3.42747e-07
-3.37223e-06
3.02949e-06
-2.77665e-08
6.98163e-08
-3.36275e-06
-3.82718e-06
3.75679e-06
7.03888e-08
-3.67029e-06
3.81865e-07
2.39742e-06
2.17756e-06
-2.066e-06
4.23457e-06
-2.16857e-06
4.24515e-06
-3.96286e-06
-2.82284e-07
1.06646e-07
2.61204e-06
-3.64282e-06
-3.88453e-08
3.69737e-06
5.31489e-09
1.82721e-06
-6.39685e-07
4.70613e-06
-4.23001e-06
3.37098e-06
5.19307e-07
2.11865e-07
-3.75364e-06
5.69775e-07
5.66929e-08
-3.26622e-06
4.19109e-06
-3.38846e-06
3.41709e-06
-2.07907e-07
-3.25333e-06
3.46124e-06
-3.67958e-06
3.83226e-06
-4.5351e-08
-5.57442e-06
4.46596e-07
-2.39392e-08
3.60973e-06
6.9678e-08
-3.40705e-06
-3.7406e-06
3.72526e-06
1.534e-08
4.48065e-06
-2.60399e-06
-1.87666e-06
-3.13867e-06
-2.82206e-07
3.42087e-06
-8.34634e-09
-3.69736e-06
7.9536e-08
-4.0048e-07
3.95081e-06
-3.55033e-06
-3.62169e-06
3.63972e-06
-5.25725e-06
-7.66864e-07
-5.08452e-06
4.95696e-06
1.27563e-07
2.9011e-06
1.47313e-06
3.39507e-06
3.05018e-07
-3.70009e-06
3.60877e-06
-1.48026e-07
2.90874e-06
1.4507e-06
-2.57784e-06
8.20664e-07
-3.64863e-06
3.16878e-06
-3.60578e-06
-4.89797e-06
4.88024e-06
1.77341e-08
4.42237e-06
-3.55048e-06
3.60939e-06
-1.10056e-08
2.22059e-07
-3.36618e-06
3.14412e-06
-5.44165e-08
-4.84355e-06
4.37368e-06
-4.37368e-06
-1.99163e-06
3.7528e-06
-1.76117e-06
-3.61167e-06
3.61167e-06
3.69442e-06
-3.2659e-06
-4.2852e-07
3.43206e-06
8.15516e-07
3.84861e-06
-3.15797e-06
3.8066e-06
-4.25036e-08
-2.97856e-06
-4.77055e-07
3.45561e-06
-4.8384e-06
4.85491e-06
-1.65164e-08
4.46779e-06
-2.68997e-06
-1.77782e-06
6.52213e-07
3.19639e-06
-4.88904e-06
4.86452e-06
2.45145e-08
-1.21075e-09
-3.57099e-08
4.82456e-06
-4.78885e-06
-4.87061e-06
4.87061e-06
-5.79022e-08
3.66071e-06
5.22736e-06
-4.87256e-06
-3.54807e-07
-4.89213e-06
4.85642e-06
4.88776e-06
-4.86292e-06
-2.48353e-08
-3.56093e-06
-8.03506e-08
4.16624e-06
-5.57269e-08
4.85546e-06
-4.79973e-06
4.85695e-06
-4.86612e-06
9.1643e-09
-3.67174e-06
4.83162e-06
-7.06051e-09
-3.73643e-06
3.70315e-06
3.32746e-08
-4.83073e-06
4.84822e-06
-1.74934e-08
3.7e-06
-3.60401e-06
-4.8792e-06
4.82347e-06
3.74241e-06
-1.1903e-06
1.78251e-06
2.32996e-06
-2.70477e-06
-2.06485e-06
-4.86229e-06
4.86229e-06
-4.88456e-06
-7.57203e-09
4.52156e-06
-8.28948e-07
-3.69262e-06
-3.18572e-06
2.1648e-06
1.21728e-07
4.83944e-06
-4.85446e-06
1.50237e-08
3.56175e-06
-3.55917e-06
-2.58479e-09
4.99021e-06
-4.86053e-06
-1.29673e-07
4.81417e-06
2.52683e-08
4.80531e-06
5.01455e-08
-9.95952e-09
-3.60171e-06
-4.45649e-06
2.45204e-06
2.00445e-06
-3.59666e-06
3.61979e-06
4.82949e-06
-1.53226e-08
5.06706e-07
3.27818e-06
2.59778e-06
-9.93774e-07
-4.87221e-06
-6.9833e-09
3.9732e-06
2.35749e-06
-4.01671e-06
-6.12529e-07
-4.96189e-06
3.62601e-06
-3.64758e-06
2.15765e-08
-1.68182e-07
-4.91634e-06
3.7756e-06
-4.21168e-08
4.19691e-06
-2.87067e-06
-1.32624e-06
-3.63359e-06
4.83689e-06
-4.83689e-06
3.46261e-06
4.62466e-08
-3.50886e-06
3.72586e-06
-4.84707e-06
4.84069e-06
6.37835e-09
4.81266e-06
-4.85914e-06
4.64833e-08
3.06133e-06
-4.05309e-06
-1.29583e-08
-4.81295e-06
4.8259e-06
4.80183e-06
-4.81478e-06
-1.60278e-07
5.11723e-06
-3.84236e-06
4.16338e-06
-4.35293e-06
3.01939e-06
-7.65039e-08
4.95674e-06
4.16577e-07
2.14646e-06
4.24398e-08
4.47912e-06
-1.34138e-08
3.87639e-06
-3.86297e-06
-3.30863e-08
-4.85862e-06
-3.042e-08
3.98948e-06
-3.99958e-07
-3.58952e-06
-4.82635e-06
4.82635e-06
2.83246e-06
-2.43803e-06
-4.86632e-06
4.85354e-06
1.27821e-08
3.71672e-06
-3.71672e-06
3.61753e-06
-5.57759e-08
4.83295e-06
-4.84071e-06
7.76692e-09
-4.6666e-06
1.27639e-06
4.36652e-09
-3.58994e-06
3.58558e-06
3.89351e-06
-3.24976e-08
4.84299e-06
4.47733e-08
2.93815e-06
5.01263e-07
-3.43941e-06
4.85788e-06
-2.62613e-08
3.77485e-06
-3.77485e-06
4.82703e-06
-4.81021e-06
-1.68257e-08
-3.6917e-06
3.66388e-06
2.78257e-08
4.86387e-06
-4.84915e-06
-1.4719e-08
-4.83439e-06
4.83439e-06
7.21874e-07
3.38568e-06
1.14477e-07
-3.50015e-06
-4.86672e-06
4.85402e-06
1.26927e-08
-1.80685e-08
-3.64482e-06
3.62354e-06
2.46783e-09
4.52304e-06
-8.53477e-07
-3.66956e-06
3.12525e-06
4.81477e-06
-4.82808e-06
1.33096e-08
3.72177e-06
3.97414e-06
5.60255e-08
3.40659e-06
4.93715e-06
-9.41642e-08
4.79887e-06
1.58951e-08
3.53203e-06
-3.53203e-06
-1.85955e-06
4.88273e-06
-4.84431e-06
-1.48327e-08
4.84189e-06
-4.82368e-06
-1.82115e-08
9.48985e-08
-4.93382e-06
4.83892e-06
5.07663e-07
-4.88134e-06
-4.85791e-06
4.84952e-06
8.39447e-09
3.5074e-06
-3.5052e-06
-2.1983e-09
3.69442e-06
-3.26027e-06
3.26027e-06
4.80865e-06
-9.77592e-09
-3.60515e-06
-3.36618e-06
3.39507e-06
3.7413e-06
-3.90494e-08
-1.09916e-08
3.83396e-07
-4.77571e-06
4.84103e-06
-4.84263e-06
1.60058e-09
1.15353e-07
3.39205e-06
1.11883e-07
3.8776e-06
3.64513e-06
-2.7602e-08
-4.84715e-06
4.84147e-06
5.68548e-09
4.80439e-06
-4.81793e-06
1.35455e-08
-4.84269e-06
-2.36315e-08
4.82962e-06
-4.81687e-06
-1.27426e-08
3.64695e-06
6.97727e-08
4.83251e-06
2.1026e-08
-6.12867e-09
4.82178e-06
1.96865e-08
-7.34341e-10
-3.57258e-06
-4.89524e-06
5.16889e-08
-3.62282e-06
3.62282e-06
4.56841e-08
4.47735e-06
-3.68167e-06
7.03115e-07
2.54663e-08
4.83149e-06
2.01758e-07
-3.48409e-06
3.28233e-06
3.37824e-08
4.83683e-06
4.61483e-06
-5.03283e-06
3.64417e-06
1.30681e-07
4.80183e-06
-3.69934e-08
3.42267e-06
-3.52227e-06
1.70632e-08
3.47121e-06
-5.33056e-07
-4.81383e-06
4.81383e-06
-4.83957e-06
-2.71446e-08
3.2659e-06
-3.38346e-06
1.17557e-07
-4.83683e-06
3.56435e-06
-3.55999e-06
4.83014e-06
2.38814e-08
-4.83234e-06
-4.29925e-06
2.99237e-06
-4.85309e-06
4.84498e-06
8.10508e-09
3.29806e-06
3.10708e-07
3.58994e-06
2.17291e-08
-4.79818e-06
4.83119e-06
-3.30102e-08
-3.64629e-06
3.61404e-06
3.2253e-08
-4.81353e-06
1.53536e-08
3.63051e-06
-6.96915e-09
2.00144e-07
-3.75272e-06
3.55257e-06
4.81246e-06
-4.83383e-06
2.13668e-08
3.91465e-06
-4.09793e-06
4.81192e-06
-4.81139e-06
-5.30424e-10
-3.0738e-06
3.0738e-06
-3.78572e-06
3.78572e-06
-4.80637e-06
-7.16371e-09
-2.24617e-06
2.66275e-06
-4.82018e-06
4.81308e-06
7.10062e-09
3.77347e-08
4.82456e-06
3.0055e-06
-2.66275e-06
-3.0055e-06
3.17392e-06
3.18997e-06
-3.66703e-06
4.40487e-06
-2.60919e-06
-1.79568e-06
-4.8374e-06
-2.05189e-08
-6.9618e-07
-3.17392e-06
3.8701e-06
4.83131e-06
1.82056e-08
-3.6607e-06
3.39173e-06
4.84524e-06
-4.83543e-06
-9.80565e-09
-4.81672e-06
-3.62792e-06
3.64552e-06
-1.13488e-07
-1.29368e-08
4.84243e-06
4.82202e-06
-3.58558e-06
-4.93704e-06
-2.89799e-06
3.70009e-06
-8.02097e-07
-4.79555e-06
-1.73975e-08
4.81588e-06
5.90411e-09
2.80832e-06
-2.8695e-06
6.11756e-08
5.55187e-09
3.38346e-06
-3.51985e-06
1.36392e-07
2.22491e-06
2.25574e-06
-4.83523e-06
-1.78625e-08
-3.66297e-06
4.7947e-06
-4.79067e-06
-4.02323e-09
4.82941e-06
1.55725e-08
-4.84344e-06
4.83822e-06
5.21728e-09
3.70284e-06
3.64695e-06
-4.80702e-06
4.79646e-06
1.05666e-08
4.84094e-06
-4.83879e-06
-2.14955e-09
-3.60061e-06
3.64417e-06
4.80475e-06
-4.80475e-06
1.91888e-08
4.84534e-06
-3.03373e-06
-6.47942e-07
4.81478e-06
-2.31914e-09
-6.17995e-07
3.28829e-06
-2.67029e-06
4.80246e-06
-4.79831e-06
-4.15535e-09
1.47286e-08
4.82216e-06
4.79371e-06
-4.79801e-06
4.29218e-09
-4.84983e-06
-4.83234e-06
-2.91117e-06
4.19013e-09
4.8365e-06
-5.13718e-09
-4.81949e-06
4.82463e-06
-4.80506e-06
4.79455e-06
1.05116e-08
-4.83502e-06
-8.41312e-09
-3.65982e-06
-3.53499e-06
1.27258e-08
4.83006e-06
8.15987e-09
-4.80069e-06
4.79866e-06
2.02974e-09
-4.80398e-06
1.81098e-08
4.78587e-06
4.83359e-06
1.16448e-08
-4.81862e-06
-1.68133e-08
-3.51536e-06
-1.66762e-08
4.83123e-06
-4.83419e-06
2.96066e-09
4.80276e-06
-4.8079e-06
-4.81246e-06
4.80581e-06
6.64499e-09
4.80046e-06
-4.79657e-06
-3.88781e-09
3.61972e-06
3.10001e-09
4.83281e-06
8.13241e-09
-4.82605e-06
-1.27465e-08
-4.84373e-06
3.64552e-06
-4.80304e-06
4.79345e-06
9.59741e-09
3.18812e-06
-3.39603e-06
-4.78949e-06
4.80748e-06
-1.79904e-08
4.80437e-06
-4.81155e-06
7.18449e-09
-1.17934e-08
-4.83037e-06
-4.65236e-09
-1.25494e-08
-4.26471e-06
3.02534e-06
-8.25605e-09
4.80276e-06
-7.98487e-09
-5.1661e-09
-4.83444e-06
4.06768e-09
1.84983e-06
4.06072e-06
-5.91055e-06
-1.00043e-06
4.83123e-06
-7.49027e-13
-4.82216e-06
8.94311e-09
4.81741e-06
-4.82502e-06
-9.1658e-09
-3.63165e-06
-4.83925e-06
4.81006e-09
1.69792e-08
4.81597e-06
-7.3804e-10
2.29306e-08
-4.75743e-06
4.7345e-06
4.83792e-06
-4.83547e-06
-2.45571e-09
-3.69656e-06
6.62826e-07
4.8286e-06
-4.82015e-06
-8.45039e-09
-4.83177e-06
-3.58299e-06
-1.8895e-07
4.79945e-06
-4.79565e-06
-3.79827e-09
2.52644e-08
-4.76195e-06
4.73668e-06
-4.8367e-06
4.82769e-06
9.01306e-09
-3.65703e-06
3.62662e-06
3.04113e-08
4.21953e-09
-4.83664e-06
-2.606e-09
-3.67855e-06
7.63309e-07
2.91524e-06
-4.83035e-06
-6.35296e-09
4.83631e-06
1.61192e-09
-4.82839e-06
-7.07937e-09
-1.92936e-08
-4.83697e-06
3.31103e-10
-3.47853e-06
-4.03892e-07
3.88242e-06
2.78058e-06
2.03308e-08
-4.81741e-06
3.62758e-06
-1.3538e-08
-4.79922e-06
4.79922e-06
-9.2836e-09
4.834e-06
2.30867e-09
-3.83609e-09
7.54824e-09
7.78512e-09
4.83583e-06
-1.82452e-09
2.84304e-09
4.83456e-06
-4.83461e-06
4.57693e-11
3.48935e-06
-3.48935e-06
-4.82458e-06
4.8142e-06
1.03806e-08
4.80726e-06
-4.80234e-06
-4.92218e-09
-6.79791e-09
4.83281e-06
3.01935e-09
4.83303e-06
1.52981e-09
-1.79898e-09
4.83345e-06
4.82879e-06
-4.83145e-06
2.6608e-09
-4.87541e-06
-4.81335e-06
-1.1232e-08
3.72134e-06
-4.55887e-08
4.82448e-06
4.30832e-09
4.04017e-08
4.82814e-06
-4.82285e-06
-5.28976e-09
-3.44856e-06
3.44856e-06
2.71224e-08
4.80726e-06
-4.7984e-06
4.80612e-06
-7.72285e-09
4.82712e-06
1.01866e-09
3.54794e-08
3.60965e-06
4.82141e-06
-4.81957e-06
-1.83992e-09
-4.78335e-06
-1.50464e-08
4.80786e-06
-4.81179e-06
3.93186e-09
4.81828e-06
3.1233e-09
4.82719e-06
5.84288e-09
-4.78251e-08
-4.77167e-06
-7.52216e-09
-4.25329e-07
-3.24135e-06
4.80025e-06
-4.8049e-06
4.65653e-09
1.43408e-07
3.34594e-06
4.8208e-06
-4.81626e-06
-4.53317e-09
-4.26623e-09
-8.28801e-08
-4.00804e-06
4.09092e-06
-3.49178e-06
3.53167e-06
-3.98855e-08
-4.7777e-06
4.77924e-06
-1.54422e-09
4.81522e-06
5.57651e-09
-4.80095e-06
-3.0003e-06
4.85013e-06
4.81713e-06
-4.81028e-06
-6.85234e-09
-4.82179e-06
4.8219e-06
-1.18378e-10
4.808e-06
-4.80365e-06
-4.35038e-09
-4.67889e-07
-4.12395e-06
4.59184e-06
4.81216e-06
4.96554e-09
-4.78139e-06
3.69108e-09
4.81783e-06
-4.81166e-06
-6.16527e-09
3.61972e-06
-3.70706e-06
3.70706e-06
4.81603e-06
-4.80695e-06
-9.07974e-09
-9.32769e-09
4.81798e-06
-7.58536e-09
-3.62467e-06
4.80921e-06
6.81418e-09
-4.82134e-06
-9.01438e-09
-4.77402e-06
4.77657e-06
-2.55597e-09
4.82187e-06
2.61725e-09
8.16459e-08
4.77327e-06
-9.81635e-10
4.81739e-06
1.22318e-08
3.60846e-06
1.9117e-08
5.68247e-10
-4.77876e-06
4.74702e-09
3.67822e-07
1.34041e-08
1.5534e-07
4.80351e-06
-4.80801e-06
4.50032e-09
-4.76895e-06
4.77452e-06
-5.5644e-09
8.59869e-08
-3.61381e-06
3.52782e-06
6.45942e-07
-3.76397e-06
3.11803e-06
1.37853e-06
3.41332e-06
-3.41332e-06
4.80016e-06
-4.80016e-06
-3.94884e-06
2.20205e-09
-4.80922e-06
3.68361e-06
4.81627e-06
1.08464e-08
-9.07755e-07
-1.68935e-06
2.59711e-06
-4.77594e-06
6.98943e-09
-4.77855e-06
-1.55268e-07
2.04216e-06
-3.3692e-06
1.32704e-06
-3.29288e-09
3.2697e-08
4.77479e-06
1.16715e-08
3.61884e-06
-4.82316e-06
1.01589e-08
4.80367e-06
3.06434e-06
-3.73909e-06
6.74747e-07
3.11774e-06
-1.07558e-06
-6.01497e-09
-4.79904e-06
4.82389e-06
-4.7912e-06
-4.81002e-06
-4.76266e-06
4.75813e-06
4.52634e-09
1.08226e-09
4.81199e-06
4.79517e-06
4.99227e-09
4.38174e-06
-2.90862e-06
-1.47311e-06
-1.65296e-08
3.6607e-06
4.81066e-06
7.62221e-09
4.38021e-06
-4.8481e-06
3.26112e-08
4.77465e-06
-5.68011e-09
-4.79736e-06
-4.76826e-06
5.60187e-09
-3.50206e-06
1.02778e-08
3.68024e-06
-2.95099e-06
-7.29247e-07
4.78659e-06
-4.787e-06
4.05098e-10
-5.60424e-09
1.3815e-06
-1.9415e-06
-1.81837e-06
3.75987e-06
4.79554e-06
-4.80291e-06
7.36972e-09
3.81797e-06
-3.77172e-06
-1.2867e-08
3.65982e-06
-3.14266e-06
2.2349e-06
4.79069e-06
-4.7955e-06
4.80615e-09
4.81827e-06
-4.78566e-06
-3.60952e-06
1.20174e-07
-3.62342e-06
3.61865e-06
4.76353e-09
3.51985e-06
-3.60273e-06
7.65446e-08
4.77167e-06
-3.65714e-06
3.54523e-06
-1.29198e-07
4.81076e-06
-4.80493e-06
-5.83166e-09
3.74538e-06
-3.57725e-06
-1.68126e-07
4.79517e-06
-2.89984e-09
-4.79779e-06
-3.54659e-06
1.1596e-08
4.44847e-07
2.72434e-06
-3.16919e-06
-4.75657e-06
4.75141e-06
5.16639e-09
4.78756e-06
1.68136e-08
-3.0317e-06
-6.35323e-07
3.49334e-08
4.77306e-06
4.80275e-06
-4.814e-06
1.12476e-08
4.7969e-06
-8.85137e-09
-4.78182e-06
-3.74838e-06
-6.32215e-07
4.80523e-06
9.99245e-09
5.10965e-06
-1.04894e-06
-2.92035e-08
4.80053e-06
-4.77132e-06
4.79831e-06
4.43772e-09
-4.76338e-06
6.80564e-09
-4.77706e-06
-3.43266e-08
-9.1431e-09
4.73633e-06
-4.72718e-06
6.24291e-09
4.79851e-06
4.81891e-06
-4.78397e-06
-4.80367e-06
-1.74447e-08
3.66297e-06
-5.04818e-09
3.63279e-06
-1.86657e-07
-3.44613e-06
4.90481e-08
3.58374e-06
-4.74311e-06
4.73396e-06
-4.80294e-06
-1.04096e-08
3.04891e-06
6.31326e-07
-1.81314e-08
3.71467e-06
-3.69654e-06
-3.07796e-06
-2.5741e-06
3.01895e-06
-4.01415e-06
4.96998e-07
3.51716e-06
4.79645e-06
3.67059e-09
-4.80198e-06
4.77791e-08
4.77611e-06
4.78927e-06
-4.78999e-06
7.12633e-10
4.79974e-06
-4.78544e-06
-1.42986e-08
-4.80622e-06
3.18403e-09
-6.90938e-09
-3.6269e-06
3.6338e-06
7.11504e-10
4.8051e-06
-3.33347e-06
9.76088e-07
-4.79997e-06
4.79725e-06
2.71191e-09
-4.74989e-06
4.74421e-06
5.67168e-09
4.71345e-08
3.92371e-06
-3.80923e-06
2.8777e-06
-6.93794e-08
-2.50167e-08
4.80322e-06
-4.7782e-06
-4.28235e-06
2.34085e-06
4.79478e-06
4.24693e-09
-4.80081e-06
4.79976e-06
1.24074e-08
-4.48553e-06
4.47216e-08
4.44081e-06
7.53935e-09
-4.75742e-06
4.7903e-06
-4.78526e-06
-5.03225e-09
-1.52228e-07
4.81863e-06
-4.6664e-06
-7.19231e-09
-9.85702e-07
4.5096e-06
-3.52389e-06
-3.60952e-06
-3.99727e-06
4.79331e-06
-2.61962e-09
4.21794e-08
4.77609e-06
4.6739e-06
4.83873e-06
-4.83524e-06
-3.49044e-09
4.5088e-10
-3.63345e-06
3.633e-06
-4.79609e-06
4.79283e-06
3.26053e-09
9.69751e-08
-3.61233e-06
3.51536e-06
4.80242e-06
-4.80044e-06
-1.98219e-09
-3.71838e-06
3.70025e-06
4.7883e-06
-4.78461e-06
-3.69236e-09
1.34468e-08
4.7863e-06
-5.34862e-08
4.81377e-06
-4.79913e-06
4.8464e-08
-3.53932e-06
4.79892e-06
-4.79808e-06
-8.37183e-10
4.79655e-06
2.80041e-09
-4.79845e-06
4.77198e-06
1.01141e-08
-4.78209e-06
1.1475e-09
4.79952e-06
-4.78608e-06
-1.14769e-08
-3.63428e-06
3.64575e-06
2.57755e-06
-3.79214e-06
1.21459e-06
-8.05948e-07
-3.67959e-06
-3.52539e-06
-7.91651e-07
-3.09315e-06
-4.79364e-06
2.76993e-08
4.76594e-06
-3.65636e-06
3.63428e-06
2.2087e-08
-1.11273e-06
-2.94036e-06
-4.79111e-06
4.27707e-06
-4.78121e-06
4.78965e-06
-8.44088e-09
-3.99566e-06
3.96773e-07
3.59889e-06
3.8163e-06
-2.93233e-06
-8.83969e-07
-4.798e-06
9.64395e-09
4.78836e-06
3.64041e-06
-3.59474e-06
1.00584e-08
4.78024e-06
-4.79851e-06
4.88346e-09
4.79434e-06
4.7936e-06
1.5614e-08
-8.00699e-10
-4.7972e-06
-1.55838e-08
-4.78438e-06
-4.78603e-06
3.63619e-06
-3.59146e-06
-2.03994e-08
1.02517e-06
3.17174e-06
-3.28146e-06
3.28146e-06
4.17002e-08
4.77721e-06
-5.43855e-06
-4.42443e-06
4.42488e-06
4.80013e-06
3.6335e-06
-3.60696e-06
-4.79279e-06
4.77721e-06
-4.05143e-06
4.1484e-06
4.78942e-06
-4.78523e-06
-4.18677e-09
5.82115e-09
4.79443e-06
-4.85047e-06
3.64949e-06
-3.66097e-06
-4.7914e-06
8.0478e-09
1.80501e-06
4.80315e-06
-4.79731e-06
-5.83502e-09
-4.80002e-06
4.78966e-06
-4.78566e-06
-3.9948e-09
-4.78886e-06
-4.78042e-09
4.77866e-06
-4.76401e-06
-3.66368e-06
4.40397e-06
4.78552e-06
-4.78396e-06
-1.55943e-09
-8.45433e-09
4.78043e-06
-3.65636e-06
3.16925e-06
-3.43451e-06
2.65263e-07
-5.89704e-06
5.89704e-06
4.79786e-06
4.79879e-06
-1.21609e-08
8.05971e-09
-4.79736e-06
4.8141e-06
-1.67429e-08
4.78821e-06
-4.78419e-06
-4.01214e-09
-3.9732e-06
3.78425e-06
1.48295e-08
4.7857e-06
-4.79793e-06
1.29739e-08
4.78496e-06
-4.78385e-06
4.79419e-06
-4.78778e-06
-3.67435e-06
-4.79395e-06
1.60366e-08
4.77792e-06
-3.67954e-06
-1.0374e-08
3.59078e-06
-3.61775e-06
2.69727e-08
4.78192e-06
-4.78595e-06
4.03063e-09
8.87141e-08
-4.79388e-06
4.78592e-06
7.9593e-09
4.7909e-06
-3.51302e-06
-3.4885e-06
-5.80849e-08
4.797e-06
-4.797e-06
-2.44134e-08
3.64414e-06
-4.79434e-06
4.78731e-06
-4.78331e-06
-4.0039e-09
4.79625e-06
-2.67562e-08
-4.79012e-06
-3.56638e-06
-4.41656e-07
-3.65789e-06
2.86518e-06
-3.20034e-06
3.35157e-07
-7.17148e-07
-3.09496e-06
3.81211e-06
4.77849e-06
-4.76583e-06
3.09915e-06
-3.61381e-06
-1.03499e-08
-4.78765e-06
4.78989e-06
-4.78592e-06
-3.97419e-09
3.67988e-06
-3.69832e-06
-1.01139e-06
-6.68858e-07
1.68025e-06
-3.81702e-06
3.84917e-06
3.69318e-06
-3.64414e-06
-1.44151e-08
-3.58152e-06
3.59594e-06
-1.74995e-08
-3.55392e-06
3.57142e-06
1.20058e-08
-3.72505e-06
3.71304e-06
3.40848e-08
-3.73998e-06
3.7059e-06
1.72792e-08
-3.66435e-06
3.64707e-06
-6.9211e-09
-3.58657e-06
3.59349e-06
-7.81766e-09
-3.58358e-06
3.5914e-06
2.15648e-06
-1.45317e-06
-7.03313e-07
3.1813e-06
2.3413e-08
4.7798e-06
3.50656e-06
-3.52739e-06
2.08296e-08
1.12622e-08
-4.788e-06
4.77673e-06
4.80042e-06
-4.80042e-06
4.73684e-06
-1.04985e-09
-4.73579e-06
-1.60142e-08
-4.77677e-06
4.78696e-06
-4.78279e-06
-4.17066e-09
-2.97543e-06
-3.90653e-06
-8.9137e-08
3.137e-06
6.08376e-07
4.7966e-06
-4.7901e-06
-6.49515e-09
-3.65113e-06
3.79452e-06
1.59131e-08
4.78361e-06
-2.63211e-06
-1.65025e-06
3.59846e-08
3.43636e-06
-3.47235e-06
-2.45381e-06
-4.15687e-07
-8.23337e-07
-5.09493e-07
1.33283e-06
3.60191e-06
3.60247e-06
3.75969e-06
3.75995e-06
3.73377e-06
3.68534e-06
-1.68306e-08
-3.61113e-06
3.62796e-06
3.61347e-06
-5.00443e-09
-1.42287e-06
4.7885e-06
-4.77724e-06
-1.18446e-07
3.85172e-06
-4.80291e-06
-3.27863e-06
4.05427e-06
4.73064e-06
3.94594e-09
-4.73458e-06
4.80673e-06
-9.72911e-09
-4.79638e-06
1.72364e-08
4.77914e-06
-3.61738e-06
-3.6269e-06
3.62613e-06
-3.64296e-06
-3.3003e-06
3.98585e-06
-6.85551e-07
-8.57676e-09
-4.78538e-06
2.50124e-06
-3.11924e-06
7.90541e-09
-4.79317e-06
-4.78751e-06
-1.27339e-06
-1.86927e-06
-4.77894e-06
-9.05544e-09
3.66919e-06
1.14509e-06
2.79104e-06
4.78231e-06
-4.77862e-06
-3.68806e-09
3.64513e-06
-2.4138e-06
-1.23133e-06
-1.73592e-06
9.12584e-07
-2.01222e-06
4.35308e-06
-1.74445e-06
3.62621e-06
-1.88176e-06
1.53575e-09
4.79401e-06
-4.76121e-06
4.78564e-06
-4.78844e-06
2.79267e-09
-2.71038e-06
1.15572e-06
1.55466e-06
-1.59867e-08
-3.61011e-06
3.62609e-06
5.01252e-06
-2.21875e-06
-2.79378e-06
3.53052e-09
4.73331e-06
-1.04193e-06
-1.66845e-06
-3.49736e-06
3.53334e-06
2.98388e-06
1.97417e-07
-3.48073e-06
-7.36317e-09
-3.61499e-06
3.62235e-06
3.73398e-06
-3.61863e-06
-2.22313e-06
-8.43064e-07
3.06619e-06
-4.77836e-06
4.77974e-06
-1.38158e-09
-3.53308e-06
3.58154e-06
4.78362e-06
-4.78672e-06
-3.1983e-06
-8.31691e-08
-4.81923e-06
4.80102e-06
-2.4951e-06
3.60993e-09
4.78604e-06
4.17418e-06
-2.30693e-06
-1.86725e-06
3.53311e-06
-6.67922e-07
3.94752e-06
-5.11162e-07
3.62046e-06
-3.63645e-06
4.77713e-06
-4.77733e-06
1.9774e-10
3.62421e-06
-3.63157e-06
4.39246e-09
-4.77466e-06
4.77026e-06
-2.01398e-06
-4.81123e-07
9.53734e-09
-3.67322e-06
-4.78816e-06
6.77061e-09
3.1983e-06
-3.38431e-06
1.86019e-07
-5.19675e-07
3.91172e-06
-1.83207e-08
-3.54806e-06
3.59938e-06
3.68054e-08
4.78241e-06
-4.77931e-06
-3.10546e-09
5.79374e-09
4.78938e-06
2.42973e-06
-3.61585e-06
3.62539e-06
2.35281e-06
-1.3719e-08
-4.78266e-06
-1.82676e-06
-1.39774e-06
3.2245e-06
-3.4569e-06
-3.15977e-08
3.25678e-06
-2.93608e-06
-3.20699e-07
-6.51326e-07
3.78832e-06
-3.13699e-06
4.7855e-06
-4.78181e-06
-3.69683e-09
6.40253e-09
4.78302e-06
3.18038e-08
3.64644e-06
-3.67824e-06
3.13003e-09
-4.78836e-06
-3.5806e-06
3.59219e-06
4.78376e-06
-4.78909e-06
5.32504e-09
4.80673e-06
-2.02292e-08
-3.34436e-06
-1.4678e-07
3.49115e-06
-4.81609e-06
-1.83806e-09
4.70465e-08
-3.67046e-06
-4.90849e-06
4.78181e-06
-4.77742e-06
-3.06992e-06
6.57586e-09
-1.15868e-08
-4.78023e-06
4.78264e-06
5.56465e-09
-4.98747e-06
7.69944e-10
-4.78496e-06
-2.16458e-07
-2.69021e-06
1.00086e-06
-4.79525e-06
4.79525e-06
-3.02222e-06
3.68915e-06
-6.66926e-07
4.80443e-06
-2.86579e-06
3.57255e-06
-7.06757e-07
-3.08971e-06
3.73977e-06
-6.50066e-07
-3.58894e-06
-5.28387e-08
3.69801e-06
-3.64517e-06
-3.11951e-06
3.02792e-06
-7.93019e-07
4.78898e-06
-4.79528e-06
6.30376e-09
4.78818e-06
-4.79449e-06
6.30297e-09
4.7849e-06
-4.79168e-06
6.77536e-09
-5.23177e-09
-4.78865e-06
-2.87637e-06
3.63096e-06
-7.54594e-07
4.78639e-06
-4.78271e-06
-3.68236e-09
4.78503e-06
6.76214e-07
-3.83418e-06
4.78223e-06
5.08561e-09
-4.78442e-06
1.11558e-09
1.12357e-06
4.78421e-06
-4.78821e-06
3.99894e-09
9.88641e-08
3.59432e-06
-3.69318e-06
-3.51575e-06
-1.73261e-08
3.53308e-06
-4.79454e-06
-4.7841e-06
4.77792e-06
6.17441e-09
3.64584e-06
-3.59879e-06
-4.78767e-06
4.78171e-06
5.9625e-09
-3.54313e-06
3.39727e-06
1.45862e-07
-4.78823e-06
4.78243e-06
5.80116e-09
4.79576e-06
-4.78993e-06
-5.82989e-09
-3.58744e-06
3.61924e-06
-3.86902e-06
-2.08619e-06
-3.92996e-06
-8.15718e-07
3.9497e-06
-3.13399e-06
4.77795e-06
-1.33491e-08
-4.77126e-06
-3.61233e-06
3.84525e-09
-4.7899e-06
4.78605e-06
-3.8255e-06
3.63885e-06
7.62778e-09
4.79129e-06
4.78107e-06
5.88288e-09
-4.78402e-06
1.23056e-09
-3.77942e-07
-1.35798e-06
-3.65766e-06
3.60482e-06
-3.80732e-06
6.60906e-07
3.14642e-06
-1.27962e-06
-1.4106e-06
-3.63345e-06
3.79457e-06
5.87167e-07
1.18438e-09
4.77952e-06
-4.7807e-06
3.60273e-06
-3.62105e-06
-4.79229e-06
4.81517e-06
-4.80162e-06
-1.19897e-06
-1.00988e-06
2.20885e-06
-3.41088e-06
-1.2844e-07
-4.81791e-06
7.70719e-09
-1.26039e-07
-3.6164e-06
3.61011e-06
6.29061e-09
3.96166e-06
-3.77925e-07
4.78687e-06
-4.7825e-06
-4.37289e-09
4.78054e-06
1.77589e-09
-4.78337e-06
4.74545e-09
4.78415e-06
-4.78574e-06
1.58062e-09
-4.0616e-09
2.39369e-09
-4.80401e-06
-3.53334e-06
-7.61803e-08
1.37075e-07
-3.95757e-06
-2.50974e-08
4.80223e-06
-4.85085e-06
-1.42244e-09
-4.77323e-06
-3.91465e-06
3.79621e-06
4.64884e-10
3.50609e-06
-3.61801e-06
3.61499e-06
3.01659e-09
-3.11749e-06
-6.4648e-07
3.65896e-06
3.43606e-06
-3.58284e-06
4.78263e-06
-4.78174e-06
-3.70278e-06
3.62077e-06
-3.21498e-06
-1.69351e-06
4.78108e-06
-3.09588e-09
-4.78257e-06
4.38021e-06
-3.64819e-06
4.8381e-07
3.16438e-06
7.52268e-07
-3.66089e-06
5.74108e-07
4.69584e-08
6.22553e-07
-3.79829e-06
3.17574e-06
7.2559e-07
-4.46627e-06
3.74068e-06
4.78136e-06
4.14511e-09
-4.6076e-09
-4.78239e-06
5.94345e-07
-3.75022e-06
3.15588e-06
-4.78318e-06
1.37677e-09
5.0392e-08
3.56826e-06
-4.06405e-06
-4.01662e-06
5.59713e-07
-3.3082e-06
3.61113e-06
-3.62307e-06
1.19398e-08
-1.53806e-08
-4.78012e-06
1.67546e-08
4.77175e-06
-2.7916e-06
-2.66745e-06
3.63284e-06
-3.63284e-06
-3.51575e-06
-3.42821e-06
-3.65113e-06
-4.75768e-06
-1.09038e-08
4.76858e-06
-3.32766e-06
-3.29477e-07
6.7624e-07
3.14838e-06
-3.82462e-06
7.15358e-07
2.99373e-06
-3.70908e-06
6.5584e-07
-3.8949e-06
3.23906e-06
3.50101e-06
3.79694e-06
-3.12073e-06
3.78425e-06
3.97383e-06
-3.49908e-06
3.52063e-06
-3.64667e-06
4.78619e-06
-4.78244e-06
-3.74406e-09
-4.63274e-06
-3.62054e-06
4.78065e-06
5.74237e-09
-4.78327e-06
5.63169e-10
4.78058e-06
-2.11678e-07
4.78165e-06
-4.78655e-06
4.89501e-09
4.78983e-06
-4.77004e-06
7.87766e-08
-2.96722e-06
2.88844e-06
3.43577e-09
3.67645e-06
3.45409e-08
3.93929e-06
4.06053e-06
-3.45446e-06
-2.89769e-06
-7.50498e-07
2.42789e-07
3.29032e-06
-3.70425e-06
-4.78499e-06
4.78549e-06
-4.92628e-10
3.71838e-06
-3.79621e-06
7.78221e-08
-3.78972e-06
6.72227e-07
-5.18316e-06
7.21605e-07
4.46156e-06
4.78732e-06
2.28465e-06
3.18484e-06
4.79063e-06
-4.79063e-06
-1.66929e-06
5.94081e-09
3.59432e-06
-3.6632e-06
1.60973e-08
3.6471e-06
-4.78278e-06
-4.78938e-06
4.78063e-06
6.24478e-09
-4.78261e-06
1.13683e-10
4.77617e-06
-1.20902e-10
-4.7858e-06
-3.73658e-06
3.3801e-08
3.72602e-06
-3.13168e-06
-2.85704e-06
3.50666e-06
-4.79567e-06
3.88289e-06
-3.13062e-06
3.74177e-06
-3.11922e-06
3.84677e-06
-3.12118e-06
-5.13374e-09
4.7836e-06
-4.80274e-06
3.65404e-06
-3.60365e-06
-3.51719e-06
3.51765e-06
-4.77271e-06
-2.22175e-09
4.77493e-06
7.8822e-07
3.63666e-06
-9.78152e-09
-4.7802e-06
6.3598e-08
3.5699e-06
-2.30081e-06
1.76272e-06
5.38091e-07
-3.6164e-06
3.76129e-06
-3.08504e-06
3.78831e-06
-3.07295e-06
3.79187e-06
-3.13603e-06
3.62784e-06
4.35407e-08
-4.06016e-06
4.8481e-06
-4.6473e-06
-5.35864e-07
3.63625e-06
-3.63625e-06
3.21158e-06
-4.8724e-07
-2.22754e-06
1.74641e-06
3.15517e-06
6.33145e-07
4.78151e-06
4.68127e-09
4.82834e-06
-4.79548e-06
-3.28553e-08
-4.78294e-06
4.98334e-10
-4.78626e-06
4.78002e-06
-4.78392e-06
3.90005e-09
-3.62641e-06
4.48893e-08
-3.6207e-06
6.67857e-08
-3.62732e-06
-9.77295e-08
-3.59747e-06
-1.42508e-07
-3.73557e-06
7.12156e-08
-3.68156e-06
9.49903e-08
-3.67332e-06
8.97388e-08
-6.5838e-09
4.77846e-06
-4.77187e-06
-4.78639e-06
7.63132e-09
-1.03702e-08
4.8171e-06
4.78044e-06
-4.78621e-06
5.76671e-09
-4.35579e-06
8.30397e-07
-4.02047e-09
3.06013e-06
1.2447e-07
-3.8501e-06
3.72563e-06
-4.17191e-06
2.65384e-07
4.78877e-06
-4.78483e-06
-3.23386e-06
3.43128e-06
3.2978e-09
-4.78829e-06
4.77487e-06
6.93393e-09
3.62529e-06
-3.62529e-06
-3.49736e-06
2.24085e-06
3.23546e-06
8.98374e-10
-4.77823e-06
-3.61801e-06
-2.13013e-08
-2.32906e-06
8.64684e-06
-6.31778e-06
-2.83042e-06
-3.51132e-06
6.34174e-06
-4.77772e-06
4.7777e-06
1.75192e-11
3.63738e-06
-3.63395e-06
3.52671e-06
-3.49216e-06
-3.62235e-06
3.62289e-06
-5.31623e-10
3.33214e-06
-3.25336e-06
1.232e-06
-1.17934e-06
-5.26582e-08
-3.91559e-06
3.08622e-07
-6.70319e-07
3.57283e-06
-3.1605e-07
7.42324e-10
-4.17265e-06
4.77718e-06
1.33977e-09
-4.78065e-06
3.69956e-06
3.73667e-06
3.62187e-06
-2.57549e-06
2.2552e-06
-3.29514e-06
4.78453e-06
-4.78269e-06
-6.69719e-07
-3.12e-06
-1.18762e-08
-4.91803e-06
5.63964e-06
3.04053e-06
6.63874e-07
-3.70441e-06
-6.19808e-06
4.78871e-06
3.61984e-06
-3.52372e-06
-4.77468e-06
-4.77855e-06
4.78481e-06
-6.25338e-09
3.79452e-06
3.37355e-06
-3.44293e-06
-3.10684e-06
3.64905e-06
-5.42207e-07
-2.16964e-08
4.75233e-06
4.77976e-06
-4.78358e-06
3.81851e-09
-9.56011e-09
-3.90818e-06
3.95163e-07
-3.59575e-06
-2.19947e-08
-2.32117e-09
-1.94388e-09
-1.78271e-09
-1.791e-09
-2.29535e-09
-2.64781e-09
-1.90945e-09
-1.96625e-09
-2.31521e-09
3.78912e-09
4.80068e-06
2.76626e-08
-3.70413e-06
4.62373e-08
-3.62307e-06
3.58284e-06
-3.67783e-06
-4.7836e-06
4.7825e-06
-1.15334e-08
4.78187e-06
3.32124e-06
6.28467e-07
-8.52764e-08
3.74956e-06
-2.8204e-06
-3.70025e-06
4.38884e-08
7.53909e-07
-4.52503e-06
5.2839e-07
-3.15302e-06
2.62463e-06
5.55705e-07
-3.69724e-06
3.14153e-06
5.30972e-07
-3.57841e-06
3.04744e-06
9.00994e-07
-4.30804e-06
4.43783e-07
-3.38512e-06
2.94134e-06
1.37151e-06
-3.8458e-06
2.39194e-08
-3.68208e-06
6.5986e-07
-1.08351e-09
4.79006e-06
-3.54456e-06
6.78765e-07
-1.42987e-09
4.78961e-06
-4.78397e-06
-3.73834e-06
6.48634e-07
-4.78472e-06
1.5477e-09
4.78335e-06
-4.78208e-06
6.5797e-07
-3.75293e-06
-3.596e-06
-3.59288e-06
-3.59404e-06
-3.58213e-06
-3.66518e-06
-3.66266e-06
-3.63006e-06
4.12858e-06
-2.914e-06
4.78533e-06
-4.78265e-06
3.61929e-06
9.37999e-07
-3.90595e-06
3.52854e-06
-3.53256e-06
-4.77445e-06
-7.69668e-07
3.59573e-06
-7.6032e-07
3.98957e-06
-4.1022e-08
-4.70435e-08
-5.6901e-08
-6.22879e-08
1.16776e-07
-3.85523e-06
1.04362e-07
-3.85659e-06
1.49429e-07
-3.92026e-06
-4.77164e-06
-4.77099e-06
1.12577e-10
4.77781e-06
4.8623e-09
4.77685e-06
-3.14888e-06
-3.64432e-06
1.96501e-08
-3.68673e-06
5.8808e-08
-3.70304e-06
5.82269e-08
-3.6974e-06
6.38142e-08
-3.71925e-06
4.75063e-08
-3.70627e-06
5.76428e-08
-3.71769e-06
3.81127e-08
3.65471e-06
9.68287e-08
-3.75154e-06
4.7779e-06
-4.78177e-06
8.16785e-09
4.77426e-06
-1.31044e-07
3.54604e-10
-3.69868e-06
-3.55864e-06
-4.78214e-06
3.59146e-09
4.77898e-06
5.826e-09
1.07091e-08
3.62935e-06
-3.64006e-06
1.26704e-07
-1.26205e-07
3.52347e-06
4.40431e-06
-3.37451e-10
-3.51675e-06
-1.06351e-08
-3.57591e-06
-5.17267e-08
3.62764e-06
4.05989e-06
-7.40425e-08
4.77509e-06
-4.79001e-06
1.49273e-08
7.22506e-07
-2.74828e-06
-7.3581e-07
-3.77656e-06
-3.80234e-06
6.69163e-07
-3.53487e-06
6.58504e-07
2.26133e-06
5.08129e-07
-4.09019e-06
-8.16709e-09
3.08027e-06
6.86347e-07
-3.76662e-06
-3.78268e-06
5.14914e-07
3.26777e-06
3.0306e-06
6.58555e-07
3.12638e-06
6.6549e-07
3.12992e-06
6.5839e-07
2.89729e-06
6.75255e-07
3.10077e-06
6.60511e-07
3.09476e-06
6.45016e-07
3.0726e-06
6.53419e-07
6.60623e-07
-3.7923e-06
-4.78692e-06
-2.97847e-09
-4.79006e-06
-7.30262e-09
-3.62011e-06
5.64076e-07
3.05604e-06
-3.06977e-06
-2.94091e-06
6.01068e-06
4.78327e-06
-4.28892e-09
-4.83383e-09
-4.77912e-06
4.78305e-06
-4.81316e-06
6.16879e-08
4.75147e-06
-3.00257e-06
-4.36843e-07
4.78539e-06
-4.78065e-06
3.46808e-07
-5.26484e-06
2.99196e-06
6.39007e-07
3.59117e-06
3.39776e-06
5.41534e-07
3.74046e-06
-5.85291e-07
1.09829e-07
-3.42483e-06
3.315e-06
-3.66145e-06
5.70496e-07
-3.7376e-06
3.16711e-06
-4.92319e-08
3.63844e-06
-6.70245e-08
3.61402e-06
9.90232e-08
3.61625e-06
8.96448e-08
3.56794e-06
7.91342e-08
3.67657e-06
-8.30781e-08
3.67075e-06
-7.93512e-08
3.64249e-06
1.15578e-08
3.53654e-06
-4.86753e-09
-3.62259e-06
2.68371e-08
4.21838e-08
4.79181e-06
-4.78942e-06
-3.61892e-06
3.14757e-08
2.20007e-08
3.06707e-06
-3.69752e-06
6.3045e-07
-3.17149e-06
3.50664e-06
-7.27098e-09
-4.23518e-06
5.7198e-07
3.38343e-06
4.92952e-07
4.77856e-06
-4.7825e-06
3.93255e-09
-4.78147e-06
4.78147e-06
3.75376e-06
-7.13222e-07
-3.65809e-06
6.20914e-08
-3.67283e-06
7.99487e-08
-3.67448e-06
8.04356e-08
-3.63175e-06
4.96186e-08
-3.72407e-06
5.88943e-08
-3.7284e-06
6.57415e-08
-3.6806e-06
5.0539e-08
-3.63337e-06
3.45755e-08
-8.53742e-09
-4.79548e-06
1.82289e-08
4.77762e-06
5.65091e-09
-4.80585e-06
3.55899e-06
-3.48785e-06
2.69483e-06
-6.6574e-07
3.58879e-06
3.0454e-08
-3.27821e-06
3.14067e-06
-3.55635e-06
4.78526e-06
3.33133e-06
-2.71206e-07
2.41084e-06
-3.24352e-06
-3.47054e-06
5.51086e-06
-5.16405e-06
3.12703e-06
-3.7654e-06
6.38368e-07
-3.74448e-06
6.5944e-07
4.7641e-06
-4.7858e-06
-3.73229e-06
6.59339e-07
-3.80503e-06
6.69e-07
3.11198e-06
6.28479e-07
3.19374e-06
6.53031e-07
3.08848e-06
6.53294e-07
3.21786e-06
6.65029e-07
3.11352e-06
6.98592e-07
-5.30117e-06
4.7864e-06
-4.78067e-06
-4.678e-07
3.63464e-06
4.78147e-06
-4.7825e-06
-1.55728e-06
4.50716e-09
-8.8324e-07
5.3448e-06
4.77533e-06
-4.78086e-06
5.53644e-09
-2.60957e-06
1.50696e-06
-3.39068e-06
-2.36786e-06
-8.45311e-08
4.85e-06
6.74519e-07
-3.79452e-06
1.30293e-06
1.92157e-06
3.73998e-06
-3.55483e-06
-4.77582e-06
4.76923e-06
4.7814e-06
-4.78215e-06
-1.95361e-08
-4.79108e-06
4.78702e-06
-3.68459e-06
4.77826e-06
-2.92854e-09
-5.84684e-07
-1.87629e-06
-2.64874e-06
3.4946e-06
-3.67011e-06
-3.24593e-09
-3.40501e-06
4.78163e-06
-4.76946e-06
-3.61585e-06
2.84051e-06
2.58756e-06
-3.52063e-06
3.39443e-06
3.62505e-06
-3.62539e-06
3.40007e-06
-3.39443e-06
-5.64427e-09
-3.52782e-06
3.51719e-06
3.46592e-06
-3.51765e-06
3.63359e-06
-3.62289e-06
-3.36546e-06
3.49216e-06
-3.63359e-06
3.63395e-06
-3.51178e-06
3.25336e-06
2.58422e-07
-3.57934e-06
-4.80819e-07
4.77737e-06
-4.78115e-06
3.77873e-09
3.12435e-06
6.7259e-07
9.27782e-09
-4.44158e-07
1.98659e-06
4.78608e-06
-4.78053e-06
-5.54989e-09
6.62312e-09
-4.79668e-06
-7.31405e-10
4.78893e-06
-4.7882e-06
4.7778e-06
-3.54086e-06
-4.15095e-06
4.15169e-06
-4.78785e-06
1.07877e-08
-3.812e-06
8.61006e-07
3.69127e-06
-3.74936e-06
4.78109e-06
4.86141e-06
-4.75667e-06
-1.04737e-07
4.78032e-06
-4.77944e-06
-3.9411e-06
-2.94077e-07
-4.79515e-06
-3.46898e-06
-3.49176e-06
2.122e-08
-5.50745e-07
3.54779e-06
5.12104e-07
4.77072e-06
-6.43812e-07
4.78072e-06
-1.2009e-09
-4.60751e-06
-6.07589e-09
4.80709e-06
3.52854e-06
3.62796e-06
3.4946e-06
3.633e-06
3.52671e-06
3.58154e-06
-3.53256e-06
-3.36546e-06
3.64575e-06
3.63738e-06
3.73998e-06
-3.51178e-06
3.62609e-06
3.43606e-06
-3.64667e-06
3.33214e-06
3.34594e-06
3.40007e-06
-3.62105e-06
3.46592e-06
3.62505e-06
2.96891e-06
-2.96891e-06
3.6338e-06
-4.79233e-06
-3.76847e-06
3.78457e-06
-3.1215e-06
3.79601e-06
4.77541e-06
-4.78107e-06
5.65724e-09
-1.50484e-07
-4.57305e-09
-3.69445e-06
9.85507e-09
-3.70534e-07
3.61678e-06
4.40174e-09
-4.74592e-06
4.74152e-06
4.54893e-09
1.09535e-08
-4.72885e-06
2.04804e-09
4.7268e-06
2.13885e-07
-4.92901e-06
4.71513e-06
4.77208e-06
6.36849e-09
-4.77845e-06
4.77166e-06
6.59495e-09
-3.42359e-06
3.12578e-06
6.27974e-07
-4.75265e-06
-2.73949e-08
4.78004e-06
4.80869e-06
1.00892e-08
4.744e-06
1.17413e-07
4.77868e-06
-4.77676e-06
-4.78147e-06
4.77439e-06
4.79142e-09
2.27552e-07
-4.3785e-06
-5.31083e-09
3.77635e-06
-3.09e-06
3.67123e-06
-3.61797e-06
-5.32528e-08
4.34935e-06
-2.92777e-06
-1.42157e-06
4.12272e-06
-3.60781e-06
3.78738e-06
-3.12883e-06
3.78667e-06
-3.12681e-06
3.79053e-06
-3.12504e-06
3.78978e-06
-3.13139e-06
3.72038e-06
-3.04513e-06
3.7243e-06
-3.04554e-06
-3.86553e-07
-4.87829e-06
3.77296e-06
-3.11245e-06
3.7706e-06
-3.12558e-06
3.77679e-06
-3.12815e-06
3.78069e-06
-3.12727e-06
3.78441e-06
-3.12379e-06
-2.11045e-09
3.02234e-09
-4.74848e-06
4.74546e-06
-1.07075e-08
4.98909e-06
-9.36441e-08
-4.89545e-06
3.74086e-06
-3.04227e-06
3.79212e-06
-3.12312e-06
4.79223e-06
4.34992e-06
-3.04463e-06
-1.30529e-06
3.79101e-06
-3.13167e-06
3.77245e-06
-3.11301e-06
3.68302e-06
-3.11894e-06
3.79037e-06
-3.12947e-06
3.70166e-06
3.76224e-06
-3.13376e-06
4.77861e-06
-6.52265e-09
-3.87134e-06
3.30808e-06
5.63267e-07
-4.35963e-06
3.13248e-06
4.72606e-09
4.77515e-06
-4.77898e-06
3.83138e-09
5.51086e-06
-6.56001e-08
4.86628e-06
3.77274e-06
-3.13373e-06
-4.72394e-06
4.74921e-06
-8.9504e-09
-2.47975e-08
-4.79008e-06
6.64542e-10
-3.24815e-09
-4.83936e-06
5.05325e-06
-3.44685e-06
-3.55483e-06
-3.59878e-06
3.55339e-06
3.6036e-06
-4.44818e-06
5.07077e-07
3.78855e-06
-3.13004e-06
1.15667e-08
-6.45885e-07
-4.76714e-06
-3.05083e-09
4.77019e-06
2.755e-07
-3.67011e-06
-3.63341e-06
3.65043e-06
-1.70182e-08
4.22511e-06
-3.58786e-06
-8.5363e-08
-5.03385e-06
3.83841e-06
-4.31823e-07
3.69736e-06
4.77786e-06
-4.7749e-06
4.78048e-06
4.77767e-06
-4.77646e-06
-3.59572e-06
3.5888e-06
6.91923e-09
-3.40871e-06
-1.94943e-08
3.87603e-06
-3.24558e-06
3.70798e-06
8.08594e-09
-3.12193e-06
3.88337e-06
-3.2254e-06
-3.36252e-06
3.79838e-06
-3.13335e-06
3.79324e-06
-3.13995e-06
3.77143e-06
-3.1184e-06
3.79673e-06
-3.18836e-06
-3.6344e-06
3.68771e-06
-5.33079e-08
3.11838e-08
-2.37675e-10
3.48866e-06
-6.59941e-08
3.82996e-06
-3.19159e-06
3.77074e-06
-3.13759e-06
-4.77345e-06
4.77981e-06
-4.8022e-06
4.80788e-06
7.95838e-09
6.38199e-06
-5.64569e-06
3.53793e-06
-3.40086e-06
3.93936e-06
-3.98859e-06
3.55377e-06
-3.50888e-06
3.61205e-06
-3.54996e-06
3.90214e-06
-3.96917e-06
3.42066e-06
-3.35388e-06
3.58948e-06
-3.50953e-06
3.78578e-06
-3.68676e-06
4.32383e-06
-4.42156e-06
3.60367e-06
-3.52324e-06
3.792e-06
-3.70236e-06
4.29448e-06
-4.43699e-06
3.42328e-06
-3.37366e-06
3.48397e-06
-3.40483e-06
3.68704e-06
-3.61582e-06
3.87267e-06
-3.81378e-06
4.16467e-06
-4.24775e-06
3.56221e-06
-3.46722e-06
3.86054e-06
-3.7948e-06
4.14502e-06
-4.22437e-06
3.55067e-06
-3.46093e-06
3.80664e-06
-3.7561e-06
3.86139e-06
-3.84983e-06
3.73721e-06
-3.69503e-06
3.77841e-06
-3.74383e-06
3.81982e-06
-3.82469e-06
3.69283e-06
-3.68255e-06
3.62412e-06
-3.59715e-06
3.61881e-06
-3.59198e-06
-6.79051e-09
3.61668e-06
-3.58623e-06
-4.77554e-06
-4.02967e-10
3.6156e-06
-3.58412e-06
4.779e-06
-4.77413e-06
3.61486e-06
-3.57806e-06
3.60755e-06
-3.58555e-06
4.98909e-06
5.77832e-09
3.60856e-06
-3.58944e-06
-4.77226e-06
-1.77529e-08
-4.776e-06
4.776e-06
-4.79994e-06
2.76805e-08
-3.62633e-06
3.6153e-06
-3.58305e-06
4.7786e-06
-4.22063e-06
-1.85013e-07
5.08059e-09
4.77517e-06
-4.7743e-06
-4.93301e-06
4.84476e-06
-4.8171e-06
-4.73481e-06
-6.51368e-08
3.85761e-06
3.61115e-06
-3.59292e-06
1.33455e-08
-2.67294e-08
-2.29228e-08
3.81185e-06
-3.18338e-06
2.26832e-08
-4.77333e-06
4.77886e-06
3.8894e-06
-3.23431e-06
3.59657e-06
-3.60354e-06
4.78903e-06
-4.79101e-06
-4.83272e-06
-1.36536e-06
-4.77439e-06
4.77418e-06
-5.16405e-06
4.79384e-06
3.45032e-06
6.10208e-07
-4.87579e-06
4.91619e-06
1.42092e-06
2.33895e-06
5.64569e-06
-5.1991e-06
4.84476e-06
4.19944e-09
2.91522e-09
-4.79393e-06
1.14467e-08
4.78251e-06
4.77117e-06
7.28693e-09
-4.91619e-06
5.04376e-06
-2.92649e-09
4.77214e-06
6.46242e-09
3.61747e-06
-3.59589e-06
-3.18728e-07
-4.87579e-06
2.24957e-09
-4.73895e-06
4.7367e-06
4.85806e-06
-4.80637e-06
-4.82227e-06
-4.85806e-06
3.80332e-06
-3.12858e-06
4.79647e-06
-1.79557e-08
-7.98915e-09
4.80446e-06
-4.79997e-06
6.26658e-07
-4.78772e-06
4.78699e-06
5.04376e-06
5.1991e-06
4.78772e-06
-4.79479e-06
-4.81559e-06
-1.5581e-08
2.69711e-08
-4.77962e-06
-4.80487e-06
4.78804e-06
4.78699e-06
-4.78803e-06
-4.8115e-06
4.80637e-06
-4.77355e-06
4.77937e-06
4.77374e-06
4.8115e-06
4.79511e-06
-4.79479e-06
-4.81037e-06
-2.80562e-08
4.82688e-06
-4.77674e-06
4.77937e-06
4.30289e-09
-4.78367e-06
5.94224e-09
4.78917e-06
4.80119e-06
-9.89553e-09
-4.82688e-06
4.81037e-06
4.77825e-06
1.12116e-09
4.79224e-06
4.78268e-06
-4.77674e-06
-4.80479e-06
7.80245e-09
-4.77967e-06
5.9492e-09
-4.77939e-06
-4.82316e-06
4.78533e-06
-6.1331e-09
4.74983e-06
-4.7437e-06
4.78175e-06
9.28486e-10
4.77672e-06
5.84545e-09
-4.77917e-06
4.77928e-06
-2.56134e-09
5.4513e-09
-3.30126e-09
4.78077e-06
-4.77746e-06
4.77931e-06
-3.4606e-11
-4.77829e-06
4.77204e-06
4.77389e-06
-4.77645e-06
6.63355e-09
-4.25483e-10
4.74277e-06
-4.74235e-06
4.78144e-06
-4.78626e-06
-2.03662e-09
4.78135e-06
-4.7794e-06
4.77725e-06
-6.99131e-09
4.77699e-06
-4.77e-06
-4.78423e-06
-4.7729e-06
4.77633e-06
-3.42968e-09
4.78206e-06
7.53327e-09
4.16427e-09
4.78438e-06
-2.31562e-09
4.77594e-06
-4.78967e-06
4.78987e-06
-4.77252e-06
4.7763e-06
4.77494e-06
-4.77918e-06
6.28753e-09
4.7742e-06
-4.77387e-06
4.7742e-06
-4.77122e-06
4.78272e-06
6.32709e-09
4.76991e-06
-4.77365e-06
-3.59014e-09
4.77953e-06
-4.77913e-06
4.78209e-06
-2.60906e-09
4.77111e-06
-4.77342e-06
4.77721e-06
-4.77387e-06
4.77387e-06
-4.77399e-06
3.03721e-09
4.7707e-06
-4.77507e-06
5.85406e-09
-1.92167e-09
4.78005e-06
-2.84331e-09
4.77252e-06
-4.77449e-06
6.17474e-09
4.77198e-06
-4.77566e-06
4.77586e-06
-2.54463e-09
4.77314e-06
-4.77505e-06
4.77925e-06
-2.72059e-09
1.05022e-08
4.77235e-06
-4.77604e-06
4.7788e-06
-2.93276e-09
4.77362e-06
-4.77627e-06
4.78209e-06
-2.5516e-09
-2.50923e-09
4.77685e-06
4.77352e-06
-4.7772e-06
-4.77916e-06
4.77671e-06
4.77501e-06
-4.77731e-06
-2.51626e-09
-2.70659e-09
4.16785e-09
4.77435e-06
-4.77851e-06
1.31332e-08
4.77621e-06
-4.78038e-06
4.77962e-06
-2.76471e-09
4.7756e-06
-4.77801e-06
4.77622e-06
1.01533e-08
-4.77905e-06
4.77505e-06
-2.42284e-09
-2.75263e-09
-4.77852e-06
4.77674e-06
-4.76936e-06
4.76936e-06
-4.77074e-06
-3.83007e-11
4.77935e-06
-4.77931e-06
-2.91651e-09
1.35213e-08
-2.19059e-09
-1.10442e-09
4.77394e-06
-2.32386e-11
-2.31523e-09
-2.96067e-09
-4.1566e-09
-1.2112e-08
4.77871e-06
-4.76659e-06
-4.80331e-06
-4.76387e-06
4.76387e-06
-4.76609e-06
-4.77689e-06
4.77567e-06
1.22518e-09
1.46918e-08
-6.52742e-10
-4.78268e-06
5.79027e-09
4.75837e-06
-4.76142e-06
4.75837e-06
9.07457e-09
-4.78065e-06
2.69734e-09
7.53456e-09
4.76889e-06
-4.76576e-06
-3.12981e-09
4.76889e-06
-4.76827e-06
4.77022e-06
-1.95316e-09
4.76827e-06
6.16669e-10
-4.76576e-06
-4.76688e-06
1.11734e-09
4.78293e-06
-4.77453e-06
4.78293e-06
-6.31778e-06
4.7876e-06
-4.77481e-06
-4.77441e-06
4.77441e-06
4.82229e-06
-4.7758e-06
4.7876e-06
4.82229e-06
-4.77371e-06
4.77371e-06
4.77402e-06
-4.77402e-06
4.7758e-06
-4.84983e-06
-4.77571e-06
4.77436e-06
-4.77436e-06
-4.77382e-06
4.77382e-06
-4.76142e-06
4.73144e-06
-4.73144e-06
4.77022e-06
4.76847e-06
-4.76847e-06
4.77418e-06
4.77467e-06
-4.77467e-06
-4.81478e-06
-4.77395e-06
4.77395e-06
-4.80479e-06
-4.77399e-06
-4.76609e-06
-4.77074e-06
4.76339e-06
-4.76339e-06
4.78163e-06
-4.78163e-06
-4.77399e-06
4.77399e-06
-4.77379e-06
4.77379e-06
-4.89545e-06
-4.80274e-06
-4.77391e-06
4.77391e-06
-4.76688e-06
-4.77481e-06
4.77453e-06
-4.78252e-06
-4.77387e-06
4.7737e-06
-4.7737e-06
-4.77333e-06
4.77333e-06
4.78736e-06
-4.77958e-06
-4.78736e-06
4.77958e-06
-4.78252e-06
-5.07913e-09
8.29352e-09
-4.77833e-06
-4.77491e-06
4.78122e-06
-4.36734e-09
4.79011e-06
-4.81458e-09
-4.7853e-06
-4.7747e-06
4.78224e-06
4.78503e-06
4.79333e-06
-4.78093e-06
6.01162e-09
4.78917e-06
6.51621e-09
-4.7688e-06
4.77558e-06
4.7932e-06
1.34315e-08
4.78883e-06
3.79689e-09
-3.67207e-09
-4.76231e-06
4.76501e-06
4.79263e-06
4.78874e-06
-4.76097e-06
4.76676e-06
1.32685e-08
4.792e-06
4.78833e-06
-4.03759e-09
4.74779e-06
-4.74375e-06
4.78725e-06
1.08278e-09
7.36327e-09
-4.79219e-06
4.78345e-06
-4.76586e-06
4.77493e-06
-6.58413e-10
9.01631e-10
4.79081e-06
-4.76102e-06
4.77571e-06
4.79016e-06
-4.77201e-06
4.77594e-06
1.39129e-08
6.08683e-09
4.79295e-06
-3.70582e-09
4.75517e-06
-4.75147e-06
4.79724e-06
4.80333e-06
-4.77635e-06
4.77404e-06
4.78534e-06
-1.38611e-08
4.78865e-06
-4.77589e-06
4.77524e-06
4.79066e-06
4.72316e-11
1.88493e-09
-4.76261e-06
4.77613e-06
4.7768e-06
-4.77213e-06
4.77663e-06
1.26264e-08
4.77869e-06
-4.00171e-09
4.76168e-06
-4.75768e-06
-4.77697e-06
4.77281e-06
4.78462e-06
-5.93132e-09
-1.24555e-08
4.7871e-06
4.68016e-09
4.78862e-06
4.78369e-06
-4.77569e-06
4.77567e-06
4.78837e-06
9.43762e-10
4.77592e-06
-4.76376e-06
4.77689e-06
-4.77698e-06
4.77479e-06
4.7775e-06
-4.77126e-06
4.77863e-06
1.19091e-08
4.71896e-09
-5.63138e-09
4.76973e-06
-4.7641e-06
4.78226e-06
-4.75862e-09
4.78698e-06
-9.02822e-09
4.78263e-06
-4.7776e-06
4.77517e-06
-4.61083e-09
-4.77181e-06
4.78196e-06
4.78752e-06
6.81763e-09
4.25143e-09
4.77849e-06
-4.77724e-06
4.78442e-06
6.08855e-09
5.62102e-09
-4.77688e-06
4.78275e-06
-4.72607e-09
4.77639e-06
-4.77166e-06
4.77429e-06
-4.77825e-06
4.77573e-06
-4.77484e-06
-4.78092e-06
4.77054e-06
4.77819e-06
1.96608e-09
3.50362e-09
4.77168e-06
6.50969e-09
-4.76501e-06
4.77551e-06
-4.76931e-06
4.77549e-06
4.77365e-06
-5.53539e-09
4.77859e-06
-4.77305e-06
4.77927e-06
-4.77025e-06
4.77643e-06
-4.77868e-06
4.77613e-06
6.19906e-09
3.5698e-09
4.78309e-06
4.77939e-06
5.23511e-09
4.78296e-06
-4.77052e-06
4.77648e-06
4.77835e-06
-4.71776e-09
4.78155e-06
-4.77632e-06
4.78229e-06
-4.77897e-06
4.77642e-06
5.90642e-09
-4.77194e-06
4.77779e-06
3.77817e-09
4.77829e-06
-4.77324e-06
4.77904e-06
-4.47539e-09
4.54169e-09
4.78014e-06
-4.7756e-06
4.78207e-06
4.77735e-06
4.55747e-09
-4.77197e-06
4.77501e-06
-4.77842e-06
3.56363e-09
4.78113e-06
-4.78035e-06
-4.77013e-06
4.77642e-06
4.77716e-06
7.06417e-09
4.78072e-06
4.77624e-06
-4.78683e-06
4.78929e-06
-2.46499e-09
1.2552e-09
4.77391e-06
4.88356e-09
4.7784e-06
-4.77351e-06
4.78008e-06
-4.75525e-06
4.76891e-06
-1.36635e-08
4.77697e-06
-4.77003e-06
4.77636e-06
-1.94075e-09
6.38563e-09
4.77206e-06
-4.77807e-06
6.0104e-09
4.77823e-06
-4.77085e-06
4.77838e-06
-4.77523e-06
4.76688e-06
8.3494e-09
4.77628e-06
-4.77396e-06
4.77973e-06
-4.80432e-06
4.80389e-06
5.50571e-09
-6.58086e-09
-4.74867e-06
4.77926e-06
-2.97413e-09
-4.41991e-09
-4.77205e-06
4.56869e-09
4.77188e-06
-4.77645e-06
4.7777e-06
-1.47642e-08
4.77776e-06
-6.58927e-09
4.78387e-06
-6.16614e-09
1.10114e-09
-4.77633e-06
4.77481e-06
-7.0349e-09
4.78377e-06
-4.7714e-06
-6.89681e-09
-4.77418e-06
4.77835e-06
-4.78857e-06
4.77116e-06
1.74131e-08
4.77938e-06
-4.78124e-06
4.76977e-06
1.14766e-08
-6.65143e-09
4.77353e-06
-4.77615e-06
4.77126e-06
4.88711e-09
-4.77424e-06
4.78088e-06
4.77234e-06
-4.13801e-09
4.77618e-06
-8.40498e-09
4.77867e-06
-4.10389e-09
4.77345e-06
-4.77505e-06
4.7807e-06
-4.44547e-09
4.77383e-06
-3.84395e-10
4.76718e-06
4.76576e-06
4.75673e-06
9.0235e-09
-4.77686e-06
4.78231e-06
4.74833e-06
-4.77648e-06
4.78233e-06
-5.85424e-09
-4.77598e-06
4.77715e-06
-1.16599e-09
-3.84074e-09
-4.79115e-06
4.78316e-06
7.99243e-09
4.7626e-06
-1.4268e-08
1.9442e-08
4.7172e-06
-4.73664e-06
-4.77824e-06
4.78408e-06
-4.77338e-06
4.76637e-06
7.01399e-09
-4.78113e-06
6.28834e-09
4.77784e-06
-4.7938e-06
1.59566e-08
4.7557e-06
-6.97455e-09
-4.76897e-06
4.77595e-06
4.82456e-06
4.09476e-09
-2.43056e-09
-4.77043e-06
4.77286e-06
4.77514e-06
-4.77381e-06
4.77077e-06
3.03625e-09
4.771e-06
-4.78492e-06
4.77878e-06
-4.77825e-06
4.78431e-06
-6.06269e-09
4.77351e-06
-2.50413e-09
-5.40078e-09
-4.76633e-06
4.77173e-06
4.77172e-06
1.78229e-09
-4.78015e-06
4.7861e-06
-4.77994e-06
4.78654e-06
-6.60236e-09
-4.77433e-06
4.7674e-06
6.92897e-09
4.76632e-06
4.73434e-06
-1.7142e-08
-4.16236e-09
-1.50134e-08
4.76389e-06
4.77343e-06
-4.89973e-09
-4.78161e-06
4.78941e-06
4.73184e-06
4.75562e-06
8.26846e-09
-3.44919e-08
-4.76335e-06
-3.52602e-09
-4.76335e-06
-4.744e-06
4.744e-06
-1.25557e-08
4.74979e-06
5.83457e-09
4.93283e-09
1.82725e-08
4.72267e-06
-4.74094e-06
-4.77371e-06
4.76766e-06
6.05076e-09
-4.78096e-06
4.78824e-06
-4.76954e-06
-4.27078e-09
-3.25216e-09
4.77314e-06
-4.76989e-06
3.58837e-06
-4.77377e-06
4.76707e-06
6.70109e-09
-4.7745e-06
4.76799e-06
6.50769e-09
4.76329e-06
-1.34993e-08
4.75631e-06
-4.79098e-06
4.77459e-06
-4.77061e-06
4.77263e-06
-2.02771e-09
1.15555e-09
-4.44056e-09
4.77521e-06
4.77045e-06
4.13598e-09
-4.76398e-06
4.76398e-06
4.1885e-09
-4.77534e-06
4.77115e-06
-4.77482e-06
4.77518e-06
-4.7291e-09
1.76389e-08
4.83141e-06
-4.79031e-06
4.79763e-06
-7.32362e-09
4.77193e-06
-4.77274e-06
4.76725e-06
5.48991e-09
-4.78089e-06
6.06569e-09
4.77612e-06
4.79146e-06
3.5986e-09
4.7746e-06
-4.76993e-06
-4.67121e-09
4.77973e-06
-4.78482e-06
5.09229e-09
-1.99818e-08
6.30552e-10
4.77185e-06
-1.76736e-08
4.7504e-06
-2.77329e-08
-4.79065e-06
4.80142e-06
-1.07764e-08
-4.76788e-06
4.7642e-06
3.67212e-09
4.74567e-06
4.77582e-06
-3.97469e-09
4.28773e-09
-4.77556e-06
4.77128e-06
-2.96656e-08
4.76961e-06
4.98236e-09
-4.77191e-06
4.76781e-06
4.10301e-09
4.77138e-06
4.77352e-06
-4.76966e-06
4.77288e-06
-3.2209e-09
4.77559e-06
-4.44001e-09
-4.76729e-06
4.77282e-06
-5.53179e-09
-3.17636e-08
4.85523e-06
-4.7642e-06
-5.80695e-08
4.77567e-06
4.77097e-06
4.1742e-09
-4.77515e-06
4.77161e-06
-4.76864e-06
4.75596e-06
1.26895e-08
5.28868e-09
1.32174e-06
3.53442e-06
-4.85616e-06
-4.76204e-06
-6.60367e-09
-3.95237e-09
4.771e-06
-4.02907e-06
-4.86561e-09
4.77448e-06
4.77473e-06
-3.75388e-09
-4.77126e-06
4.77144e-06
-1.76189e-10
-3.12627e-06
4.77517e-06
4.19303e-09
4.77053e-06
-4.79211e-06
4.80222e-06
-1.01096e-08
-6.82433e-11
-1.92335e-08
-4.37449e-06
-5.86282e-07
4.7703e-06
-4.79465e-06
4.81316e-06
-1.8507e-08
-4.79417e-06
4.80056e-06
-6.3865e-09
-4.78932e-06
4.7745e-06
4.7809e-06
4.7809e-06
4.79445e-06
-4.79445e-06
-4.78502e-06
-3.87015e-09
4.79436e-06
-4.77334e-06
6.04388e-09
4.77142e-06
-4.75738e-06
-1.4044e-08
8.78932e-09
-4.79061e-06
3.95638e-09
-4.77204e-06
4.76808e-06
4.76913e-06
5.36313e-09
-7.06044e-09
-4.7706e-06
4.77665e-06
-6.04553e-09
-4.76675e-06
4.78103e-06
-1.4273e-08
4.76797e-06
6.50686e-09
-1.7496e-07
4.77337e-06
-4.2366e-09
1.89863e-08
4.77901e-06
-4.77901e-06
4.77625e-06
-4.77333e-06
1.07827e-08
-4.78584e-06
4.80422e-06
-1.83759e-08
-3.78765e-06
-4.76663e-06
4.79706e-06
-3.04294e-08
4.76596e-06
3.28389e-09
-4.76924e-06
4.76784e-06
-4.78973e-06
1.52587e-09
4.7647e-06
1.25224e-09
4.77353e-06
-3.00144e-09
-8.94064e-09
4.7649e-06
4.7718e-06
-4.7693e-06
-2.74027e-09
4.77477e-06
-4.77477e-06
-4.79393e-06
4.8209e-06
4.80092e-06
1.76852e-08
-4.8078e-06
4.76519e-06
3.61179e-06
-3.60728e-06
4.78094e-06
-4.77823e-06
4.80726e-06
4.80984e-06
-4.75591e-09
-4.80509e-06
3.62793e-06
-1.02899e-08
4.77623e-06
-4.78065e-06
4.41737e-09
1.59873e-09
4.76311e-06
3.63343e-06
-1.44227e-06
-1.70662e-06
-5.06836e-08
1.43946e-08
4.76848e-06
-4.79935e-06
4.77978e-06
-4.79606e-06
4.84249e-06
-4.64281e-08
4.77573e-06
6.03794e-07
-4.97829e-06
-1.15837e-09
4.75954e-06
-9.47979e-09
4.73997e-06
-4.73049e-06
-4.77012e-06
-1.26863e-07
-2.18389e-06
2.31075e-06
2.99666e-06
-3.4839e-06
4.76113e-06
4.7534e-06
7.73619e-09
3.65053e-06
4.77189e-06
-4.77367e-06
4.72909e-06
-4.72607e-06
2.92782e-10
-5.48757e-09
-4.74692e-06
4.7524e-06
4.75198e-06
1.42092e-09
6.55621e-07
5.81227e-07
7.31375e-07
1.19495e-06
6.61108e-07
6.57848e-07
6.63713e-07
6.59155e-07
1.33055e-07
6.01162e-07
6.79177e-07
7.2742e-07
-4.79466e-06
6.67078e-07
6.49417e-07
6.51203e-07
6.52537e-07
6.5962e-07
6.57146e-07
-4.77392e-06
-1.66961e-08
6.60002e-07
6.66582e-07
4.74567e-06
6.30775e-09
7.72666e-07
-4.74833e-06
4.8072e-06
-5.8873e-08
6.38386e-07
7.34739e-09
-4.79173e-06
6.43295e-07
-4.77081e-06
6.86485e-10
4.75735e-06
5.75617e-09
-4.71724e-06
4.74017e-06
4.74018e-06
4.77238e-06
-4.77238e-06
-4.89452e-06
4.35865e-06
8.41103e-07
-4.75289e-06
4.8527e-06
-9.98062e-08
6.75264e-07
6.61573e-07
6.58418e-07
6.67267e-07
6.35749e-07
-4.77443e-06
4.75877e-06
3.76098e-06
-3.133e-06
-5.4304e-08
4.7307e-06
-4.78967e-06
-7.01734e-09
-1.13504e-06
1.18551e-08
4.78036e-06
-4.62662e-09
4.68186e-06
-1.33961e-08
-4.66846e-06
6.54812e-07
-4.75312e-06
6.36984e-07
-4.78845e-06
-6.7059e-09
-3.67446e-09
-4.78218e-06
3.95202e-09
-4.60466e-06
-1.57852e-08
4.62044e-06
4.7728e-06
-4.74969e-06
-2.67612e-08
-4.77362e-06
-2.63313e-08
-4.69678e-06
4.72311e-06
-4.76635e-06
1.32268e-08
4.7176e-06
1.30977e-08
-4.79245e-06
-4.79125e-06
2.96121e-09
-4.36822e-06
1.07308e-06
4.70613e-06
1.14742e-08
4.80268e-06
-4.80663e-06
4.6798e-06
4.7057e-06
3.42755e-08
-8.12771e-07
7.45991e-07
-4.67182e-06
4.93127e-06
-2.59447e-07
4.77303e-06
7.71967e-08
4.72303e-06
4.77408e-06
-4.77112e-06
-4.77483e-06
-4.35971e-06
1.87053e-07
4.6664e-06
4.88263e-06
-1.59602e-07
-4.77465e-06
-4.77576e-06
4.76993e-06
-4.77959e-06
4.72693e-06
2.54701e-08
-4.71717e-06
4.87114e-08
-8.01987e-08
-4.56017e-06
4.64036e-06
3.42825e-06
-4.75488e-06
4.75488e-06
-4.80037e-06
3.64211e-06
3.58641e-06
-3.61401e-06
6.45846e-07
-3.73899e-06
3.73541e-06
-3.73541e-06
-3.6474e-07
-4.3646e-06
4.72934e-06
-2.10809e-07
4.74003e-06
5.38498e-07
-4.3482e-07
1.03171e-07
3.52182e-07
-5.48506e-07
2.35607e-07
2.76247e-07
-8.17891e-07
2.68766e-07
-1.0137e-06
1.10302e-07
2.56847e-07
-6.85536e-07
3.93323e-07
-6.737e-07
3.45711e-07
-1.81035e-08
-4.36039e-06
8.33808e-08
-5.84226e-08
4.61915e-06
4.72483e-08
2.16612e-08
4.77876e-06
-5.72376e-09
2.47086e-08
2.93661e-08
3.07396e-08
-4.77953e-06
-5.56848e-11
4.32522e-08
2.94958e-08
4.77321e-06
-4.76964e-06
4.76964e-06
-8.06922e-07
2.30076e-08
-4.75586e-06
-3.60307e-06
-4.37781e-06
-4.78906e-06
2.58593e-08
4.75339e-06
-4.75114e-06
3.30071e-06
-3.30071e-06
-1.29595e-08
-4.78488e-06
4.78976e-06
-4.8785e-09
4.60337e-06
4.76798e-06
4.64419e-06
7.8923e-08
4.50744e-06
1.13009e-07
-4.58537e-06
2.81029e-08
-4.50553e-06
1.27721e-07
4.76942e-06
4.57646e-06
-4.77356e-06
3.45105e-06
-9.38938e-07
4.52317e-06
1.76393e-08
-4.22626e-06
6.08879e-07
4.77547e-06
-4.77437e-06
3.64377e-09
4.77562e-06
-7.64365e-09
4.01827e-07
-4.76643e-06
-5.65199e-07
4.69143e-06
4.03937e-06
-4.92261e-06
1.31269e-07
-3.97944e-06
-4.80541e-06
1.39685e-07
4.77204e-06
-4.80562e-06
4.79687e-06
2.52083e-07
-5.04896e-06
-4.52507e-06
1.6468e-07
4.23397e-06
-4.55488e-06
3.2091e-07
4.73527e-06
-4.73527e-06
-3.90463e-06
1.39327e-08
-4.76915e-06
-4.42069e-06
-3.96088e-06
4.7724e-06
4.77297e-06
-4.77297e-06
1.53471e-08
4.42103e-06
4.42716e-06
2.13202e-07
4.60151e-07
2.59793e-07
-1.05489e-06
4.74344e-06
1.6642e-08
-4.76008e-06
3.60533e-06
-3.60792e-06
4.74975e-06
3.70285e-06
4.79909e-06
-4.79344e-06
3.45846e-06
-3.45846e-06
-4.78499e-06
4.77766e-06
-4.77482e-06
1.58999e-08
-4.66464e-06
2.4395e-07
-4.14306e-06
4.65014e-06
-3.49049e-06
3.49049e-06
-2.84172e-06
2.84172e-06
3.6581e-06
-3.60171e-06
-3.01494e-06
3.01494e-06
3.8802e-06
-3.8802e-06
-3.2781e-06
-3.5271e-06
3.5271e-06
3.7878e-06
-3.44855e-06
3.44855e-06
-3.37782e-06
3.37782e-06
-3.33828e-06
3.33828e-06
3.97069e-06
-3.97069e-06
3.14412e-06
3.71259e-06
-3.71259e-06
3.71711e-06
3.85298e-06
-3.85298e-06
3.77276e-06
3.71215e-06
-3.41482e-06
3.41482e-06
-3.96741e-06
-3.55519e-06
-3.38431e-06
3.87606e-06
-3.87606e-06
3.46714e-06
-3.46714e-06
3.8012e-06
3.69819e-06
3.74277e-06
3.833e-06
4.7695e-06
-4.76675e-06
3.74654e-06
-3.08267e-06
4.77946e-06
-7.05239e-09
-4.88502e-06
1.01411e-07
4.78361e-06
4.76935e-06
4.78413e-06
-4.17803e-09
4.52248e-06
-4.78192e-06
4.78629e-06
-3.75934e-06
-4.78973e-06
-4.79546e-06
4.76486e-06
-4.76486e-06
6.26992e-07
4.72388e-06
-4.71948e-06
-1.22907e-08
-3.54437e-06
3.55666e-06
4.76974e-06
4.72503e-06
-4.72503e-06
4.78983e-06
-4.79159e-06
-4.77843e-06
-4.76617e-06
4.73878e-06
-4.7846e-06
5.07087e-09
-3.51184e-06
3.19114e-06
4.77069e-06
-4.77069e-06
-3.78436e-06
6.62429e-07
-3.88785e-06
-3.78956e-06
6.56204e-07
-3.80755e-06
6.67601e-07
-3.77091e-06
6.52512e-07
-3.86096e-06
6.72601e-07
4.778e-06
-8.65163e-09
-4.78245e-06
1.67547e-06
-4.55163e-06
-3.77392e-06
6.36323e-07
-3.67965e-06
-2.08719e-08
4.75949e-06
3.13242e-06
9.70154e-07
-4.10258e-06
-3.48647e-06
3.20627e-06
1.23127e-06
-4.3791e-06
3.14784e-06
3.67016e-06
-3.81498e-06
-4.76398e-06
4.79965e-06
-3.56674e-08
4.77333e-06
-4.77063e-06
-4.79653e-06
-3.84066e-09
4.80055e-06
-4.81428e-06
4.40288e-06
-2.26933e-06
-2.13355e-06
-3.11092e-06
3.78619e-06
-3.10224e-06
3.76066e-06
-6.79574e-07
4.77061e-06
-1.11227e-08
-3.80107e-06
-4.76676e-06
-3.58862e-06
6.1354e-07
-2.13058e-07
-3.22146e-06
-4.8079e-06
4.76423e-06
-8.61523e-07
-4.77294e-06
8.93691e-07
4.77995e-06
-1.57188e-08
-3.13135e-06
3.37414e-06
4.76821e-06
-4.76821e-06
-3.74304e-06
-5.92454e-07
-2.86201e-06
-1.56032e-09
4.79843e-06
4.76157e-06
4.77283e-06
-4.7851e-06
-4.62384e-06
-1.5808e-07
-8.36083e-08
-3.7365e-06
3.73357e-06
-3.12874e-06
3.43694e-06
-2.70557e-06
-3.22674e-06
-2.87965e-06
3.54337e-06
-3.1304e-06
-4.3309e-06
2.58369e-06
1.74721e-06
-3.20639e-06
-2.89625e-06
3.62367e-06
-3.12149e-06
3.66994e-06
-3.0174e-06
3.77877e-06
-3.11219e-06
-3.08829e-06
-1.25493e-08
-4.75503e-06
4.76758e-06
3.57918e-06
-3.60397e-06
-2.9378e-06
3.5811e-06
4.15241e-06
-3.01176e-06
3.67333e-06
4.75235e-06
-4.63294e-06
4.7712e-06
-4.76869e-06
-4.78345e-06
-8.68259e-09
-3.13817e-06
3.63402e-06
8.75573e-07
3.12183e-06
5.30222e-07
-3.65205e-06
3.16778e-06
3.74056e-07
-3.54184e-06
3.14168e-06
2.75412e-07
-3.41709e-06
3.13864e-06
1.15244e-06
-4.29108e-06
3.1446e-06
6.10319e-07
-3.75492e-06
4.76624e-06
4.54556e-06
1.92554e-08
3.43168e-06
-3.64474e-06
-8.16793e-07
4.77705e-06
-4.73362e-06
-4.34298e-08
-6.49801e-07
4.31996e-06
4.76094e-06
-4.76094e-06
-4.78773e-06
-3.03186e-06
3.13503e-06
3.89495e-06
-3.65934e-06
-3.69397e-06
-3.87471e-06
3.76431e-06
3.77777e-06
1.83442e-08
-4.79689e-06
4.7502e-06
-4.75318e-06
2.97818e-09
-3.78098e-06
1.09659e-10
-4.78984e-06
4.71817e-06
3.61525e-06
-3.59054e-06
-4.57613e-06
3.62756e-06
-3.59682e-06
3.14579e-06
4.71287e-06
-4.77801e-06
4.78997e-06
-4.78701e-06
-4.74953e-06
4.76928e-06
3.62898e-06
-3.60312e-06
4.76891e-06
-4.76874e-06
4.76874e-06
-4.68326e-06
-1.00187e-07
5.90011e-07
-3.77339e-06
4.76555e-06
-4.78306e-06
-4.70971e-06
3.79788e-06
3.77434e-06
3.84038e-06
4.79822e-06
-4.80171e-06
5.10966e-07
3.69476e-06
-2.84191e-06
3.81206e-06
-2.66695e-06
3.89821e-06
3.78092e-06
3.81083e-06
-3.14323e-06
4.76465e-06
3.20464e-06
3.70475e-07
-3.57511e-06
3.63175e-06
-3.61782e-06
4.76928e-06
-4.76656e-06
9.91762e-09
3.55836e-09
-4.85049e-06
4.53176e-06
4.77122e-06
-5.27891e-09
-2.3544e-06
4.83737e-06
4.76994e-06
-4.79203e-06
-3.43234e-09
-2.95013e-06
-3.40633e-06
2.49373e-07
-3.48379e-06
-3.20466e-06
-4.75514e-06
4.76651e-06
-4.76651e-06
4.76422e-06
4.76361e-06
-4.76361e-06
-6.86958e-07
3.89323e-06
-6.72102e-07
3.81994e-06
-3.70941e-06
7.33973e-07
4.79587e-06
-1.22633e-08
-4.6271e-06
-2.23391e-07
-4.63251e-06
-1.68305e-08
-4.72212e-06
4.7692e-06
4.78332e-06
1.6322e-08
-4.7327e-06
4.76734e-06
-4.76473e-06
3.06677e-06
-2.87397e-08
-3.1464e-06
7.99068e-07
-3.37256e-06
4.76156e-06
-4.7833e-06
4.67856e-06
-3.13112e-06
3.7681e-06
-3.62151e-06
3.49047e-06
3.63028e-06
-3.63896e-06
1.38258e-06
-1.38258e-06
-3.57866e-06
4.24574e-06
3.75292e-07
-2.87458e-06
3.5342e-06
-3.00311e-06
3.66312e-06
-3.12169e-06
3.70292e-06
-3.00741e-06
3.65861e-06
-3.02689e-06
3.68404e-06
3.50919e-06
-2.8708e-06
-6.48921e-08
3.76374e-06
-3.10893e-06
-4.74738e-06
-7.75251e-09
4.75293e-06
-2.18037e-09
-4.78688e-06
4.76806e-06
4.76651e-06
-4.77241e-06
2.26827e-06
-2.26827e-06
3.52808e-06
-3.60212e-06
-4.68399e-06
-3.3938e-09
-4.78819e-06
-4.81211e-06
4.76101e-06
-4.75737e-06
4.76706e-06
-2.59217e-06
3.42573e-07
-3.42573e-07
-4.7706e-06
2.34744e-09
-4.11598e-06
4.7584e-06
4.79041e-06
-4.7903e-06
3.64974e-06
-3.62808e-06
-4.76453e-07
3.67008e-06
-3.19362e-06
-4.70689e-06
-7.64078e-08
4.71461e-06
-4.75804e-06
-5.84994e-07
3.64569e-06
-3.0607e-06
-4.74677e-06
4.76066e-06
1.00588e-08
4.76919e-06
3.66766e-06
-3.09762e-06
-5.70042e-07
-9.34097e-07
-4.78174e-06
4.78174e-06
2.07527e-07
7.57545e-07
4.75806e-06
-4.78216e-06
4.74888e-06
-4.76588e-06
4.77075e-06
-5.15176e-07
4.3246e-09
-4.79163e-06
7.98753e-07
8.30301e-07
1.36608e-06
4.03798e-07
3.15255e-07
5.7418e-07
7.51877e-07
6.62524e-07
5.37123e-07
6.66638e-07
1.4824e-06
4.20896e-07
7.10294e-07
-1.8051e-08
4.80953e-06
6.25571e-07
1.43664e-06
-7.58928e-08
-3.01329e-06
-3.11493e-06
-3.12094e-06
-3.7169e-06
-3.12935e-06
-4.79202e-06
5.42694e-09
-4.73428e-06
2.32847e-06
-4.75148e-06
4.71151e-09
-2.89799e-06
-4.29637e-07
-3.14548e-06
4.78228e-06
-4.78848e-06
3.8701e-06
-4.76973e-07
-4.77347e-06
-3.11071e-07
3.8839e-06
2.55345e-06
-3.14591e-06
-1.67986e-08
-3.46393e-06
5.33357e-07
3.19064e-06
-4.76496e-06
3.57604e-06
-2.9625e-06
2.22555e-06
2.17734e-06
-4.01194e-07
3.81711e-06
-3.41591e-06
-4.75461e-06
3.53253e-06
-3.41388e-07
4.77524e-06
-4.77524e-06
4.79714e-06
-4.7987e-06
-2.62756e-06
3.39087e-06
1.11656e-07
-3.69293e-06
3.58127e-06
-5.47376e-07
3.51528e-06
-2.9679e-06
-1.8983e-07
3.645e-06
-3.16119e-06
-4.79986e-06
-6.18881e-08
-4.75127e-06
-4.74893e-06
-5.67212e-09
-4.75288e-06
4.72245e-06
4.80092e-06
4.78114e-06
-4.78464e-06
2.29798e-06
8.27263e-07
4.77565e-06
-1.33551e-07
-2.94191e-07
-2.45376e-06
-7.15426e-07
3.58561e-06
-4.73046e-06
-2.24156e-08
6.83198e-07
-4.74782e-06
4.77103e-06
-4.77103e-06
-3.3836e-06
-4.77122e-06
2.00792e-08
-1.22547e-06
-8.69268e-07
3.29305e-06
1.84857e-07
-3.47791e-06
1.42258e-09
-3.66969e-06
3.43704e-06
-4.25088e-08
4.73991e-06
-1.12429e-07
-4.62748e-06
-4.74474e-06
-4.75023e-06
2.41583e-09
-3.62758e-07
4.77672e-06
-4.78354e-06
-3.35342e-06
-2.91318e-07
5.08887e-07
-2.71312e-06
-7.70783e-07
4.31723e-07
-3.62535e-06
-3.03584e-07
4.54581e-07
-3.01896e-06
-4.75376e-06
-3.69481e-06
4.75293e-06
4.76896e-06
-4.76896e-06
-4.74599e-06
4.73429e-06
-4.74033e-06
-5.44456e-07
-7.17692e-07
4.75737e-06
-1.04466e-08
5.63952e-07
-4.67994e-06
3.43627e-06
-4.08336e-06
-4.74442e-06
-9.34387e-09
-4.7599e-06
3.49032e-06
-4.7365e-06
-3.83094e-09
3.52579e-06
3.72477e-06
4.74392e-06
-3.25005e-06
-2.72968e-08
-4.73668e-06
-3.61101e-06
-4.79129e-06
4.84225e-06
-5.09532e-08
2.99422e-06
5.49146e-07
-3.65207e-06
-4.74379e-06
-3.97099e-06
4.76728e-06
4.72538e-06
9.89428e-09
-3.43627e-06
-2.99149e-07
-4.76594e-06
2.55943e-09
4.69548e-08
4.69295e-06
-3.42855e-06
-4.73718e-06
4.99254e-10
-4.71635e-06
-2.74392e-08
4.76622e-06
-4.76622e-06
-3.67502e-06
-4.74002e-06
-4.73351e-06
4.24964e-09
3.01555e-06
-3.78633e-06
3.12453e-06
4.72083e-06
4.19943e-09
-2.65798e-06
4.74669e-06
-4.74275e-06
-4.75335e-06
-4.7364e-06
2.89098e-09
-3.79179e-06
-4.73229e-06
2.33333e-06
1.9764e-06
-3.60192e-06
3.57255e-06
3.11596e-06
-3.16945e-06
4.76198e-06
4.78617e-06
5.45682e-09
-4.79575e-06
-4.7361e-06
3.80163e-09
4.80953e-06
-4.73061e-06
-4.75513e-06
4.7383e-06
-4.35903e-06
1.39055e-09
4.76093e-06
-4.76093e-06
-4.73528e-06
4.67246e-09
-4.82215e-06
3.61925e-06
-4.74242e-06
-4.81334e-06
-4.74722e-06
-4.72923e-06
-2.95217e-06
-4.28413e-07
-8.67042e-10
4.75574e-06
4.86827e-07
-3.90274e-06
-3.72316e-06
3.20798e-06
-4.73446e-06
5.22727e-09
4.75533e-06
-3.71014e-06
7.42241e-07
3.4512e-06
2.4007e-07
-3.20126e-06
-4.72775e-06
-5.66184e-07
-3.10411e-06
3.60472e-06
-4.75574e-06
-4.75829e-06
-4.73302e-06
5.26261e-09
-5.23514e-07
3.96055e-06
3.49787e-06
-3.23808e-06
-4.72651e-06
2.85759e-06
-3.04658e-06
-7.25885e-09
-4.73649e-06
4.7743e-06
2.54214e-07
-5.02852e-06
-3.60125e-06
-4.79063e-06
-4.73205e-06
5.54479e-09
-4.54449e-06
-7.07611e-07
-4.72512e-06
-2.47817e-07
-3.23009e-06
-1.75058e-06
-4.7351e-06
9.97324e-09
3.69598e-06
-3.62528e-06
-4.72178e-06
-4.72808e-06
-4.74467e-06
1.65898e-08
4.72083e-06
4.72538e-06
-8.98224e-09
-4.73196e-06
4.50858e-06
-4.73197e-06
3.5972e-06
2.52238e-07
3.3082e-06
-2.67373e-08
3.34249e-06
3.839e-09
2.04482e-06
-4.74021e-06
4.73757e-06
-3.57341e-06
4.75128e-06
6.54879e-09
-3.60826e-06
-4.6007e-06
-4.09793e-06
-9.74142e-07
2.95694e-06
-2.97374e-06
-4.74799e-06
3.59191e-06
-9.39081e-09
-4.72725e-06
-4.73874e-06
4.73757e-06
-4.76822e-06
-4.7369e-06
-4.74198e-06
3.24686e-09
-4.73425e-06
-3.30592e-06
-3.63512e-07
-4.7371e-06
-4.65533e-06
-3.68436e-06
-4.73174e-06
3.55132e-06
-4.74598e-06
8.87778e-09
-4.74523e-06
3.61925e-06
1.90001e-06
-1.53596e-07
-4.68849e-06
2.98708e-06
-3.78469e-06
2.25367e-06
2.21412e-06
3.58931e-06
-4.72939e-06
2.7552e-09
-4.68698e-06
-1.1967e-06
-4.72595e-07
-6.92571e-07
-4.731e-06
-4.73174e-06
-4.74072e-06
-4.70553e-06
1.3749e-06
-4.21681e-06
-4.72794e-06
-4.73779e-06
4.73533e-06
-4.76203e-06
-3.55985e-06
-4.71966e-06
3.49717e-06
-3.49717e-06
-4.74667e-06
8.87491e-09
-4.74066e-06
-4.71609e-06
-4.74634e-06
5.68248e-09
4.76e-06
-8.53031e-09
2.77864e-06
-4.72653e-06
-4.72078e-06
-6.04965e-07
2.11187e-07
3.28599e-06
-2.02045e-06
-1.61212e-06
-1.90747e-06
-1.83338e-06
3.82135e-06
-4.67808e-06
-3.59579e-06
-4.72461e-06
3.57776e-06
-4.73293e-06
4.25825e-08
3.02922e-06
-4.7333e-06
4.5678e-07
-4.72336e-06
4.74213e-06
-1.84532e-06
-1.92757e-06
-1.56228e-06
-2.09836e-06
-4.75623e-06
4.70669e-06
-4.72286e-06
-1.89832e-06
-1.87419e-06
-2.03369e-06
-1.68433e-06
-2.00627e-06
-1.75599e-06
-1.91292e-06
-1.66508e-06
-1.87995e-06
-1.86923e-06
-1.44438e-06
-2.23683e-06
3.60826e-06
-4.72401e-06
-4.72112e-06
-3.41727e-06
1.16563e-07
-4.72386e-06
2.36835e-06
-8.81302e-07
-3.05963e-06
3.94094e-06
-2.58252e-06
-4.72006e-06
3.41727e-06
-1.06842e-06
-4.72306e-06
-3.53667e-06
-3.2467e-06
1.34147e-06
3.13326e-06
-4.71839e-06
-4.72322e-06
-4.72663e-06
-4.01615e-09
4.72939e-06
-4.72215e-06
-1.09079e-08
4.73174e-06
-4.74942e-06
-3.61491e-06
-4.77473e-07
-4.72024e-06
-4.71692e-06
-3.54782e-06
-4.70681e-06
-4.72079e-06
-3.76217e-06
-4.71553e-06
6.28977e-07
-4.71456e-06
-4.71948e-06
3.73765e-06
-4.70805e-06
-4.71393e-06
3.57575e-06
-4.71837e-06
-3.59481e-06
-4.70334e-06
-4.89908e-07
-4.7084e-06
-4.73807e-06
-4.69733e-06
-4.72148e-06
3.61841e-06
-4.703e-06
3.38278e-06
1.72938e-08
3.5622e-07
3.18901e-06
3.3767e-06
-4.69671e-06
2.68239e-06
1.71309e-06
-4.73855e-06
-4.69429e-06
-6.12382e-09
-3.07418e-06
4.44907e-06
4.75535e-06
3.15243e-08
-4.68823e-06
-4.69757e-06
2.93065e-06
-3.42561e-06
-4.69742e-06
4.70066e-06
-4.69248e-06
-7.01642e-09
-4.73191e-06
3.50061e-06
-3.50061e-06
-3.92657e-06
1.93494e-06
-4.72303e-06
-4.71992e-06
2.3103e-07
-3.61949e-06
-3.73947e-06
-1.0602e-06
3.66298e-08
-4.73974e-06
-3.53175e-06
-3.78304e-06
3.78304e-06
-3.17573e-06
-3.60649e-06
-4.68099e-06
4.68986e-06
3.60649e-06
3.30798e-06
-1.19267e-08
-4.67264e-06
-2.33092e-06
-2.02201e-06
-4.66696e-06
4.6714e-06
-4.67993e-06
3.81954e-06
2.45815e-07
-3.56998e-06
-3.38278e-06
3.67218e-06
1.47891e-07
-1.09031e-07
3.61686e-06
-3.50783e-06
4.76134e-06
-3.58141e-06
4.263e-06
-4.67808e-06
-3.71501e-06
2.6797e-06
-4.39853e-06
1.71883e-06
4.76525e-06
-4.55937e-08
-3.28599e-06
2.71046e-07
8.4721e-07
-3.46124e-06
1.50041e-07
3.48937e-06
-3.69317e-06
-3.52077e-06
-3.80752e-06
-3.54274e-06
2.76116e-06
-4.73219e-06
1.3029e-06
-3.90459e-06
-3.94661e-06
-3.60881e-06
1.29358e-08
-3.82417e-06
3.68283e-06
-3.55488e-06
3.54252e-06
-4.72649e-06
-3.62355e-06
-8.86768e-07
-2.70144e-06
3.53174e-06
-9.8792e-09
4.61305e-06
-4.61305e-06
4.59943e-06
-4.59943e-06
3.54402e-06
-3.54402e-06
-3.69317e-06
-3.25333e-06
-9.24004e-07
-3.2928e-06
-3.3217e-06
4.06394e-06
-4.04731e-06
3.3397e-06
-2.5533e-06
-1.74595e-06
2.20601e-06
3.91102e-07
3.3767e-06
-3.6421e-06
-3.32703e-06
-3.71501e-06
-3.43436e-06
3.32703e-06
-8.46986e-07
-6.97105e-07
-1.51519e-06
-2.52355e-06
-1.74116e-06
-4.62878e-07
-2.43511e-06
-3.75907e-06
-3.73947e-06
2.1836e-06
2.22127e-06
2.42846e-06
-4.60031e-07
-4.70466e-08
-2.98569e-07
3.48921e-06
-2.94841e-06
2.48553e-06
8.01403e-07
-3.76217e-06
3.09438e-06
6.32601e-07
3.55258e-06
-2.98253e-06
3.30134e-06
-5.63041e-07
3.9789e-06
-3.56693e-06
3.02472e-06
-2.71004e-06
2.20953e-06
-1.20867e-06
-1.00018e-06
-1.7783e-06
-1.9743e-06
-1.81231e-06
-1.8205e-06
-3.78469e-06
-3.3035e-06
3.65249e-06
-2.21522e-06
-1.43728e-06
1.0029e-07
3.14429e-06
-3.40348e-06
1.16679e-06
-2.95077e-07
5.79491e-07
2.72849e-06
2.32847e-06
-3.21122e-06
1.83529e-06
-3.44741e-06
1.77988e-06
-3.61326e-06
-3.49664e-06
3.63223e-06
-9.13384e-08
5.63965e-07
-2.9231e-06
4.22601e-06
-1.83284e-06
-1.97786e-06
3.06835e-06
-3.74753e-06
3.69996e-06
2.16052e-07
3.11609e-06
-3.11609e-06
3.47782e-06
2.87862e-06
4.21671e-06
3.2976e-06
4.23475e-06
1.61853e-06
3.37722e-06
-1.08992e-06
-3.78143e-06
-3.59234e-06
2.67061e-06
-2.41195e-06
-2.86228e-06
-1.32502e-07
3.49775e-06
8.39751e-07
1.36978e-06
-3.22189e-07
-2.83083e-06
-3.57615e-06
-1.1703e-07
-3.09971e-06
3.03971e-06
-3.47844e-06
-2.28419e-06
-3.60881e-06
3.01141e-06
3.46767e-06
2.91859e-06
2.88338e-06
8.29764e-07
2.70197e-06
-5.40234e-06
2.43511e-06
-3.4488e-06
-1.79013e-06
-2.25429e-06
1.51747e-06
-1.67107e-06
7.86494e-08
-3.77451e-06
2.90452e-06
1.22277e-06
2.59519e-06
-2.4606e-06
-1.8703e-06
3.75095e-06
-8.51456e-07
-4.25554e-07
3.34013e-07
3.18946e-06
-2.41764e-06
-3.06631e-06
-3.68058e-07
3.66868e-06
1.55698e-07
-1.38993e-06
1.77846e-07
-3.48885e-06
-2.84429e-07
-3.5708e-06
2.94734e-06
-1.90972e-06
-2.14188e-06
-3.81238e-06
-3.70533e-07
-3.236e-06
-2.94549e-06
2.28419e-06
1.58529e-06
2.16952e-06
2.95808e-06
-2.68258e-06
-3.84119e-06
6.61296e-08
-1.41134e-06
-1.4439e-06
-2.7367e-06
3.49891e-06
1.2891e-06
2.63461e-06
3.30543e-06
3.41673e-07
-2.85505e-06
-3.21363e-06
3.42968e-06
-3.60518e-06
-3.09526e-06
3.88519e-06
-1.07104e-06
-2.83491e-06
-2.56183e-06
-3.13027e-06
-2.84005e-06
3.87418e-06
-2.83976e-06
2.95881e-06
6.14627e-07
2.81276e-06
-2.84641e-06
4.00811e-06
1.63649e-06
4.04124e-06
1.60152e-06
-2.85099e-06
4.00811e-06
4.04124e-06
-3.0679e-06
-3.04562e-06
-3.24625e-06
3.36281e-06
2.91645e-06
2.62823e-06
-2.69931e-07
1.7874e-06
3.95159e-06
8.50167e-07
2.97814e-06
-2.75221e-06
-3.21144e-06
2.95223e-07
2.8489e-06
2.52338e-06
-3.43794e-06
-3.00629e-07
3.32535e-06
2.95863e-06
3.21173e-06
-2.87772e-06
7.77817e-07
2.87896e-06
2.93588e-06
1.28248e-06
-2.6455e-06
3.16182e-06
-2.6e-06
3.85049e-06
-3.07418e-06
-4.30993e-07
-3.03615e-06
2.48194e-06
-3.16588e-06
3.92017e-06
7.03151e-07
9.771e-07
3.01707e-06
-1.69067e-07
2.79369e-06
9.02228e-07
2.79318e-06
-2.79318e-06
-3.08481e-06
2.85e-06
-5.39277e-07
-2.42794e-06
-2.32864e-06
-2.14324e-06
2.32864e-06
-3.08562e-06
7.53668e-07
2.53665e-06
-5.57904e-09
-3.22451e-06
2.18205e-07
-2.92378e-06
3.23526e-06
-2.66454e-06
-3.04401e-06
-1.09564e-06
-2.43693e-06
4.56375e-07
-3.56049e-06
1.32943e-06
2.52355e-06
-2.9231e-06
3.07065e-06
-2.95241e-06
-4.31996e-06
2.10475e-06
2.25429e-06
3.02534e-06
1.32276e-06
2.5533e-06
3.01939e-06
2.99237e-06
-2.88717e-06
2.88717e-06
-3.09134e-06
-9.64735e-07
-2.78462e-06
5.108e-07
2.33092e-06
2.52636e-06
8.8584e-07
3.00911e-06
-2.8216e-06
-3.09748e-06
-2.59224e-06
-1.0144e-06
-2.7221e-06
-1.16675e-07
4.59603e-07
1.22119e-07
1.44272e-07
-3.15756e-06
3.07486e-06
-3.41227e-06
-6.69343e-07
2.23176e-06
1.70918e-06
3.18724e-06
3.25886e-06
1.70222e-06
2.36172e-06
1.58387e-06
-3.5559e-09
2.90808e-06
1.72319e-06
2.78012e-06
9.88182e-07
2.56848e-06
2.21384e-07
-3.46767e-06
3.15938e-06
2.69043e-06
-2.69043e-06
2.60544e-06
-2.60544e-06
3.6169e-07
2.6412e-06
-2.6412e-06
2.68481e-06
-2.68481e-06
-3.45543e-06
-3.3625e-07
-2.63749e-06
2.6e-06
3.69423e-06
-9.01056e-07
-4.493e-07
-7.1868e-07
-3.0945e-06
-2.86715e-06
-2.16337e-06
-2.23516e-06
8.07066e-07
-3.20381e-06
-3.0858e-06
-9.86215e-07
-2.86388e-06
-2.95438e-06
-5.47235e-07
2.50445e-06
-2.93297e-06
2.90717e-06
2.56642e-06
1.88265e-06
1.81552e-06
-2.7633e-06
-2.7467e-06
3.29584e-06
1.88234e-06
-3.22462e-06
1.90751e-06
3.06218e-06
-1.07922e-06
-1.12557e-06
-2.94446e-06
2.93587e-06
-2.93965e-06
3.24051e-06
-3.18381e-06
3.01002e-06
3.14859e-06
-3.04007e-06
-1.13445e-06
-1.09892e-06
-1.12096e-06
-2.70455e-06
2.81123e-06
3.70827e-06
2.88851e-06
2.67061e-06
-2.81592e-06
3.2578e-06
2.55135e-06
-2.79503e-06
-1.49436e-07
-1.11415e-06
-3.36362e-07
2.26616e-06
1.97012e-06
3.03971e-06
3.03631e-06
-5.41088e-08
-3.36261e-06
-2.87487e-06
-2.10934e-07
3.38973e-06
-1.03898e-06
2.78014e-06
-1.04091e-06
-3.08761e-06
2.70477e-06
3.10167e-07
2.03654e-06
2.79589e-06
-2.74408e-06
-1.04994e-06
3.14406e-06
-2.55554e-07
1.58649e-06
2.26459e-06
3.58951e-06
-2.82013e-06
2.80524e-06
3.01204e-06
-9.90034e-07
1.03106e-06
2.85223e-06
-2.48932e-07
-2.32403e-06
2.60467e-06
-3.18398e-06
-9.62423e-07
2.6455e-06
2.61101e-06
2.43693e-06
1.78908e-06
2.97857e-06
-2.14065e-06
3.03615e-06
8.79702e-07
-5.44916e-08
-2.79222e-06
-2.88611e-06
6.54833e-07
1.00399e-06
-2.97227e-06
-2.93491e-06
2.47945e-06
-2.90058e-06
3.16584e-06
-2.93879e-07
-2.3262e-06
2.62008e-06
-1.91015e-06
2.00252e-06
1.70575e-06
-3.05726e-06
-3.25171e-06
4.01893e-07
-2.70691e-06
-2.56642e-06
-4.02481e-07
3.48617e-06
-3.20155e-07
2.93116e-06
1.10091e-06
4.32605e-07
9.83325e-07
2.21183e-06
-2.50571e-06
3.0571e-06
2.72302e-06
1.14709e-07
-2.94032e-06
2.82562e-06
-1.05919e-07
2.30932e-07
-7.00705e-07
2.68333e-06
-2.56862e-06
-1.50336e-06
6.30369e-07
-3.60838e-06
6.68026e-07
-2.51734e-06
-9.59807e-08
1.05985e-06
5.7095e-07
1.76088e-06
-2.40242e-06
-2.86287e-06
9.52838e-07
-3.04427e-06
3.91747e-07
2.63917e-06
2.90904e-06
1.87257e-06
-2.57894e-06
6.48757e-07
-5.71812e-07
-5.91323e-07
-2.72827e-06
-1.78615e-06
-2.00411e-06
-3.88862e-07
4.82133e-06
-1.73173e-06
4.83698e-06
-2.8163e-06
2.58888e-06
9.10195e-08
-2.90106e-06
-2.91663e-06
-7.34371e-07
2.1851e-06
-2.35881e-06
2.67015e-06
4.96132e-07
-1.64001e-07
3.02727e-06
2.47583e-06
2.91942e-06
3.10874e-06
-1.01705e-06
-2.50825e-06
-2.67529e-06
-2.44436e-06
-7.7035e-07
2.91206e-06
3.10343e-06
3.02121e-07
8.53918e-07
1.88427e-06
-2.9425e-06
2.83322e-06
3.0243e-06
-1.24131e-07
)
;

boundaryField
{
    front
    {
        type            empty;
    }
    back
    {
        type            empty;
    }
    wall
    {
        type            calculated;
        value           uniform 0;
    }
    inlet
    {
        type            calculated;
        value           nonuniform List<scalar> 
12
(
-5.4695e-06
-5.47631e-06
-5.48061e-06
-5.42807e-06
-5.62202e-06
-5.49791e-06
-5.60836e-06
-5.64459e-06
-5.64275e-06
-5.6921e-06
-5.68646e-06
-5.69076e-06
)
;
    }
    outletLeft
    {
        type            calculated;
        value           nonuniform List<scalar> 9(3.74085e-06 3.77289e-06 3.77251e-06 3.76226e-06 3.74917e-06 3.7526e-06 3.75774e-06 3.81038e-06 3.82487e-06);
    }
    aneurysm
    {
        type            calculated;
        value           uniform 0;
    }
    outletRight
    {
        type            calculated;
        value           nonuniform List<scalar> 9(3.63257e-06 3.66064e-06 3.71802e-06 3.57799e-06 3.68122e-06 3.63281e-06 3.66813e-06 3.72041e-06 3.70436e-06);
    }
}


// ************************************************************************* //
