/*--------------------------------*- C++ -*----------------------------------*\
  =========                 |
  \\      /  F ield         | OpenFOAM: The Open Source CFD Toolbox
   \\    /   O peration     | Website:  https://openfoam.org
    \\  /    A nd           | Version:  12
     \\/     M anipulation  |
\*---------------------------------------------------------------------------*/
FoamFile
{
    format      ascii;
    class       surfaceScalarField;
    location    "0.09";
    object      phi;
}
// * * * * * * * * * * * * * * * * * * * * * * * * * * * * * * * * * * * * * //

dimensions      [0 3 -1 0 0 0 0];

internalField   nonuniform List<scalar> 
6438
(
-1.47331e-08
1.82613e-06
-1.81139e-06
-1.62121e-08
2.12129e-06
-2.10508e-06
-1.98736e-06
-3.3481e-07
2.32217e-06
1.88572e-06
-2.0685e-06
1.82779e-07
2.90182e-06
-2.26579e-06
-6.36026e-07
6.64738e-07
2.23708e-06
-2.25418e-06
2.66815e-07
-1.96036e-06
1.94415e-06
2.11515e-06
-2.52776e-06
4.12614e-07
1.96901e-06
-2.30684e-06
3.3783e-07
-1.9055e-06
2.31271e-06
-4.07212e-07
4.58626e-07
-2.09087e-06
1.63225e-06
-2.35159e-06
4.46089e-07
1.80958e-06
8.31559e-07
-2.64113e-06
1.69943e-06
-1.71416e-06
-9.53221e-08
1.99071e-06
-1.89538e-06
-2.50909e-06
2.43197e-06
7.71265e-08
-1.90051e-06
2.30439e-06
-4.03886e-07
-2.34827e-06
4.47763e-07
7.46329e-07
1.5816e-06
-2.32792e-06
-5.44908e-07
-3.56887e-07
9.01795e-07
-1.16707e-07
2.08722e-06
-1.97051e-06
-1.93316e-06
-3.14003e-07
2.24717e-06
-2.3636e-06
1.03878e-06
1.32481e-06
-2.05655e-06
1.93984e-06
-1.82645e-06
2.22134e-06
-3.94886e-07
-2.22573e-06
2.92567e-07
2.11603e-06
-1.65741e-06
-1.92095e-06
-3.5579e-07
2.27674e-06
-2.31887e-06
4.92417e-07
1.78476e-06
-2.23452e-06
4.49757e-07
9.97732e-09
-2.17929e-06
2.16932e-06
2.1312e-06
-2.14192e-06
1.07168e-08
-2.11148e-06
3.56628e-07
1.75486e-06
-2.85537e-06
4.61275e-07
2.39409e-06
2.00612e-06
-1.99614e-06
2.02215e-06
-1.36428e-07
1.31312e-06
1.83744e-06
-3.15056e-06
-6.43227e-07
2.4528e-06
-1.8828e-06
2.06845e-06
-1.85649e-07
-2.18365e-06
2.16286e-06
2.07917e-08
-9.09408e-07
1.65574e-06
1.95223e-06
1.67796e-08
-2.34588e-06
2.29857e-06
4.73071e-08
2.10623e-06
-3.21476e-07
-1.5695e-06
1.47418e-06
-2.72568e-06
4.5989e-07
2.06965e-06
2.00247e-07
-2.26989e-06
-1.61472e-06
-4.96766e-07
-2.9395e-07
-1.93821e-06
2.19975e-06
-2.61545e-07
-1.45047e-06
2.08783e-06
-6.37356e-07
2.09258e-06
-2.09258e-06
6.55765e-07
1.58771e-06
2.09018e-07
-1.79672e-06
9.30939e-07
4.50159e-07
-1.3811e-06
1.77338e-06
3.66548e-07
-2.13993e-06
1.71112e-06
-6.7234e-07
-9.92305e-07
-1.73338e-06
-2.01726e-08
1.8442e-06
-1.82402e-06
-2.27606e-06
2.27606e-06
-2.35554e-06
2.37816e-06
-2.26203e-08
9.42742e-08
1.75467e-06
-1.84894e-06
6.69651e-09
-2.14872e-06
2.14202e-06
1.99346e-06
-1.98676e-06
-2.17304e-06
2.52085e-07
-2.17902e-06
-1.66863e-07
-1.87213e-06
2.05619e-06
-1.84063e-07
2.07268e-07
1.7938e-06
-2.00106e-06
-2.20267e-06
2.11863e-06
8.4036e-08
2.14786e-06
-2.14786e-06
1.99805e-06
1.17097e-07
-1.31185e-06
-9.94984e-07
1.8691e-06
3.95354e-07
-2.26446e-06
-1.83525e-06
-3.48398e-07
1.6295e-06
1.26103e-06
-2.89052e-06
-2.52561e-06
1.6162e-06
-1.6141e-06
-9.11512e-07
2.21661e-06
-3.47511e-07
1.32491e-06
-3.93974e-07
1.80118e-06
2.02806e-07
-2.00399e-06
-2.21996e-06
-1.35585e-07
-3.17489e-07
-5.40048e-07
-1.73601e-06
2.40613e-06
-2.40613e-06
-1.59337e-06
-6.09296e-07
-1.45238e-07
-2.71013e-06
-2.07579e-06
2.06817e-06
7.61995e-09
7.47371e-08
-2.10503e-06
2.03029e-06
-2.3143e-07
2.03261e-06
2.07869e-06
5.25145e-08
-2.17145e-06
-3.37638e-07
-2.19138e-06
2.24561e-06
-5.42272e-08
2.29242e-06
-1.28221e-06
-1.01021e-06
2.05455e-06
-1.97981e-06
4.28429e-08
2.30735e-06
-1.17404e-06
-1.13331e-06
1.31051e-06
9.81903e-07
2.11456e-06
-2.11456e-06
-1.62238e-06
2.32556e-06
-7.03184e-07
-2.03744e-06
9.92294e-08
-2.79294e-07
-1.64916e-06
1.92845e-06
-1.91041e-06
7.51576e-08
-2.04659e-06
4.24208e-07
1.76382e-06
3.85866e-07
-2.14969e-06
-1.28775e-07
1.8926e-06
-1.84394e-06
2.13006e-06
-2.86116e-07
-1.95698e-06
7.41816e-08
1.35674e-06
9.50609e-07
2.04145e-06
-4.09199e-07
8.77511e-08
2.00483e-06
-1.76158e-06
-1.48834e-07
1.84033e-06
3.93181e-07
-2.23351e-06
-1.01822e-06
-8.78737e-07
1.89695e-06
1.34066e-06
-1.72128e-07
-1.16853e-06
-2.17929e-06
4.4393e-07
2.17974e-06
-2.62367e-06
-1.01295e-06
4.68046e-07
2.17798e-06
4.33642e-08
2.36693e-06
-1.22499e-06
-1.14194e-06
7.94517e-07
1.57242e-06
2.19904e-06
-3.58708e-07
2.68979e-06
-1.37667e-06
-1.99234e-06
7.13701e-09
1.9852e-06
-2.85122e-06
2.88496e-07
2.56273e-06
-3.32777e-08
-1.98026e-06
2.01354e-06
2.17614e-06
1.22431e-07
-1.68006e-06
1.65988e-06
-2.00388e-06
2.04382e-06
-3.99375e-08
2.02975e-06
-2.06303e-06
2.09493e-06
-2.09493e-06
2.06041e-06
6.08799e-08
2.06508e-06
-4.77376e-07
2.03691e-06
-1.94264e-06
-1.79452e-06
1.51523e-06
1.89531e-08
1.97824e-06
-1.99719e-06
2.33202e-06
-1.6317e-06
-7.00325e-07
-2.14872e-06
-3.14348e-08
2.44597e-08
-1.98482e-06
-1.98662e-06
1.14492e-07
2.2296e-08
1.98382e-06
1.91988e-06
-1.71262e-06
-1.97965e-06
1.35713e-07
2.00761e-06
-5.53777e-08
-7.2665e-08
1.74832e-06
-1.67566e-06
1.3792e-06
9.52818e-07
-2.058e-06
4.43727e-07
1.61427e-06
2.09774e-06
-9.91557e-09
-2.77551e-06
2.50587e-07
2.52492e-06
-2.85112e-08
-1.96995e-06
1.99846e-06
1.30887e-06
3.17893e-08
1.2608e-07
1.97166e-06
1.9511e-06
1.64929e-07
2.01815e-06
-2.04666e-06
-2.10212e-06
-6.93372e-08
2.14635e-06
-2.30887e-06
1.62519e-07
-1.91673e-06
-7.5601e-08
-2.33378e-06
1.01183e-06
1.32195e-06
-1.0426e-09
2.01674e-06
7.04789e-08
-1.89995e-06
2.2093e-06
-3.09352e-07
-2.0887e-06
1.80187e-06
2.86823e-07
-2.83295e-07
7.31301e-07
-4.48005e-07
-6.55989e-07
-1.66288e-06
-2.10503e-06
-1.68458e-08
2.01031e-06
6.19528e-07
1.70603e-06
-3.4162e-08
-2.04652e-06
-1.0023e-08
-4.38159e-08
-2.23655e-06
1.88887e-06
3.47683e-07
-1.30972e-07
1.66911e-06
3.28941e-07
3.27024e-06
-1.4328e-06
-6.90782e-07
-1.65749e-06
2.05045e-06
2.82388e-08
-1.75771e-06
7.39498e-07
-7.93068e-07
-1.24702e-06
2.04009e-06
-7.05833e-07
-1.64576e-06
-1.14548e-06
2.77498e-06
-2.11659e-06
7.00695e-08
-1.99801e-06
2.00563e-06
-7.61603e-09
-1.6472e-06
1.57454e-06
-2.42621e-08
-1.95803e-06
1.98229e-06
-2.15381e-06
3.7219e-08
1.79472e-06
-2.1353e-06
3.40581e-07
2.00055e-06
-2.02481e-06
1.78655e-06
-6.75526e-07
-1.11103e-06
-2.70431e-06
9.60738e-07
1.74358e-06
1.83148e-06
1.76126e-07
1.51171e-06
9.20254e-07
4.41358e-07
1.96477e-06
-5.27135e-07
-1.87899e-06
-2.18127e-06
2.16141e-06
1.9868e-08
-2.1751e-06
-6.1703e-09
-2.16459e-06
-1.05123e-08
7.59352e-09
5.63857e-07
-3.14901e-06
2.58515e-06
-2.33525e-06
2.77918e-06
1.84435e-06
-1.8254e-06
1.97215e-06
8.23997e-08
1.60869e-07
1.62568e-06
-1.98026e-06
-1.7952e-06
1.78701e-06
2.21966e-07
-2.00897e-06
-1.00976e-08
-4.28074e-07
3.14183e-06
-2.71376e-06
2.97955e-06
-2.14799e-06
-9.05286e-07
1.35545e-06
-5.74902e-07
-1.75888e-06
-1.56032e-06
-1.14399e-06
-1.97903e-06
-1.2309e-07
-1.99412e-06
1.99379e-06
3.31578e-10
-3.13645e-07
1.87008e-06
-1.55644e-06
-2.14284e-06
2.15771e-06
-1.48696e-08
-2.12025e-06
-2.25923e-08
-2.72315e-06
1.71744e-07
2.5514e-06
-1.90055e-06
-1.23326e-07
2.02388e-06
2.13561e-06
2.21017e-08
-3.79242e-07
-2.33178e-06
8.53475e-07
1.4783e-06
1.28614e-08
-1.234e-06
-1.09777e-06
-2.89849e-08
-2.19756e-08
-1.9462e-06
1.96817e-06
-2.00019e-06
9.96353e-08
1.80769e-06
2.42763e-07
2.08292e-06
-1.99517e-06
1.98082e-06
-2.00279e-06
1.97313e-06
5.66129e-08
9.70897e-07
2.00865e-06
2.04808e-06
-3.78968e-07
-1.61804e-07
-2.68942e-06
-1.16028e-07
1.62576e-06
-1.50973e-06
-2.1102e-06
-1.00413e-08
-2.10982e-06
-3.89114e-10
2.12618e-06
-2.11075e-06
-1.54318e-08
2.10376e-06
2.24197e-08
-1.96995e-06
4.86445e-07
-6.67166e-07
1.80721e-07
-2.38285e-06
1.39675e-06
9.86103e-07
1.06489e-06
-2.13574e-06
1.07085e-06
-1.86442e-06
-1.73015e-07
-1.9874e-06
1.97753e-06
9.87835e-09
-2.06568e-06
1.99199e-06
7.36877e-08
-1.65028e-07
2.11415e-06
-1.94912e-06
-2.05099e-06
5.08027e-08
-2.27794e-06
2.84179e-06
-2.09703e-07
-1.84829e-06
-2.14146e-06
1.97644e-06
-1.67782e-06
-1.53745e-07
1.83156e-06
-1.56703e-06
2.09051e-06
1.32579e-08
-1.42788e-06
-3.8287e-07
4.24579e-07
-4.17091e-08
-1.93093e-08
7.73842e-08
-2.71737e-06
2.63998e-06
-1.51842e-06
-7.35755e-07
-2.11805e-06
2.07596e-06
4.20975e-08
-2.08571e-06
-3.2341e-08
-7.4879e-07
4.65495e-07
1.96944e-06
4.87095e-08
2.09858e-06
-3.43916e-07
2.08446e-06
-2.08276e-06
-1.69775e-09
-5.45166e-09
-1.93104e-06
1.93649e-06
2.18369e-06
-1.56417e-06
-2.62907e-08
2.15856e-06
1.22323e-06
-3.38179e-06
2.13798e-06
-2.13798e-06
3.33486e-07
1.94258e-06
-7.54749e-07
-1.33783e-06
-1.706e-06
2.05656e-06
-3.50564e-07
-2.24649e-07
-1.84103e-06
1.97079e-06
-1.97625e-06
-1.88622e-06
3.03413e-08
1.85587e-06
3.62526e-07
-1.91343e-06
1.5509e-06
-1.9814e-06
1.96036e-06
2.10374e-08
1.26758e-06
9.16115e-07
-6.16405e-08
-3.2123e-07
-1.19314e-06
-1.18971e-06
-4.61393e-07
-2.11558e-06
2.15625e-07
-1.95803e-06
1.77427e-06
3.72085e-07
-1.64414e-06
-1.84977e-06
1.71959e-07
-1.88769e-06
1.09462e-06
2.14201e-06
-1.74097e-06
-4.01039e-07
3.64976e-07
1.71794e-06
-1.50993e-06
-7.15804e-07
-2.09355e-06
2.09355e-06
2.09615e-06
-2.01638e-06
-7.97767e-08
1.19753e-07
-1.98417e-06
-1.67681e-06
1.8958e-06
-2.18993e-07
-6.62799e-07
3.05912e-07
1.95206e-06
-1.96171e-06
9.65356e-09
2.05404e-06
2.19187e-08
2.0731e-06
2.30484e-08
3.12945e-06
-1.99715e-06
-5.38411e-08
-1.75249e-06
1.43884e-06
1.96626e-06
3.42901e-08
2.06735e-06
-2.05651e-06
-1.08424e-08
-1.83589e-08
-2.87262e-08
2.16964e-07
-1.77307e-06
1.55611e-06
-6.11057e-08
-2.7144e-06
6.49386e-07
1.44115e-07
-1.82092e-06
-1.97635e-06
1.94601e-06
3.03416e-08
1.97084e-06
-1.76126e-07
-9.18174e-07
-1.22374e-06
-2.76332e-06
2.04494e-07
-1.10978e-06
-3.28569e-07
9.5838e-09
2.03029e-06
-1.80832e-06
-1.9462e-06
-1.94909e-06
5.10106e-08
1.89808e-06
2.7506e-06
3.91233e-07
1.58675e-06
7.91418e-07
1.91961e-06
-8.54717e-07
2.00259e-06
-1.13716e-07
4.60435e-06
-3.38112e-06
-3.14901e-06
-1.0103e-06
-1.0784e-06
-2.58627e-08
2.1372e-06
-2.0025e-06
-1.34696e-07
2.02713e-06
4.59685e-08
2.34483e-07
-1.94048e-06
-1.43958e-06
1.65655e-06
1.9634e-06
1.74169e-08
1.53655e-06
6.80059e-07
2.06027e-06
7.69316e-08
2.05902e-06
-2.0296e-06
-2.94208e-08
-9.29559e-07
-1.30496e-06
-9.29733e-08
1.89484e-06
3.50721e-08
-2.18293e-06
1.70706e-06
-1.34453e-06
-2.93757e-08
4.26439e-08
1.66785e-06
-1.80919e-06
1.4134e-07
3.05897e-07
1.75066e-06
2.79147e-06
-2.71408e-06
9.72093e-07
1.22766e-06
-1.9707e-06
1.94847e-06
2.2236e-08
-4.50916e-08
-1.14763e-06
6.30659e-07
5.16969e-07
-2.09837e-08
2.14009e-06
-2.14009e-06
2.4252e-06
-1.40813e-06
-1.01707e-06
-1.76725e-06
-3.01248e-07
1.49205e-06
7.06987e-07
2.04917e-06
1.10941e-08
-1.93104e-06
1.91578e-06
1.24042e-08
-1.92818e-06
1.5671e-06
2.18293e-06
-2.16932e-06
5.47583e-08
2.54818e-06
-2.25969e-06
1.97112e-06
-2.09462e-06
1.96026e-06
-4.44787e-08
1.76874e-06
-1.9155e-06
1.90578e-06
9.71865e-09
8.79865e-08
1.53812e-06
-1.62611e-06
-1.74069e-06
1.43872e-06
-1.29853e-07
1.8189e-06
2.4955e-07
-1.79648e-08
-1.68596e-06
-2.93697e-07
-2.52828e-06
1.59872e-06
4.60428e-09
-1.92134e-06
-2.04448e-06
-9.69873e-08
2.73574e-06
-1.47471e-06
1.95732e-08
-3.54808e-07
2.17604e-06
-1.82123e-06
-9.29228e-07
-2.18401e-07
1.90744e-06
-1.92747e-06
2.00303e-08
-1.97112e-06
1.95797e-06
8.49406e-07
1.21084e-06
-2.06025e-06
2.04686e-06
-3.79005e-07
1.68229e-07
1.82248e-06
2.01091e-06
1.98393e-07
2.19237e-07
2.67208e-07
-2.14202e-06
4.70889e-08
-1.69839e-06
1.93287e-06
-9.84703e-07
1.1892e-06
1.81549e-07
-1.7846e-06
1.60305e-06
-1.51401e-08
3.50027e-08
-1.77911e-06
-2.02713e-06
1.98949e-06
3.76409e-08
-1.94212e-06
2.01153e-07
1.27055e-06
1.15466e-06
-1.09265e-06
2.2394e-06
-1.14675e-06
2.24755e-06
-2.09788e-06
-1.49667e-07
5.72101e-08
1.38151e-06
-1.92862e-06
-2.04696e-08
1.95747e-06
2.79e-09
9.65257e-07
-3.34598e-07
2.49143e-06
-2.24085e-06
1.77864e-06
2.77545e-07
1.11647e-07
-1.98713e-06
3.01176e-07
2.97246e-08
-1.72812e-06
2.21824e-06
-1.79403e-06
1.80805e-06
-1.09893e-07
-1.72174e-06
1.83163e-06
-1.94841e-06
2.0298e-06
-2.41709e-08
-2.95147e-06
2.37717e-07
-1.29482e-08
1.91122e-06
3.72465e-08
-1.80181e-06
-1.98098e-06
1.97308e-06
7.9063e-09
2.37482e-06
-1.38181e-06
-9.93016e-07
-1.66073e-06
-1.49841e-07
1.81057e-06
-4.24394e-09
-1.95468e-06
4.21703e-08
-2.12753e-07
2.09152e-06
-1.87877e-06
-1.91724e-06
1.9269e-06
-2.78425e-06
-4.05537e-07
-2.69174e-06
2.62396e-06
6.77834e-08
1.53359e-06
7.79122e-07
1.79555e-06
1.62078e-07
-1.95763e-06
1.90956e-06
-7.80803e-08
1.53706e-06
7.67337e-07
-1.36453e-06
4.35307e-07
-1.93234e-06
1.6766e-06
-1.90803e-06
-2.59266e-06
2.58332e-06
9.33512e-09
2.33874e-06
-1.87747e-06
1.91153e-06
-5.75401e-09
1.17919e-07
-1.78291e-06
1.66499e-06
-2.8825e-08
-2.56383e-06
2.31587e-06
-2.31587e-06
-1.05565e-06
1.98712e-06
-9.3147e-07
-1.91205e-06
1.91205e-06
1.95639e-06
-1.72906e-06
-2.27328e-07
1.81314e-06
4.32468e-07
2.03738e-06
-1.6724e-06
2.01639e-06
-2.26083e-08
-1.57539e-06
-2.52774e-07
1.82816e-06
-2.56127e-06
2.57014e-06
-8.87096e-09
2.36812e-06
-1.42607e-06
-9.42044e-07
3.45029e-07
1.69235e-06
-2.58808e-06
2.57504e-06
1.3041e-08
-7.85988e-10
-1.90725e-08
2.55386e-06
-2.53479e-06
-2.5785e-06
2.5785e-06
-3.06801e-08
1.93812e-06
2.76818e-06
-2.57977e-06
-1.88414e-07
-2.58978e-06
2.5707e-06
2.58728e-06
-2.57421e-06
-1.3068e-08
-1.88484e-06
-4.26291e-08
2.20577e-06
-2.97066e-08
2.57036e-06
-2.54066e-06
2.57113e-06
-2.57601e-06
4.87962e-09
-1.94473e-06
2.55763e-06
-3.76514e-09
-1.9789e-06
1.96141e-06
1.74971e-08
-2.55717e-06
2.56655e-06
-9.37147e-09
1.95886e-06
-1.90785e-06
-2.58292e-06
2.55322e-06
1.98187e-06
-6.31192e-07
9.42777e-07
1.23326e-06
-1.43043e-06
-1.09785e-06
-2.57398e-06
2.57398e-06
-2.58579e-06
-3.98819e-09
2.39359e-06
-4.39654e-07
-1.95394e-06
-1.68427e-06
1.14422e-06
6.45505e-08
2.5618e-06
-2.56982e-06
8.01541e-09
1.88545e-06
-1.88481e-06
-6.44065e-10
2.64162e-06
-2.57287e-06
-6.87467e-08
2.54826e-06
1.35375e-08
2.54361e-06
2.67552e-08
-5.38564e-09
-1.90667e-06
-2.35489e-06
1.29664e-06
1.05824e-06
-1.90395e-06
1.91636e-06
2.55647e-06
-8.20919e-09
2.68063e-07
1.73452e-06
1.37492e-06
-5.25512e-07
-2.57928e-06
-3.64442e-09
2.10312e-06
1.24713e-06
-2.12587e-06
-3.25196e-07
-2.62628e-06
1.92097e-06
-1.93302e-06
1.20528e-08
-8.92189e-08
-2.60252e-06
1.99999e-06
-2.24647e-08
2.22173e-06
-1.51896e-06
-7.02769e-07
-1.92437e-06
2.56044e-06
-2.56044e-06
1.83445e-06
2.59475e-08
-1.8604e-06
1.97341e-06
-2.56585e-06
2.56245e-06
3.40604e-09
2.54745e-06
-2.57224e-06
2.47846e-08
1.61681e-06
-2.14394e-06
-6.94354e-09
-2.54776e-06
2.5547e-06
2.54186e-06
-2.5488e-06
-8.4328e-08
2.70829e-06
-2.0311e-06
2.20284e-06
-2.30662e-06
1.60079e-06
-4.05135e-08
2.62384e-06
2.20233e-07
1.13521e-06
2.47156e-08
2.36887e-06
-7.0235e-09
2.04945e-06
-2.04242e-06
-1.76591e-08
-2.57192e-06
-1.61563e-08
2.11352e-06
-2.12656e-07
-1.90086e-06
-2.55486e-06
2.55486e-06
1.49695e-06
-1.28793e-06
-2.57604e-06
2.56922e-06
6.82107e-09
1.96802e-06
-1.96802e-06
1.91446e-06
-2.90117e-08
2.55836e-06
-2.56248e-06
4.12126e-09
-2.47028e-06
6.75089e-07
1.52803e-09
-1.90066e-06
1.89914e-06
2.06103e-06
-1.72142e-08
2.56353e-06
2.3749e-08
1.5555e-06
2.65073e-07
-1.82057e-06
2.57154e-06
-1.39138e-08
1.99987e-06
-1.99987e-06
2.55524e-06
-2.54626e-06
-8.98665e-09
-1.95528e-06
1.93998e-06
1.53006e-08
2.57466e-06
-2.5669e-06
-7.75934e-09
-2.55917e-06
2.55917e-06
3.83457e-07
1.79318e-06
6.06688e-08
-1.85385e-06
-2.57625e-06
2.56948e-06
6.77201e-09
-9.72353e-09
-1.93019e-06
1.919e-06
1.96389e-09
2.3938e-06
-4.49693e-07
-1.94411e-06
1.65457e-06
2.54874e-06
-2.55581e-06
7.0767e-09
1.97128e-06
2.10324e-06
2.96306e-08
1.80482e-06
2.6136e-06
-5.00732e-08
2.54021e-06
8.52584e-09
1.87047e-06
-1.87047e-06
-9.84703e-07
2.58478e-06
-2.56437e-06
-7.86461e-09
2.5632e-06
-2.55359e-06
-9.60962e-09
5.0565e-08
-2.61202e-06
2.56145e-06
2.69278e-07
-2.58515e-06
-2.57158e-06
2.5671e-06
4.47948e-09
1.85673e-06
-1.85562e-06
-1.1128e-09
1.95639e-06
-1.72654e-06
1.72654e-06
2.54544e-06
-5.22429e-09
-1.9083e-06
-1.78291e-06
1.79555e-06
1.98131e-06
-2.09522e-08
-5.8675e-09
2.03069e-07
-2.52793e-06
2.56266e-06
-2.5636e-06
9.34832e-10
6.03e-08
1.79643e-06
5.96716e-08
2.05384e-06
1.92828e-06
-1.38215e-08
-2.56598e-06
2.56289e-06
3.089e-09
2.54326e-06
-2.55062e-06
7.35769e-09
-2.56345e-06
-1.25938e-08
2.55664e-06
-2.54981e-06
-6.8247e-09
1.93098e-06
3.70403e-08
2.55802e-06
1.11961e-08
-3.31839e-09
2.55246e-06
1.04275e-08
-4.02436e-10
-1.89183e-06
-2.59135e-06
2.75186e-08
-1.91774e-06
1.91774e-06
2.53212e-08
2.36848e-06
-1.94886e-06
3.73472e-07
1.36416e-08
2.55749e-06
1.07161e-07
-1.84717e-06
1.74001e-06
1.81642e-08
2.56033e-06
2.44299e-06
-2.6641e-06
1.93051e-06
6.93637e-08
2.54186e-06
-1.94656e-08
1.81264e-06
-1.864e-06
8.37993e-09
1.83753e-06
-2.82026e-07
-2.54822e-06
2.54822e-06
-2.5618e-06
-1.44527e-08
1.72906e-06
-1.7912e-06
6.21375e-08
-2.56033e-06
1.88597e-06
-1.88445e-06
2.55675e-06
1.27294e-08
-2.55785e-06
-2.27716e-06
1.58638e-06
-2.56901e-06
2.56469e-06
4.32546e-09
1.74442e-06
1.65143e-07
1.90066e-06
1.13902e-08
-2.53985e-06
2.55747e-06
-1.76192e-08
-1.9321e-06
1.9152e-06
1.69036e-08
-2.54797e-06
8.11507e-09
1.92228e-06
-3.28001e-09
1.05029e-07
-1.98561e-06
1.88058e-06
2.54747e-06
-2.55888e-06
1.14041e-08
2.07247e-06
-2.16946e-06
2.54716e-06
-2.54688e-06
-2.84058e-10
-1.62545e-06
1.62545e-06
-2.00416e-06
2.00416e-06
-2.5442e-06
-3.76596e-09
-1.1892e-06
1.40943e-06
-2.55159e-06
2.54782e-06
3.77161e-09
2.0179e-08
2.5538e-06
1.59098e-06
-1.40943e-06
-1.59098e-06
1.67897e-06
1.68671e-06
-1.93948e-06
2.33499e-06
-1.38176e-06
-9.53227e-07
-2.56065e-06
-1.09257e-08
-3.67732e-07
-1.67897e-06
2.0467e-06
2.55739e-06
9.70666e-09
-1.93839e-06
1.79387e-06
2.56487e-06
-2.55966e-06
-5.21594e-09
-2.54964e-06
-1.92099e-06
1.93188e-06
-6.14109e-08
-6.89819e-09
2.56337e-06
2.5524e-06
-1.89914e-06
-2.61339e-06
-1.53506e-06
1.95763e-06
-4.22567e-07
-2.53847e-06
-9.28578e-09
2.54928e-06
3.18142e-09
1.48642e-06
-1.51954e-06
3.31239e-08
2.96305e-09
1.7912e-06
-1.86346e-06
7.22618e-08
1.18199e-06
1.19283e-06
-2.55951e-06
-9.50431e-09
-1.9402e-06
2.53807e-06
-2.53592e-06
-2.15486e-09
2.55639e-06
8.30141e-09
-2.56389e-06
2.5611e-06
2.79029e-09
1.96101e-06
1.93098e-06
-2.54463e-06
2.53897e-06
5.66053e-09
2.56258e-06
-2.56142e-06
-1.15864e-09
-1.90678e-06
1.93051e-06
2.54342e-06
-2.54342e-06
1.02584e-08
2.56478e-06
-1.60569e-06
-3.43171e-07
2.54867e-06
-1.1943e-09
-3.26367e-07
1.74019e-06
-1.41383e-06
2.54219e-06
-2.53999e-06
-2.1963e-09
7.83784e-09
2.5526e-06
2.53753e-06
-2.53984e-06
2.3102e-09
-2.56733e-06
-2.55801e-06
-1.54178e-06
2.25965e-09
2.56019e-06
-2.82533e-09
-2.55154e-06
2.55436e-06
-2.54358e-06
2.53798e-06
5.59752e-09
-2.55941e-06
-4.47987e-09
-1.93721e-06
-1.87202e-06
8.01808e-09
2.55674e-06
4.36075e-09
-2.54125e-06
2.54018e-06
1.07736e-09
-2.54298e-06
9.66192e-09
2.53332e-06
2.55866e-06
6.20744e-09
-2.5507e-06
-8.95203e-09
-1.86174e-06
-8.73732e-09
2.55742e-06
-2.55897e-06
1.55179e-09
2.54262e-06
-2.54545e-06
-2.54749e-06
2.54397e-06
3.52702e-09
2.54112e-06
-2.53906e-06
-2.05678e-09
1.91621e-06
1.53204e-09
2.55824e-06
4.34436e-09
-2.55463e-06
-6.79377e-09
-2.56395e-06
1.93188e-06
-2.54251e-06
2.5374e-06
5.10912e-09
1.68783e-06
-1.79773e-06
-2.53533e-06
2.54489e-06
-9.56044e-09
2.54325e-06
-2.54708e-06
3.82479e-09
-6.34873e-09
-2.55691e-06
-2.50615e-09
-6.69822e-09
-2.25819e-06
1.6022e-06
-4.40685e-09
2.54262e-06
-4.26286e-09
-2.76545e-09
-2.5591e-06
2.18946e-09
9.80656e-07
2.14904e-06
-3.1297e-06
-5.29553e-07
2.55739e-06
2.99587e-11
-2.5526e-06
4.79404e-09
2.55006e-06
-2.55408e-06
-4.89115e-09
-1.92263e-06
-2.56166e-06
2.56172e-09
9.10406e-09
2.54925e-06
-3.77306e-10
1.22201e-08
-2.5184e-06
2.50618e-06
2.56097e-06
-2.55967e-06
-1.29778e-09
-1.95682e-06
3.51128e-07
2.55604e-06
-2.55157e-06
-4.46994e-09
-2.55768e-06
-1.89695e-06
-1.0024e-07
2.5406e-06
-2.53858e-06
-2.01877e-09
1.34432e-08
-2.52079e-06
2.50734e-06
-2.56032e-06
2.55552e-06
4.79533e-09
-1.93618e-06
1.91977e-06
1.64062e-08
2.20011e-09
-2.56027e-06
-1.39152e-09
-1.94858e-06
4.04293e-07
1.54428e-06
-2.55696e-06
-3.36111e-09
2.56009e-06
8.76458e-10
-2.55588e-06
-3.78962e-09
-1.03239e-08
-2.56045e-06
1.83568e-10
-1.84183e-06
-2.11829e-07
2.05366e-06
1.47259e-06
1.08125e-08
-2.55006e-06
1.92074e-06
-5.53723e-09
-2.5405e-06
2.5405e-06
-4.92786e-09
2.55888e-06
1.21386e-09
-2.03786e-09
4.03403e-09
4.15491e-09
2.55984e-06
-9.60916e-10
1.51054e-09
2.55918e-06
-2.55919e-06
1.61505e-11
1.8471e-06
-1.8471e-06
-2.55391e-06
2.54838e-06
5.53247e-09
2.54478e-06
-2.54219e-06
-2.59539e-09
-3.63377e-09
2.55825e-06
1.59376e-09
2.55836e-06
8.17768e-10
-9.45001e-10
2.5585e-06
2.55614e-06
-2.55753e-06
1.38942e-09
-2.58081e-06
-2.54795e-06
-5.96477e-09
1.9702e-06
-2.4189e-08
2.55385e-06
2.28635e-09
2.1311e-08
2.55579e-06
-2.55296e-06
-2.83041e-09
-1.82594e-06
1.82594e-06
1.44938e-08
2.54467e-06
-2.54004e-06
2.54414e-06
-4.10908e-09
2.55524e-06
5.44985e-10
1.61983e-08
1.91209e-06
2.55223e-06
-2.55122e-06
-1.00553e-09
-2.53203e-06
-8.01045e-09
2.54517e-06
-2.54724e-06
2.07663e-09
2.55056e-06
1.67053e-09
2.55525e-06
3.1122e-09
-2.52599e-08
-2.52628e-06
-3.65703e-09
-2.25269e-07
-1.71521e-06
2.54103e-06
-2.5435e-06
2.47032e-09
7.57663e-08
1.77133e-06
2.55192e-06
-2.54948e-06
-2.4315e-09
-2.28349e-09
-4.44302e-08
-2.11971e-06
2.16414e-06
-1.84835e-06
1.86962e-06
-2.12674e-08
-2.52904e-06
2.52988e-06
-8.33252e-10
2.54893e-06
2.98161e-09
-2.54132e-06
-1.58705e-06
2.56771e-06
2.54998e-06
-2.54631e-06
-3.66486e-09
-2.5524e-06
2.55246e-06
-5.86696e-11
2.5452e-06
-2.54291e-06
-2.29547e-09
-2.48144e-07
-2.18325e-06
2.43139e-06
2.54732e-06
2.65832e-09
-2.53105e-06
2.00388e-09
2.55035e-06
-2.5471e-06
-3.2575e-09
1.91621e-06
-1.96174e-06
1.96174e-06
2.54939e-06
-2.54454e-06
-4.85199e-09
-4.97883e-09
2.55041e-06
-4.02517e-09
-1.91876e-06
2.54574e-06
3.65709e-09
-2.55215e-06
-4.8052e-09
-2.52709e-06
2.52846e-06
-1.37105e-09
2.55245e-06
1.40784e-09
4.35681e-08
2.52657e-06
-5.13482e-10
2.55015e-06
6.48818e-09
1.91097e-06
9.76465e-09
3.09307e-10
-2.52965e-06
2.56171e-09
1.94566e-07
7.16443e-09
8.20104e-08
2.54285e-06
-2.54522e-06
2.37474e-09
-2.52441e-06
2.52738e-06
-2.96893e-09
4.62616e-08
-1.91408e-06
1.86782e-06
3.41989e-07
-1.99264e-06
1.65065e-06
7.2611e-07
1.80783e-06
-1.80783e-06
2.54101e-06
-2.54101e-06
-2.08541e-06
1.16143e-09
-2.54579e-06
1.95012e-06
2.54947e-06
5.77681e-09
-4.79617e-07
-8.94325e-07
1.37394e-06
-2.52815e-06
3.74626e-09
-2.52938e-06
-8.26311e-08
1.0809e-06
-1.78278e-06
7.01871e-07
-1.75406e-09
1.74072e-08
2.52748e-06
5.2311e-09
1.91705e-06
-2.5532e-06
5.39656e-09
2.54282e-06
1.62216e-06
-1.97948e-06
3.57327e-07
1.6503e-06
-5.6939e-07
-3.19938e-09
-2.54038e-06
2.55364e-06
-2.53624e-06
-2.54619e-06
-2.52107e-06
2.51866e-06
2.41108e-09
5.9972e-10
2.54722e-06
2.53835e-06
2.65923e-09
2.31949e-06
-1.5403e-06
-7.79198e-07
-7.88152e-09
1.93839e-06
2.54649e-06
4.07099e-09
2.31912e-06
-2.56727e-06
1.73917e-08
2.52739e-06
-3.01612e-09
-2.53949e-06
-2.52409e-06
3.01685e-09
-1.85316e-06
4.81006e-09
1.94815e-06
-1.56227e-06
-3.85879e-07
2.53379e-06
-2.53399e-06
1.97889e-10
-2.99859e-09
7.31301e-07
-1.0278e-06
-9.62076e-07
1.98988e-06
2.53859e-06
-2.54247e-06
3.88374e-09
2.01686e-06
-1.99092e-06
-6.22684e-09
1.93721e-06
-1.66315e-06
1.18353e-06
2.536e-06
-2.53853e-06
2.52805e-09
2.55066e-06
-2.53327e-06
-1.91133e-06
6.42348e-08
-1.91839e-06
1.91539e-06
2.99365e-09
1.86346e-06
-1.90789e-06
4.08487e-08
2.5257e-06
-1.93774e-06
1.87603e-06
-6.83439e-08
2.54662e-06
-2.54353e-06
-3.09092e-09
1.98215e-06
-1.89379e-06
-8.83616e-08
2.53835e-06
-1.54152e-09
-2.53971e-06
-1.878e-06
5.98639e-09
2.35764e-07
1.44204e-06
-1.6778e-06
-2.51785e-06
2.5151e-06
2.75307e-09
2.53426e-06
8.98759e-09
-1.60438e-06
-3.35102e-07
1.86353e-08
2.52657e-06
2.54228e-06
-2.5483e-06
6.01512e-09
2.53923e-06
-4.66983e-09
-2.53125e-06
-1.97991e-06
-3.34658e-07
2.54361e-06
5.32782e-09
2.70587e-06
-5.56824e-07
-1.56407e-08
2.54123e-06
-2.52559e-06
2.53993e-06
2.35747e-09
-2.52151e-06
3.65832e-09
-2.52852e-06
-1.83601e-08
-4.80788e-09
2.50715e-06
-2.50234e-06
3.32271e-09
2.5401e-06
2.551e-06
-2.53237e-06
-2.54282e-06
-8.31773e-09
1.9402e-06
-2.70458e-09
1.92323e-06
-9.76578e-08
-1.82557e-06
2.61829e-08
1.89705e-06
-2.51078e-06
2.50597e-06
-2.5424e-06
-5.54695e-09
1.61394e-06
3.34203e-07
-9.3887e-09
1.9663e-06
-1.95691e-06
-1.62877e-06
-1.36236e-06
1.59813e-06
-2.12372e-06
2.64145e-07
1.85957e-06
2.53899e-06
1.95994e-09
-2.54195e-06
2.54838e-08
2.52816e-06
2.53522e-06
-2.53561e-06
3.87763e-10
2.54077e-06
-2.53318e-06
-7.59208e-09
-2.54417e-06
1.74564e-09
-3.68284e-09
-1.92028e-06
1.92396e-06
3.93927e-10
2.54357e-06
-1.76398e-06
5.16951e-07
-2.54093e-06
2.53945e-06
1.47089e-09
-2.51431e-06
2.51128e-06
3.03012e-09
2.49167e-08
2.07366e-06
-2.01299e-06
1.52382e-06
-3.73984e-08
-1.33965e-08
2.54266e-06
-2.52926e-06
-2.26597e-06
1.23816e-06
2.53811e-06
2.24899e-09
-2.54131e-06
2.5407e-06
6.61569e-09
-2.37373e-06
2.30329e-08
2.35069e-06
4.04133e-09
-2.51835e-06
2.53576e-06
-2.53309e-06
-2.6619e-09
-8.09649e-08
2.55094e-06
-2.46998e-06
-3.841e-09
-5.22621e-07
2.38756e-06
-1.86494e-06
-1.91133e-06
-2.10718e-06
2.53735e-06
-1.35031e-09
2.25009e-08
2.52816e-06
2.47505e-06
2.56168e-06
-2.56032e-06
-1.36307e-09
9.70793e-10
-1.92523e-06
1.92426e-06
-2.53885e-06
2.53712e-06
1.7332e-09
5.16929e-08
-1.91343e-06
1.86174e-06
2.54219e-06
-2.54118e-06
-1.0106e-09
-1.9684e-06
1.95901e-06
2.53473e-06
-2.53276e-06
-1.96628e-09
7.13669e-09
2.53363e-06
-3.03948e-08
2.54818e-06
-2.54037e-06
2.38016e-08
-1.87274e-06
2.54035e-06
-2.53989e-06
-4.59719e-10
2.53905e-06
1.47924e-09
-2.54006e-06
2.52603e-06
5.31865e-09
-2.53135e-06
6.13913e-10
2.54065e-06
-2.53352e-06
-6.26781e-09
-1.92405e-06
1.93032e-06
1.36523e-06
-2.00776e-06
6.42528e-07
-4.23643e-07
-1.95008e-06
-1.86828e-06
-4.17548e-07
-1.63749e-06
-2.53755e-06
1.47809e-08
2.52277e-06
-1.93561e-06
1.92405e-06
1.15577e-08
-5.88474e-07
-1.55547e-06
-2.53613e-06
2.2645e-06
-2.53091e-06
2.53541e-06
-4.49841e-09
-2.11414e-06
2.09279e-07
1.90486e-06
2.02264e-06
-1.55355e-06
-4.69092e-07
-2.53988e-06
5.14889e-09
2.53473e-06
1.92746e-06
-1.903e-06
5.36585e-09
2.53039e-06
-2.5401e-06
2.60468e-09
2.53789e-06
2.53742e-06
8.31556e-09
-4.32473e-10
-2.53941e-06
-8.36991e-09
-2.53256e-06
-2.53348e-06
1.92551e-06
-1.90248e-06
-1.08763e-08
5.43126e-07
1.67861e-06
-1.73355e-06
1.73355e-06
2.22116e-08
2.52879e-06
-2.87917e-06
-2.34281e-06
2.34378e-06
2.54093e-06
1.92378e-06
-1.90918e-06
-2.53712e-06
2.52875e-06
-2.14525e-06
2.19694e-06
2.53529e-06
-2.53307e-06
-2.22267e-09
3.1216e-09
2.53791e-06
-2.5676e-06
1.93176e-06
-1.93803e-06
-2.53633e-06
4.30298e-09
9.56412e-07
2.54258e-06
-2.53949e-06
-3.08957e-09
-2.5409e-06
2.53543e-06
-2.53331e-06
-2.1141e-09
-2.53502e-06
-2.52759e-09
2.52953e-06
-2.52176e-06
-1.93897e-06
2.33216e-06
2.53322e-06
-2.53242e-06
-8.07855e-10
-4.49021e-09
2.53052e-06
-1.93561e-06
1.6782e-06
-1.81805e-06
1.39846e-07
-3.12409e-06
3.12409e-06
2.53974e-06
2.54023e-06
-6.45137e-09
4.31106e-09
-2.53932e-06
2.54837e-06
-9.0473e-09
2.53465e-06
-2.53252e-06
-2.13267e-09
-2.10312e-06
2.00288e-06
7.93801e-09
2.53329e-06
-2.53981e-06
6.90799e-09
2.5329e-06
-2.5323e-06
2.53776e-06
-2.53437e-06
-1.945e-06
-2.53771e-06
8.54949e-09
2.52916e-06
-1.94746e-06
-5.54788e-09
1.90069e-06
-1.91462e-06
1.39323e-08
2.53132e-06
-2.53345e-06
2.13201e-09
4.75347e-08
-2.53768e-06
2.53344e-06
4.23887e-09
2.53642e-06
-1.86007e-06
-1.84735e-06
-3.06545e-08
2.53934e-06
-2.53934e-06
-1.28892e-08
1.9291e-06
-2.53789e-06
2.53418e-06
-2.53205e-06
-2.13052e-09
2.53888e-06
-1.42354e-08
-2.53558e-06
-1.88824e-06
-2.31465e-07
-1.93887e-06
1.516e-06
-1.69369e-06
1.77691e-07
-3.78703e-07
-1.63875e-06
2.01745e-06
2.52945e-06
-2.52272e-06
1.64394e-06
-1.91408e-06
-5.53385e-09
-2.53435e-06
2.53555e-06
-2.53345e-06
-2.1061e-09
1.94814e-06
-1.95817e-06
-5.34798e-07
-3.54636e-07
8.89434e-07
-2.02017e-06
2.03695e-06
1.95528e-06
-1.9291e-06
-7.61076e-09
-1.89616e-06
1.90378e-06
-9.86663e-09
-1.88134e-06
1.89121e-06
6.38285e-09
-1.97391e-06
1.96753e-06
1.81075e-08
-1.98146e-06
1.96335e-06
9.34613e-09
-1.94061e-06
1.93126e-06
-3.36367e-09
-1.89989e-06
1.90325e-06
-3.33697e-09
-1.89843e-06
1.90177e-06
1.14122e-06
-7.69086e-07
-3.72134e-07
1.68469e-06
1.25321e-08
2.53013e-06
1.85544e-06
-1.86764e-06
1.22075e-08
5.95974e-09
-2.53453e-06
2.52857e-06
2.54116e-06
-2.54116e-06
2.50749e-06
-3.53436e-10
-2.50714e-06
-8.59813e-09
-2.52853e-06
2.53399e-06
-2.53177e-06
-2.21594e-09
-1.57511e-06
-2.06785e-06
-4.62935e-08
1.66113e-06
3.21021e-07
2.53917e-06
-2.53564e-06
-3.53179e-09
-1.93276e-06
2.00988e-06
8.4755e-09
2.53218e-06
-1.39399e-06
-8.71979e-07
1.95267e-08
1.8184e-06
-1.83793e-06
-1.29868e-06
-2.20863e-07
-4.35714e-07
-2.68795e-07
7.04508e-07
1.90789e-06
1.90817e-06
1.99122e-06
1.99152e-06
1.97767e-06
1.95115e-06
-8.98792e-09
-1.91207e-06
1.92106e-06
1.91377e-06
-2.79316e-09
-7.52148e-07
2.53481e-06
-2.52885e-06
-6.30353e-08
2.03947e-06
-2.54222e-06
-1.73499e-06
2.1476e-06
2.50447e-06
1.71867e-09
-2.50619e-06
2.54452e-06
-5.17796e-09
-2.53902e-06
9.19471e-09
2.52982e-06
-1.91444e-06
-1.92028e-06
1.91976e-06
-1.92874e-06
-1.74702e-06
2.10854e-06
-3.6152e-07
-4.56323e-09
-2.53315e-06
1.32473e-06
-1.6511e-06
4.18136e-09
-2.53728e-06
-2.53425e-06
-6.73875e-07
-9.89274e-07
-2.52973e-06
-4.80552e-09
1.9425e-06
6.06422e-07
1.48026e-06
2.53151e-06
-2.52955e-06
-1.95751e-09
1.92862e-06
-1.27629e-06
-6.52329e-07
-9.19074e-07
4.83361e-07
-1.06589e-06
2.30406e-06
-9.23405e-07
1.91901e-06
-9.95606e-07
9.12662e-10
2.53768e-06
-2.52026e-06
2.53328e-06
-2.53476e-06
1.47611e-09
-1.43449e-06
6.11136e-07
8.23356e-07
-8.40489e-09
-1.91157e-06
1.91998e-06
2.65295e-06
-1.17293e-06
-1.48001e-06
1.79641e-09
2.5057e-06
-5.51767e-07
-8.82725e-07
-1.85146e-06
1.87099e-06
1.58044e-06
1.04251e-07
-1.84294e-06
-3.83601e-09
-1.91382e-06
1.91766e-06
1.9759e-06
-1.9156e-06
-1.17593e-06
-4.46851e-07
1.62278e-06
-2.52946e-06
2.5302e-06
-7.34098e-10
-1.86921e-06
1.89301e-06
2.53216e-06
-2.53382e-06
-1.69297e-06
-4.05755e-08
-2.55114e-06
2.54153e-06
-1.32085e-06
1.90309e-09
2.53351e-06
2.20892e-06
-1.22074e-06
-9.88178e-07
1.86841e-06
-3.52409e-07
2.0899e-06
-2.71499e-07
1.91696e-06
-1.92537e-06
2.52881e-06
-2.52886e-06
5.44221e-11
1.9184e-06
-1.92224e-06
2.32463e-09
-2.52744e-06
2.52512e-06
-1.06578e-06
-2.55077e-07
6.50208e-09
-1.94548e-06
-2.53464e-06
3.59517e-09
1.69297e-06
-1.79147e-06
9.84994e-08
-2.74546e-07
2.07098e-06
-8.908e-09
-1.87934e-06
1.90679e-06
1.87198e-08
2.53157e-06
-2.52994e-06
-1.63436e-09
3.08412e-09
2.53527e-06
1.28551e-06
-1.9144e-06
1.9209e-06
1.24514e-06
-7.30552e-09
-2.53171e-06
-9.66546e-07
-7.40052e-07
1.7066e-06
-1.83078e-06
-1.65679e-08
1.72251e-06
-1.55276e-06
-1.69745e-07
-3.46248e-07
2.00689e-06
-1.66065e-06
2.53322e-06
-2.53126e-06
-1.96131e-09
3.39974e-09
2.53189e-06
1.65356e-08
1.93001e-06
-1.94654e-06
1.65642e-09
-2.53472e-06
-1.89552e-06
1.90151e-06
2.53229e-06
-2.53511e-06
2.81487e-09
2.54452e-06
-1.08001e-08
-1.76811e-06
-7.75017e-08
1.84561e-06
-2.5496e-06
-1.0164e-09
2.3929e-08
-1.94231e-06
-2.59741e-06
2.53125e-06
-2.52893e-06
-1.62399e-06
3.49432e-09
-6.17968e-09
-2.53038e-06
2.53169e-06
2.96138e-09
-2.64128e-06
3.9533e-10
-2.53291e-06
-1.13255e-07
-1.42348e-06
5.29151e-07
-2.53841e-06
2.53841e-06
-1.59961e-06
1.9538e-06
-3.54187e-07
2.54324e-06
-1.51723e-06
1.89173e-06
-3.74498e-07
-1.63607e-06
1.98026e-06
-3.4419e-07
-1.89977e-06
-2.81406e-08
1.95778e-06
-1.92964e-06
-1.64944e-06
1.60344e-06
-4.19913e-07
2.53505e-06
-2.53839e-06
3.33921e-09
2.53464e-06
-2.53797e-06
3.33887e-09
2.5329e-06
-2.53649e-06
3.58796e-09
-2.78624e-09
-2.53489e-06
-1.52302e-06
1.92253e-06
-3.99503e-07
2.53369e-06
-2.53173e-06
-1.95732e-09
2.5329e-06
3.57238e-07
-2.02964e-06
2.53147e-06
2.70266e-09
-2.53262e-06
5.7847e-10
5.96278e-07
2.53253e-06
-2.53465e-06
2.12617e-09
5.2568e-08
1.90272e-06
-1.95528e-06
-1.86039e-06
-8.81664e-09
1.86921e-06
-2.538e-06
-2.53246e-06
2.5292e-06
3.25884e-09
1.92974e-06
-1.90581e-06
-2.53439e-06
2.53123e-06
3.16229e-09
-1.87599e-06
1.79819e-06
7.77977e-08
-2.5347e-06
2.53162e-06
3.07479e-09
2.53865e-06
-2.53558e-06
-3.07004e-09
-1.89901e-06
1.91554e-06
-2.04611e-06
-1.10445e-06
-2.08123e-06
-4.32879e-07
2.09159e-06
-1.65871e-06
2.52919e-06
-7.14105e-09
-2.52562e-06
-1.91343e-06
1.95451e-09
-2.53549e-06
2.53354e-06
-2.02133e-06
1.92367e-06
4.07141e-09
2.53628e-06
2.53087e-06
3.11949e-09
-2.53241e-06
6.40699e-10
-2.00194e-07
-7.18881e-07
-1.93645e-06
1.90831e-06
-2.01579e-06
3.49097e-07
1.66669e-06
-6.77325e-07
-7.4615e-07
-1.92523e-06
2.00846e-06
3.11037e-07
6.00599e-10
2.53004e-06
-2.53064e-06
1.90789e-06
-1.9168e-06
-2.53681e-06
2.54918e-06
-2.54182e-06
-6.34558e-07
-5.34305e-07
1.16886e-06
-1.8061e-06
-6.66387e-08
-2.55038e-06
4.12924e-09
-6.79345e-08
-1.91497e-06
1.91157e-06
3.39503e-09
2.09562e-06
-1.98571e-07
2.53395e-06
-2.53162e-06
-2.3325e-09
2.53058e-06
9.33009e-10
-2.53207e-06
2.51926e-09
2.5325e-06
-2.53334e-06
8.31906e-10
-1.96211e-09
1.49493e-09
-2.54331e-06
-1.87099e-06
-4.03453e-08
7.29324e-08
-2.08653e-06
-1.33136e-08
2.54212e-06
-2.56692e-06
-7.43597e-10
-2.5267e-06
-2.07247e-06
2.00944e-06
4.89887e-10
1.85495e-06
-1.91553e-06
1.91382e-06
1.71074e-09
-1.65037e-06
-3.42269e-07
1.93688e-06
1.8201e-06
-1.8976e-06
2.53165e-06
-2.53119e-06
-1.95976e-06
1.91595e-06
-1.70109e-06
-8.96319e-07
2.53086e-06
-1.66956e-09
-2.53164e-06
2.31912e-06
-1.93296e-06
2.55768e-07
1.67719e-06
3.98475e-07
-1.93877e-06
3.04765e-07
2.46633e-08
3.29377e-07
-2.01092e-06
1.68154e-06
3.85535e-07
-2.36548e-06
1.97994e-06
2.53101e-06
2.20362e-09
-2.43844e-09
-2.53155e-06
3.1448e-07
-1.98526e-06
1.67078e-06
-2.53198e-06
7.24009e-10
2.60411e-08
1.88935e-06
-2.14827e-06
-2.12477e-06
2.93985e-07
-1.75422e-06
1.91207e-06
-1.91832e-06
6.24967e-09
-8.17919e-09
-2.53035e-06
8.91253e-09
2.5259e-06
-1.47714e-06
-1.41338e-06
1.92334e-06
-1.92334e-06
-1.86039e-06
-1.81492e-06
-1.93276e-06
-2.51854e-06
-5.80859e-09
2.52435e-06
-1.76118e-06
-1.76556e-07
3.59202e-07
1.66436e-06
-2.02356e-06
3.79671e-07
1.58351e-06
-1.96318e-06
3.46658e-07
-2.06097e-06
1.71431e-06
1.85258e-06
2.0101e-06
-1.65286e-06
2.00288e-06
2.104e-06
-1.85191e-06
1.8639e-06
-1.93183e-06
2.53359e-06
-2.53159e-06
-2.00342e-09
-2.45305e-06
-1.91634e-06
2.53063e-06
3.05333e-09
-2.53202e-06
2.89814e-10
2.53057e-06
-1.12278e-07
2.53117e-06
-2.53376e-06
2.58303e-09
2.5355e-06
-2.52498e-06
4.18498e-08
-1.5708e-06
1.52895e-06
1.46095e-09
1.94668e-06
1.76386e-08
2.08636e-06
2.14819e-06
-1.82826e-06
-1.53418e-06
-3.98783e-07
1.28745e-07
1.73966e-06
-1.96081e-06
-2.53295e-06
2.53307e-06
-1.14884e-10
1.9684e-06
-2.00944e-06
4.10391e-08
-2.00615e-06
3.55781e-07
-2.74397e-06
3.82732e-07
2.36124e-06
2.53411e-06
1.20257e-06
1.6768e-06
2.53596e-06
-2.53596e-06
-8.84188e-07
3.06493e-09
1.90272e-06
-1.93922e-06
8.24138e-09
1.93097e-06
-2.53186e-06
-2.53527e-06
2.53062e-06
3.32514e-09
-2.53167e-06
5.41264e-11
2.52825e-06
-8.33474e-11
-2.53336e-06
-1.97731e-06
1.75488e-08
1.97283e-06
-1.65835e-06
-1.51263e-06
1.85642e-06
-2.53843e-06
2.05594e-06
-1.65747e-06
1.98109e-06
-1.65171e-06
2.03759e-06
-1.65205e-06
-2.82334e-09
2.5322e-06
-2.54235e-06
1.9341e-06
-1.90806e-06
-1.86127e-06
1.86176e-06
-2.52647e-06
-1.19041e-09
2.52766e-06
4.17974e-07
1.92581e-06
-5.23694e-09
-2.53038e-06
3.38866e-08
1.88989e-06
-1.21756e-06
9.34333e-07
2.83226e-07
-1.91497e-06
1.99201e-06
-1.63281e-06
2.00636e-06
-1.62669e-06
2.00725e-06
-1.66059e-06
1.92092e-06
2.2692e-08
-2.14746e-06
2.56727e-06
-2.4599e-06
-2.84067e-07
1.92482e-06
-1.92482e-06
1.70037e-06
-2.58326e-07
-1.17909e-06
9.24013e-07
1.67028e-06
3.36615e-07
2.5311e-06
2.4973e-09
2.55596e-06
-2.53853e-06
-1.74329e-08
-2.53185e-06
2.56956e-10
-2.53368e-06
2.5303e-06
-2.53237e-06
2.067e-09
-1.91962e-06
2.34581e-08
-1.91766e-06
3.63152e-08
-1.92092e-06
-5.2991e-08
-1.90548e-06
-7.59786e-08
-1.97857e-06
3.79562e-08
-1.94964e-06
4.97573e-08
-1.94471e-06
4.62769e-08
-3.48362e-09
2.52946e-06
-2.52598e-06
-2.53371e-06
4.06178e-09
-5.48429e-09
2.55e-06
2.53055e-06
-2.5336e-06
3.04974e-09
-2.30599e-06
4.37707e-07
-4.76858e-09
1.62097e-06
6.57721e-08
-2.03547e-06
1.9697e-06
-2.20839e-06
1.40545e-07
2.53494e-06
-2.53285e-06
-1.71256e-06
1.81681e-06
1.54023e-09
-2.53449e-06
2.52757e-06
3.68316e-09
1.91953e-06
-1.91953e-06
-1.85146e-06
1.17936e-06
1.70379e-06
5.21027e-10
-2.52938e-06
-1.91553e-06
-1.13739e-08
-1.2348e-06
4.58181e-06
-3.34701e-06
-1.50021e-06
-1.85196e-06
3.35217e-06
-2.52909e-06
2.52908e-06
8.3122e-12
1.92593e-06
-1.92447e-06
1.86717e-06
-1.84953e-06
-1.91766e-06
1.91802e-06
-3.57529e-10
1.76491e-06
-1.72306e-06
6.51741e-07
-6.24072e-07
-2.7669e-08
-2.07292e-06
1.63747e-07
-3.54661e-07
1.88963e-06
-1.67122e-07
1.97329e-10
-2.20859e-06
2.52879e-06
6.82672e-10
-2.53062e-06
1.95453e-06
1.97804e-06
1.91806e-06
-1.36471e-06
1.19258e-06
-1.74361e-06
2.53269e-06
-2.53171e-06
-3.54349e-07
-1.6518e-06
-6.33909e-09
-2.60334e-06
2.98608e-06
1.60924e-06
3.52031e-07
-1.96127e-06
-3.28091e-06
2.53491e-06
1.91657e-06
-1.8648e-06
-2.52744e-06
-2.52953e-06
2.53285e-06
-3.31261e-09
2.00988e-06
1.78716e-06
-1.82456e-06
-1.64489e-06
1.9317e-06
-2.86814e-07
-1.11556e-08
2.51562e-06
2.53017e-06
-2.5322e-06
2.02814e-09
-5.09752e-09
-2.06774e-06
2.0767e-07
-1.90351e-06
-1.11175e-08
-1.21634e-09
-1.02162e-09
-9.34765e-10
-9.37007e-10
-1.20765e-09
-1.40032e-09
-1.00665e-09
-1.03551e-09
-1.22345e-09
2.00258e-09
2.54128e-06
1.46798e-08
-1.96363e-06
2.47526e-08
-1.91832e-06
1.8976e-06
-1.94758e-06
-2.5322e-06
2.53162e-06
-6.05109e-09
2.53128e-06
1.75876e-06
3.32825e-07
-4.57026e-08
1.98554e-06
-1.49221e-06
-1.95901e-06
2.33998e-08
3.99485e-07
-2.39465e-06
2.80067e-07
-1.66912e-06
1.38905e-06
2.94321e-07
-1.95708e-06
1.66276e-06
2.81082e-07
-1.89275e-06
1.61167e-06
4.7668e-07
-2.27849e-06
2.34256e-07
-1.79044e-06
1.55618e-06
7.26449e-07
-2.03141e-06
1.13941e-08
-1.94924e-06
3.49635e-07
-5.56741e-10
2.53561e-06
-1.87634e-06
3.59117e-07
-7.37362e-10
2.53537e-06
-2.53238e-06
-1.97942e-06
3.43348e-07
-2.53273e-06
8.37266e-10
2.53206e-06
-2.53138e-06
3.48255e-07
-1.987e-06
-1.90322e-06
-1.90236e-06
-1.90342e-06
-1.89757e-06
-1.94093e-06
-1.93993e-06
-1.92247e-06
2.18531e-06
-1.54278e-06
2.53311e-06
-2.53169e-06
1.91572e-06
4.97149e-07
-2.06417e-06
1.86554e-06
-1.87031e-06
-2.52731e-06
-4.07534e-07
1.89958e-06
-4.03404e-07
2.10944e-06
-2.14783e-08
-2.48209e-08
-3.02653e-08
-3.32282e-08
6.17331e-08
-2.04154e-06
5.4902e-08
-2.04167e-06
7.86608e-08
-2.0748e-06
-2.52584e-06
-2.5255e-06
8.65627e-11
2.52911e-06
2.6322e-09
2.5286e-06
-1.6666e-06
-1.92967e-06
1.09042e-08
-1.95285e-06
3.18606e-08
-1.96125e-06
3.10571e-08
-1.95799e-06
3.36189e-08
-1.9699e-06
2.51726e-08
-1.96279e-06
3.04451e-08
-1.96801e-06
1.96026e-08
1.93469e-06
5.11918e-08
-1.98589e-06
2.52915e-06
-2.53122e-06
4.38944e-09
2.52723e-06
-6.88178e-08
2.37006e-10
-1.9584e-06
-1.88312e-06
-2.53142e-06
1.88645e-09
2.52976e-06
3.08437e-09
6.21532e-09
1.92119e-06
-1.9274e-06
6.79723e-08
-6.68563e-08
1.86505e-06
2.33295e-06
-7.91395e-10
-1.8611e-06
-6.54689e-09
-1.88995e-06
-2.81179e-08
1.91807e-06
2.14744e-06
-3.89024e-08
2.52804e-06
-2.53523e-06
7.19103e-09
3.82947e-07
-1.45524e-06
-3.91927e-07
-1.99924e-06
-2.01049e-06
3.53082e-07
-1.87159e-06
3.48572e-07
1.19713e-06
2.70079e-07
-2.16546e-06
-5.69754e-09
1.63016e-06
3.63779e-07
-1.99394e-06
-2.0008e-06
2.71831e-07
1.72897e-06
1.6048e-06
3.48992e-07
1.65492e-06
3.52324e-07
1.65769e-06
3.48673e-07
1.53424e-06
3.57488e-07
1.64209e-06
3.49924e-07
1.63903e-06
3.41231e-07
1.62694e-06
3.45882e-07
3.49207e-07
-2.00755e-06
-2.53404e-06
-1.45417e-09
-2.53549e-06
-3.83271e-09
-1.91645e-06
2.98512e-07
1.61793e-06
-1.61989e-06
-1.55669e-06
3.17658e-06
2.53203e-06
-2.26588e-09
-2.59743e-09
-2.52982e-06
2.53188e-06
-2.54793e-06
3.27355e-08
2.51519e-06
-1.58943e-06
-2.31141e-07
2.53314e-06
-2.53063e-06
1.84085e-07
-2.78743e-06
1.58409e-06
3.3844e-07
1.90098e-06
1.79717e-06
2.89193e-07
1.98136e-06
-3.11079e-07
5.87331e-08
-1.81276e-06
1.75403e-06
-1.93829e-06
3.02384e-07
-1.97847e-06
1.67608e-06
-2.58603e-08
1.92617e-06
-3.49625e-08
1.91399e-06
5.35321e-08
1.91477e-06
4.85766e-08
1.88917e-06
4.20892e-08
1.94738e-06
-4.41348e-08
1.94441e-06
-4.26377e-08
1.92884e-06
5.26508e-09
1.87254e-06
-2.92002e-09
-1.91736e-06
1.38496e-08
2.16776e-08
2.53677e-06
-2.53527e-06
-1.91501e-06
1.60066e-08
1.12858e-08
1.62381e-06
-1.95769e-06
3.33876e-07
-1.67926e-06
1.85695e-06
-3.85113e-09
-2.24166e-06
3.02443e-07
1.79019e-06
2.59255e-07
2.52954e-06
-2.53162e-06
2.08671e-09
-2.5311e-06
2.5311e-06
1.98815e-06
-3.78912e-07
-1.93708e-06
3.38613e-08
-1.94585e-06
4.34946e-08
-1.94583e-06
4.24117e-08
-1.92279e-06
2.52202e-08
-1.97256e-06
3.16318e-08
-1.97485e-06
3.4928e-08
-1.94844e-06
2.59651e-08
-1.92373e-06
1.79175e-08
-4.76102e-09
-2.53855e-06
1.02699e-08
2.52903e-06
2.99567e-09
-2.54401e-06
1.88487e-06
-1.84593e-06
1.42601e-06
-3.52472e-07
1.89981e-06
1.57343e-08
-1.73563e-06
1.66204e-06
-1.8829e-06
2.53306e-06
1.76512e-06
-1.4415e-07
1.26707e-06
-1.71719e-06
-1.83846e-06
2.91815e-06
-2.73406e-06
1.65531e-06
-1.99337e-06
3.38067e-07
-1.98222e-06
3.49408e-07
2.52194e-06
-2.5331e-06
-1.97593e-06
3.49242e-07
-2.01479e-06
3.54196e-07
1.64637e-06
3.34992e-07
1.69155e-06
3.46036e-07
1.63516e-06
3.45934e-07
1.70375e-06
3.52192e-07
1.64772e-06
3.6973e-07
-2.80553e-06
2.53369e-06
-2.53064e-06
-2.47782e-07
1.92541e-06
2.53107e-06
-2.53162e-06
-8.24266e-07
3.78203e-09
-4.68044e-07
2.82928e-06
2.52782e-06
-2.53075e-06
2.92653e-09
-1.38071e-06
7.9716e-07
-1.79214e-06
-1.25319e-06
-4.36319e-08
2.56855e-06
3.5697e-07
-2.00877e-06
6.89502e-07
1.0171e-06
1.98054e-06
-1.88131e-06
-2.52808e-06
2.5246e-06
2.53103e-06
-2.53144e-06
-8.22149e-09
-2.53611e-06
2.53415e-06
-1.95288e-06
2.52937e-06
-1.54729e-09
-3.0924e-07
-9.92935e-07
-1.40172e-06
1.84936e-06
-1.94233e-06
-1.71863e-09
-1.80234e-06
2.53115e-06
-2.52469e-06
-1.9144e-06
1.49444e-06
1.36055e-06
-1.8639e-06
1.79704e-06
1.92011e-06
-1.9209e-06
1.79995e-06
-1.79704e-06
-2.90755e-09
-1.86782e-06
1.86127e-06
1.83365e-06
-1.86176e-06
1.92423e-06
-1.91802e-06
-1.78156e-06
1.84953e-06
-1.92423e-06
1.92447e-06
-1.8611e-06
1.72306e-06
1.38041e-07
-1.89531e-06
-2.52145e-07
2.52891e-06
-2.53091e-06
2.00432e-09
1.65421e-06
3.55896e-07
5.01091e-09
-2.34607e-07
1.04359e-06
2.53353e-06
-2.53059e-06
-2.93297e-09
3.27536e-09
-2.53876e-06
-6.53296e-10
2.53515e-06
-2.5345e-06
2.52908e-06
-1.87528e-06
-2.19728e-06
2.19748e-06
-2.53425e-06
5.73415e-09
-2.01723e-06
4.54958e-07
1.95119e-06
-1.98184e-06
2.53084e-06
2.57351e-06
-2.51796e-06
-5.55521e-08
2.53046e-06
-2.52999e-06
-2.08592e-06
-1.5574e-07
-2.53809e-06
-1.83652e-06
-1.84698e-06
8.51556e-09
-2.90668e-07
1.8786e-06
2.68844e-07
2.52522e-06
-3.40776e-07
2.53067e-06
-6.25657e-10
-2.4391e-06
-3.12791e-09
2.54466e-06
1.86554e-06
1.92106e-06
1.84936e-06
1.92426e-06
1.86717e-06
1.89301e-06
-1.87031e-06
-1.78156e-06
1.93032e-06
1.92593e-06
1.98054e-06
-1.8611e-06
1.91998e-06
1.8201e-06
-1.93183e-06
1.76491e-06
1.77133e-06
1.79995e-06
-1.9168e-06
1.83365e-06
1.92011e-06
1.57004e-06
-1.57004e-06
1.92396e-06
-2.53681e-06
-1.99544e-06
2.00368e-06
-1.65252e-06
2.00949e-06
2.52788e-06
-2.53086e-06
2.98733e-09
-7.85573e-08
-2.13014e-09
-1.95905e-06
6.17821e-09
-1.96119e-07
1.91406e-06
2.27062e-09
-2.51222e-06
2.50995e-06
2.58858e-09
6.77913e-09
-2.50317e-06
1.03976e-09
2.50213e-06
1.13433e-07
-2.60936e-06
2.49592e-06
2.5261e-06
3.36853e-09
-2.52947e-06
2.52587e-06
3.49873e-09
-1.81356e-06
1.65589e-06
3.32262e-07
-2.5158e-06
-1.44851e-08
2.53028e-06
2.54559e-06
5.3574e-09
2.51124e-06
6.22713e-08
2.52959e-06
-2.52857e-06
-2.53107e-06
2.52731e-06
2.57112e-09
1.20212e-07
-2.31749e-06
-2.65819e-09
2.0003e-06
-1.63653e-06
1.94477e-06
-1.91525e-06
-2.95205e-08
2.30266e-06
-1.5507e-06
-7.51963e-07
2.18121e-06
-1.90938e-06
2.00561e-06
-1.65662e-06
2.00518e-06
-1.65555e-06
2.00689e-06
-1.65457e-06
2.0067e-06
-1.65803e-06
1.96997e-06
-1.61248e-06
1.97184e-06
-1.61272e-06
-2.05015e-07
-2.58242e-06
1.99784e-06
-1.64792e-06
1.9963e-06
-1.65507e-06
1.99988e-06
-1.65654e-06
2.00205e-06
-1.65617e-06
2.00397e-06
-1.65477e-06
-1.10525e-09
1.55956e-09
-2.51359e-06
2.51203e-06
-5.05809e-09
2.64124e-06
-4.96683e-08
-2.59157e-06
1.98027e-06
-1.61054e-06
2.00777e-06
-1.65358e-06
2.53669e-06
2.30276e-06
-1.61437e-06
-6.88388e-07
2.00734e-06
-1.65809e-06
1.99757e-06
-1.64816e-06
1.95156e-06
-1.65305e-06
2.0067e-06
-1.6576e-06
1.96166e-06
1.9942e-06
-1.6592e-06
2.52957e-06
-3.46184e-09
-2.04956e-06
1.75037e-06
2.99186e-07
-2.30301e-06
1.65978e-06
2.50088e-09
2.52774e-06
-2.52977e-06
2.02594e-09
2.91815e-06
-3.4806e-08
2.57609e-06
1.99798e-06
-1.65954e-06
-2.50061e-06
2.51405e-06
-4.74224e-09
-1.32342e-08
-2.53597e-06
6.96167e-10
-5.65934e-10
-2.5618e-06
2.67524e-06
-1.82655e-06
-1.88131e-06
-1.90483e-06
1.88221e-06
1.90789e-06
-2.35447e-06
2.68547e-07
2.00585e-06
-1.65728e-06
6.08923e-09
-3.4086e-07
-2.52352e-06
-1.63183e-09
2.52515e-06
1.47604e-07
-1.94233e-06
-1.92524e-06
1.93361e-06
-8.36634e-09
2.23662e-06
-1.89945e-06
-4.60227e-08
-2.66492e-06
2.0307e-06
-2.25882e-07
1.95581e-06
2.52917e-06
-2.52759e-06
2.5305e-06
2.52905e-06
-2.5284e-06
-1.90357e-06
1.89994e-06
3.63305e-09
-1.80394e-06
-1.09757e-08
2.05237e-06
-1.7185e-06
1.96459e-06
4.44352e-09
-1.65287e-06
2.05634e-06
-1.70808e-06
-1.7792e-06
2.01078e-06
-1.65859e-06
2.00824e-06
-1.66231e-06
1.99711e-06
-1.65108e-06
2.00984e-06
-1.68882e-06
-1.92599e-06
1.95316e-06
-2.71653e-08
1.40742e-08
5.78388e-10
1.84544e-06
-3.28019e-08
2.02785e-06
-1.68978e-06
1.99773e-06
-1.66111e-06
-2.52683e-06
2.5302e-06
-2.54206e-06
2.54515e-06
4.22422e-09
3.38112e-06
-2.98988e-06
1.87423e-06
-1.8013e-06
2.08417e-06
-2.11003e-06
1.88092e-06
-1.85746e-06
1.91303e-06
-1.87917e-06
2.0652e-06
-2.10016e-06
1.81195e-06
-1.77564e-06
1.90188e-06
-1.85839e-06
2.00697e-06
-1.95343e-06
2.28824e-06
-2.34124e-06
1.90945e-06
-1.86704e-06
2.00776e-06
-1.95918e-06
2.27318e-06
-2.34916e-06
1.81378e-06
-1.78856e-06
1.84523e-06
-1.80314e-06
1.95298e-06
-1.91503e-06
2.0508e-06
-2.01917e-06
2.20482e-06
-2.24896e-06
1.88686e-06
-1.83711e-06
2.04499e-06
-2.01006e-06
2.19412e-06
-2.23676e-06
1.88018e-06
-1.8339e-06
2.01568e-06
-1.98972e-06
2.04395e-06
-2.03868e-06
1.9778e-06
-1.95612e-06
2.00017e-06
-1.98225e-06
2.02219e-06
-2.02511e-06
1.95463e-06
-1.94982e-06
1.91818e-06
-1.90424e-06
1.91531e-06
-1.90146e-06
-3.60033e-09
1.91423e-06
-1.8985e-06
-2.52794e-06
-2.1084e-10
1.91384e-06
-1.89783e-06
2.52976e-06
-2.52718e-06
1.91377e-06
-1.89505e-06
1.9103e-06
-1.89901e-06
2.64124e-06
3.04574e-09
1.91098e-06
-1.90121e-06
-2.52775e-06
-7.48102e-09
-2.52819e-06
2.52819e-06
-2.5418e-06
1.40479e-08
-1.91984e-06
1.9147e-06
-1.8978e-06
2.52961e-06
-2.23425e-06
-9.81148e-08
2.67436e-09
2.52775e-06
-2.52727e-06
-2.61147e-06
2.56468e-06
-2.55e-06
-2.50777e-06
-3.403e-08
2.04174e-06
1.91289e-06
-1.90262e-06
7.15213e-09
-1.40845e-08
-1.22415e-08
2.01835e-06
-1.68552e-06
1.20013e-08
-2.52676e-06
2.52969e-06
2.05805e-06
-1.71037e-06
1.90506e-06
-1.90834e-06
2.53512e-06
-2.53613e-06
-2.55721e-06
-7.23702e-07
-2.52731e-06
2.52723e-06
-2.73406e-06
2.53765e-06
1.82765e-06
3.20538e-07
-2.58106e-06
2.60237e-06
7.52212e-07
1.23767e-06
2.98988e-06
-2.75217e-06
2.56468e-06
2.25368e-09
1.59438e-09
-2.53772e-06
6.09687e-09
2.53161e-06
2.52562e-06
3.84475e-09
-2.60237e-06
2.67016e-06
-1.05562e-09
2.52615e-06
3.41925e-09
1.91605e-06
-1.904e-06
-1.68995e-07
-2.58106e-06
1.23312e-09
-2.50857e-06
2.50734e-06
2.57173e-06
-2.54421e-06
-2.55277e-06
-2.57173e-06
2.01378e-06
-1.65646e-06
2.539e-06
-9.56102e-09
-4.31578e-09
2.54332e-06
-2.5408e-06
3.31319e-07
-2.53437e-06
2.53399e-06
2.67016e-06
2.75217e-06
2.53437e-06
-2.53813e-06
-2.5492e-06
-8.22046e-09
1.42946e-08
-2.53009e-06
-2.54351e-06
2.53453e-06
2.53399e-06
-2.53458e-06
-2.54703e-06
2.54421e-06
-2.52688e-06
2.52996e-06
2.52693e-06
2.54703e-06
2.53834e-06
-2.53813e-06
-2.54635e-06
-1.49606e-08
2.55522e-06
-2.52847e-06
2.52995e-06
2.30255e-09
-2.53225e-06
3.16887e-09
2.53517e-06
2.54156e-06
-5.27493e-09
-2.55522e-06
2.54635e-06
2.52937e-06
5.8112e-10
2.5368e-06
2.5317e-06
-2.52847e-06
-2.54343e-06
4.14613e-09
-2.53013e-06
3.14676e-09
-2.52998e-06
-2.5532e-06
2.53313e-06
-3.22291e-09
2.51432e-06
-2.5111e-06
2.53122e-06
4.8391e-10
2.52856e-06
3.09636e-09
-2.52986e-06
2.5299e-06
-1.34655e-09
2.88586e-09
-1.74136e-09
2.5307e-06
-2.52896e-06
2.52992e-06
-1.49701e-11
-2.52939e-06
2.52608e-06
2.52705e-06
-2.5284e-06
3.51652e-09
-2.02038e-10
2.51058e-06
-2.51038e-06
2.53109e-06
-2.53362e-06
-1.10417e-09
2.53102e-06
-2.52998e-06
2.52882e-06
-3.67941e-09
2.52868e-06
-2.525e-06
-2.53253e-06
-2.52654e-06
2.52835e-06
-1.80439e-09
2.53141e-06
3.98987e-09
2.19837e-09
2.53263e-06
-1.22089e-09
2.52813e-06
-2.53545e-06
2.5355e-06
-2.52633e-06
2.52834e-06
2.5276e-06
-2.52987e-06
3.32599e-09
2.52725e-06
-2.52707e-06
2.52725e-06
-2.52563e-06
2.53176e-06
3.34662e-09
2.52492e-06
-2.52693e-06
-1.90721e-09
2.53004e-06
-2.52985e-06
2.5314e-06
-1.41129e-09
2.52559e-06
-2.52682e-06
2.52882e-06
-2.52708e-06
2.52708e-06
-2.52714e-06
1.60268e-09
2.52535e-06
-2.52768e-06
3.09637e-09
-1.04622e-09
2.53032e-06
-1.49512e-09
2.52635e-06
-2.52739e-06
3.27124e-09
2.52604e-06
-2.52799e-06
2.5281e-06
-1.33205e-09
2.52668e-06
-2.52768e-06
2.52991e-06
-1.46511e-09
5.59331e-09
2.52623e-06
-2.52819e-06
2.52967e-06
-1.57222e-09
2.52692e-06
-2.52832e-06
2.53142e-06
-1.33468e-09
-1.35027e-09
2.52865e-06
2.52686e-06
-2.52881e-06
-2.52985e-06
2.52855e-06
2.52767e-06
-2.52887e-06
-1.31472e-09
-1.45314e-09
2.24007e-09
2.52724e-06
-2.52948e-06
6.97931e-09
2.52827e-06
-2.53049e-06
2.53009e-06
-1.4462e-09
2.52796e-06
-2.52924e-06
2.52831e-06
5.38147e-09
-2.52979e-06
2.52766e-06
-1.27174e-09
-1.46436e-09
-2.52951e-06
2.52857e-06
-2.52469e-06
2.52469e-06
-2.52542e-06
-2.22559e-11
2.5299e-06
-2.52988e-06
-1.55014e-09
7.18289e-09
-1.14781e-09
-6.02718e-10
2.5271e-06
-3.2521e-11
-1.22015e-09
-1.57801e-09
-2.1823e-09
-6.36995e-09
2.52954e-06
-2.52317e-06
-2.54261e-06
-2.52177e-06
2.52177e-06
-2.52296e-06
-2.52865e-06
2.52799e-06
6.61039e-10
7.77962e-09
-3.54971e-10
-2.53172e-06
3.0693e-09
2.51885e-06
-2.52048e-06
2.51885e-06
4.8236e-09
-2.53064e-06
1.41515e-09
3.99663e-09
2.52442e-06
-2.52277e-06
-1.65649e-09
2.52442e-06
-2.52411e-06
2.52515e-06
-1.04257e-09
2.52411e-06
3.14893e-10
-2.52277e-06
-2.52336e-06
5.91463e-10
2.53188e-06
-2.5274e-06
2.53188e-06
-3.34701e-06
2.53437e-06
-2.52754e-06
-2.52733e-06
2.52733e-06
2.5528e-06
-2.52802e-06
2.53437e-06
2.5528e-06
-2.52699e-06
2.52699e-06
2.52715e-06
-2.52715e-06
2.52802e-06
-2.56733e-06
-2.52793e-06
2.52731e-06
-2.52731e-06
-2.52705e-06
2.52705e-06
-2.52048e-06
2.50457e-06
-2.50457e-06
2.52515e-06
2.5242e-06
-2.5242e-06
2.52723e-06
2.52747e-06
-2.52747e-06
-2.5488e-06
-2.5271e-06
2.5271e-06
-2.54343e-06
-2.52714e-06
-2.52296e-06
-2.52542e-06
2.52151e-06
-2.52151e-06
2.53128e-06
-2.53128e-06
-2.52713e-06
2.52713e-06
-2.52703e-06
2.52703e-06
-2.59157e-06
-2.54235e-06
-2.5271e-06
2.5271e-06
-2.52336e-06
-2.52754e-06
2.5274e-06
-2.53166e-06
-2.52707e-06
2.52696e-06
-2.52696e-06
-2.5268e-06
2.5268e-06
2.53424e-06
-2.5301e-06
-2.53424e-06
2.5301e-06
-2.53166e-06
-2.71914e-09
4.41879e-09
-2.52939e-06
-2.52759e-06
2.53093e-06
-2.32508e-09
2.53565e-06
-2.56051e-09
-2.53309e-06
-2.5275e-06
2.5315e-06
2.53293e-06
2.53735e-06
-2.53078e-06
3.19461e-09
2.53516e-06
3.42404e-09
-2.52437e-06
2.52795e-06
2.53729e-06
7.13405e-09
2.53496e-06
2.01715e-09
-1.95027e-09
-2.52092e-06
2.52233e-06
2.53698e-06
2.53492e-06
-2.52021e-06
2.52328e-06
7.03876e-09
2.53666e-06
2.53471e-06
-2.11744e-09
2.51324e-06
-2.51112e-06
2.53412e-06
5.85355e-10
3.92124e-09
-2.53677e-06
2.5321e-06
-2.52282e-06
2.52764e-06
-3.53399e-10
4.64716e-10
2.53602e-06
-2.52023e-06
2.52801e-06
2.53567e-06
-2.52607e-06
2.52815e-06
7.41385e-09
3.22734e-09
2.53715e-06
-1.934e-09
2.51714e-06
-2.51521e-06
2.53946e-06
2.54268e-06
-2.52836e-06
2.52714e-06
2.53312e-06
-7.37056e-09
2.53485e-06
-2.52814e-06
2.52778e-06
2.53594e-06
1.32706e-11
9.97249e-10
-2.52105e-06
2.52823e-06
2.52857e-06
-2.52614e-06
2.52851e-06
6.73006e-09
2.52957e-06
-2.09464e-09
2.52059e-06
-2.5185e-06
-2.52869e-06
2.52651e-06
2.53274e-06
-3.17619e-09
-6.63581e-09
2.53403e-06
2.47401e-09
2.53487e-06
2.53227e-06
-2.52804e-06
2.528e-06
2.53475e-06
4.77617e-10
2.52811e-06
-2.52166e-06
2.52864e-06
-2.5287e-06
2.52755e-06
2.52894e-06
-2.52567e-06
2.52955e-06
6.348e-09
2.50825e-09
-2.96538e-09
2.52485e-06
-2.52189e-06
2.53149e-06
-2.54515e-09
2.534e-06
-4.78089e-09
2.5317e-06
-2.52904e-06
2.52776e-06
-2.44912e-09
-2.52596e-06
2.53134e-06
2.53428e-06
3.591e-09
2.25293e-09
2.5295e-06
-2.52883e-06
2.53265e-06
3.22966e-09
3.01569e-09
-2.52863e-06
2.53176e-06
-2.51532e-09
2.52837e-06
-2.52585e-06
2.52727e-06
-2.52938e-06
2.52806e-06
-2.52755e-06
-2.53081e-06
2.52527e-06
2.52933e-06
1.03433e-09
1.8397e-09
2.52587e-06
3.46297e-09
-2.52232e-06
2.52791e-06
-2.52464e-06
2.5279e-06
2.5269e-06
-2.94872e-09
2.52954e-06
-2.52659e-06
2.52992e-06
-2.52514e-06
2.52841e-06
-2.52961e-06
2.52827e-06
3.26697e-09
1.88844e-09
2.53195e-06
2.52998e-06
2.7681e-09
2.53187e-06
-2.52528e-06
2.52844e-06
2.52942e-06
-2.50298e-09
2.53112e-06
-2.52836e-06
2.53151e-06
-2.52976e-06
2.52843e-06
3.12649e-09
-2.52602e-06
2.52912e-06
2.00208e-09
2.52939e-06
-2.52673e-06
2.5298e-06
-2.3734e-09
2.41915e-09
2.5304e-06
-2.52799e-06
2.5314e-06
2.52889e-06
2.39014e-09
-2.52605e-06
2.52766e-06
-2.52943e-06
1.89476e-09
2.5309e-06
-2.53048e-06
-2.52506e-06
2.52838e-06
2.52879e-06
3.7504e-09
2.53069e-06
2.52831e-06
-2.53392e-06
2.53522e-06
-1.29546e-09
6.46264e-10
2.52711e-06
2.59924e-09
2.52946e-06
-2.52686e-06
2.53034e-06
-2.51717e-06
2.52441e-06
-7.24736e-09
2.5287e-06
-2.52503e-06
2.52837e-06
-1.02985e-09
3.35734e-09
2.52607e-06
-2.52929e-06
3.22181e-09
2.52935e-06
-2.52545e-06
2.52944e-06
-2.52779e-06
2.52339e-06
4.40322e-09
2.52832e-06
-2.5271e-06
2.53015e-06
-2.54323e-06
2.54303e-06
2.9233e-09
-3.60591e-09
-2.51356e-06
2.5299e-06
-1.5799e-09
-2.34013e-09
-2.52606e-06
2.40684e-09
2.52604e-06
-2.52844e-06
2.52909e-06
-7.8508e-09
2.52912e-06
-3.49847e-09
2.53236e-06
-3.26508e-09
5.8402e-10
-2.52837e-06
2.52755e-06
-3.71844e-09
2.53229e-06
-2.52575e-06
-3.64311e-09
-2.52722e-06
2.52941e-06
-2.53482e-06
2.52557e-06
9.25455e-09
2.52996e-06
-2.53092e-06
2.52486e-06
6.06527e-09
-3.5421e-09
2.52693e-06
-2.52826e-06
2.52566e-06
2.60404e-09
-2.52724e-06
2.53075e-06
2.52624e-06
-2.19111e-09
2.52827e-06
-4.48205e-09
2.5296e-06
-2.17624e-09
2.52682e-06
-2.52768e-06
2.53067e-06
-2.33522e-09
2.52705e-06
-2.23549e-10
2.52351e-06
2.52276e-06
2.51794e-06
4.82627e-09
-2.52863e-06
2.53152e-06
2.51345e-06
-2.52843e-06
2.53153e-06
-3.09797e-09
-2.52816e-06
2.52877e-06
-6.12369e-10
-2.03794e-09
-2.53622e-06
2.532e-06
4.22154e-09
2.52107e-06
-7.61298e-09
1.03303e-08
2.497e-06
-2.50733e-06
-2.52936e-06
2.53246e-06
-2.52678e-06
2.52305e-06
3.72362e-09
-2.53088e-06
3.32155e-09
2.52915e-06
-2.53761e-06
8.4581e-09
2.51742e-06
-3.68593e-09
-2.52447e-06
2.52815e-06
2.5538e-06
2.166e-09
-1.28621e-09
-2.52522e-06
2.5265e-06
2.52775e-06
-2.52702e-06
2.52542e-06
1.60295e-09
2.52556e-06
-2.5329e-06
2.52967e-06
-2.52937e-06
2.53258e-06
-3.21091e-09
2.52688e-06
-1.31701e-09
-2.89155e-09
-2.52315e-06
2.52605e-06
2.52595e-06
9.29294e-10
-2.53037e-06
2.53352e-06
-2.53026e-06
2.53376e-06
-3.49094e-09
-2.52728e-06
2.52362e-06
3.66402e-09
2.52306e-06
2.50607e-06
-9.06672e-09
-2.2034e-09
-7.93317e-09
2.52177e-06
2.52681e-06
-2.58879e-09
-2.53114e-06
2.53529e-06
2.50475e-06
2.51735e-06
4.41859e-09
-1.84019e-08
-2.52151e-06
-1.85393e-09
-2.52151e-06
-2.51123e-06
2.51123e-06
-6.65192e-09
2.51424e-06
3.11123e-09
2.61383e-09
9.69961e-09
2.49988e-06
-2.50958e-06
-2.52697e-06
2.52378e-06
3.19726e-09
-2.53082e-06
2.53466e-06
-2.52475e-06
-2.26467e-09
-1.71392e-09
2.52666e-06
-2.52495e-06
1.899e-06
-2.52699e-06
2.52345e-06
3.5454e-09
-2.52739e-06
2.52395e-06
3.44035e-09
2.52144e-06
-7.19867e-09
2.51776e-06
-2.53611e-06
2.52745e-06
-2.52528e-06
2.52636e-06
-1.08128e-09
5.93189e-10
-2.34837e-09
2.52776e-06
2.52527e-06
2.18676e-09
-2.52184e-06
2.52184e-06
2.21114e-09
-2.52787e-06
2.52566e-06
-2.52754e-06
2.52775e-06
-2.48076e-09
9.37932e-09
2.55755e-06
-2.53577e-06
2.53962e-06
-3.85615e-09
2.52603e-06
-2.52645e-06
2.52355e-06
2.89977e-09
-2.53076e-06
3.22043e-09
2.52825e-06
2.53638e-06
1.90523e-09
2.52743e-06
-2.52497e-06
-2.46279e-09
2.53016e-06
-2.53291e-06
2.74277e-09
-1.0613e-08
3.33166e-10
2.52598e-06
-9.4023e-09
2.51459e-06
-1.47125e-08
-2.53598e-06
2.54168e-06
-5.70269e-09
-2.52387e-06
2.52194e-06
1.9353e-09
2.51211e-06
2.52808e-06
-2.09908e-09
2.26675e-09
-2.52795e-06
2.52568e-06
-1.57593e-08
2.5248e-06
2.62426e-09
-2.52602e-06
2.52385e-06
2.16714e-09
2.52573e-06
2.52686e-06
-2.52475e-06
2.52646e-06
-1.70309e-09
2.52796e-06
-2.30071e-09
-2.52358e-06
2.5265e-06
-2.92026e-09
-1.69281e-08
2.57014e-06
-2.52195e-06
-3.08144e-08
2.528e-06
2.52552e-06
2.20362e-09
-2.52773e-06
2.52586e-06
-2.52427e-06
2.51756e-06
6.71412e-09
2.7988e-09
6.99953e-07
1.87047e-06
-2.57043e-06
-2.52079e-06
-3.47987e-09
-2.08459e-09
2.52554e-06
-2.13434e-06
-2.57167e-09
2.52738e-06
2.5275e-06
-1.97713e-09
-2.52568e-06
2.52579e-06
-1.12051e-10
-1.65568e-06
2.52774e-06
2.20921e-09
2.52529e-06
-2.53672e-06
2.54205e-06
-5.33326e-09
-1.61326e-11
-1.02642e-08
-2.3148e-06
-3.08868e-07
2.52517e-06
-2.53807e-06
2.54789e-06
-9.82556e-09
-2.53778e-06
2.54113e-06
-3.34465e-09
-2.53525e-06
2.52738e-06
2.53088e-06
2.53088e-06
2.53799e-06
-2.53799e-06
-2.53295e-06
-2.04424e-09
2.53789e-06
-2.52676e-06
3.18386e-09
2.52574e-06
-2.51824e-06
-7.50185e-09
4.67569e-09
-2.53592e-06
2.08323e-09
-2.52608e-06
2.52399e-06
2.52455e-06
2.82993e-09
-3.74524e-09
-2.52533e-06
2.52856e-06
-3.22482e-09
-2.52328e-06
2.53086e-06
-7.58208e-09
2.52393e-06
3.44386e-09
-9.28205e-08
2.52678e-06
-2.23693e-09
1.0106e-08
2.52982e-06
-2.52982e-06
2.52832e-06
-2.52677e-06
5.70621e-09
-2.53337e-06
2.5431e-06
-9.73437e-09
-2.00056e-06
-2.52323e-06
2.53938e-06
-1.61557e-08
2.52287e-06
1.72478e-09
-2.52459e-06
2.52386e-06
-2.53568e-06
1.17699e-09
2.52219e-06
6.8116e-10
2.52687e-06
-1.58379e-09
-4.7317e-09
2.52229e-06
2.52595e-06
-2.52464e-06
-1.44058e-09
2.52756e-06
-2.52756e-06
-2.53765e-06
2.55195e-06
2.5416e-06
9.37559e-09
-2.54495e-06
2.52247e-06
1.91313e-06
-1.90935e-06
2.53079e-06
-2.52932e-06
2.54467e-06
2.54608e-06
-2.56315e-09
-2.54351e-06
1.92102e-06
-5.45182e-09
2.52827e-06
-2.53059e-06
2.32438e-09
8.27147e-10
2.52136e-06
1.92415e-06
-7.63208e-07
-9.03392e-07
-2.68881e-08
7.63538e-09
2.52419e-06
-2.54055e-06
2.53001e-06
-2.53888e-06
2.56346e-06
-2.45808e-08
2.52804e-06
3.20335e-07
-2.63514e-06
-6.00436e-10
2.51946e-06
-4.98683e-09
2.50907e-06
-2.50408e-06
-2.52507e-06
-6.6522e-08
-1.15423e-06
1.22075e-06
1.58593e-06
-1.84425e-06
2.52029e-06
2.51621e-06
4.07583e-09
1.93292e-06
2.52601e-06
-2.52694e-06
2.50336e-06
-2.5018e-06
1.9866e-10
-2.93819e-09
-2.51276e-06
2.5157e-06
2.51543e-06
7.80465e-10
3.47439e-07
3.08245e-07
3.8741e-07
6.30517e-07
3.49925e-07
3.48563e-07
3.51346e-07
3.49237e-07
7.08897e-08
3.18258e-07
3.59356e-07
3.85117e-07
-2.5381e-06
3.53205e-07
3.44251e-07
3.44813e-07
3.45516e-07
3.49306e-07
3.47805e-07
-2.527e-06
-8.92197e-09
3.49651e-07
3.51932e-07
2.51212e-06
3.30801e-09
4.08969e-07
-2.51339e-06
2.54454e-06
-3.11554e-08
3.37191e-07
3.95825e-09
-2.53651e-06
3.41146e-07
-2.52543e-06
3.64814e-10
2.51829e-06
3.07295e-09
-2.49704e-06
2.50926e-06
2.50918e-06
2.52628e-06
-2.52628e-06
-2.59102e-06
2.30696e-06
4.45796e-07
-2.51593e-06
2.56881e-06
-5.28816e-08
3.57208e-07
3.50145e-07
3.48952e-07
3.5224e-07
3.37332e-07
-2.52733e-06
2.51907e-06
1.99084e-06
-1.65857e-06
-2.86094e-08
2.5042e-06
-2.53521e-06
-3.54999e-09
-6.00789e-07
6.30647e-09
2.53047e-06
-2.43413e-09
2.47823e-06
-7.02719e-09
-2.47121e-06
3.46309e-07
-2.51605e-06
3.38524e-07
-2.53449e-06
-3.59978e-09
-1.933e-09
-2.53143e-06
2.11115e-09
-2.4374e-06
-8.25581e-09
2.44565e-06
2.52648e-06
-2.5142e-06
-1.42428e-08
-2.5268e-06
-1.40135e-08
-2.48618e-06
2.5002e-06
-2.52306e-06
7.00549e-09
2.49721e-06
6.9874e-09
-2.53684e-06
-2.53632e-06
1.82219e-09
-2.31223e-06
5.68624e-07
2.49118e-06
6.0304e-09
2.54231e-06
-2.54442e-06
2.47717e-06
2.49094e-06
1.81346e-08
-4.30373e-07
3.95096e-07
-2.47294e-06
2.61056e-06
-1.37614e-07
2.52661e-06
4.08356e-08
2.50007e-06
2.52716e-06
-2.52558e-06
-2.52747e-06
-2.30782e-06
9.92274e-08
2.47014e-06
2.58464e-06
-8.45713e-08
-2.52746e-06
-2.52807e-06
2.52496e-06
-2.53004e-06
2.50216e-06
1.35401e-08
-2.49697e-06
2.57585e-08
-4.26058e-08
-2.41379e-06
2.4564e-06
1.81461e-06
-2.51698e-06
2.51698e-06
-2.54027e-06
1.92975e-06
1.8992e-06
-1.91302e-06
3.419e-07
-1.97939e-06
1.97505e-06
-1.97505e-06
-1.92555e-07
-2.30972e-06
2.50228e-06
-1.11698e-07
2.50915e-06
2.82872e-07
-2.29105e-07
5.55649e-08
1.86029e-07
-2.88204e-07
1.26244e-07
1.48577e-07
-4.31785e-07
1.40718e-07
-5.35382e-07
5.66724e-08
1.35778e-07
-3.62095e-07
2.07883e-07
-3.5658e-07
1.81781e-07
-9.3568e-09
-2.30813e-06
4.40425e-08
-3.16422e-08
2.44502e-06
2.51185e-08
1.10659e-08
2.52963e-06
-3.01703e-09
1.27734e-08
1.53386e-08
1.59341e-08
-2.52993e-06
-1.11412e-10
2.29631e-08
1.52504e-08
2.52671e-06
-2.52482e-06
2.52482e-06
-4.28867e-07
1.19656e-08
-2.51747e-06
-1.90753e-06
-2.31717e-06
-2.53498e-06
1.34915e-08
2.51617e-06
-2.51494e-06
1.74737e-06
-1.74737e-06
-6.88773e-09
-2.5326e-06
2.5353e-06
-2.69919e-09
2.43677e-06
2.52393e-06
2.45831e-06
4.18878e-08
2.38592e-06
5.97384e-08
-2.42681e-06
1.5091e-08
-2.38499e-06
6.78139e-08
2.52469e-06
2.42214e-06
-2.52688e-06
1.8227e-06
-4.97885e-07
2.39416e-06
9.17344e-09
-2.23733e-06
3.22889e-07
2.5279e-06
-2.52729e-06
2.4376e-09
2.52798e-06
-4.05071e-09
2.12996e-07
-2.52272e-06
-2.99637e-07
2.48343e-06
2.13771e-06
-2.60576e-06
6.96348e-08
-2.10558e-06
-2.54372e-06
7.46019e-08
2.5261e-06
-2.5438e-06
2.53877e-06
1.33397e-07
-2.67217e-06
-2.39509e-06
8.69552e-08
2.2411e-06
-2.41116e-06
1.70056e-07
2.50676e-06
-2.50676e-06
-2.06503e-06
7.71251e-09
-2.52453e-06
-2.33985e-06
-2.09678e-06
2.52628e-06
2.52659e-06
-2.52659e-06
8.17116e-09
2.34033e-06
2.34335e-06
1.13055e-07
2.43547e-07
1.37549e-07
-5.58276e-07
2.51093e-06
8.8024e-09
-2.51973e-06
1.90893e-06
-1.90957e-06
2.51424e-06
1.96028e-06
2.54041e-06
-2.53742e-06
1.83013e-06
-1.83013e-06
-2.53292e-06
2.52904e-06
-2.52755e-06
9.13644e-09
-2.46898e-06
1.29123e-07
-2.19341e-06
2.46196e-06
-1.84749e-06
1.84749e-06
-1.50367e-06
1.50367e-06
1.93649e-06
-1.90667e-06
-1.59495e-06
1.59495e-06
2.04848e-06
-2.04848e-06
-1.73601e-06
-1.86067e-06
1.86067e-06
2.00483e-06
-1.82309e-06
1.82309e-06
-1.78887e-06
1.78887e-06
-1.76645e-06
1.76645e-06
2.10289e-06
-2.10289e-06
1.66499e-06
1.96359e-06
-1.96359e-06
1.96817e-06
2.03414e-06
-2.03414e-06
1.99846e-06
1.96477e-06
-1.80738e-06
1.80738e-06
-2.09462e-06
-1.87899e-06
-1.79147e-06
2.04688e-06
-2.04688e-06
1.83677e-06
-1.83677e-06
2.01354e-06
1.95797e-06
1.98229e-06
2.03029e-06
2.52472e-06
-2.52326e-06
1.98365e-06
-1.63162e-06
2.53001e-06
-3.72879e-09
-2.58486e-06
5.36464e-08
2.53121e-06
2.52467e-06
2.53246e-06
-2.2505e-09
2.3936e-06
-2.53121e-06
2.5336e-06
-1.98935e-06
-2.53514e-06
-2.53804e-06
2.52228e-06
-2.52228e-06
3.32124e-07
2.50061e-06
-2.49833e-06
-6.87167e-09
-1.87412e-06
1.88099e-06
2.52486e-06
2.50173e-06
-2.50173e-06
2.53549e-06
-2.5362e-06
-2.52946e-06
-2.52296e-06
2.50847e-06
-2.53269e-06
2.75949e-09
-1.85893e-06
1.68918e-06
2.52538e-06
-2.52538e-06
-2.00376e-06
3.50888e-07
-2.05865e-06
-2.00693e-06
3.48342e-07
-2.01622e-06
3.53912e-07
-1.99723e-06
3.46158e-07
-2.0449e-06
3.5608e-07
2.52924e-06
-4.56586e-09
-2.5315e-06
8.87087e-07
-2.40924e-06
-1.99966e-06
3.38544e-07
-1.94755e-06
-1.01567e-08
2.51941e-06
1.6576e-06
5.11636e-07
-2.16924e-06
-1.84513e-06
1.69629e-06
6.51168e-07
-2.31739e-06
1.66622e-06
1.94256e-06
-2.01816e-06
-2.52115e-06
2.54085e-06
-1.97015e-08
2.52676e-06
-2.52531e-06
-2.5385e-06
-1.76981e-09
2.54104e-06
-2.54598e-06
2.33429e-06
-1.20677e-06
-1.12752e-06
-1.64626e-06
2.00347e-06
-1.6426e-06
1.99155e-06
-3.59625e-07
2.52529e-06
-5.87317e-09
-2.01215e-06
-2.52328e-06
-1.90014e-06
3.25079e-07
-1.12852e-07
-1.70519e-06
-2.54545e-06
2.52194e-06
-4.5689e-07
-2.52656e-06
4.7138e-07
2.53028e-06
-8.33915e-09
-1.65777e-06
1.78651e-06
2.52405e-06
-2.52405e-06
-1.98133e-06
-3.14659e-07
-1.5136e-06
-1.38321e-09
2.54015e-06
2.52055e-06
2.5265e-06
-2.5328e-06
-2.44749e-06
-8.37224e-08
-4.41011e-08
-1.97484e-06
1.97378e-06
-1.65632e-06
1.81919e-06
-1.43178e-06
-1.70872e-06
-1.52432e-06
1.87567e-06
-1.6577e-06
-2.29446e-06
1.36744e-06
9.27014e-07
-1.69796e-06
-1.5333e-06
1.91842e-06
-1.65298e-06
1.94346e-06
-1.59794e-06
2.00249e-06
-1.65056e-06
-1.63593e-06
-6.63386e-09
-2.51707e-06
2.5237e-06
1.89467e-06
-1.90791e-06
-1.55605e-06
1.8972e-06
2.19646e-06
-1.59464e-06
1.94478e-06
2.51565e-06
-2.45146e-06
2.52563e-06
-2.52428e-06
-2.53206e-06
-4.09185e-09
-1.66232e-06
1.9235e-06
4.64063e-07
1.65285e-06
2.80479e-07
-1.93332e-06
1.67727e-06
1.97867e-07
-1.87514e-06
1.66227e-06
1.45696e-07
-1.80797e-06
1.66126e-06
6.11071e-07
-2.27233e-06
1.66418e-06
3.22483e-07
-1.98666e-06
2.523e-06
2.40601e-06
1.01535e-08
1.81642e-06
-1.92927e-06
-4.32711e-07
2.52869e-06
-2.5057e-06
-2.29909e-08
-3.44951e-07
2.28751e-06
2.52078e-06
-2.52078e-06
-2.53431e-06
-1.6039e-06
1.65946e-06
2.05794e-06
-1.9317e-06
-1.95021e-06
-2.04531e-06
1.98653e-06
1.99492e-06
9.64839e-09
-2.53903e-06
2.5145e-06
-2.51609e-06
1.59269e-09
-2.00216e-06
5.33571e-10
-2.53567e-06
2.49754e-06
1.91343e-06
-1.90065e-06
-2.42206e-06
1.92047e-06
-1.90454e-06
1.66603e-06
2.49233e-06
-2.52636e-06
2.5355e-06
-2.53368e-06
-2.51416e-06
2.52461e-06
1.92154e-06
-1.90805e-06
2.52444e-06
-2.52433e-06
2.52433e-06
-2.47901e-06
-5.30532e-08
3.12144e-07
-1.99767e-06
2.52267e-06
-2.53189e-06
-2.49296e-06
2.01061e-06
1.999e-06
2.03335e-06
2.54036e-06
-2.54172e-06
2.70323e-07
1.95584e-06
-1.50517e-06
2.01681e-06
-1.40695e-06
2.05811e-06
2.00273e-06
2.01724e-06
-1.66333e-06
2.52217e-06
1.69683e-06
1.95896e-07
-1.89273e-06
1.92312e-06
-1.91541e-06
2.52461e-06
-2.52314e-06
7.0372e-09
2.26144e-09
-2.56774e-06
2.39874e-06
2.52559e-06
-2.82097e-09
-1.24561e-06
2.56143e-06
2.52497e-06
-2.53606e-06
-1.97543e-09
-1.55817e-06
-1.8032e-06
1.31031e-07
-1.84365e-06
-1.69568e-06
-2.51714e-06
2.52315e-06
-2.52315e-06
2.52195e-06
2.52161e-06
-2.52161e-06
-3.64351e-07
2.06064e-06
-3.56404e-07
2.02263e-06
-1.96387e-06
3.88767e-07
2.53783e-06
-6.62353e-09
-2.44929e-06
-1.18451e-07
-2.45212e-06
-9.0579e-09
-2.49951e-06
2.52458e-06
2.53217e-06
8.67501e-09
-2.50518e-06
2.52358e-06
-2.52216e-06
1.62361e-06
-1.48968e-08
-1.66554e-06
4.22602e-07
-1.78544e-06
2.52053e-06
-2.53212e-06
2.47656e-06
-1.65777e-06
1.9963e-06
-1.91654e-06
1.84773e-06
1.92206e-06
-1.92616e-06
7.30492e-07
-7.30492e-07
-1.89449e-06
2.24769e-06
1.99183e-07
-1.52217e-06
1.87148e-06
-1.58919e-06
1.93884e-06
-1.65247e-06
1.96072e-06
-1.59252e-06
1.93733e-06
-1.60305e-06
1.95085e-06
1.85778e-06
-1.52059e-06
-3.43521e-08
1.99409e-06
-1.64778e-06
-2.51299e-06
-4.14964e-09
2.51593e-06
-5.48557e-10
-2.53443e-06
2.52397e-06
2.52311e-06
-2.52624e-06
1.20093e-06
-1.20093e-06
1.86802e-06
-1.90692e-06
-2.47942e-06
-1.93913e-09
-2.53426e-06
-2.5474e-06
2.52024e-06
-2.51828e-06
2.52343e-06
-1.37263e-06
1.80798e-07
-1.80798e-07
-2.52533e-06
1.24222e-09
-2.17851e-06
2.51886e-06
2.53562e-06
-2.53508e-06
1.93209e-06
-1.92102e-06
-2.52337e-07
1.9432e-06
-1.69086e-06
-2.49158e-06
-4.05402e-08
2.49564e-06
-2.51863e-06
-3.10078e-07
1.93011e-06
-1.62003e-06
-2.51267e-06
2.52007e-06
5.14665e-09
2.52457e-06
1.9417e-06
-1.63951e-06
-3.02187e-07
-4.93621e-07
-2.53126e-06
2.53126e-06
1.08983e-07
4.02367e-07
2.51869e-06
-2.53146e-06
2.51377e-06
-2.5228e-06
2.52541e-06
-2.73e-07
2.32774e-09
-2.53624e-06
4.22615e-07
4.40248e-07
7.23366e-07
2.1378e-07
1.66712e-07
3.04396e-07
3.99445e-07
3.50942e-07
2.84346e-07
3.52909e-07
7.85093e-07
2.21847e-07
3.76606e-07
-9.54537e-09
2.54598e-06
3.3177e-07
7.58223e-07
-3.98912e-08
-1.59419e-06
-1.64898e-06
-1.65329e-06
-1.96794e-06
-1.65489e-06
-2.53622e-06
2.93289e-09
-2.50611e-06
1.23271e-06
-2.51521e-06
2.53335e-09
-1.53506e-06
-2.27417e-07
-1.66531e-06
2.53154e-06
-2.53481e-06
2.0467e-06
-2.54212e-07
-2.52683e-06
-1.64916e-07
2.05455e-06
1.35111e-06
-1.66577e-06
-1.10523e-08
-1.83189e-06
2.81834e-07
1.68901e-06
-2.52239e-06
1.89296e-06
-1.56788e-06
1.17972e-06
1.15457e-06
-2.12626e-07
2.02058e-06
-1.80795e-06
-2.51686e-06
1.87011e-06
-1.8093e-07
2.52779e-06
-2.52779e-06
2.53696e-06
-2.53834e-06
-1.39014e-06
1.79443e-06
5.91916e-08
-1.95487e-06
1.89568e-06
-2.90057e-07
1.86118e-06
-1.57112e-06
-1.00129e-07
1.92957e-06
-1.6738e-06
-2.54076e-06
-3.28659e-08
-2.51506e-06
-2.51383e-06
-3.03469e-09
-2.51598e-06
2.49982e-06
2.5416e-06
2.53093e-06
-2.53277e-06
1.21755e-06
4.37024e-07
2.52799e-06
-7.08357e-08
-1.55081e-07
-1.2987e-06
-3.79105e-07
1.89843e-06
-2.50407e-06
-1.19089e-08
3.62225e-07
-2.51324e-06
2.52557e-06
-2.52557e-06
-1.79034e-06
-2.52569e-06
1.07551e-08
-6.47583e-07
-4.62197e-07
1.74272e-06
9.76629e-08
-1.84038e-06
8.92383e-10
-1.94202e-06
1.81893e-06
-2.25664e-08
2.50933e-06
-5.96999e-08
-2.44963e-06
-2.51165e-06
-2.51455e-06
1.31444e-09
-1.92281e-07
2.5286e-06
-2.53219e-06
-1.77511e-06
-1.54158e-07
2.69395e-07
-1.43586e-06
-4.08391e-07
2.28973e-07
-1.91983e-06
-1.61518e-07
2.41153e-07
-1.59834e-06
-2.5164e-06
-1.95604e-06
2.51593e-06
2.52448e-06
-2.52448e-06
-2.51233e-06
2.5061e-06
-2.50932e-06
-2.87345e-07
-3.79821e-07
2.51828e-06
-5.55772e-09
2.98804e-07
-2.47731e-06
1.81907e-06
-2.16175e-06
-2.51145e-06
-4.95016e-09
-2.51963e-06
1.84887e-06
-2.50727e-06
-2.04965e-09
1.86642e-06
1.97169e-06
2.51103e-06
-1.72065e-06
-1.46685e-08
-2.50738e-06
-1.91211e-06
-2.5364e-06
2.56346e-06
-2.70599e-08
1.58543e-06
2.90242e-07
-1.93399e-06
-2.51112e-06
-2.10103e-06
2.52361e-06
2.50142e-06
5.34498e-09
-1.81907e-06
-1.55975e-07
-2.52286e-06
1.35657e-09
2.45747e-08
2.48475e-06
-1.81497e-06
-2.50763e-06
2.47141e-10
-2.49654e-06
-1.45834e-08
2.52301e-06
-2.52301e-06
-1.94581e-06
-2.50915e-06
-2.50569e-06
2.28779e-09
1.59599e-06
-2.00438e-06
1.65411e-06
2.49928e-06
2.45237e-09
-1.40713e-06
2.51283e-06
-2.51111e-06
-2.51617e-06
-2.50722e-06
1.52301e-09
-2.00635e-06
-2.50505e-06
1.23061e-06
1.04614e-06
-1.90682e-06
1.89149e-06
1.64705e-06
-1.67744e-06
2.5208e-06
2.53353e-06
2.71e-09
-2.53779e-06
-2.50705e-06
2.00333e-09
2.54598e-06
-2.50415e-06
-2.51728e-06
2.50822e-06
-2.30726e-06
-8.35955e-10
2.5202e-06
-2.5202e-06
-2.50662e-06
2.46802e-09
-2.55248e-06
1.91602e-06
-2.51041e-06
-2.54783e-06
-2.51292e-06
-2.50342e-06
-1.56221e-06
-2.27076e-07
-4.67945e-10
2.51745e-06
2.58116e-07
-2.06607e-06
-1.97092e-06
1.69792e-06
-2.50619e-06
2.76299e-09
2.51728e-06
-1.96452e-06
3.93395e-07
1.82387e-06
1.27316e-07
-1.69512e-06
-2.50264e-06
-2.99387e-07
-1.64273e-06
1.90872e-06
-2.51745e-06
-2.51882e-06
-2.50542e-06
2.77687e-09
-2.76568e-07
2.09549e-06
1.85252e-06
-1.71497e-06
-2.50198e-06
1.51286e-06
-1.61274e-06
-3.85663e-09
-2.50727e-06
2.52838e-06
1.36031e-07
-2.66441e-06
-1.90683e-06
-2.53706e-06
-2.50491e-06
2.92909e-09
-2.40231e-06
-3.74936e-07
-2.50124e-06
-1.31872e-07
-1.70851e-06
-9.27511e-07
-2.50652e-06
5.27684e-09
1.95587e-06
-1.91941e-06
-2.49954e-06
-2.5028e-06
-2.51157e-06
8.76835e-09
2.49928e-06
2.50142e-06
-4.74717e-09
-2.50483e-06
2.38648e-06
-2.50493e-06
1.90477e-06
1.33898e-07
1.75422e-06
-2.06741e-08
1.76931e-06
1.99412e-09
1.08249e-06
-2.50917e-06
2.50885e-06
-1.89206e-06
2.51527e-06
3.48327e-09
-1.91015e-06
-2.4353e-06
-2.16946e-06
-5.15852e-07
1.56521e-06
-1.57626e-06
-2.51328e-06
1.90223e-06
-4.99233e-09
-2.50234e-06
-2.50845e-06
2.50783e-06
-2.52409e-06
-2.5074e-06
-2.51018e-06
1.72923e-09
-2.50614e-06
-1.75049e-06
-1.92153e-07
-2.50757e-06
-2.46425e-06
-1.95048e-06
-2.50479e-06
1.8805e-06
-2.51225e-06
4.67391e-09
-2.51193e-06
1.91602e-06
1.00656e-06
-8.25443e-08
-2.48182e-06
1.58106e-06
-2.00443e-06
1.19728e-06
1.17084e-06
1.90058e-06
-2.50353e-06
1.43142e-09
-2.48082e-06
-6.34424e-07
-2.49765e-07
-3.6649e-07
-2.50439e-06
-2.50497e-06
-2.50944e-06
-2.49085e-06
7.28191e-07
-2.23337e-06
-2.50276e-06
-2.50793e-06
2.50664e-06
-2.52081e-06
-1.88563e-06
-2.499e-06
1.85105e-06
-1.85105e-06
-2.51265e-06
4.71272e-09
-2.50943e-06
-2.49645e-06
-2.51245e-06
3.02353e-09
2.5197e-06
-4.5047e-09
1.47104e-06
-2.50201e-06
-2.49894e-06
-3.19306e-07
1.12042e-07
1.73901e-06
-1.06963e-06
-8.51594e-07
-1.01016e-06
-9.6725e-07
2.02276e-06
-2.47716e-06
-1.90416e-06
-2.50099e-06
1.89439e-06
-2.50536e-06
2.30567e-08
1.60263e-06
-2.5055e-06
2.38873e-07
-2.50031e-06
2.51027e-06
-9.76964e-07
-1.01996e-06
-8.27325e-07
-1.10918e-06
-2.51775e-06
2.49148e-06
-2.50006e-06
-1.00407e-06
-9.91342e-07
-1.0785e-06
-8.91386e-07
-1.06071e-06
-9.30208e-07
-1.00793e-06
-8.78505e-07
-9.93219e-07
-9.89398e-07
-7.64817e-07
-1.18658e-06
1.91015e-06
-2.50066e-06
-2.49914e-06
-1.80871e-06
6.13396e-08
-2.50058e-06
1.25346e-06
-4.66726e-07
-1.61824e-06
2.08497e-06
-1.3678e-06
-2.49857e-06
1.80871e-06
-5.65735e-07
-2.50016e-06
-1.87331e-06
-1.71896e-06
7.08664e-07
1.65846e-06
-2.49769e-06
-2.50023e-06
-2.50204e-06
-2.11486e-09
2.50353e-06
-2.49967e-06
-5.68887e-09
2.50497e-06
-2.51418e-06
-1.9142e-06
-2.5244e-07
-2.49863e-06
-2.4969e-06
-1.87794e-06
-2.4915e-06
-2.49895e-06
-1.99256e-06
-2.49617e-06
3.33512e-07
-2.49565e-06
-2.49826e-06
1.97807e-06
-2.49223e-06
-2.49533e-06
1.89269e-06
-2.49763e-06
-1.90311e-06
-2.48969e-06
-2.61337e-07
-2.49235e-06
-2.50811e-06
-2.4865e-06
-2.49934e-06
1.91525e-06
-2.48953e-06
1.79157e-06
8.37964e-09
1.88706e-07
1.68732e-06
1.7854e-06
-2.48621e-06
1.41617e-06
9.06002e-07
-2.50866e-06
-2.4849e-06
-3.26535e-09
-1.62804e-06
2.35623e-06
2.51727e-06
1.68712e-08
-2.48168e-06
-2.48663e-06
1.54954e-06
-1.81182e-06
-2.48647e-06
2.4882e-06
-2.48388e-06
-3.73695e-09
-2.50487e-06
1.85396e-06
-1.85396e-06
-2.07922e-06
1.02357e-06
-2.5002e-06
-2.49847e-06
1.22513e-07
-1.91654e-06
-1.98049e-06
-5.61509e-07
1.95305e-08
-2.509e-06
-1.87054e-06
-2.00209e-06
2.00209e-06
-1.68135e-06
-1.90821e-06
-2.47783e-06
2.48254e-06
1.90821e-06
1.75145e-06
-6.23835e-09
-2.47343e-06
-1.23402e-06
-1.0726e-06
-2.4704e-06
2.47274e-06
-2.47724e-06
2.02212e-06
1.30108e-07
-1.88899e-06
-1.79157e-06
1.94258e-06
7.82064e-08
-5.85481e-08
1.91374e-06
-1.85519e-06
2.52042e-06
-1.89683e-06
2.25701e-06
-2.47716e-06
-1.96715e-06
1.42113e-06
-2.33003e-06
9.08902e-07
2.5229e-06
-2.39041e-08
-1.73901e-06
1.44056e-07
4.47407e-07
-1.83163e-06
7.89778e-08
1.84656e-06
-1.95523e-06
-1.86417e-06
-2.01318e-06
-1.874e-06
1.46125e-06
-2.50507e-06
6.91636e-07
-2.06478e-06
-2.08643e-06
-1.91104e-06
6.86155e-09
-2.02034e-06
1.94592e-06
-1.88253e-06
1.87536e-06
-2.50207e-06
-1.918e-06
-4.69625e-07
-1.43108e-06
1.87133e-06
-6.62719e-09
2.44258e-06
-2.44258e-06
2.43535e-06
-2.43535e-06
1.87573e-06
-1.87573e-06
-1.95523e-06
-1.72174e-06
-4.88693e-07
-1.74467e-06
-1.75786e-06
2.15125e-06
-2.14267e-06
1.76773e-06
-1.35161e-06
-9.25555e-07
1.16711e-06
2.06828e-07
1.7854e-06
-1.92556e-06
-1.76155e-06
-1.96715e-06
-1.81713e-06
1.76155e-06
-4.48005e-07
-3.6758e-07
-8.0095e-07
-1.33563e-06
-9.2256e-07
-2.45135e-07
-1.28992e-06
-1.98691e-06
-1.98049e-06
1.16073e-06
1.17425e-06
1.2864e-06
-2.42604e-07
-2.64935e-08
-1.56807e-07
1.84582e-06
-1.56004e-06
1.31491e-06
4.24579e-07
-1.99256e-06
1.63685e-06
3.34805e-07
1.88e-06
-1.57781e-06
1.74832e-06
-2.98335e-07
2.10624e-06
-1.88786e-06
1.60105e-06
-1.4333e-06
1.16842e-06
-6.39269e-07
-5.29594e-07
-9.42999e-07
-1.04063e-06
-9.59839e-07
-9.5914e-07
-2.00443e-06
-1.74768e-06
1.93434e-06
-1.17341e-06
-7.60927e-07
5.2059e-08
1.66559e-06
-1.80104e-06
6.18468e-07
-1.5539e-07
3.07486e-07
1.44397e-06
1.23271e-06
-1.70081e-06
9.7317e-07
-1.82476e-06
9.43163e-07
-1.91041e-06
-1.85123e-06
1.92312e-06
-4.74124e-08
2.97621e-07
-1.5491e-06
2.24073e-06
-9.65588e-07
-1.04285e-06
1.62472e-06
-1.98408e-06
1.95868e-06
1.14376e-07
1.65053e-06
-1.65053e-06
1.84123e-06
1.5236e-06
2.22815e-06
1.74358e-06
2.24192e-06
8.56429e-07
1.78616e-06
-5.77629e-07
-2.00204e-06
-1.90185e-06
1.41112e-06
-1.27692e-06
-1.51587e-06
-7.04348e-08
1.85146e-06
4.45142e-07
7.23279e-07
-1.71846e-07
-1.49727e-06
-1.8939e-06
-6.16405e-08
-1.64114e-06
1.60964e-06
-1.84113e-06
-1.20959e-06
-1.91104e-06
1.59562e-06
1.83588e-06
1.54323e-06
1.52589e-06
4.40904e-07
1.43043e-06
-2.85932e-06
1.28992e-06
-1.8266e-06
-9.44915e-07
-1.19517e-06
8.03609e-07
-8.86153e-07
4.18054e-08
-1.9984e-06
1.53658e-06
6.41885e-07
1.37498e-06
-1.30524e-06
-9.89212e-07
1.98437e-06
-4.5104e-07
-2.26645e-07
1.75884e-07
1.68916e-06
-1.27963e-06
-1.62185e-06
-1.95274e-07
1.94151e-06
8.23749e-08
-7.36216e-07
9.70705e-08
-1.84707e-06
-1.51701e-07
-1.88974e-06
1.55834e-06
-1.00964e-06
-1.13029e-06
-2.01408e-06
-1.9551e-07
-1.71225e-06
-1.55421e-06
1.20959e-06
8.37077e-07
1.14812e-06
1.5672e-06
-1.4196e-06
-2.02871e-06
3.61574e-08
-7.4687e-07
-7.62793e-07
-1.44933e-06
1.85276e-06
6.76933e-07
1.39672e-06
1.74972e-06
1.81249e-07
-1.51159e-06
-1.70091e-06
1.81528e-06
-1.90891e-06
-1.63959e-06
2.05739e-06
-5.62748e-07
-1.50143e-06
-1.36489e-06
-1.66653e-06
-1.51183e-06
2.05164e-06
-1.51006e-06
1.56364e-06
3.23522e-07
1.48937e-06
-1.51718e-06
2.12816e-06
8.71238e-07
2.14624e-06
8.5224e-07
-1.51862e-06
2.12816e-06
2.14624e-06
-1.62464e-06
-1.61371e-06
-1.71855e-06
1.77989e-06
1.54289e-06
1.38994e-06
-1.40991e-07
9.446e-07
2.08664e-06
4.51041e-07
1.57572e-06
-1.45847e-06
-1.69737e-06
1.55258e-07
1.50973e-06
1.33406e-06
-1.81905e-06
-1.5917e-07
1.76022e-06
1.56475e-06
1.69926e-06
-1.52338e-06
4.1267e-07
1.5246e-06
1.55347e-06
6.75953e-07
-1.40121e-06
1.66988e-06
-1.3762e-06
2.03858e-06
-1.62804e-06
-2.28731e-07
-1.60804e-06
1.31268e-06
-1.67566e-06
2.07583e-06
3.7171e-07
5.17724e-07
1.59872e-06
-8.96801e-08
1.47873e-06
4.78393e-07
1.48171e-06
-1.48171e-06
-1.63395e-06
1.50877e-06
-2.84635e-07
-1.28616e-06
-1.23367e-06
-1.13427e-06
1.23367e-06
-1.63497e-06
3.95469e-07
1.34419e-06
-2.49777e-09
-1.70601e-06
1.14857e-07
-1.54663e-06
1.71104e-06
-1.40887e-06
-1.61087e-06
-5.78301e-07
-1.292e-06
2.4237e-07
-1.8851e-06
6.98515e-07
1.33563e-06
-1.5491e-06
1.62576e-06
-1.56032e-06
-2.28936e-06
1.11595e-06
1.19517e-06
1.6022e-06
6.95269e-07
1.35161e-06
1.60079e-06
1.58638e-06
-1.5336e-06
1.5336e-06
-1.63621e-06
-5.05865e-07
-1.47598e-06
2.6965e-07
1.23402e-06
1.33783e-06
4.64497e-07
1.59345e-06
-1.49328e-06
-1.63902e-06
-1.36936e-06
-5.31233e-07
-1.44361e-06
-6.17172e-08
2.42438e-07
6.35687e-08
7.72485e-08
-1.67143e-06
1.6288e-06
-1.80704e-06
-3.5457e-07
1.17887e-06
9.06103e-07
1.68734e-06
1.7241e-06
9.00667e-07
1.25058e-06
8.37205e-07
-1.60429e-09
1.53818e-06
9.13188e-07
1.47188e-06
5.1825e-07
1.36274e-06
1.17869e-07
-1.83588e-06
1.67049e-06
1.42708e-06
-1.42708e-06
1.38227e-06
-1.38227e-06
1.92186e-07
1.39971e-06
-1.39971e-06
1.42452e-06
-1.42452e-06
-1.8279e-06
-1.784e-07
-1.39786e-06
1.3762e-06
1.96028e-06
-4.78575e-07
-2.38132e-07
-3.76834e-07
-1.63692e-06
-1.51703e-06
-1.1491e-06
-1.18094e-06
4.26679e-07
-1.69351e-06
-1.63283e-06
-5.17655e-07
-1.51782e-06
-1.5652e-06
-2.87499e-07
1.32481e-06
-1.55214e-06
1.54002e-06
1.35635e-06
9.99881e-07
9.64555e-07
-1.46132e-06
-1.45382e-06
1.74406e-06
9.93928e-07
-1.70674e-06
1.01004e-06
1.62072e-06
-5.75121e-07
-5.99365e-07
-1.55794e-06
1.54789e-06
-1.55536e-06
1.71598e-06
-1.68625e-06
1.59344e-06
1.66614e-06
-1.60843e-06
-6.04629e-07
-5.85632e-07
-5.88354e-07
-1.43297e-06
1.48486e-06
1.96295e-06
1.52908e-06
1.41112e-06
-1.49019e-06
1.72436e-06
1.34608e-06
-1.47805e-06
-7.98857e-08
-5.89486e-07
-1.78529e-07
1.19511e-06
1.04197e-06
1.60964e-06
1.60395e-06
-2.83644e-08
-1.77872e-06
-1.5198e-06
-1.13029e-07
1.79139e-06
-5.43292e-07
1.46585e-06
-5.51061e-07
-1.63333e-06
1.43043e-06
1.6452e-07
1.0779e-06
1.47439e-06
-1.45248e-06
-5.48837e-07
1.66425e-06
-1.35169e-07
8.39593e-07
1.2005e-06
1.90093e-06
-1.48981e-06
1.48572e-06
1.59438e-06
-5.21774e-07
5.41085e-07
1.50435e-06
-1.31727e-07
-1.22984e-06
1.3734e-06
-1.68546e-06
-5.05515e-07
1.40121e-06
1.38222e-06
1.292e-06
9.48728e-07
1.57662e-06
-1.1345e-06
1.60804e-06
4.63329e-07
-2.88509e-08
-1.47328e-06
-1.52294e-06
3.44272e-07
5.29308e-07
-1.57211e-06
-1.55466e-06
1.31497e-06
-1.53621e-06
1.67606e-06
-1.56622e-07
-1.23264e-06
1.38927e-06
-1.01163e-06
1.06258e-06
9.00378e-07
-1.61798e-06
-1.72217e-06
2.12323e-07
-1.43277e-06
-1.35635e-06
-2.13692e-07
1.84433e-06
-1.69731e-07
1.55195e-06
5.79641e-07
2.25742e-07
5.18332e-07
1.17302e-06
-1.32964e-06
1.61825e-06
1.44145e-06
6.05356e-08
-1.55352e-06
1.49298e-06
-5.6147e-08
1.21395e-07
-3.66952e-07
1.42446e-06
-1.36392e-06
-7.9453e-07
3.30107e-07
-1.90086e-06
3.4539e-07
-1.33255e-06
-5.04282e-08
5.58343e-07
2.99024e-07
9.30107e-07
-1.27274e-06
-1.51067e-06
5.06499e-07
-1.61188e-06
2.05611e-07
1.39521e-06
1.53995e-06
9.89616e-07
-1.36392e-06
3.39833e-07
-2.96339e-07
-3.07191e-07
-1.44558e-06
-9.45412e-07
-1.05858e-06
-2.04849e-07
2.54804e-06
-9.16513e-07
2.55603e-06
-1.49174e-06
1.37022e-06
4.85972e-08
-1.53906e-06
-1.54158e-06
-3.84187e-07
1.15235e-06
-1.24882e-06
1.41406e-06
2.62772e-07
-8.57048e-08
1.60336e-06
1.31106e-06
1.54477e-06
1.64526e-06
-5.3711e-07
-1.32871e-06
-1.41678e-06
-1.29539e-06
-4.0749e-07
1.54071e-06
1.64222e-06
1.58055e-07
4.5099e-07
9.97339e-07
-1.55822e-06
1.50024e-06
1.60112e-06
-6.61096e-08
)
;

boundaryField
{
    front
    {
        type            empty;
    }
    back
    {
        type            empty;
    }
    wall
    {
        type            calculated;
        value           uniform 0;
    }
    inlet
    {
        type            calculated;
        value           nonuniform List<scalar> 
12
(
-2.87937e-06
-2.88314e-06
-2.88696e-06
-2.85499e-06
-2.97736e-06
-2.89555e-06
-2.97007e-06
-2.9994e-06
-2.99848e-06
-3.03142e-06
-3.02902e-06
-3.02868e-06
)
;
    }
    outletLeft
    {
        type            calculated;
        value           nonuniform List<scalar> 9(1.97741e-06 1.99693e-06 1.99541e-06 1.99092e-06 1.98262e-06 1.98363e-06 1.98602e-06 2.02389e-06 2.03171e-06);
    }
    aneurysm
    {
        type            calculated;
        value           uniform 0;
    }
    outletRight
    {
        type            calculated;
        value           nonuniform List<scalar> 9(1.92122e-06 1.93651e-06 1.96989e-06 1.88644e-06 1.95139e-06 1.91898e-06 1.93876e-06 1.97483e-06 1.9679e-06);
    }
}


// ************************************************************************* //
