/*--------------------------------*- C++ -*----------------------------------*\
  =========                 |
  \\      /  F ield         | OpenFOAM: The Open Source CFD Toolbox
   \\    /   O peration     | Website:  https://openfoam.org
    \\  /    A nd           | Version:  12
     \\/     M anipulation  |
\*---------------------------------------------------------------------------*/
FoamFile
{
    format      ascii;
    class       surfaceScalarField;
    location    "0.06";
    object      phi;
}
// * * * * * * * * * * * * * * * * * * * * * * * * * * * * * * * * * * * * * //

dimensions      [0 3 -1 0 0 0 0];

internalField   nonuniform List<scalar> 
6438
(
-9.8883e-09
1.21733e-06
-1.20744e-06
-1.08196e-08
1.414e-06
-1.40318e-06
-1.32358e-06
-2.22615e-07
1.54619e-06
1.25522e-06
-1.37723e-06
1.22011e-07
1.93409e-06
-1.50982e-06
-4.24267e-07
4.45773e-07
1.48831e-06
-1.49844e-06
1.74865e-07
-1.30676e-06
1.29594e-06
1.4093e-06
-1.68544e-06
2.76147e-07
1.31204e-06
-1.53622e-06
2.24176e-07
-1.2702e-06
1.54031e-06
-2.70107e-07
3.06505e-07
-1.39509e-06
1.08859e-06
-1.5646e-06
2.94393e-07
1.20526e-06
5.54895e-07
-1.76015e-06
1.13274e-06
-1.14263e-06
-6.26527e-08
1.32569e-06
-1.26303e-06
-1.6721e-06
1.62002e-06
5.20802e-08
-1.26645e-06
1.53464e-06
-2.68189e-07
-1.56182e-06
2.95372e-07
4.97057e-07
1.05473e-06
-1.55179e-06
-3.63488e-07
-2.37866e-07
6.01354e-07
-7.8084e-08
1.39166e-06
-1.31357e-06
-1.2872e-06
-2.10005e-07
1.4972e-06
-1.57372e-06
6.92369e-07
8.8135e-07
-1.37113e-06
1.29304e-06
-1.21741e-06
1.48188e-06
-2.64466e-07
-1.48069e-06
1.9349e-07
1.41064e-06
-1.10413e-06
-1.27991e-06
-2.35119e-07
1.51503e-06
-1.54291e-06
3.25502e-07
1.19067e-06
-1.48773e-06
2.97057e-07
6.34062e-09
-1.45272e-06
1.44638e-06
1.41966e-06
-1.42626e-06
6.60016e-09
-1.40678e-06
2.38193e-07
1.16859e-06
-1.90443e-06
3.076e-07
1.59683e-06
1.33711e-06
-1.33077e-06
1.34672e-06
-9.14949e-08
8.75293e-07
1.22417e-06
-2.09946e-06
-4.26475e-07
1.63173e-06
-1.25353e-06
1.37796e-06
-1.24436e-07
-1.45622e-06
1.44209e-06
1.41291e-08
-6.0682e-07
1.10388e-06
1.30127e-06
1.07731e-08
-1.56334e-06
1.53192e-06
3.14199e-08
1.40462e-06
-2.1395e-07
-1.04114e-06
9.78489e-07
-1.8162e-06
3.06383e-07
1.37812e-06
1.33453e-07
-1.51158e-06
-1.07767e-06
-3.29111e-07
-1.95597e-07
-1.29157e-06
1.46637e-06
-1.74799e-07
-9.6837e-07
1.39136e-06
-4.22992e-07
1.39458e-06
-1.39458e-06
4.36248e-07
1.05895e-06
1.39215e-07
-1.19816e-06
6.19871e-07
2.99118e-07
-9.1899e-07
1.18179e-06
2.42115e-07
-1.42391e-06
1.14077e-06
-4.48404e-07
-6.6135e-07
-1.15485e-06
-1.29929e-08
1.22877e-06
-1.21578e-06
-1.51736e-06
1.51736e-06
-1.56938e-06
1.58393e-06
-1.45507e-08
6.27344e-08
1.17007e-06
-1.2328e-06
4.43839e-09
-1.43281e-06
1.42837e-06
1.32912e-06
-1.32469e-06
-1.44846e-06
1.6855e-07
-1.45244e-06
-1.10909e-07
-1.24606e-06
1.36879e-06
-1.22733e-07
1.38232e-07
1.19559e-06
-1.33383e-06
-1.46805e-06
1.41208e-06
5.59764e-08
1.43162e-06
-1.43162e-06
1.33229e-06
7.70012e-08
-8.74064e-07
-6.62154e-07
1.24508e-06
2.64383e-07
-1.50946e-06
-1.22321e-06
-2.33008e-07
1.08593e-06
8.40937e-07
-1.92686e-06
-1.68302e-06
1.0762e-06
-1.07534e-06
-6.07674e-07
1.47372e-06
-2.28647e-07
8.82912e-07
-2.6304e-07
1.20049e-06
1.33867e-07
-1.33436e-06
-1.47929e-06
-9.00881e-08
-2.13302e-07
-3.60218e-07
-1.15714e-06
1.60367e-06
-1.60367e-06
-1.06239e-06
-4.05664e-07
-9.75141e-08
-1.80692e-06
-1.38322e-06
1.37865e-06
4.57143e-09
4.97945e-08
-1.40373e-06
1.35394e-06
-1.54224e-07
1.35471e-06
1.38515e-06
3.45059e-08
-1.44714e-06
-2.2496e-07
-1.46033e-06
1.49581e-06
-3.54857e-08
1.5278e-06
-8.54252e-07
-6.73553e-07
1.37002e-06
-1.32023e-06
2.88556e-08
1.5385e-06
-7.82591e-07
-7.55905e-07
8.72857e-07
6.54948e-07
1.40986e-06
-1.40986e-06
-1.08162e-06
1.54974e-06
-4.68121e-07
-1.35805e-06
6.64804e-08
-1.86252e-07
-1.09891e-06
1.28516e-06
-1.2735e-06
5.02825e-08
-1.36458e-06
2.82961e-07
1.17462e-06
2.56215e-07
-1.43084e-06
-8.79332e-08
1.26255e-06
-1.22941e-06
1.42003e-06
-1.90614e-07
-1.30325e-06
4.97278e-08
9.049e-07
6.33597e-07
1.35999e-06
-2.71404e-07
5.83178e-08
1.33626e-06
-1.17412e-06
-9.9372e-08
1.22602e-06
2.63209e-07
-1.48923e-06
-6.78343e-07
-5.86322e-07
1.26467e-06
8.93399e-07
-1.15838e-07
-7.77562e-07
-1.45272e-06
2.96538e-07
1.45127e-06
-1.74781e-06
-6.75616e-07
3.12128e-07
1.45144e-06
3.04363e-08
1.57861e-06
-8.17972e-07
-7.60641e-07
5.31529e-07
1.04708e-06
1.46239e-06
-2.3637e-07
1.7928e-06
-9.17508e-07
-1.32737e-06
5.3673e-09
1.322e-06
-1.90051e-06
1.91491e-07
1.70902e-06
-2.23377e-08
-1.32044e-06
1.34278e-06
1.45001e-06
8.19162e-08
-1.11994e-06
1.10695e-06
-1.33586e-06
1.36239e-06
-2.65279e-08
1.35361e-06
-1.37594e-06
1.397e-06
-1.397e-06
1.37289e-06
4.11036e-08
1.37679e-06
-3.17847e-07
1.35801e-06
-1.29528e-06
-1.19605e-06
1.00979e-06
1.28431e-08
1.31866e-06
-1.3315e-06
1.55504e-06
-1.08645e-06
-4.68584e-07
-1.43281e-06
-2.10983e-08
1.64441e-08
-1.3232e-06
-1.323e-06
7.6945e-08
1.4537e-08
1.32257e-06
1.28004e-06
-1.14181e-06
-1.3197e-06
9.02816e-08
1.33809e-06
-3.68165e-08
-4.85903e-08
1.16554e-06
-1.11695e-06
9.20882e-07
6.34155e-07
-1.37224e-06
2.96467e-07
1.07577e-06
1.39705e-06
-5.69277e-09
-1.85044e-06
1.6662e-07
1.68382e-06
-1.91297e-08
-1.3136e-06
1.33273e-06
8.72336e-07
2.10637e-08
8.41441e-08
1.31291e-06
1.30013e-06
1.1051e-07
1.34592e-06
-1.36505e-06
-1.40104e-06
-4.61016e-08
1.43202e-06
-1.54125e-06
1.09228e-07
-1.27765e-06
-4.97167e-08
-1.55602e-06
6.75046e-07
8.80976e-07
-9.96243e-10
1.34442e-06
4.72345e-08
-1.26725e-06
1.47318e-06
-2.05935e-07
-1.39098e-06
1.20097e-06
1.90009e-07
-1.89012e-07
4.87304e-07
-2.98292e-07
-4.37089e-07
-1.10582e-06
-1.40373e-06
-1.14363e-08
1.34056e-06
4.14378e-07
1.13536e-06
-2.2947e-08
-1.36427e-06
-6.85637e-09
-2.92814e-08
-1.49092e-06
1.25882e-06
2.32092e-07
-8.74349e-08
1.11279e-06
2.19504e-07
2.18005e-06
-9.55887e-07
-4.60011e-07
-1.10181e-06
1.36657e-06
1.85787e-08
-1.17035e-06
4.92004e-07
-5.29774e-07
-8.31014e-07
1.36079e-06
-4.70439e-07
-1.09416e-06
-7.62612e-07
1.84854e-06
-1.41109e-06
4.68211e-08
-1.33229e-06
1.33743e-06
-5.13498e-09
-1.09693e-06
1.04834e-06
-1.6226e-08
-1.30565e-06
1.32188e-06
-1.4361e-06
2.50025e-08
1.19636e-06
-1.42314e-06
2.26774e-07
1.3342e-06
-1.35042e-06
1.19049e-06
-4.49782e-07
-7.40712e-07
-1.80272e-06
6.4245e-07
1.16027e-06
1.22063e-06
1.17454e-07
1.00697e-06
6.13054e-07
2.94209e-07
1.30947e-06
-3.52565e-07
-1.25111e-06
-1.4546e-06
1.44139e-06
1.32131e-08
-1.45051e-06
-4.09492e-09
-1.4436e-06
-6.91139e-09
5.29395e-09
3.76131e-07
-2.10005e-06
1.72392e-06
-1.55634e-06
1.85288e-06
1.22939e-06
-1.21655e-06
1.31499e-06
5.50305e-08
1.07263e-07
1.08323e-06
-1.32044e-06
-1.19671e-06
1.19127e-06
1.47983e-07
-1.33925e-06
-6.7289e-09
-2.86111e-07
2.0949e-06
-1.80879e-06
1.98653e-06
-1.43164e-06
-6.03796e-07
9.02914e-07
-3.8392e-07
-1.1721e-06
-1.03885e-06
-7.63866e-07
-1.31917e-06
-8.18689e-08
-1.32979e-06
1.32961e-06
1.85378e-10
-2.09036e-07
1.24658e-06
-1.03755e-06
-1.42913e-06
1.43889e-06
-9.75609e-09
-1.41399e-06
-1.51494e-08
-1.81598e-06
1.15292e-07
1.70069e-06
-1.26668e-06
-8.22235e-08
1.3489e-06
1.42441e-06
1.44805e-08
-2.52866e-07
-1.554e-06
5.70324e-07
9.83681e-07
8.5604e-09
-8.22762e-07
-7.31243e-07
-1.91861e-08
-1.46832e-08
-1.2976e-06
1.31228e-06
-1.33309e-06
6.64138e-08
1.20466e-06
1.61915e-07
1.38788e-06
-1.32956e-06
1.32081e-06
-1.33549e-06
1.31575e-06
3.78522e-08
6.47414e-07
1.33912e-06
1.36072e-06
-2.47933e-07
-1.07834e-07
-1.79268e-06
-7.7336e-08
1.08429e-06
-1.00695e-06
-1.40739e-06
-6.59536e-09
-1.40711e-06
-2.80868e-10
1.41794e-06
-1.40751e-06
-1.04263e-08
1.40311e-06
1.48268e-08
-1.3136e-06
3.23718e-07
-4.43292e-07
1.19574e-07
-1.58808e-06
9.31226e-07
6.56855e-07
7.10118e-07
-1.42405e-06
7.13936e-07
-1.24288e-06
-1.15177e-07
-1.32532e-06
1.31877e-06
6.5507e-09
-1.37692e-06
1.32743e-06
4.94805e-08
-1.09949e-07
1.4093e-06
-1.29935e-06
-1.36733e-06
3.42355e-08
-1.5187e-06
1.89483e-06
-1.39628e-07
-1.23261e-06
-1.42765e-06
1.3177e-06
-1.11875e-06
-1.02351e-07
1.2211e-06
-1.04299e-06
1.39436e-06
8.74797e-09
-9.514e-07
-2.55086e-07
2.83052e-07
-2.79661e-08
-1.27446e-08
5.18032e-08
-1.81139e-06
1.75959e-06
-1.00929e-06
-4.89155e-07
-1.41226e-06
1.38447e-06
2.7787e-08
-1.39067e-06
-2.15893e-08
-4.9895e-07
3.09938e-07
1.31331e-06
3.26146e-08
1.39699e-06
-2.26919e-07
1.39004e-06
-1.38915e-06
-8.84576e-10
-3.61907e-09
-1.28742e-06
1.29104e-06
1.4561e-06
-1.04172e-06
-1.74736e-08
1.43839e-06
8.16372e-07
-2.25476e-06
1.42414e-06
-1.42414e-06
2.22987e-07
1.29437e-06
-5.02736e-07
-8.91844e-07
-1.13685e-06
1.37035e-06
-2.33501e-07
-1.48795e-07
-1.22812e-06
1.31401e-06
-1.31763e-06
-1.25663e-06
1.96016e-08
1.23703e-06
2.42027e-07
-1.27584e-06
1.03382e-06
-1.32126e-06
1.30711e-06
1.41565e-08
8.4599e-07
6.10111e-07
-4.08973e-08
-2.14188e-07
-7.95427e-07
-7.92654e-07
-3.08884e-07
-1.41026e-06
1.43011e-07
-1.30565e-06
1.1829e-06
2.49115e-07
-1.09547e-06
-1.23305e-06
1.14304e-07
-1.25861e-06
7.28837e-07
1.4284e-06
-1.16085e-06
-2.67552e-07
2.43006e-07
1.14487e-06
-1.00427e-06
-4.76422e-07
-1.39515e-06
1.39515e-06
1.3975e-06
-1.34437e-06
-5.31283e-08
7.95122e-08
-1.32239e-06
-1.1171e-06
1.2628e-06
-1.45704e-07
-4.41091e-07
2.03225e-07
1.30129e-06
-1.30776e-06
6.46563e-09
1.36991e-06
1.45683e-08
1.38221e-06
1.52901e-08
2.0858e-06
-1.33131e-06
-3.60157e-08
-1.16797e-06
9.58937e-07
1.31109e-06
2.31059e-08
1.37837e-06
-1.37136e-06
-7.00579e-09
-1.23034e-08
-1.92488e-08
1.44907e-07
-1.18196e-06
1.03706e-06
-4.03271e-08
-1.81011e-06
4.33129e-07
9.61209e-08
-1.21322e-06
-1.31771e-06
1.29739e-06
2.03177e-08
1.31351e-06
-1.17152e-07
-6.10876e-07
-8.1538e-07
-1.84245e-06
1.36313e-07
-7.40108e-07
-2.18992e-07
6.16436e-09
1.35352e-06
-1.20554e-06
-1.2976e-06
-1.29948e-06
3.41236e-08
1.26536e-06
1.83351e-06
2.6139e-07
1.05733e-06
5.26598e-07
1.2798e-06
-5.6968e-07
1.33454e-06
-7.57187e-08
3.07144e-06
-2.25507e-06
-2.10005e-06
-6.74321e-07
-7.16661e-07
-1.73036e-08
1.42488e-06
-1.33503e-06
-8.98462e-08
1.35157e-06
3.0642e-08
1.56512e-07
-1.29336e-06
-9.5904e-07
1.10395e-06
1.30904e-06
1.177e-08
1.02121e-06
4.52514e-07
1.37363e-06
5.12428e-08
1.37277e-06
-1.35318e-06
-1.95917e-08
-6.20273e-07
-8.67452e-07
-6.19049e-08
1.26288e-06
2.32324e-08
-1.45485e-06
1.138e-06
-8.9597e-07
-1.97972e-08
2.8398e-08
1.11182e-06
-1.20637e-06
9.45526e-08
2.0464e-07
1.16571e-06
1.86036e-06
-1.80856e-06
6.48498e-07
8.17874e-07
-1.31374e-06
1.29933e-06
1.44058e-08
-3.00248e-08
-7.65435e-07
4.20912e-07
3.44523e-07
-1.40415e-08
1.426e-06
-1.426e-06
1.61655e-06
-9.39088e-07
-6.7746e-07
-1.17589e-06
-2.01345e-07
9.91798e-07
4.70588e-07
1.36615e-06
7.4783e-09
-1.28742e-06
1.27719e-06
8.33023e-09
-1.28552e-06
1.04448e-06
1.45485e-06
-1.44638e-06
3.65163e-08
1.69881e-06
-1.50732e-06
1.31323e-06
-1.39371e-06
1.30692e-06
-2.97296e-08
1.17872e-06
-1.27722e-06
1.27091e-06
6.31374e-09
5.82443e-08
1.02537e-06
-1.08362e-06
-1.15994e-06
9.58791e-07
-8.64555e-08
1.21152e-06
1.66446e-07
-1.20163e-08
-1.12392e-06
-1.9578e-07
-1.68642e-06
1.06615e-06
3.63421e-09
-1.28128e-06
-1.36304e-06
-6.46008e-08
1.82291e-06
-9.81978e-07
1.29791e-08
-2.37094e-07
1.44979e-06
-1.2127e-06
-6.18752e-07
-1.46683e-07
1.27172e-06
-1.28496e-06
1.3235e-08
-1.31323e-06
1.30506e-06
5.66264e-07
8.06578e-07
-1.37284e-06
1.36237e-06
-2.50549e-07
1.11001e-07
1.21468e-06
1.34109e-06
1.32089e-07
1.45733e-07
1.77985e-07
-1.42837e-06
3.13675e-08
-1.13195e-06
1.28846e-06
-6.56447e-07
7.9276e-07
1.21102e-07
-1.18932e-06
1.06822e-06
-1.01712e-08
2.2398e-08
-1.18586e-06
-1.35193e-06
1.32665e-06
2.52818e-08
-1.29427e-06
1.33422e-07
8.4708e-07
7.69468e-07
-7.27547e-07
1.49158e-06
-7.64028e-07
1.49841e-06
-1.39857e-06
-9.98385e-08
3.83393e-08
9.20452e-07
-1.28584e-06
-1.36388e-08
1.30507e-06
1.84821e-09
6.42278e-07
-2.21365e-07
1.66114e-06
-1.49452e-06
1.18263e-06
1.86158e-07
7.4271e-08
-1.32499e-06
2.01079e-07
1.9861e-08
-1.15181e-06
1.47891e-06
-1.19595e-06
1.205e-06
-7.31368e-08
-1.14749e-06
1.22063e-06
-1.2992e-06
1.35362e-06
-1.61916e-08
-1.96785e-06
1.59057e-07
-8.66955e-09
1.27421e-06
2.5123e-08
-1.20015e-06
-1.32104e-06
1.31583e-06
5.21165e-09
1.5832e-06
-9.21405e-07
-6.61799e-07
-1.10629e-06
-1.00188e-07
1.20648e-06
-2.68557e-09
-1.30189e-06
2.8165e-08
-1.42175e-07
1.39432e-06
-1.25214e-06
-1.27818e-06
1.28464e-06
-1.8563e-06
-2.70259e-07
-1.79443e-06
1.74911e-06
4.53181e-08
1.02076e-06
5.19551e-07
1.19638e-06
1.08515e-07
-1.30489e-06
1.27272e-06
-5.20859e-08
1.02287e-06
5.11773e-07
-9.09215e-07
2.90464e-07
-1.28866e-06
1.11718e-06
-1.2714e-06
-1.7282e-06
1.722e-06
6.20232e-09
1.55808e-06
-1.25048e-06
1.27468e-06
-3.77336e-09
7.88704e-08
-1.18893e-06
1.11006e-06
-1.92349e-08
-1.70897e-06
1.54416e-06
-1.54416e-06
-7.04168e-07
1.32469e-06
-6.20522e-07
-1.27476e-06
1.27476e-06
1.30455e-06
-1.15266e-06
-1.51892e-07
1.20672e-06
2.89097e-07
1.35815e-06
-1.11515e-06
1.34474e-06
-1.51333e-08
-1.0496e-06
-1.68831e-07
1.21843e-06
-1.70734e-06
1.71331e-06
-5.97225e-09
1.57878e-06
-9.50569e-07
-6.28214e-07
2.29878e-07
1.12828e-06
-1.72522e-06
1.71649e-06
8.72955e-09
-5.12133e-10
-1.28088e-08
1.70236e-06
-1.68955e-06
-1.7189e-06
1.7189e-06
-2.05147e-08
1.29224e-06
1.84574e-06
-1.71985e-06
-1.25897e-07
-1.72638e-06
1.71357e-06
1.72463e-06
-1.71594e-06
-8.68501e-09
-1.25649e-06
-2.84683e-08
1.47057e-06
-1.99087e-08
1.71343e-06
-1.69352e-06
1.71392e-06
-1.71719e-06
3.26435e-09
-1.2969e-06
1.70489e-06
-2.52709e-09
-1.31968e-06
1.30809e-06
1.1588e-08
-1.70459e-06
1.71089e-06
-6.29964e-09
1.30603e-06
-1.27191e-06
-1.7218e-06
1.70189e-06
1.32151e-06
-4.21246e-07
6.27593e-07
8.22197e-07
-9.52898e-07
-7.33524e-07
-1.71583e-06
1.71583e-06
-1.72373e-06
-2.64999e-09
1.59581e-06
-2.93818e-07
-1.30199e-06
-1.12164e-06
7.61417e-07
4.32069e-08
1.70768e-06
-1.71305e-06
5.37476e-09
1.25692e-06
-1.25672e-06
-2.03164e-10
1.7609e-06
-1.71502e-06
-4.58893e-08
1.69857e-06
9.1063e-09
1.6955e-06
1.79305e-08
-3.63511e-09
-1.27112e-06
-1.56722e-06
8.63763e-07
7.03458e-07
-1.26929e-06
1.27762e-06
1.70409e-06
-5.52344e-09
1.78685e-07
1.15586e-06
9.16079e-07
-3.49815e-07
-1.71939e-06
-2.4086e-09
1.40199e-06
8.31031e-07
-1.41735e-06
-2.17318e-07
-1.75053e-06
1.28131e-06
-1.28958e-06
8.26672e-09
-5.95748e-08
-1.73485e-06
1.33384e-06
-1.50647e-08
1.48104e-06
-1.01234e-06
-4.687e-07
-1.28319e-06
1.70676e-06
-1.70676e-06
1.22319e-06
1.78928e-08
-1.24109e-06
1.31602e-06
-1.71038e-06
1.7081e-06
2.28449e-09
1.69803e-06
-1.71464e-06
1.66143e-08
1.07566e-06
-1.42822e-06
-4.67975e-09
-1.6983e-06
1.70298e-06
1.69436e-06
-1.69904e-06
-5.60129e-08
1.80512e-06
-1.35293e-06
1.46822e-06
-1.53815e-06
1.06771e-06
-2.70238e-08
1.74903e-06
1.46726e-07
7.56188e-07
1.73697e-08
1.57844e-06
-4.51946e-09
1.36507e-06
-1.36055e-06
-1.18447e-08
-1.71442e-06
-1.07981e-08
1.40953e-06
-1.42086e-07
-1.26745e-06
-1.70304e-06
1.70304e-06
9.96615e-07
-8.574e-07
-1.71718e-06
1.7126e-06
4.57622e-09
1.3122e-06
-1.3122e-06
1.27612e-06
-1.91988e-08
1.70538e-06
-1.70813e-06
2.7537e-09
-1.64598e-06
4.49273e-07
5.49096e-10
-1.2672e-06
1.26665e-06
1.3739e-06
-1.15137e-08
1.70876e-06
1.58647e-08
1.03691e-06
1.76608e-07
-1.21351e-06
1.71417e-06
-9.28022e-09
1.334e-06
-1.334e-06
1.70331e-06
-1.69727e-06
-6.03669e-09
-1.30396e-06
1.29356e-06
1.03945e-08
1.71621e-06
-1.71105e-06
-5.16133e-09
-1.70594e-06
1.70594e-06
2.55801e-07
1.1957e-06
4.04473e-08
-1.23614e-06
-1.71732e-06
1.71278e-06
4.54436e-09
-6.55941e-09
-1.28706e-06
1.2797e-06
1.61043e-09
1.59554e-06
-2.99003e-07
-1.29653e-06
1.10305e-06
1.69897e-06
-1.7037e-06
4.73114e-09
1.31464e-06
1.40188e-06
1.97363e-08
1.20346e-06
1.74225e-06
-3.34896e-08
1.69323e-06
5.73878e-09
1.24718e-06
-1.24718e-06
-6.56447e-07
1.72302e-06
-1.70939e-06
-5.24979e-09
1.70866e-06
-1.70226e-06
-6.39343e-09
3.38776e-08
-1.74131e-06
1.70743e-06
1.7976e-07
-1.72392e-06
-1.7142e-06
1.71119e-06
3.00675e-09
1.23766e-06
-1.23706e-06
-5.99406e-10
1.30455e-06
-1.15113e-06
1.15113e-06
1.69674e-06
-3.50569e-09
-1.27221e-06
-1.18893e-06
1.19638e-06
1.32121e-06
-1.41053e-08
-3.93623e-09
1.35362e-07
-1.68502e-06
1.70827e-06
-1.70893e-06
6.66303e-10
3.98895e-08
1.19777e-06
4.00647e-08
1.36947e-06
1.28505e-06
-8.92926e-09
-1.71051e-06
1.70842e-06
2.0954e-09
1.69532e-06
-1.70032e-06
4.99518e-09
-1.70874e-06
-8.44469e-09
1.70426e-06
-1.69966e-06
-4.59549e-09
1.28747e-06
2.47387e-08
1.7051e-06
7.5015e-09
-2.24729e-09
1.70146e-06
6.96282e-09
-2.78059e-10
-1.26124e-06
-1.72739e-06
1.84245e-08
-1.27841e-06
1.27841e-06
1.72618e-08
1.57827e-06
-1.29908e-06
2.49486e-07
9.1761e-09
1.70475e-06
7.12751e-08
-1.23241e-06
1.16114e-06
1.22485e-08
1.70665e-06
1.62843e-06
-1.77586e-06
1.28768e-06
4.63161e-08
1.69436e-06
-1.29982e-08
1.20869e-06
-1.24234e-06
5.27907e-09
1.22482e-06
-1.87917e-07
-1.69861e-06
1.69861e-06
-1.70764e-06
-9.68562e-09
1.15266e-06
-1.19432e-06
4.16564e-08
-1.70665e-06
1.25673e-06
-1.25618e-06
1.70424e-06
8.53795e-09
-1.70494e-06
-1.51812e-06
1.05811e-06
-1.71248e-06
1.70958e-06
2.90101e-09
1.16233e-06
1.10389e-07
1.2672e-06
7.55561e-09
-1.693e-06
1.70481e-06
-1.18114e-08
-1.28884e-06
1.27769e-06
1.11415e-08
-1.6984e-06
5.40082e-09
1.28175e-06
-2.04934e-09
6.96374e-08
-1.32315e-06
1.25351e-06
1.6981e-06
-1.70575e-06
7.64983e-09
1.38172e-06
-1.44632e-06
1.69789e-06
-1.6977e-06
-1.86173e-10
-1.08282e-06
1.08282e-06
-1.33629e-06
1.33629e-06
-1.69591e-06
-2.49475e-09
-7.9276e-07
9.39486e-07
-1.70086e-06
1.69834e-06
2.52016e-09
1.35548e-08
1.70227e-06
1.06059e-06
-9.39486e-07
-1.06059e-06
1.11883e-06
1.12338e-06
-1.29221e-06
1.55653e-06
-9.20531e-07
-6.36003e-07
-1.70687e-06
-7.32157e-09
-2.45196e-07
-1.11883e-06
1.36403e-06
1.70468e-06
6.51386e-09
-1.29247e-06
1.19465e-06
1.70973e-06
-1.70624e-06
-3.49185e-09
-1.6995e-06
-1.28085e-06
1.2888e-06
-4.16153e-08
-4.62522e-09
1.70872e-06
1.70133e-06
-1.26665e-06
-1.74204e-06
-1.02352e-06
1.30489e-06
-2.81377e-07
-1.69207e-06
-6.22998e-09
1.69931e-06
2.15024e-09
9.90891e-07
-1.01325e-06
2.23544e-08
1.9822e-09
1.19432e-06
-1.24238e-06
4.80588e-08
7.88568e-07
7.94636e-07
-1.70612e-06
-6.36634e-09
-1.29393e-06
1.69184e-06
-1.69039e-06
-1.44655e-09
1.70401e-06
5.57004e-09
-1.70906e-06
1.70719e-06
1.87397e-09
1.30772e-06
1.28747e-06
-1.69623e-06
1.69242e-06
3.80509e-09
1.70819e-06
-1.70741e-06
-7.83249e-10
-1.27157e-06
1.28768e-06
1.69542e-06
-1.69542e-06
6.88939e-09
1.7096e-06
-1.07023e-06
-2.28856e-07
1.69888e-06
-7.76029e-10
-2.17465e-07
1.15991e-06
-9.42444e-07
1.69458e-06
-1.69312e-06
-1.46165e-09
5.24461e-09
1.70151e-06
1.69147e-06
-1.69302e-06
1.55795e-09
-1.71138e-06
-1.70514e-06
-1.02779e-06
1.52706e-09
1.70657e-06
-1.94555e-09
-1.70098e-06
1.70292e-06
-1.69551e-06
1.69177e-06
3.74558e-09
-1.70606e-06
-3.0006e-09
-1.29141e-06
-1.2483e-06
5.96118e-09
1.70426e-06
2.9282e-09
-1.69396e-06
1.69324e-06
7.20217e-10
-1.69511e-06
6.47989e-09
1.68863e-06
1.70557e-06
4.16468e-09
-1.70024e-06
-5.99985e-09
-1.24141e-06
-5.77515e-09
1.70474e-06
-1.70577e-06
1.02732e-09
1.695e-06
-1.69694e-06
-1.69813e-06
1.69577e-06
2.35599e-09
1.69387e-06
-1.6925e-06
-1.37073e-09
1.27745e-06
9.66296e-10
1.70528e-06
2.91642e-09
-1.70286e-06
-4.55282e-09
-1.70905e-06
1.2888e-06
-1.6948e-06
1.69138e-06
3.41845e-09
1.12515e-06
-1.19829e-06
-1.69001e-06
1.6964e-06
-6.38905e-09
1.69532e-06
-1.69788e-06
2.55958e-09
-4.28812e-09
-1.70437e-06
-1.68855e-09
-4.49657e-09
-1.50529e-06
1.0682e-06
-2.96073e-09
1.695e-06
-2.86161e-09
-1.8574e-09
-1.70585e-06
1.4763e-09
6.54272e-07
1.43246e-06
-2.08673e-06
-3.53217e-07
1.70471e-06
3.04814e-11
-1.70151e-06
3.22603e-09
1.69981e-06
-1.7025e-06
-3.27669e-09
-1.28181e-06
-1.70757e-06
1.71667e-09
6.12741e-09
1.69925e-06
-2.47145e-10
8.183e-09
-1.67875e-06
1.67057e-06
1.70711e-06
-1.70624e-06
-8.69584e-10
-1.30445e-06
2.34224e-07
1.70383e-06
-1.70085e-06
-2.98001e-09
-1.7049e-06
-1.26452e-06
-6.69846e-08
1.69352e-06
-1.69217e-06
-1.34918e-09
8.99144e-09
-1.68034e-06
1.67135e-06
-1.70668e-06
1.70346e-06
3.21779e-09
-1.29096e-06
1.27988e-06
1.10811e-08
1.45261e-09
-1.70664e-06
-9.28715e-10
-1.29937e-06
2.69485e-07
1.02988e-06
-1.70444e-06
-2.24146e-09
1.70652e-06
5.92481e-10
-1.7037e-06
-2.53931e-09
-6.9389e-09
-1.70675e-06
1.16166e-10
-1.2279e-06
-1.40545e-07
1.36845e-06
9.81372e-07
7.23984e-09
-1.69981e-06
1.28065e-06
-2.95408e-09
-1.69346e-06
1.69346e-06
-3.29293e-09
1.70571e-06
8.07603e-10
-1.36258e-09
2.70883e-09
2.78322e-09
1.70635e-06
-6.39158e-10
1.01316e-09
1.70591e-06
-1.70592e-06
2.39102e-12
1.23133e-06
-1.23133e-06
-1.70242e-06
1.6987e-06
3.7132e-09
1.69634e-06
-1.69461e-06
-1.72619e-09
-2.4442e-09
1.70529e-06
1.06122e-09
1.70536e-06
5.52483e-10
-6.28091e-10
1.70541e-06
1.70389e-06
-1.70481e-06
9.18795e-10
-1.72033e-06
-1.69842e-06
-3.9924e-09
1.31359e-06
-1.61993e-08
1.70236e-06
1.53741e-09
1.4174e-08
1.70366e-06
-1.70175e-06
-1.9095e-09
-1.21744e-06
1.21744e-06
9.72934e-09
1.69621e-06
-1.69315e-06
1.6959e-06
-2.74914e-09
1.70329e-06
3.71655e-10
9.74338e-09
1.2753e-06
1.70129e-06
-1.7006e-06
-6.88304e-10
-1.68779e-06
-5.36628e-09
1.69663e-06
-1.69801e-06
1.38079e-09
1.70016e-06
1.12731e-09
1.70327e-06
2.08996e-09
-1.67872e-08
-1.68419e-06
-2.41575e-09
-1.50167e-07
-1.14319e-06
1.69382e-06
-1.69547e-06
1.65095e-09
5.06457e-08
1.18069e-06
1.70109e-06
-1.69944e-06
-1.64237e-09
-1.54263e-09
-2.98671e-08
-1.4127e-06
1.44257e-06
-1.23214e-06
1.24635e-06
-1.42064e-08
-1.6858e-06
1.68637e-06
-5.62053e-10
1.69908e-06
2.00597e-09
-1.69397e-06
-1.05749e-06
1.71176e-06
1.69979e-06
-1.69732e-06
-2.47062e-09
-1.70138e-06
1.70142e-06
-3.74016e-11
1.69663e-06
-1.69511e-06
-1.52689e-09
-1.65567e-07
-1.45548e-06
1.62105e-06
1.698e-06
1.7908e-09
-1.68717e-06
1.3617e-09
1.70005e-06
-1.69788e-06
-2.16897e-09
1.27745e-06
-1.3071e-06
1.3071e-06
1.69941e-06
-1.69614e-06
-3.26698e-09
-3.34081e-09
1.70008e-06
-2.68248e-09
-1.27919e-06
1.69694e-06
2.46868e-09
-1.70121e-06
-3.22544e-09
-1.6845e-06
1.68542e-06
-9.19085e-10
1.70141e-06
9.51763e-10
2.92212e-08
1.68409e-06
-3.48682e-10
1.69993e-06
4.33197e-09
1.27433e-06
6.31291e-09
2.1139e-10
-1.68624e-06
1.73276e-09
1.298e-07
4.81472e-09
5.45918e-08
1.69507e-06
-1.69665e-06
1.57907e-09
-1.68271e-06
1.6847e-06
-1.98996e-09
3.11594e-08
-1.27664e-06
1.24548e-06
2.28005e-07
-1.32836e-06
1.10035e-06
4.82157e-07
1.20529e-06
-1.20529e-06
1.69382e-06
-1.69382e-06
-1.38797e-06
7.7475e-10
-1.697e-06
1.30019e-06
1.69942e-06
3.87349e-09
-3.19348e-07
-5.96021e-07
9.15369e-07
-1.68523e-06
2.52023e-09
-1.68598e-06
-5.53268e-08
7.20476e-07
-1.1881e-06
4.67621e-07
-1.18088e-09
1.16476e-08
1.68476e-06
3.11344e-09
1.27863e-06
-1.70195e-06
3.60613e-09
1.695e-06
1.08133e-06
-1.3196e-06
2.38268e-07
1.10025e-06
-3.79774e-07
-2.13818e-09
-1.69338e-06
1.70227e-06
-1.69063e-06
-1.69725e-06
-1.68049e-06
1.67887e-06
1.61742e-09
4.12905e-10
1.69793e-06
1.69203e-06
1.78169e-09
1.54615e-06
-1.02688e-06
-5.19274e-07
-4.78569e-09
1.29247e-06
1.69743e-06
2.73322e-09
1.54616e-06
-1.71173e-06
1.16524e-08
1.68469e-06
-2.01383e-09
-1.69279e-06
-1.68252e-06
2.03641e-09
-1.23511e-06
2.97235e-09
1.29862e-06
-1.04139e-06
-2.57233e-07
1.68899e-06
-1.68911e-06
1.23459e-10
-2.01666e-09
4.87304e-07
-6.85072e-07
-6.41216e-07
1.32629e-06
1.69222e-06
-1.6948e-06
2.57994e-09
1.34224e-06
-1.32435e-06
-3.94441e-09
1.29141e-06
-1.10852e-06
7.89175e-07
1.69048e-06
-1.69215e-06
1.67904e-09
1.70028e-06
-1.68863e-06
-1.27449e-06
4.31611e-08
-1.27895e-06
1.27668e-06
2.27691e-09
1.24238e-06
-1.27224e-06
2.73918e-08
1.68349e-06
-1.29225e-06
1.25025e-06
-4.5597e-08
1.69756e-06
-1.6955e-06
-2.06114e-09
1.32104e-06
-1.26318e-06
-5.78648e-08
1.69203e-06
-1.03027e-09
-1.69293e-06
-1.25215e-06
3.85157e-09
1.57351e-07
9.61086e-07
-1.11844e-06
-1.67833e-06
1.67649e-06
1.84705e-09
1.68929e-06
6.03258e-09
-1.0693e-06
-2.22912e-07
1.24896e-08
1.68414e-06
1.69463e-06
-1.69867e-06
4.039e-09
1.69261e-06
-3.1062e-09
-1.68728e-06
-1.31797e-06
-2.23118e-07
1.6955e-06
3.57732e-09
1.80413e-06
-3.71674e-07
-1.05138e-08
1.69397e-06
-1.68346e-06
1.69305e-06
1.58096e-09
-1.6808e-06
2.46672e-09
-1.68537e-06
-1.23316e-08
-3.18916e-09
1.67122e-06
-1.66803e-06
2.22392e-09
1.69319e-06
1.70052e-06
-1.68803e-06
-1.695e-06
-5.13432e-09
1.29393e-06
-1.82111e-09
1.28211e-06
-6.46812e-08
-1.21743e-06
1.75723e-08
1.26454e-06
-1.67365e-06
1.67047e-06
-1.6947e-06
-3.72112e-09
1.07584e-06
2.22784e-07
-6.13296e-09
1.31091e-06
-1.30478e-06
-1.08506e-06
-9.08028e-07
1.06538e-06
-1.41493e-06
1.7678e-07
1.23815e-06
1.69245e-06
1.31428e-09
-1.69444e-06
1.70802e-08
1.68519e-06
1.68995e-06
-1.69021e-06
2.6442e-10
1.69364e-06
-1.68857e-06
-5.07041e-09
-1.6959e-06
1.19849e-09
-2.50384e-09
-1.28021e-06
1.28271e-06
2.70645e-10
1.6955e-06
-1.17564e-06
3.44622e-07
-1.69377e-06
1.69277e-06
9.92478e-10
-1.67597e-06
1.67394e-06
2.03679e-09
1.6358e-08
1.38101e-06
-1.34057e-06
1.01611e-06
-2.52233e-08
-9.0026e-09
1.69493e-06
-1.68593e-06
-1.51008e-06
8.2501e-07
1.69186e-06
1.49959e-09
-1.694e-06
1.69356e-06
4.44291e-09
-1.58223e-06
1.49663e-08
1.56726e-06
2.71973e-09
-1.67869e-06
1.6903e-06
-1.68853e-06
-1.77402e-09
-5.39075e-08
1.70058e-06
-1.64667e-06
-2.582e-09
-3.48653e-07
1.59171e-06
-1.24306e-06
-1.27449e-06
-1.40081e-06
1.69136e-06
-8.83686e-10
1.50825e-08
1.6852e-06
1.65033e-06
1.7077e-06
-1.70708e-06
-6.26489e-10
1.03645e-09
-1.28427e-06
1.28324e-06
-1.69237e-06
1.69122e-06
1.15832e-09
3.46187e-08
-1.27603e-06
1.24141e-06
1.69459e-06
-1.69394e-06
-6.53565e-10
-1.31227e-06
1.30614e-06
1.68963e-06
-1.68831e-06
-1.3173e-09
4.76487e-09
1.68888e-06
-2.10573e-08
1.69858e-06
-1.69335e-06
1.50808e-08
-1.24788e-06
1.69337e-06
-1.69306e-06
-3.10703e-10
1.69249e-06
9.84509e-10
-1.69316e-06
1.6838e-06
3.52837e-09
-1.68733e-06
4.1126e-10
1.69357e-06
-1.6888e-06
-4.29336e-09
-1.28282e-06
1.28711e-06
9.10496e-07
-1.33871e-06
4.28216e-07
-2.81502e-07
-1.30073e-06
-1.24587e-06
-2.77601e-07
-1.09159e-06
-1.69151e-06
9.91076e-09
1.6816e-06
-1.29047e-06
1.28282e-06
7.64912e-09
-3.91922e-07
-1.0363e-06
-1.69052e-06
1.51007e-06
-1.68706e-06
1.69007e-06
-3.01134e-09
-1.40867e-06
1.39131e-07
1.26954e-06
1.34924e-06
-1.03601e-06
-3.13234e-07
-1.69307e-06
3.45235e-09
1.68962e-06
1.28501e-06
-1.26857e-06
3.59669e-09
1.6867e-06
-1.69319e-06
1.74643e-09
1.69172e-06
1.69137e-06
5.57064e-09
-2.92391e-10
-1.69273e-06
-5.63193e-09
-1.68813e-06
-1.68878e-06
1.28389e-06
-1.26893e-06
-7.29686e-09
3.62156e-07
1.11888e-06
-1.15428e-06
1.15428e-06
1.48716e-08
1.68564e-06
-1.91923e-06
-1.56235e-06
1.56339e-06
1.69374e-06
1.28251e-06
-1.27258e-06
-1.69123e-06
1.6856e-06
-1.42986e-06
1.46448e-06
1.68999e-06
-1.6885e-06
-1.48459e-09
2.10002e-09
1.69172e-06
-1.71153e-06
1.28786e-06
-1.29215e-06
-1.69067e-06
2.88854e-09
6.37948e-07
1.69486e-06
-1.6928e-06
-2.05814e-09
-1.69372e-06
1.69008e-06
-1.68867e-06
-1.40842e-09
-1.68983e-06
-1.68277e-09
1.68611e-06
-1.68093e-06
-1.29224e-06
1.55545e-06
1.68861e-06
-1.68808e-06
-5.31709e-10
-2.99903e-09
1.6868e-06
-1.29047e-06
1.11902e-06
-1.21185e-06
9.28354e-08
-2.0834e-06
2.0834e-06
1.69295e-06
1.69327e-06
-4.3072e-09
2.89387e-09
-1.6926e-06
1.69872e-06
-6.11717e-09
1.68956e-06
-1.68814e-06
-1.42506e-09
-1.40199e-06
1.335e-06
5.32891e-09
1.68864e-06
-1.69301e-06
4.62312e-09
1.68839e-06
-1.68797e-06
1.6916e-06
-1.68934e-06
-1.29641e-06
-1.69161e-06
5.72889e-09
1.68588e-06
-1.29797e-06
-3.72416e-09
1.26715e-06
-1.27633e-06
9.17892e-09
1.68734e-06
-1.68876e-06
1.41902e-09
3.2034e-08
-1.6916e-06
1.68876e-06
2.83845e-09
1.69092e-06
-1.24009e-06
-1.2317e-06
-2.04512e-08
1.6927e-06
-1.6927e-06
-8.65759e-09
1.2861e-06
-1.69172e-06
1.68925e-06
-1.68782e-06
-1.42476e-09
1.69237e-06
-9.51994e-09
-1.69014e-06
-1.25875e-06
-1.53953e-07
-1.29342e-06
1.01028e-06
-1.12892e-06
1.18634e-07
-2.5212e-07
-1.0926e-06
1.34472e-06
1.68607e-06
-1.68157e-06
1.09712e-06
-1.27664e-06
-3.71601e-09
-1.68936e-06
1.69017e-06
-1.68877e-06
-1.40495e-09
1.2987e-06
-1.30556e-06
-3.56536e-07
-2.36421e-07
5.92957e-07
-1.34656e-06
1.35734e-06
1.30368e-06
-1.2861e-06
-5.09611e-09
-1.26418e-06
1.26927e-06
-6.77309e-09
-1.2543e-06
1.26107e-06
4.32055e-09
-1.31685e-06
1.31253e-06
1.21203e-08
-1.3216e-06
1.30947e-06
6.35853e-09
-1.29405e-06
1.28769e-06
-2.15051e-09
-1.26713e-06
1.26929e-06
-1.87926e-09
-1.26624e-06
1.26812e-06
7.60796e-07
-5.12693e-07
-2.48103e-07
1.12338e-06
8.4176e-09
1.68652e-06
1.23653e-06
-1.24507e-06
8.5391e-09
3.97275e-09
-1.68948e-06
1.68551e-06
1.69392e-06
-1.69392e-06
1.67148e-06
-1.44923e-10
-1.67133e-06
-5.78362e-09
-1.68544e-06
1.68912e-06
-1.68764e-06
-1.48178e-09
-1.04988e-06
-1.37835e-06
-3.03211e-08
1.1078e-06
2.13248e-07
1.69261e-06
-1.69021e-06
-2.39536e-09
-1.28839e-06
1.34047e-06
5.67163e-09
1.6879e-06
-9.29321e-07
-5.80762e-07
1.32315e-08
1.2118e-06
-1.22503e-06
-8.65746e-07
-1.47499e-07
-2.90424e-07
-1.78634e-07
4.69058e-07
1.27233e-06
1.27253e-06
1.32787e-06
1.32814e-06
1.31896e-06
1.30095e-06
-6.02067e-09
-1.27495e-06
1.28097e-06
1.27624e-06
-1.90398e-09
-5.00591e-07
1.68968e-06
-1.6857e-06
-4.21303e-08
1.35983e-06
-1.69451e-06
-1.15631e-06
1.43246e-06
1.66958e-06
9.73973e-10
-1.67055e-06
1.69616e-06
-3.46183e-09
-1.69249e-06
6.16345e-09
1.68633e-06
-1.2758e-06
-1.28021e-06
1.27997e-06
-1.28599e-06
-1.16461e-06
1.40551e-06
-2.40898e-07
-3.05243e-09
-1.68856e-06
8.82714e-07
-1.10018e-06
2.78483e-09
-1.69131e-06
-1.68928e-06
-4.49186e-07
-6.59337e-07
-1.68628e-06
-3.20932e-09
1.2951e-06
4.04261e-07
9.88041e-07
1.68746e-06
-1.68616e-06
-1.30657e-09
1.28529e-06
-8.5016e-07
-4.35125e-07
-6.12711e-07
3.22287e-07
-7.10758e-07
1.53577e-06
-6.15596e-07
1.27908e-06
-6.63481e-07
6.56754e-10
1.69156e-06
-1.67993e-06
1.68864e-06
-1.68963e-06
9.83284e-10
-9.56197e-07
4.07157e-07
5.4904e-07
-5.56203e-09
-1.27463e-06
1.28019e-06
1.76825e-06
-7.81138e-07
-9.87109e-07
1.16679e-09
1.67031e-06
-3.67967e-07
-5.88229e-07
-1.2343e-06
1.24753e-06
1.0539e-06
6.94722e-08
-1.2285e-06
-2.51843e-09
-1.27598e-06
1.2785e-06
1.31698e-06
-1.27709e-06
-7.83453e-07
-2.98238e-07
1.08169e-06
-1.68612e-06
1.68661e-06
-4.95688e-10
-1.24529e-06
1.26037e-06
1.68787e-06
-1.68898e-06
-1.12828e-06
-2.59955e-08
-1.70058e-06
1.69419e-06
-8.80661e-07
1.26481e-09
1.6888e-06
1.47226e-06
-8.13621e-07
-6.58639e-07
1.24478e-06
-2.34499e-07
1.39351e-06
-1.81712e-07
1.27819e-06
-1.28375e-06
1.68568e-06
-1.68569e-06
1.51138e-11
1.27894e-06
-1.28146e-06
1.55018e-09
-1.68475e-06
1.6832e-06
-7.10282e-07
-1.70378e-07
4.95978e-09
-1.2972e-06
-1.68957e-06
2.40022e-09
1.12828e-06
-1.19423e-06
6.59501e-08
-1.82586e-07
1.38036e-06
-5.65036e-09
-1.2531e-06
1.27183e-06
1.20619e-08
1.68751e-06
-1.68642e-06
-1.08501e-09
2.06501e-09
1.68997e-06
8.56665e-07
-1.27639e-06
1.28135e-06
8.29891e-07
-4.89043e-09
-1.6876e-06
-6.4407e-07
-4.93462e-07
1.13753e-06
-1.2206e-06
-1.11011e-08
1.1476e-06
-1.03466e-06
-1.12937e-07
-2.31598e-07
1.33858e-06
-1.10699e-06
1.68861e-06
-1.6873e-06
-1.30897e-09
2.27027e-09
1.68772e-06
1.0928e-08
1.28645e-06
-1.29737e-06
1.10448e-09
-1.68961e-06
-1.26374e-06
1.2676e-06
1.68799e-06
-1.68987e-06
1.87338e-09
1.69616e-06
-7.24625e-09
-1.17815e-06
-5.15903e-08
1.22974e-06
-1.69962e-06
-6.992e-10
1.54784e-08
-1.29443e-06
-1.73113e-06
1.68729e-06
-1.68574e-06
-1.08203e-06
2.33644e-09
-4.14403e-09
-1.68669e-06
1.68758e-06
1.98101e-09
-1.76099e-06
2.57535e-10
-1.6884e-06
-7.50115e-08
-9.48697e-07
3.52676e-07
-1.69208e-06
1.69208e-06
-1.06615e-06
1.30272e-06
-2.36568e-07
1.69529e-06
-1.0116e-06
1.26134e-06
-2.49738e-07
-1.09074e-06
1.32033e-06
-2.29587e-07
-1.26643e-06
-1.88449e-08
1.30529e-06
-1.28645e-06
-1.09869e-06
1.06914e-06
-2.79964e-07
1.68983e-06
-1.69205e-06
2.22645e-09
1.68955e-06
-1.69178e-06
2.22606e-09
1.68839e-06
-1.69079e-06
2.39258e-09
-1.86629e-09
-1.68973e-06
-1.0154e-06
1.28192e-06
-2.66526e-07
1.68892e-06
-1.68761e-06
-1.30765e-09
1.68836e-06
2.37831e-07
-1.35298e-06
1.68744e-06
1.80646e-09
-1.6882e-06
3.80025e-10
3.98183e-07
1.68814e-06
-1.68957e-06
1.4217e-09
3.51413e-08
1.26853e-06
-1.30368e-06
-1.23985e-06
-5.43778e-09
1.24529e-06
-1.69179e-06
-1.6881e-06
1.68593e-06
2.16682e-09
1.28625e-06
-1.27077e-06
-1.6894e-06
1.68729e-06
2.11051e-09
-1.2506e-06
1.19862e-06
5.19783e-08
-1.68961e-06
1.68756e-06
2.05014e-09
1.69224e-06
-1.6902e-06
-2.04101e-09
-1.26593e-06
1.27686e-06
-1.36316e-06
-7.36303e-07
-1.38791e-06
-2.88892e-07
1.39462e-06
-1.10573e-06
1.68591e-06
-4.7936e-09
-1.68351e-06
-1.27603e-06
1.27027e-09
-1.6901e-06
1.68883e-06
-1.34601e-06
1.28133e-06
2.72808e-09
1.69064e-06
1.68704e-06
2.08208e-09
-1.68806e-06
4.22969e-10
-1.33262e-07
-4.79449e-07
-1.29106e-06
1.27221e-06
-1.34355e-06
2.3215e-07
1.1114e-06
-4.51571e-07
-4.97126e-07
-1.28427e-06
1.33879e-06
2.07356e-07
3.87947e-10
1.68649e-06
-1.68688e-06
1.27224e-06
-1.27789e-06
-1.691e-06
1.69936e-06
-1.69436e-06
-4.23074e-07
-3.56001e-07
7.79074e-07
-1.20416e-06
-4.37249e-08
-1.70005e-06
2.78109e-09
-4.56043e-08
-1.2769e-06
1.27463e-06
2.26755e-09
1.3968e-06
-1.32267e-07
1.6891e-06
-1.68753e-06
-1.56214e-09
1.68684e-06
6.1851e-10
-1.68784e-06
1.68269e-09
1.68813e-06
-1.68868e-06
5.51992e-10
-1.22002e-09
1.10626e-09
-1.69547e-06
-1.24753e-06
-2.69641e-08
4.88002e-08
-1.38732e-06
-8.888e-09
1.69456e-06
-1.71046e-06
-4.9304e-10
-1.68425e-06
-1.38172e-06
1.33959e-06
4.78912e-10
1.23605e-06
-1.27716e-06
1.27598e-06
1.18326e-09
-1.10017e-06
-2.28186e-07
1.29132e-06
1.21382e-06
-1.26541e-06
1.68754e-06
-1.68723e-06
-1.30632e-06
1.27704e-06
-1.13365e-06
-5.97479e-07
1.68703e-06
-1.12918e-09
-1.68755e-06
1.54616e-06
-1.28951e-06
1.70344e-07
1.11917e-06
2.65863e-07
-1.29274e-06
2.03393e-07
1.63903e-08
2.19376e-07
-1.34055e-06
1.12118e-06
2.57862e-07
-1.57747e-06
1.31961e-06
1.68713e-06
1.47306e-09
-1.62546e-09
-1.68748e-06
2.09621e-07
-1.32334e-06
1.11372e-06
-1.68778e-06
4.8017e-10
1.70557e-08
1.25962e-06
-1.43092e-06
-1.41622e-06
1.95623e-07
-1.17075e-06
1.27495e-06
-1.27906e-06
4.1081e-09
-5.47336e-09
-1.68668e-06
5.96065e-09
1.68372e-06
-9.84376e-07
-9.42488e-07
1.2822e-06
-1.2822e-06
-1.23985e-06
-1.2096e-06
-1.28839e-06
-1.67885e-06
-3.88915e-09
1.68274e-06
-1.17368e-06
-1.18567e-07
2.39909e-07
1.10858e-06
-1.34849e-06
2.5347e-07
1.05494e-06
-1.30841e-06
2.30741e-07
-1.3733e-06
1.14256e-06
1.23475e-06
1.34002e-06
-1.10219e-06
1.335e-06
1.40295e-06
-1.2344e-06
1.2427e-06
-1.2883e-06
1.68886e-06
-1.68752e-06
-1.34505e-09
-1.63546e-06
-1.27753e-06
1.68688e-06
2.04117e-09
-1.6878e-06
1.89217e-10
1.68682e-06
-7.50626e-08
1.68724e-06
-1.68896e-06
1.71857e-09
1.69013e-06
-1.68309e-06
2.80518e-08
-1.04722e-06
1.01917e-06
8.11461e-10
1.29789e-06
1.14493e-08
1.3915e-06
1.43194e-06
-1.21858e-06
-1.02274e-06
-2.66769e-07
8.58457e-08
1.15893e-06
-1.30726e-06
-1.68842e-06
1.68844e-06
-1.86454e-11
1.31227e-06
-1.33959e-06
2.73216e-08
-1.33733e-06
2.37157e-07
-1.8292e-06
2.5541e-07
1.57379e-06
1.68917e-06
7.99133e-07
1.11363e-06
1.69045e-06
-1.69045e-06
-5.89639e-07
1.9966e-09
1.26853e-06
-1.29295e-06
5.39317e-09
1.28756e-06
-1.68774e-06
-1.68997e-06
1.68687e-06
2.22518e-09
-1.68757e-06
3.30681e-11
1.68528e-06
-6.55879e-11
-1.6887e-06
-1.31787e-06
1.15412e-08
1.31527e-06
-1.10565e-06
-1.00852e-06
1.23757e-06
-1.692e-06
1.37084e-06
-1.10498e-06
1.32072e-06
-1.10135e-06
1.35919e-06
-1.10133e-06
-1.93234e-09
1.68792e-06
-1.6947e-06
1.28917e-06
-1.27211e-06
-1.24072e-06
1.2412e-06
-1.68412e-06
-8.06719e-10
1.68493e-06
2.79589e-07
1.2838e-06
-3.51999e-09
-1.68669e-06
2.26428e-08
1.25987e-06
-8.11418e-07
6.23459e-07
1.87959e-07
-1.2769e-06
1.3286e-06
-1.0887e-06
1.33777e-06
-1.0843e-06
1.33807e-06
-1.10733e-06
1.28085e-06
1.50213e-08
-1.43125e-06
1.71173e-06
-1.63968e-06
-1.89522e-07
1.28313e-06
-1.28313e-06
1.13326e-06
-1.72171e-07
-7.86121e-07
6.15743e-07
1.11343e-06
2.25157e-07
1.68719e-06
1.67241e-09
1.70379e-06
-1.69215e-06
-1.16359e-08
-1.68769e-06
1.67263e-10
-1.68894e-06
1.68666e-06
-1.68804e-06
1.37874e-09
-1.2798e-06
1.56206e-08
-1.27882e-06
2.45177e-08
-1.28089e-06
-3.59609e-08
-1.27077e-06
-5.08206e-08
-1.31943e-06
2.53783e-08
-1.30001e-06
3.28751e-08
-1.29641e-06
3.01699e-08
-2.32126e-09
1.6861e-06
-1.68377e-06
-1.68895e-06
2.71652e-09
-3.65292e-09
1.69981e-06
1.68684e-06
-1.68887e-06
2.03195e-09
-1.5378e-06
2.91924e-07
-4.39828e-09
1.08059e-06
4.37766e-08
-1.35569e-06
1.31191e-06
-1.47205e-06
9.37e-08
1.68975e-06
-1.68836e-06
-1.14187e-06
1.21135e-06
9.44497e-10
-1.68937e-06
1.68483e-06
2.46069e-09
1.27993e-06
-1.27993e-06
-1.2343e-06
7.83618e-07
1.13178e-06
3.65897e-10
-1.68606e-06
-1.27716e-06
-7.63164e-09
-8.23916e-07
3.05594e-06
-2.23202e-06
-1.0002e-06
-1.23227e-06
2.23246e-06
-1.68586e-06
1.68585e-06
3.93182e-12
1.284e-06
-1.28318e-06
1.24494e-06
-1.23349e-06
-1.2785e-06
1.27877e-06
-2.68703e-10
1.17713e-06
-1.14908e-06
4.34451e-07
-4.15953e-07
-1.84984e-08
-1.38191e-06
1.09329e-07
-2.35756e-07
1.25933e-06
-1.11725e-07
5.31429e-11
-1.4721e-06
1.68564e-06
4.41915e-10
-1.68686e-06
1.3008e-06
1.31858e-06
1.27909e-06
-9.10368e-07
7.9453e-07
-1.16193e-06
1.68825e-06
-1.68759e-06
-2.36134e-07
-1.1012e-06
-4.25272e-09
-1.73535e-06
1.99076e-06
1.07244e-06
2.34933e-07
-1.30737e-06
-2.18707e-06
1.68973e-06
1.27791e-06
-1.24285e-06
-1.68473e-06
-1.68615e-06
1.68836e-06
-2.20821e-09
1.34047e-06
1.19196e-06
-1.21718e-06
-1.09661e-06
1.2877e-06
-1.91089e-07
-7.29268e-09
1.67687e-06
1.68657e-06
-1.68793e-06
1.35539e-09
-3.41347e-09
-1.37823e-06
1.38145e-07
-1.26898e-06
-7.35002e-09
-8.0567e-10
-6.7756e-10
-6.18675e-10
-6.20765e-10
-8.02084e-10
-9.32464e-10
-6.69492e-10
-6.87874e-10
-8.14749e-10
1.33583e-09
1.69399e-06
9.79903e-09
-1.30994e-06
1.65213e-08
-1.27906e-06
1.26541e-06
-1.29837e-06
-1.68792e-06
1.68753e-06
-4.03984e-09
1.6873e-06
1.17279e-06
2.21831e-07
-3.0733e-08
1.32378e-06
-9.94483e-07
-1.30614e-06
1.56691e-08
2.66642e-07
-1.5962e-06
1.86941e-07
-1.11277e-06
9.25825e-07
1.96159e-07
-1.30447e-06
1.10832e-06
1.87543e-07
-1.26096e-06
1.07342e-06
3.17373e-07
-1.51752e-06
1.55537e-07
-1.19272e-06
1.03719e-06
4.84776e-07
-1.35223e-06
7.1056e-09
-1.29938e-06
2.33229e-07
-3.62324e-10
1.69019e-06
-1.25083e-06
2.39224e-07
-4.82034e-10
1.69004e-06
-1.68803e-06
-1.31974e-06
2.29001e-07
-1.68825e-06
5.67202e-10
1.68783e-06
-1.68737e-06
2.32097e-07
-1.3247e-06
-1.26872e-06
-1.26842e-06
-1.2693e-06
-1.26556e-06
-1.29415e-06
-1.2937e-06
-1.28201e-06
1.45675e-06
-1.02853e-06
1.68852e-06
-1.68759e-06
1.27696e-06
3.31852e-07
-1.37485e-06
1.24263e-06
-1.24703e-06
-1.68464e-06
-2.72347e-07
1.26414e-06
-2.69765e-07
1.40512e-06
-1.42787e-08
-1.65857e-08
-2.03084e-08
-2.23241e-08
4.12009e-08
-1.36143e-06
3.65803e-08
-1.36127e-06
5.22909e-08
-1.38306e-06
-1.68368e-06
-1.68345e-06
7.11532e-11
1.68586e-06
1.78457e-09
1.68551e-06
-1.11091e-06
-1.28667e-06
7.48231e-09
-1.30238e-06
2.15233e-08
-1.30783e-06
2.07637e-08
-1.30555e-06
2.23582e-08
-1.31373e-06
1.6831e-08
-1.30891e-06
2.02512e-08
-1.31191e-06
1.27124e-08
1.28986e-06
3.40262e-08
-1.32389e-06
1.68587e-06
-1.68727e-06
2.95839e-09
1.6846e-06
-4.55901e-08
1.86112e-10
-1.30574e-06
-1.25504e-06
-1.6874e-06
1.25039e-09
1.6863e-06
2.05649e-09
4.2321e-09
1.28074e-06
-1.28497e-06
4.56355e-08
-4.47077e-08
1.24333e-06
1.5562e-06
-7.51893e-10
-1.24031e-06
-4.76118e-09
-1.25845e-06
-1.89918e-08
1.27744e-06
1.43139e-06
-2.58837e-08
1.6853e-06
-1.68978e-06
4.47646e-09
2.55818e-07
-9.70315e-07
-2.62099e-07
-1.33274e-06
-1.33924e-06
2.35101e-07
-1.2479e-06
2.32505e-07
7.98111e-07
1.80793e-07
-1.44383e-06
-4.34301e-09
1.08634e-06
2.42187e-07
-1.32852e-06
-1.33341e-06
1.81407e-07
1.152e-06
1.06987e-06
2.32854e-07
1.10322e-06
2.34845e-07
1.1052e-06
2.32576e-07
1.02318e-06
2.38161e-07
1.09529e-06
2.33314e-07
1.0927e-06
2.27634e-07
1.08466e-06
2.30608e-07
2.32525e-07
-1.33817e-06
-1.68918e-06
-9.19501e-10
-1.69006e-06
-2.53848e-09
-1.278e-06
1.99251e-07
1.07875e-06
-1.07817e-06
-1.03737e-06
2.11554e-06
1.68781e-06
-1.50829e-09
-1.7503e-09
-1.68633e-06
1.6877e-06
-1.69844e-06
2.18519e-08
1.67659e-06
-1.05951e-06
-1.54005e-07
1.68855e-06
-1.68688e-06
1.22892e-07
-1.85824e-06
1.05605e-06
2.25869e-07
1.26716e-06
1.19722e-06
1.94288e-07
1.32156e-06
-2.08134e-07
3.94814e-08
-1.20834e-06
1.16885e-06
-1.2922e-06
2.0171e-07
-1.31879e-06
1.11708e-06
-1.71746e-08
1.28423e-06
-2.31512e-08
1.27633e-06
3.61975e-08
1.27666e-06
3.28164e-08
1.25962e-06
2.80716e-08
1.29876e-06
-2.9477e-08
1.29688e-06
-2.87573e-08
1.28605e-06
3.1187e-09
1.24845e-06
-2.10283e-09
-1.27808e-06
9.10003e-09
1.41381e-08
1.69105e-06
-1.68995e-06
-1.27626e-06
1.03284e-08
7.30968e-09
1.08264e-06
-1.3052e-06
2.22568e-07
-1.11956e-06
1.2382e-06
-2.56801e-09
-1.49418e-06
2.01227e-07
1.19288e-06
1.72187e-07
1.68615e-06
-1.68754e-06
1.39258e-09
-1.6872e-06
1.6872e-06
1.32566e-06
-2.53225e-07
-1.29171e-06
2.29926e-08
-1.29785e-06
2.94273e-08
-1.29742e-06
2.81242e-08
-1.28198e-06
1.64146e-08
-1.31559e-06
2.14475e-08
-1.31713e-06
2.34353e-08
-1.29876e-06
1.67557e-08
-1.28248e-06
1.17032e-08
-3.30304e-09
-1.69217e-06
7.06094e-09
1.68581e-06
1.99836e-09
-1.69581e-06
1.25681e-06
-1.23043e-06
9.50466e-07
-2.35084e-07
1.26654e-06
1.03221e-08
-1.1568e-06
1.10795e-06
-1.25545e-06
1.68849e-06
1.17721e-06
-9.66206e-08
8.41134e-07
-1.14465e-06
-1.22608e-06
1.94554e-06
-1.82265e-06
1.10349e-06
-1.32879e-06
2.253e-07
-1.32173e-06
2.33032e-07
1.68112e-06
-1.68841e-06
-1.3172e-06
2.32903e-07
-1.34337e-06
2.36044e-07
1.09721e-06
2.24356e-07
1.12831e-06
2.30888e-07
1.09013e-06
2.30596e-07
1.13601e-06
2.34826e-07
1.09831e-06
2.46416e-07
-1.86995e-06
1.68892e-06
-1.68688e-06
-1.65268e-07
1.28386e-06
1.68717e-06
-1.68753e-06
-5.49215e-07
3.09759e-09
-3.1221e-07
1.886e-06
1.68501e-06
-1.68696e-06
1.94903e-09
-9.202e-07
5.31291e-07
-1.19345e-06
-8.35449e-07
-2.86754e-08
1.71249e-06
2.37948e-07
-1.33914e-06
4.59518e-07
6.78014e-07
1.32038e-06
-1.2539e-06
-1.68518e-06
1.68286e-06
1.68714e-06
-1.68742e-06
-4.42631e-09
-1.6905e-06
1.68928e-06
-1.30263e-06
1.68604e-06
-1.0301e-09
-2.06022e-07
-6.61967e-07
-9.34234e-07
1.23265e-06
-1.29456e-06
-1.14613e-09
-1.20133e-06
1.68723e-06
-1.68291e-06
-1.27639e-06
9.92882e-07
9.03557e-07
-1.2427e-06
1.19799e-06
1.2806e-06
-1.28135e-06
1.19998e-06
-1.19799e-06
-1.98727e-09
-1.24548e-06
1.24072e-06
1.22221e-06
-1.2412e-06
1.283e-06
-1.27877e-06
-1.18786e-06
1.23349e-06
-1.283e-06
1.28318e-06
-1.24165e-06
1.14908e-06
9.25721e-08
-1.26354e-06
-1.67706e-07
1.68574e-06
-1.68707e-06
1.33735e-09
1.10286e-06
2.37158e-07
3.38073e-09
-1.56004e-07
6.9255e-07
1.68882e-06
-1.68686e-06
-1.95253e-09
2.08118e-09
-1.69214e-06
-5.52764e-10
1.68994e-06
-1.68938e-06
1.68582e-06
-1.2503e-06
-1.46462e-06
1.46468e-06
-1.68921e-06
3.84059e-09
-1.34443e-06
3.03046e-07
1.29979e-06
-1.32024e-06
1.68701e-06
1.71551e-06
-1.67843e-06
-3.7072e-08
1.68676e-06
-1.68645e-06
-1.39034e-06
-1.03837e-07
-1.69175e-06
-1.22432e-06
-1.23066e-06
4.57279e-09
-1.93422e-07
1.25229e-06
1.79097e-07
1.6832e-06
-2.27079e-07
1.6869e-06
-4.13019e-10
-1.62601e-06
-2.04413e-09
1.69623e-06
1.24263e-06
1.28097e-06
1.23265e-06
1.28324e-06
1.24494e-06
1.26037e-06
-1.24703e-06
-1.18786e-06
1.28711e-06
1.284e-06
1.32038e-06
-1.24165e-06
1.28019e-06
1.21382e-06
-1.2883e-06
1.17713e-06
1.18069e-06
1.19998e-06
-1.27789e-06
1.22221e-06
1.2806e-06
1.04605e-06
-1.04605e-06
1.28271e-06
-1.69098e-06
-1.33052e-06
1.33591e-06
-1.10165e-06
1.3396e-06
1.68505e-06
-1.68704e-06
1.98859e-09
-5.19671e-08
-1.25061e-09
-1.30713e-06
4.49935e-09
-1.30779e-07
1.27565e-06
1.48295e-09
-1.67459e-06
1.67311e-06
1.79283e-09
5.09546e-09
-1.66855e-06
6.70309e-10
1.66788e-06
7.56941e-08
-1.73942e-06
1.66373e-06
1.68386e-06
2.24454e-09
-1.68611e-06
1.6837e-06
2.33528e-09
-1.20932e-06
1.10417e-06
2.21495e-07
-1.67698e-06
-9.65782e-09
1.68664e-06
1.6969e-06
3.58033e-09
1.67395e-06
4.15548e-08
1.68618e-06
-1.6855e-06
-1.68717e-06
1.68466e-06
1.73308e-09
8.00491e-08
-1.54467e-06
-1.70548e-09
1.33373e-06
-1.09154e-06
1.29695e-06
-1.27764e-06
-1.93125e-08
1.53615e-06
-1.03428e-06
-5.0187e-07
1.45469e-06
-1.27328e-06
1.33716e-06
-1.10431e-06
1.33694e-06
-1.10371e-06
1.33805e-06
-1.1032e-06
1.33793e-06
-1.10536e-06
1.31343e-06
-1.07527e-06
1.31472e-06
-1.0755e-06
-1.3681e-07
-1.72143e-06
1.33227e-06
-1.09896e-06
1.33114e-06
-1.10351e-06
1.33352e-06
-1.10452e-06
1.33494e-06
-1.10433e-06
1.33617e-06
-1.10364e-06
-7.30097e-10
1.01866e-09
-1.67551e-06
1.67449e-06
-3.11296e-09
1.7607e-06
-3.31452e-08
-1.72756e-06
1.32023e-06
-1.07382e-06
1.33861e-06
-1.10257e-06
1.69088e-06
1.53575e-06
-1.07725e-06
-4.58506e-07
1.33831e-06
-1.10541e-06
1.33211e-06
-1.09907e-06
1.30195e-06
-1.1027e-06
1.3377e-06
-1.10555e-06
1.30833e-06
1.33055e-06
-1.10619e-06
1.68617e-06
-2.31103e-09
-1.36655e-06
1.16639e-06
2.00159e-07
-1.5335e-06
1.10703e-06
1.66649e-09
1.68496e-06
-1.68631e-06
1.34891e-09
1.94554e-06
-2.32308e-08
1.71722e-06
1.33251e-06
-1.10664e-06
-1.66686e-06
1.67585e-06
-3.16232e-09
-8.94131e-09
-1.69056e-06
6.19131e-10
1.04228e-10
-1.70769e-06
1.78338e-06
-1.21821e-06
-1.2539e-06
-1.26969e-06
1.25514e-06
1.27203e-06
-1.56935e-06
1.79007e-07
1.33759e-06
-1.10508e-06
4.07341e-09
-2.26771e-07
-1.68215e-06
-1.10284e-09
1.68325e-06
9.85942e-08
-1.29456e-06
-1.2839e-06
1.2893e-06
-5.39695e-09
1.49148e-06
-1.26619e-06
-3.10143e-08
-1.77649e-06
1.35349e-06
-1.50036e-07
1.3028e-06
1.6859e-06
-1.68485e-06
1.68677e-06
1.68582e-06
-1.68539e-06
-1.26895e-06
1.26657e-06
2.37515e-09
-1.20231e-06
-7.28637e-09
1.36853e-06
-1.14596e-06
1.31009e-06
3.03361e-09
-1.10199e-06
1.371e-06
-1.1389e-06
-1.18555e-06
1.34046e-06
-1.10563e-06
1.33885e-06
-1.10826e-06
1.33185e-06
-1.10097e-06
1.33976e-06
-1.12651e-06
-1.28452e-06
1.30231e-06
-1.77885e-08
8.33374e-09
6.67979e-10
1.22969e-06
-2.09973e-08
1.35189e-06
-1.12659e-06
1.33252e-06
-1.10736e-06
-1.68435e-06
1.68659e-06
-1.6945e-06
1.6966e-06
2.82278e-09
2.25507e-06
-1.99368e-06
1.24975e-06
-1.20095e-06
1.38924e-06
-1.40642e-06
1.25374e-06
-1.23812e-06
1.27559e-06
-1.2526e-06
1.37687e-06
-1.40002e-06
1.20813e-06
-1.18362e-06
1.26843e-06
-1.23901e-06
1.33899e-06
-1.30279e-06
1.52541e-06
-1.56137e-06
1.27334e-06
-1.24522e-06
1.33817e-06
-1.30535e-06
1.51536e-06
-1.56618e-06
1.20971e-06
-1.1933e-06
1.23023e-06
-1.20215e-06
1.30234e-06
-1.27696e-06
1.36734e-06
-1.34589e-06
1.47033e-06
-1.4998e-06
1.25809e-06
-1.22521e-06
1.36368e-06
-1.34025e-06
1.46298e-06
-1.49174e-06
1.25341e-06
-1.22324e-06
1.34364e-06
-1.32688e-06
1.36237e-06
-1.35925e-06
1.31814e-06
-1.304e-06
1.33328e-06
-1.32158e-06
1.34811e-06
-1.35021e-06
1.30297e-06
-1.3e-06
1.27866e-06
-1.26948e-06
1.27674e-06
-1.26764e-06
-2.40301e-09
1.27602e-06
-1.2657e-06
-1.68509e-06
-1.37917e-10
1.27581e-06
-1.26548e-06
1.6863e-06
-1.68458e-06
1.27585e-06
-1.26378e-06
1.27374e-06
-1.26643e-06
1.7607e-06
2.02451e-09
1.27429e-06
-1.26798e-06
-1.68559e-06
-4.1869e-09
-1.68525e-06
1.68525e-06
-1.69465e-06
9.06111e-09
-1.27996e-06
1.27683e-06
-1.26569e-06
1.68622e-06
-1.4893e-06
-6.54708e-08
1.77617e-09
1.68497e-06
-1.68464e-06
-1.74083e-06
1.70961e-06
-1.69981e-06
-1.67201e-06
-2.26407e-08
1.36084e-06
1.27577e-06
-1.26871e-06
4.80663e-09
-9.35857e-09
-8.21411e-09
1.34559e-06
-1.12376e-06
8.05235e-09
-1.6843e-06
1.68625e-06
1.37143e-06
-1.13933e-06
1.27054e-06
-1.27259e-06
1.68989e-06
-1.69054e-06
-1.70428e-06
-4.82793e-07
-1.68466e-06
1.68462e-06
-1.82265e-06
1.69157e-06
1.21868e-06
2.13262e-07
-1.72054e-06
1.73471e-06
5.01392e-07
8.24896e-07
1.99368e-06
-1.83462e-06
1.70961e-06
1.51937e-09
1.08528e-09
-1.69163e-06
4.08467e-09
1.68752e-06
1.68354e-06
2.55747e-09
-1.73471e-06
1.78003e-06
-5.51326e-10
1.68389e-06
2.27856e-09
1.27784e-06
-1.26957e-06
-1.12759e-07
-1.72054e-06
8.40898e-10
-1.67218e-06
1.67134e-06
1.71434e-06
-1.69591e-06
-1.70166e-06
-1.71434e-06
1.34262e-06
-1.10435e-06
1.69245e-06
-6.31916e-09
-2.92395e-09
1.69537e-06
-1.69363e-06
2.20801e-07
-1.68936e-06
1.68911e-06
1.78003e-06
1.83462e-06
1.68936e-06
-1.69189e-06
-1.69928e-06
-5.46248e-09
9.5406e-09
-1.68652e-06
-1.6955e-06
1.68946e-06
1.68911e-06
-1.68953e-06
-1.69784e-06
1.69591e-06
-1.68437e-06
1.68643e-06
1.68439e-06
1.69784e-06
1.69204e-06
-1.69189e-06
-1.69735e-06
-1.00221e-08
1.70332e-06
-1.68539e-06
1.68642e-06
1.54641e-09
-1.68796e-06
2.1229e-09
1.68992e-06
1.69417e-06
-3.53001e-09
-1.70332e-06
1.69735e-06
1.68603e-06
3.8301e-10
1.691e-06
1.68759e-06
-1.68539e-06
-1.69541e-06
2.77085e-09
-1.68655e-06
2.09682e-09
-1.68644e-06
-1.70195e-06
1.68855e-06
-2.13684e-09
1.67601e-06
-1.67387e-06
1.68727e-06
3.20139e-10
1.6855e-06
2.06455e-09
-1.68637e-06
1.68639e-06
-8.92832e-10
1.92353e-09
-1.15913e-09
1.68692e-06
-1.68576e-06
1.6864e-06
-9.06132e-12
-1.68606e-06
1.68385e-06
1.68449e-06
-1.68538e-06
2.34661e-09
-1.23398e-10
1.67351e-06
-1.67338e-06
1.6872e-06
-1.68887e-06
-7.48081e-10
1.68714e-06
-1.68645e-06
1.68567e-06
-2.44428e-09
1.68557e-06
-1.68313e-06
-1.68815e-06
-1.68416e-06
1.68536e-06
-1.19784e-09
1.68741e-06
2.66127e-09
1.4626e-09
1.68822e-06
-8.09189e-10
1.68521e-06
-1.69011e-06
1.69012e-06
-1.68402e-06
1.68535e-06
1.68486e-06
-1.68637e-06
2.21663e-09
1.68463e-06
-1.68452e-06
1.68463e-06
-1.68354e-06
1.68764e-06
2.22947e-09
1.68306e-06
-1.68441e-06
-1.27411e-09
1.68648e-06
-1.68637e-06
1.68739e-06
-9.55645e-10
1.68352e-06
-1.68434e-06
1.68568e-06
-1.68452e-06
1.68452e-06
-1.68456e-06
1.06586e-09
1.68335e-06
-1.68491e-06
2.06314e-09
-7.05982e-10
1.68667e-06
-9.93402e-10
1.68403e-06
-1.68472e-06
2.18203e-09
1.68381e-06
-1.68512e-06
1.68518e-06
-8.80948e-10
1.68425e-06
-1.68492e-06
1.6864e-06
-9.87964e-10
3.74559e-09
1.68394e-06
-1.68525e-06
1.68624e-06
-1.0568e-09
1.68441e-06
-1.68534e-06
1.68741e-06
-8.81568e-10
-9.10179e-10
1.68556e-06
1.68436e-06
-1.68567e-06
-1.68636e-06
1.68549e-06
1.68491e-06
-1.68571e-06
-8.67759e-10
-9.78225e-10
1.51031e-09
1.68459e-06
-1.6861e-06
4.66496e-09
1.6853e-06
-1.68678e-06
1.68652e-06
-9.56398e-10
1.68509e-06
-1.68595e-06
1.68533e-06
3.59106e-09
-1.68632e-06
1.6849e-06
-8.43102e-10
-9.77595e-10
-1.68613e-06
1.68551e-06
-1.68292e-06
1.68292e-06
-1.68342e-06
-1.39731e-11
1.68637e-06
-1.68636e-06
-1.03536e-09
4.80022e-09
-7.59311e-10
-4.09793e-10
1.68453e-06
-3.02591e-11
-8.0934e-10
-1.05588e-09
-1.45206e-09
-4.22655e-09
1.68612e-06
-1.68189e-06
-1.69485e-06
-1.68097e-06
1.68097e-06
-1.68178e-06
-1.68556e-06
1.68511e-06
4.48451e-10
5.18818e-09
-2.40984e-10
-1.68761e-06
2.04797e-09
1.67902e-06
-1.68012e-06
1.67902e-06
3.22261e-09
-1.68689e-06
9.37037e-10
2.66712e-09
1.68274e-06
-1.68164e-06
-1.10372e-09
1.68274e-06
-1.68254e-06
1.68324e-06
-7.02787e-10
1.68254e-06
2.05004e-10
-1.68164e-06
-1.68204e-06
3.95566e-10
1.68772e-06
-1.68472e-06
1.68772e-06
-2.23202e-06
1.68939e-06
-1.68481e-06
-1.68468e-06
1.68468e-06
1.70171e-06
-1.6851e-06
1.68939e-06
1.70171e-06
-1.68446e-06
1.68446e-06
1.68457e-06
-1.68457e-06
1.6851e-06
-1.71138e-06
-1.68502e-06
1.68466e-06
-1.68466e-06
-1.6845e-06
1.6845e-06
-1.68012e-06
1.6695e-06
-1.6695e-06
1.68324e-06
1.68259e-06
-1.68259e-06
1.68462e-06
1.68476e-06
-1.68476e-06
-1.69904e-06
-1.68453e-06
1.68453e-06
-1.69541e-06
-1.68456e-06
-1.68178e-06
-1.68342e-06
1.68079e-06
-1.68079e-06
1.68736e-06
-1.68736e-06
-1.68456e-06
1.68456e-06
-1.68449e-06
1.68449e-06
-1.72756e-06
-1.6947e-06
-1.68454e-06
1.68454e-06
-1.68204e-06
-1.68481e-06
1.68472e-06
-1.68758e-06
-1.68452e-06
1.68443e-06
-1.68443e-06
-1.68435e-06
1.68435e-06
1.68931e-06
-1.68654e-06
-1.68931e-06
1.68654e-06
-1.68758e-06
-1.82553e-09
2.95727e-09
-1.68605e-06
-1.68485e-06
1.68707e-06
-1.55465e-09
1.69023e-06
-1.71062e-09
-1.68852e-06
-1.6848e-06
1.68747e-06
1.6884e-06
1.69136e-06
-1.68698e-06
2.13495e-09
1.6899e-06
2.26989e-09
-1.6827e-06
1.6851e-06
1.69132e-06
4.76654e-09
1.68976e-06
1.34787e-09
-1.30218e-09
-1.68039e-06
1.68133e-06
1.69111e-06
1.68974e-06
-1.67993e-06
1.68198e-06
4.70105e-09
1.6909e-06
1.6896e-06
-1.40161e-09
1.67529e-06
-1.67389e-06
1.6892e-06
3.96648e-10
2.62418e-09
-1.69099e-06
1.68785e-06
-1.68168e-06
1.6849e-06
-2.38131e-10
3.00442e-10
1.69048e-06
-1.67993e-06
1.68512e-06
1.69024e-06
-1.68385e-06
1.68523e-06
4.9664e-09
2.15355e-09
1.69122e-06
-1.27597e-09
1.67788e-06
-1.67661e-06
1.69278e-06
1.69493e-06
-1.68536e-06
1.68455e-06
1.68854e-06
-4.92701e-09
1.68968e-06
-1.68523e-06
1.68499e-06
1.69042e-06
-5.74221e-13
6.64374e-10
-1.68047e-06
1.68527e-06
1.68549e-06
-1.68389e-06
1.68547e-06
4.51148e-09
1.68615e-06
-1.38442e-09
1.68018e-06
-1.6788e-06
-1.68559e-06
1.68414e-06
1.68829e-06
-2.13286e-09
-4.44124e-09
1.68913e-06
1.64797e-09
1.68971e-06
1.68798e-06
-1.68516e-06
1.68513e-06
1.68963e-06
3.06396e-10
1.68519e-06
-1.68088e-06
1.68554e-06
-1.6856e-06
1.68484e-06
1.68574e-06
-1.68358e-06
1.68615e-06
4.25485e-09
1.67702e-09
-1.96785e-09
1.68302e-06
-1.68105e-06
1.68745e-06
-1.70763e-09
1.68913e-06
-3.18857e-09
1.6876e-06
-1.68583e-06
1.68498e-06
-1.63587e-09
-1.68377e-06
1.68736e-06
1.68932e-06
2.38597e-09
1.50295e-09
1.68613e-06
-1.68568e-06
1.68824e-06
2.1548e-09
2.0295e-09
-1.68554e-06
1.68763e-06
-1.68255e-09
1.68536e-06
-1.68368e-06
1.68463e-06
-1.68605e-06
1.68518e-06
-1.68483e-06
-1.68702e-06
1.68329e-06
1.68601e-06
6.85923e-10
1.21869e-09
1.6837e-06
2.31618e-09
-1.68132e-06
1.68506e-06
-1.68289e-06
1.68506e-06
1.68438e-06
-1.97654e-09
1.68614e-06
-1.68417e-06
1.68641e-06
-1.68322e-06
1.6854e-06
-1.68621e-06
1.68533e-06
2.17051e-09
1.25816e-09
1.68777e-06
1.68645e-06
1.84244e-09
1.68771e-06
-1.68331e-06
1.68542e-06
1.68607e-06
-1.67019e-09
1.68721e-06
-1.68537e-06
1.68746e-06
-1.68631e-06
1.68543e-06
2.0856e-09
-1.6838e-06
1.68587e-06
1.33543e-09
1.68606e-06
-1.68428e-06
1.68634e-06
-1.58371e-09
1.6209e-09
1.68675e-06
-1.68513e-06
1.68739e-06
1.68572e-06
1.58138e-09
-1.68383e-06
1.6849e-06
-1.68607e-06
1.26596e-09
1.68706e-06
-1.68678e-06
-1.68316e-06
1.68537e-06
1.68565e-06
2.50312e-09
1.68692e-06
1.68534e-06
-1.68908e-06
1.68994e-06
-8.58571e-10
4.21485e-10
1.68454e-06
1.74042e-09
1.68611e-06
-1.68437e-06
1.68668e-06
-1.67789e-06
1.68273e-06
-4.83894e-09
1.6856e-06
-1.68315e-06
1.68538e-06
-6.88081e-10
2.22729e-09
1.68383e-06
-1.686e-06
2.171e-09
1.68602e-06
-1.68342e-06
1.68608e-06
-1.685e-06
1.68207e-06
2.92737e-09
1.68533e-06
-1.68452e-06
1.68656e-06
-1.69531e-06
1.69519e-06
1.95328e-09
-2.49001e-09
-1.6754e-06
1.68639e-06
-1.05755e-09
-1.55981e-09
-1.68383e-06
1.59954e-09
1.68384e-06
-1.68544e-06
1.68586e-06
-5.25181e-09
1.68588e-06
-2.33721e-09
1.68804e-06
-2.18085e-09
3.90174e-10
-1.68539e-06
1.68483e-06
-2.47707e-09
1.68799e-06
-1.68363e-06
-2.42395e-09
-1.6846e-06
1.68607e-06
-1.68967e-06
1.68348e-06
6.1841e-09
1.68643e-06
-1.68706e-06
1.68302e-06
4.03954e-09
-2.37312e-09
1.68444e-06
-1.68531e-06
1.68356e-06
1.74408e-09
-1.68461e-06
1.68696e-06
1.68395e-06
-1.45995e-09
1.68531e-06
-3.00322e-09
1.6862e-06
-1.45229e-09
1.68434e-06
-1.68492e-06
1.68691e-06
-1.5453e-09
1.6845e-06
-1.59768e-10
1.68213e-06
1.68164e-06
1.6784e-06
3.24068e-09
-1.68555e-06
1.68747e-06
1.67539e-06
-1.68541e-06
1.68748e-06
-2.06426e-09
-1.68523e-06
1.68563e-06
-4.0569e-10
-1.36155e-09
-1.69062e-06
1.68781e-06
2.81008e-09
1.6805e-06
-5.10578e-09
6.90282e-09
1.66444e-06
-1.67134e-06
-1.68603e-06
1.6881e-06
-1.6843e-06
1.68182e-06
2.48743e-09
-1.68704e-06
2.20887e-09
1.68589e-06
-1.69153e-06
5.64372e-09
1.67807e-06
-2.45377e-09
-1.68278e-06
1.68523e-06
1.70227e-06
1.4433e-09
-8.59083e-10
-1.68327e-06
1.68412e-06
1.68498e-06
-1.68447e-06
1.6834e-06
1.06781e-09
1.68352e-06
-1.68839e-06
1.68625e-06
-1.68604e-06
1.68818e-06
-2.1407e-09
1.68439e-06
-8.72175e-10
-1.94442e-09
-1.68194e-06
1.68389e-06
1.68378e-06
6.12103e-10
-1.68671e-06
1.68881e-06
-1.68664e-06
1.68896e-06
-2.32516e-09
-1.68464e-06
1.6822e-06
2.44141e-09
1.68183e-06
1.67048e-06
-6.03779e-09
-1.46884e-09
-5.28022e-09
1.68097e-06
1.68432e-06
-1.72329e-09
-1.68722e-06
1.68999e-06
1.66961e-06
1.67801e-06
2.96339e-09
-1.23397e-08
-1.6808e-06
-1.231e-09
-1.6808e-06
-1.67394e-06
1.67394e-06
-4.43795e-09
1.67592e-06
2.08458e-09
1.74304e-09
6.47656e-09
1.66635e-06
-1.67283e-06
-1.68444e-06
1.68231e-06
2.12959e-09
-1.68701e-06
1.68957e-06
-1.68296e-06
-1.51216e-09
-1.1397e-09
1.68423e-06
-1.68309e-06
1.26573e-06
-1.68445e-06
1.68209e-06
2.36299e-09
-1.68472e-06
1.68243e-06
2.29178e-09
1.68075e-06
-4.82649e-09
1.6783e-06
-1.69053e-06
1.68477e-06
-1.6833e-06
1.68402e-06
-7.25134e-10
3.84089e-10
-1.56553e-09
1.68497e-06
1.68332e-06
1.45569e-09
-1.68103e-06
1.68103e-06
1.47198e-09
-1.68506e-06
1.68359e-06
-1.68481e-06
1.68496e-06
-1.64122e-09
6.2705e-09
1.70485e-06
-1.69031e-06
1.69287e-06
-2.56295e-09
1.68382e-06
-1.68409e-06
1.68216e-06
1.93119e-09
-1.68696e-06
2.15108e-09
1.68529e-06
1.69071e-06
1.2709e-09
1.68474e-06
-1.6831e-06
-1.63924e-09
1.68658e-06
-1.68843e-06
1.85405e-09
-7.09615e-09
2.29711e-10
1.68378e-06
-6.28794e-09
1.67617e-06
-9.81898e-09
-1.69046e-06
1.69427e-06
-3.80201e-09
-1.68237e-06
1.68108e-06
1.28802e-09
1.67453e-06
1.68518e-06
-1.39932e-09
1.51082e-09
-1.68509e-06
1.68358e-06
-1.05324e-08
1.683e-06
1.74551e-09
-1.68381e-06
1.68237e-06
1.44426e-09
1.68361e-06
1.68437e-06
-1.68293e-06
1.68407e-06
-1.13497e-09
1.6851e-06
-1.51183e-09
-1.68218e-06
1.68413e-06
-1.94567e-09
-1.13336e-08
1.71323e-06
-1.6811e-06
-2.05676e-08
1.68512e-06
1.68347e-06
1.46768e-09
-1.68494e-06
1.6837e-06
-1.68264e-06
1.67816e-06
4.47692e-09
1.86638e-09
4.66747e-07
1.24663e-06
-1.71337e-06
-1.68032e-06
-2.31623e-09
-1.38712e-09
1.68348e-06
-1.42353e-06
-1.71383e-09
1.68471e-06
1.68479e-06
-1.31508e-09
-1.68358e-06
1.68366e-06
-8.01324e-11
-1.1039e-06
1.68495e-06
1.47018e-09
1.68332e-06
-1.69094e-06
1.69449e-06
-3.55035e-09
-2.07147e-12
-6.87547e-09
-1.54245e-06
-2.05354e-07
1.68324e-06
-1.69184e-06
1.69841e-06
-6.56438e-09
-1.69164e-06
1.69386e-06
-2.21563e-09
-1.68997e-06
1.68471e-06
1.68708e-06
1.68708e-06
1.6918e-06
-1.6918e-06
-1.68842e-06
-1.36177e-09
1.69172e-06
-1.6843e-06
2.11854e-09
1.68362e-06
-1.67857e-06
-5.04046e-09
3.12987e-09
-1.69041e-06
1.38652e-09
-1.68384e-06
1.68246e-06
1.68282e-06
1.88467e-09
-2.50179e-09
-1.68335e-06
1.68551e-06
-2.15724e-09
-1.68198e-06
1.68704e-06
-5.06281e-09
1.68241e-06
2.29676e-09
-6.19491e-08
1.68431e-06
-1.49051e-09
6.76338e-09
1.68635e-06
-1.68635e-06
1.68534e-06
-1.6843e-06
3.80539e-09
-1.6887e-06
1.69519e-06
-6.49552e-09
-1.33227e-06
-1.68195e-06
1.69273e-06
-1.07857e-08
1.68171e-06
1.14709e-09
-1.68285e-06
1.68237e-06
-1.69031e-06
9.30161e-10
1.68125e-06
4.58901e-10
1.68438e-06
-1.05529e-09
-3.15658e-09
1.68132e-06
1.68376e-06
-1.68288e-06
-9.58189e-10
1.68484e-06
-1.68484e-06
-1.69156e-06
1.7011e-06
1.6943e-06
6.25402e-09
-1.6964e-06
1.68144e-06
1.27594e-06
-1.27284e-06
1.68698e-06
-1.68599e-06
1.69621e-06
1.69717e-06
-1.72383e-09
-1.69544e-06
1.28094e-06
-3.6385e-09
1.68529e-06
-1.68683e-06
1.54552e-09
5.4711e-10
1.6807e-06
1.28316e-06
-5.08657e-07
-6.02251e-07
-1.7945e-08
5.09428e-09
1.68259e-06
-1.6935e-06
1.68639e-06
-1.69241e-06
1.70881e-06
-1.63981e-08
1.68515e-06
2.14028e-07
-1.75648e-06
-3.97107e-10
1.67943e-06
-3.31889e-09
1.67249e-06
-1.66917e-06
-1.68317e-06
-4.38068e-08
-7.68284e-07
8.12091e-07
1.05714e-06
-1.22931e-06
1.67998e-06
1.67726e-06
2.71399e-09
1.28891e-06
1.6838e-06
-1.68441e-06
1.66871e-06
-1.66769e-06
1.49453e-10
-1.96644e-09
-1.67496e-06
1.67693e-06
1.67674e-06
5.26678e-10
2.31541e-07
2.05409e-07
2.58516e-07
4.20402e-07
2.33263e-07
2.32634e-07
2.34332e-07
2.32958e-07
4.69529e-08
2.12088e-07
2.39452e-07
2.56773e-07
-1.69182e-06
2.3541e-07
2.2981e-07
2.30014e-07
2.30418e-07
2.32954e-07
2.31839e-07
-1.68442e-06
-5.9938e-09
2.33146e-07
2.3406e-07
1.67454e-06
2.1992e-09
2.72574e-07
-1.67532e-06
1.6961e-06
-2.07783e-08
2.24709e-07
2.66539e-09
-1.6908e-06
2.27845e-07
-1.68341e-06
2.42801e-10
1.67864e-06
2.05511e-09
-1.66448e-06
1.67266e-06
1.67257e-06
1.68399e-06
-1.68399e-06
-1.72718e-06
1.53766e-06
2.97181e-07
-1.67708e-06
1.71236e-06
-3.52825e-08
2.37891e-07
2.33444e-07
2.3278e-07
2.34204e-07
2.25526e-07
-1.68467e-06
1.67917e-06
1.32719e-06
-1.10569e-06
-1.90212e-08
1.66925e-06
-1.68986e-06
-2.2871e-09
-4.00538e-07
4.21217e-09
1.68677e-06
-1.61774e-09
1.65191e-06
-4.66901e-09
-1.64724e-06
2.30944e-07
-1.67716e-06
2.26323e-07
-1.68934e-06
-2.40803e-09
-1.2831e-09
-1.6874e-06
1.41025e-09
-1.62468e-06
-5.47488e-09
1.63016e-06
1.68411e-06
-1.6759e-06
-9.54374e-09
-1.68427e-06
-9.36381e-09
-1.65723e-06
1.66659e-06
-1.68183e-06
4.66891e-09
1.66458e-06
4.67272e-09
-1.691e-06
-1.69068e-06
1.30883e-09
-1.54132e-06
3.79386e-07
1.66057e-06
4.01127e-09
1.69467e-06
-1.69608e-06
1.6512e-06
1.6604e-06
1.20937e-08
-2.86909e-07
2.63445e-07
-1.64837e-06
1.74024e-06
-9.18662e-08
1.6842e-06
2.7223e-08
1.66647e-06
1.68456e-06
-1.6835e-06
-1.68474e-06
-1.53833e-06
6.62258e-08
1.64653e-06
1.7229e-06
-5.64306e-08
-1.68476e-06
-1.68518e-06
1.68309e-06
-1.68646e-06
1.66788e-06
9.04326e-09
-1.66441e-06
1.71721e-08
-2.84544e-08
-1.60894e-06
1.63739e-06
1.20955e-06
-1.67777e-06
1.67777e-06
-1.69297e-06
1.28718e-06
1.26643e-06
-1.27536e-06
2.27926e-07
-1.31952e-06
1.31605e-06
-1.31605e-06
-1.28189e-07
-1.53932e-06
1.6675e-06
-7.45298e-08
1.67256e-06
1.88288e-07
-1.5268e-07
3.74786e-08
1.24271e-07
-1.9189e-07
8.48165e-08
9.99841e-08
-2.88026e-07
9.29508e-08
-3.56464e-07
3.69277e-08
9.03753e-08
-2.41716e-07
1.3847e-07
-2.38331e-07
1.20398e-07
-6.15705e-09
-1.53852e-06
2.9276e-08
-2.13406e-08
1.62976e-06
1.67791e-08
7.25506e-09
1.68621e-06
-2.00722e-09
8.38694e-09
1.01057e-08
1.03659e-08
-1.68636e-06
-1.04093e-10
1.53294e-08
9.95881e-09
1.68427e-06
-1.683e-06
1.683e-06
-2.86481e-07
7.85477e-09
-1.67808e-06
-1.27176e-06
-1.54448e-06
-1.6897e-06
8.85937e-09
1.67723e-06
-1.67639e-06
1.1647e-06
-1.1647e-06
-4.60015e-09
-1.68808e-06
1.68992e-06
-1.83997e-09
1.62428e-06
1.68241e-06
1.63863e-06
2.79601e-08
1.59035e-06
3.9806e-08
-1.61749e-06
1.00783e-08
-1.58976e-06
4.52798e-08
1.68292e-06
1.61434e-06
-1.68437e-06
1.21311e-06
-3.31758e-07
1.59583e-06
6.06215e-09
-1.49134e-06
2.15544e-07
1.68506e-06
-1.68465e-06
1.82782e-09
1.68511e-06
-2.70278e-09
1.42141e-07
-1.68146e-06
-1.99953e-07
1.65541e-06
1.42475e-06
-1.73696e-06
4.64726e-08
-1.40321e-06
-1.6956e-06
5.00817e-08
1.68387e-06
-1.69563e-06
1.69158e-06
8.89107e-08
-1.78049e-06
-1.59642e-06
5.78996e-08
1.49379e-06
-1.60723e-06
1.1344e-07
1.67104e-06
-1.67104e-06
-1.37509e-06
5.25312e-09
-1.6828e-06
-1.55959e-06
-1.39764e-06
1.68398e-06
1.68419e-06
-1.68419e-06
5.47462e-09
1.56002e-06
1.56195e-06
7.54377e-08
1.62374e-07
9.1781e-08
-3.71343e-07
1.67374e-06
5.87046e-09
-1.67961e-06
1.2727e-06
-1.2729e-06
1.67594e-06
1.30699e-06
1.6934e-06
-1.69142e-06
1.21956e-06
-1.21956e-06
-1.6884e-06
1.68581e-06
-1.68483e-06
6.36388e-09
-1.64568e-06
8.60922e-08
-1.46215e-06
1.64116e-06
-1.23166e-06
1.23166e-06
-1.00207e-06
1.00207e-06
1.29104e-06
-1.27112e-06
-1.06272e-06
1.06272e-06
1.36321e-06
-1.36321e-06
-1.15714e-06
-1.23727e-06
1.23727e-06
1.33626e-06
-1.21404e-06
1.21404e-06
-1.19278e-06
1.19278e-06
-1.17722e-06
1.17722e-06
1.40256e-06
-1.40256e-06
1.11006e-06
1.30846e-06
-1.30846e-06
1.31228e-06
1.35348e-06
-1.35348e-06
1.33273e-06
1.30947e-06
-1.20464e-06
1.20464e-06
-1.39371e-06
-1.25111e-06
-1.19423e-06
1.3621e-06
-1.3621e-06
1.22506e-06
-1.22506e-06
1.34278e-06
1.30506e-06
1.32188e-06
1.35394e-06
1.68293e-06
-1.68195e-06
1.32256e-06
-1.08763e-06
1.68646e-06
-2.4858e-09
-1.72239e-06
3.54337e-08
1.68696e-06
1.68291e-06
1.68809e-06
-1.51931e-09
1.59536e-06
-1.68723e-06
1.68885e-06
-1.32577e-06
-1.68975e-06
-1.69163e-06
1.6813e-06
-1.6813e-06
2.2146e-07
1.66687e-06
-1.66539e-06
-4.94466e-09
-1.24843e-06
1.25338e-06
1.68303e-06
1.66785e-06
-1.66785e-06
1.69012e-06
-1.69049e-06
-1.6861e-06
-1.68176e-06
1.6721e-06
-1.68822e-06
1.86812e-09
-1.23911e-06
1.12617e-06
1.68338e-06
-1.68338e-06
-1.33605e-06
2.34064e-07
-1.3724e-06
-1.33827e-06
2.32637e-07
-1.3443e-06
2.36039e-07
-1.33204e-06
2.3108e-07
-1.36379e-06
2.37279e-07
1.68595e-06
-3.04019e-09
-1.68742e-06
5.91592e-07
-1.60587e-06
-1.33378e-06
2.26424e-07
-1.29815e-06
-6.41372e-09
1.67939e-06
1.10476e-06
3.40266e-07
-1.44502e-06
-1.2298e-06
1.13042e-06
4.34319e-07
-1.54489e-06
1.11057e-06
1.29495e-06
-1.34467e-06
-1.68015e-06
1.69362e-06
-1.3467e-08
1.68429e-06
-1.68332e-06
-1.69188e-06
-1.0858e-09
1.69376e-06
-1.69607e-06
1.55645e-06
-8.0559e-07
-7.50863e-07
-1.09714e-06
1.33503e-06
-1.09534e-06
1.32812e-06
-2.39676e-07
1.6833e-06
-3.91197e-09
-1.34132e-06
-1.68197e-06
-1.26698e-06
2.16869e-07
-7.50634e-08
-1.13679e-06
-1.69694e-06
1.68109e-06
-3.04984e-07
-1.68416e-06
3.13983e-07
1.68665e-06
-5.56858e-09
-1.10519e-06
1.19104e-06
1.68249e-06
-1.68249e-06
-1.32072e-06
-2.10471e-07
-1.00811e-06
-1.55234e-09
1.69314e-06
1.68016e-06
1.68413e-06
-1.68824e-06
-1.63139e-06
-5.58454e-08
-2.95289e-08
-1.31511e-06
1.31455e-06
-1.10451e-06
1.21296e-06
-9.54442e-07
-1.13914e-06
-1.01605e-06
1.25038e-06
-1.10531e-06
-1.52889e-06
9.10902e-07
6.17988e-07
-1.13221e-06
-1.02238e-06
1.27915e-06
-1.10223e-06
1.29597e-06
-1.06555e-06
1.33595e-06
-1.10189e-06
-1.09122e-06
-4.42286e-09
-1.67783e-06
1.68226e-06
1.26312e-06
-1.27207e-06
-1.03759e-06
1.26544e-06
1.46289e-06
-1.06315e-06
1.29659e-06
1.67689e-06
-1.63348e-06
1.68354e-06
-1.68263e-06
-1.68782e-06
-2.65744e-09
-1.10826e-06
1.28221e-06
3.09504e-07
1.10214e-06
1.86882e-07
-1.28902e-06
1.1184e-06
1.31784e-07
-1.25018e-06
1.1078e-06
9.70532e-08
-1.20486e-06
1.10726e-06
4.081e-07
-1.51536e-06
1.1092e-06
2.14748e-07
-1.32394e-06
1.68179e-06
1.60454e-06
6.7613e-09
1.21098e-06
-1.28605e-06
-2.88618e-07
1.68558e-06
-1.67024e-06
-1.53353e-08
-2.30316e-07
1.52527e-06
1.68055e-06
-1.68055e-06
-1.6893e-06
-1.06851e-06
1.10599e-06
1.37024e-06
-1.28542e-06
-1.29731e-06
-1.36073e-06
1.3211e-06
1.32712e-06
6.38992e-09
-1.69237e-06
1.67612e-06
-1.67719e-06
1.07048e-09
-1.33491e-06
5.27384e-10
-1.69028e-06
1.6648e-06
1.27554e-06
-1.26715e-06
-1.61439e-06
1.28033e-06
-1.26996e-06
1.11089e-06
1.66064e-06
-1.68328e-06
1.69008e-06
-1.68877e-06
-1.67589e-06
1.68286e-06
1.28125e-06
-1.27239e-06
1.68276e-06
-1.68267e-06
1.68267e-06
-1.65243e-06
-3.53882e-08
2.07985e-07
-1.33174e-06
1.68159e-06
-1.68771e-06
-1.66172e-06
1.34044e-06
1.33322e-06
1.35567e-06
1.69353e-06
-1.69416e-06
1.80209e-07
1.30376e-06
-1.00361e-06
1.34388e-06
-9.35193e-07
1.36951e-06
1.33562e-06
1.34459e-06
-1.10855e-06
1.68124e-06
1.13126e-06
1.30736e-07
-1.262e-06
1.28238e-06
-1.27712e-06
1.68285e-06
-1.68187e-06
5.52178e-09
1.71543e-09
-1.71166e-06
1.5989e-06
1.68349e-06
-1.89218e-09
-8.29928e-07
1.70762e-06
1.68311e-06
-1.69028e-06
-1.3519e-09
-1.03693e-06
-1.20204e-06
8.72062e-08
-1.22901e-06
-1.12992e-06
-1.67789e-06
1.68188e-06
-1.68188e-06
1.6811e-06
1.68085e-06
-1.68085e-06
-2.43303e-07
1.37373e-06
-2.37875e-07
1.34845e-06
-1.30929e-06
2.59412e-07
1.69136e-06
-4.40394e-09
-1.63262e-06
-7.9036e-08
-1.6345e-06
-6.10642e-09
-1.66607e-06
1.68284e-06
1.68784e-06
5.77689e-09
-1.66988e-06
1.68216e-06
-1.68121e-06
1.08236e-06
-9.77778e-09
-1.11028e-06
2.8144e-07
-1.18998e-06
1.68014e-06
-1.68789e-06
1.65082e-06
-1.10531e-06
1.33163e-06
-1.27756e-06
1.23197e-06
1.28149e-06
-1.28414e-06
4.86277e-07
-4.86277e-07
-1.26305e-06
1.49846e-06
1.33007e-07
-1.01476e-06
1.24772e-06
-1.05949e-06
1.29264e-06
-1.10208e-06
1.30749e-06
-1.06184e-06
1.29185e-06
-1.06896e-06
1.3008e-06
1.23875e-06
-1.01404e-06
-2.29118e-08
1.33017e-06
-1.09923e-06
-1.6751e-06
-2.79171e-09
1.67705e-06
-1.40783e-10
-1.68955e-06
1.68244e-06
1.68184e-06
-1.68393e-06
8.00596e-07
-8.00596e-07
1.2455e-06
-1.27138e-06
-1.65271e-06
-1.3418e-09
-1.68915e-06
-1.69809e-06
1.67995e-06
-1.67863e-06
1.68207e-06
-9.14967e-07
1.20306e-07
-1.20306e-07
-1.68335e-06
8.30846e-10
-1.45202e-06
1.67903e-06
1.69012e-06
-1.68959e-06
1.28809e-06
-1.28084e-06
-1.68295e-07
1.29559e-06
-1.12729e-06
-1.66084e-06
-2.70575e-08
1.66353e-06
-1.67887e-06
-2.06855e-07
1.28696e-06
-1.0801e-06
-1.67489e-06
1.67985e-06
3.3513e-09
1.68284e-06
1.29448e-06
-1.09302e-06
-2.01466e-07
-3.28608e-07
-1.68732e-06
1.68732e-06
7.19771e-08
2.68631e-07
1.67892e-06
-1.68744e-06
1.67562e-06
-1.68166e-06
1.6834e-06
-1.81971e-07
1.57229e-09
-1.6905e-06
2.81831e-07
2.94034e-07
4.82414e-07
1.42407e-07
1.10878e-07
2.02977e-07
2.66994e-07
2.34126e-07
1.8962e-07
2.35249e-07
5.23432e-07
1.47534e-07
2.51399e-07
-6.36419e-09
1.69714e-06
2.21918e-07
5.05308e-07
-2.65697e-08
-1.06245e-06
-1.0994e-06
-1.10265e-06
-1.31238e-06
-1.10203e-06
-1.69042e-06
1.98707e-09
-1.67054e-06
8.21659e-07
-1.67661e-06
1.71268e-09
-1.02352e-06
-1.51593e-07
-1.11041e-06
1.6875e-06
-1.68967e-06
1.36403e-06
-1.7017e-07
-1.68434e-06
-1.09989e-07
1.36931e-06
9.00445e-07
-1.11092e-06
-8.00014e-09
-1.2205e-06
1.8754e-07
1.12597e-06
-1.6814e-06
1.26187e-06
-1.045e-06
7.86196e-07
7.70257e-07
-1.41769e-07
1.34697e-06
-1.2052e-06
-1.67771e-06
1.24678e-06
-1.20606e-07
1.68499e-06
-1.68499e-06
1.69027e-06
-1.69182e-06
-9.26259e-07
1.19574e-06
3.94097e-08
-1.30323e-06
1.26383e-06
-1.93386e-07
1.24087e-06
-1.04748e-06
-6.65758e-08
1.2864e-06
-1.11606e-06
-1.69361e-06
-2.19538e-08
-1.67649e-06
-1.67567e-06
-2.04193e-09
-1.67712e-06
1.66634e-06
1.6943e-06
1.68709e-06
-1.68831e-06
8.118e-07
2.91245e-07
1.68512e-06
-4.7271e-08
-1.03167e-07
-8.6561e-07
-2.52827e-07
1.26579e-06
-1.66917e-06
-7.95202e-09
2.4195e-07
-1.67527e-06
1.68351e-06
-1.68351e-06
-1.19323e-06
-1.68361e-06
7.22761e-09
-4.31184e-07
-3.08925e-07
1.16162e-06
6.4919e-08
-1.22654e-06
6.76864e-10
-1.29431e-06
1.21244e-06
-1.50644e-08
1.67292e-06
-3.96723e-08
-1.63325e-06
-1.67423e-06
-1.67617e-06
8.99813e-10
-1.28279e-07
1.68554e-06
-1.68793e-06
-1.18337e-06
-1.02675e-07
1.79528e-07
-9.57027e-07
-2.72285e-07
1.52806e-07
-1.2801e-06
-1.08075e-07
1.60765e-07
-1.06556e-06
-1.6774e-06
-1.30398e-06
1.67705e-06
1.68278e-06
-1.68278e-06
-1.6747e-06
1.67052e-06
-1.67268e-06
-1.90595e-07
-2.52697e-07
1.67863e-06
-3.71296e-09
1.99309e-07
-1.65133e-06
1.21249e-06
-1.44112e-06
-1.6741e-06
-3.3043e-09
-1.67954e-06
1.23298e-06
-1.67131e-06
-1.37235e-09
1.2443e-06
1.31443e-06
1.67373e-06
-1.14709e-06
-9.8808e-09
-1.67139e-06
-1.275e-06
-1.6908e-06
1.70888e-06
-1.8078e-08
1.05667e-06
1.93707e-07
-1.28931e-06
-1.67387e-06
-1.40046e-06
1.68222e-06
1.66742e-06
3.61717e-09
-1.21249e-06
-1.03557e-07
-1.68171e-06
9.08137e-10
1.6339e-08
1.65658e-06
-1.20985e-06
-1.67155e-06
1.5985e-10
-1.66412e-06
-9.74937e-09
1.6818e-06
-1.6818e-06
-1.2973e-06
-1.67257e-06
-1.67026e-06
1.54603e-09
1.06384e-06
-1.33612e-06
1.10281e-06
1.66611e-06
1.73621e-09
-9.38003e-07
1.67509e-06
-1.67412e-06
-1.67723e-06
-1.67127e-06
1.01389e-09
-1.33701e-06
-1.66983e-06
8.17815e-07
6.97214e-07
-1.27125e-06
1.26114e-06
1.09674e-06
-1.1178e-06
1.68035e-06
1.68873e-06
1.76558e-09
-1.69135e-06
-1.67116e-06
1.33343e-09
1.69714e-06
-1.66923e-06
-1.67806e-06
1.67195e-06
-1.53789e-06
-1.08308e-09
1.67993e-06
-1.67993e-06
-1.67087e-06
1.64389e-09
-1.70138e-06
1.2774e-06
-1.67341e-06
-1.69829e-06
-1.67506e-06
-1.66875e-06
-1.04117e-06
-1.51689e-07
-3.18826e-10
1.67809e-06
1.72122e-07
-1.37732e-06
-1.31383e-06
1.13186e-06
-1.67059e-06
1.84079e-09
1.67801e-06
-1.30983e-06
2.62346e-07
1.21454e-06
8.52465e-08
-1.1303e-06
-1.66822e-06
-1.9941e-07
-1.09486e-06
1.27274e-06
-1.67809e-06
-1.67901e-06
-1.67007e-06
1.84827e-09
-1.84128e-07
1.39657e-06
1.2351e-06
-1.14332e-06
-1.66778e-06
1.00856e-06
-1.07507e-06
-2.57784e-09
-1.67131e-06
1.68572e-06
9.13198e-08
-1.77704e-06
-1.27143e-06
-1.6915e-06
-1.66973e-06
1.94984e-09
-1.6005e-06
-2.49992e-07
-1.66729e-06
-8.80063e-08
-1.13853e-06
-6.1797e-07
-1.67081e-06
3.51744e-09
1.30389e-06
-1.27972e-06
-1.66617e-06
-1.66832e-06
-1.67416e-06
5.84059e-09
1.66611e-06
1.66742e-06
-3.16323e-09
-1.66967e-06
1.59073e-06
-1.66977e-06
1.26998e-06
8.96695e-08
1.17075e-06
-1.64746e-08
1.17941e-06
1.31257e-09
7.21648e-07
-1.67255e-06
1.67282e-06
-1.26151e-06
1.67673e-06
2.33985e-09
-1.27346e-06
-1.62329e-06
-1.44632e-06
-3.43915e-07
1.04342e-06
-1.05142e-06
-1.67528e-06
1.2685e-06
-3.33914e-09
-1.668e-06
-1.67209e-06
1.67168e-06
-1.68253e-06
-1.67135e-06
-1.67325e-06
1.15893e-09
-1.67056e-06
-1.16725e-06
-1.28026e-07
-1.6715e-06
-1.6426e-06
-1.30038e-06
-1.66966e-06
1.25386e-06
-1.67461e-06
3.10255e-09
-1.67444e-06
1.2774e-06
6.71666e-07
-5.59231e-08
-1.65433e-06
1.05384e-06
-1.33663e-06
7.98731e-07
7.80052e-07
1.26732e-06
-1.66883e-06
9.41425e-10
-1.65355e-06
-4.23563e-07
-1.66075e-07
-2.44307e-07
-1.6694e-06
-1.66987e-06
-1.67272e-06
-1.66035e-06
4.85602e-07
-1.48921e-06
-1.6683e-06
-1.67174e-06
1.67088e-06
-1.68035e-06
-1.25756e-06
-1.66608e-06
1.23375e-06
-1.23375e-06
-1.67489e-06
3.15263e-09
-1.67272e-06
-1.66409e-06
-1.67474e-06
2.02267e-09
1.67958e-06
-2.99395e-09
9.80517e-07
-1.66781e-06
-1.66575e-06
-2.12711e-07
7.47792e-08
1.15897e-06
-7.13076e-07
-5.67022e-07
-6.73561e-07
-6.43872e-07
1.34833e-06
-1.65151e-06
-1.26976e-06
-1.66712e-06
1.26313e-06
-1.67003e-06
1.54006e-08
1.06783e-06
-1.67009e-06
1.58736e-07
-1.66666e-06
1.67332e-06
-6.51129e-07
-6.79704e-07
-5.5159e-07
-7.38792e-07
-1.67831e-06
1.66078e-06
-1.6665e-06
-6.68997e-07
-6.60499e-07
-7.19183e-07
-5.94038e-07
-7.06508e-07
-6.2033e-07
-6.70124e-07
-5.84765e-07
-6.61557e-07
-6.59468e-07
-5.09817e-07
-7.92029e-07
1.27346e-06
-1.6669e-06
-1.66589e-06
-1.20548e-06
4.07782e-08
-1.66685e-06
8.35491e-07
-3.11475e-07
-1.07742e-06
1.3889e-06
-9.1224e-07
-1.66551e-06
1.20548e-06
-3.77634e-07
-1.66657e-06
-1.24934e-06
-1.1462e-06
4.71875e-07
1.10566e-06
-1.66492e-06
-1.66661e-06
-1.66782e-06
-1.40782e-09
1.66883e-06
-1.66624e-06
-3.75972e-09
1.66987e-06
-1.67595e-06
-1.27636e-06
-1.6828e-07
-1.66554e-06
-1.6644e-06
-1.25199e-06
-1.66077e-06
-1.66576e-06
-1.32874e-06
-1.66391e-06
2.22479e-07
-1.66356e-06
-1.6653e-06
1.31857e-06
-1.66129e-06
-1.66335e-06
1.26169e-06
-1.66486e-06
-1.26885e-06
-1.65958e-06
-1.74791e-07
-1.66134e-06
-1.67188e-06
-1.65744e-06
-1.66604e-06
1.2768e-06
-1.65949e-06
1.19468e-06
5.30298e-09
1.25784e-07
1.12447e-06
1.18926e-06
-1.65728e-06
9.42108e-07
6.04085e-07
-1.67238e-06
-1.65638e-06
-2.18828e-09
-1.08533e-06
1.57093e-06
1.67799e-06
1.13397e-08
-1.65423e-06
-1.65753e-06
1.03194e-06
-1.20724e-06
-1.65738e-06
1.65854e-06
-1.65568e-06
-2.5031e-09
-1.66972e-06
1.23629e-06
-1.23629e-06
-1.38604e-06
6.81869e-07
-1.66662e-06
-1.66542e-06
8.19659e-08
-1.27792e-06
-1.32072e-06
-3.74363e-07
1.30908e-08
-1.67246e-06
-1.24748e-06
-1.33449e-06
1.33449e-06
-1.12087e-06
-1.27165e-06
-1.65165e-06
1.6548e-06
1.27165e-06
1.16785e-06
-4.12783e-09
-1.64872e-06
-8.22175e-07
-7.15973e-07
-1.6467e-06
1.64825e-06
-1.65124e-06
1.34795e-06
8.64733e-08
-1.25857e-06
-1.19468e-06
1.29437e-06
5.21374e-08
-3.94285e-08
1.27534e-06
-1.23591e-06
1.68008e-06
-1.26496e-06
1.50469e-06
-1.65151e-06
-1.31171e-06
9.47314e-07
-1.55296e-06
6.05651e-07
1.68188e-06
-1.58025e-08
-1.15897e-06
9.62504e-08
2.98109e-07
-1.22063e-06
5.275e-08
1.23064e-06
-1.30362e-06
-1.24297e-06
-1.34126e-06
-1.24861e-06
9.73965e-07
-1.66988e-06
4.61796e-07
-1.3755e-06
-1.38931e-06
-1.27417e-06
4.57931e-09
-1.34513e-06
1.29586e-06
-1.25528e-06
1.25023e-06
-1.66789e-06
-1.27863e-06
-3.13292e-07
-9.54073e-07
1.24811e-06
-5.05869e-09
1.62842e-06
-1.62842e-06
1.62362e-06
-1.62362e-06
1.25024e-06
-1.25024e-06
-1.30362e-06
-1.14749e-06
-3.25445e-07
-1.16377e-06
-1.17161e-06
1.43396e-06
-1.42839e-06
1.17839e-06
-9.00504e-07
-6.17616e-07
7.78004e-07
1.37365e-07
1.18926e-06
-1.28316e-06
-1.17439e-06
-1.31171e-06
-1.21097e-06
1.17439e-06
-2.98292e-07
-2.44231e-07
-5.3333e-07
-8.89792e-07
-6.15503e-07
-1.63519e-07
-8.59999e-07
-1.3233e-06
-1.32072e-06
7.74502e-07
7.82032e-07
8.57562e-07
-1.61507e-07
-1.84049e-08
-1.04059e-07
1.23003e-06
-1.03977e-06
8.76252e-07
2.83052e-07
-1.32874e-06
1.09029e-06
2.2262e-07
1.25303e-06
-1.05157e-06
1.16554e-06
-1.9893e-07
1.40416e-06
-1.2583e-06
1.06721e-06
-9.54364e-07
7.78421e-07
-4.25745e-07
-3.53329e-07
-6.2899e-07
-6.91553e-07
-6.40091e-07
-6.37433e-07
-1.33663e-06
-1.1647e-06
1.28949e-06
-7.82471e-07
-5.07017e-07
3.46004e-08
1.11032e-06
-1.20013e-06
4.13226e-07
-1.03303e-07
2.05428e-07
9.62422e-07
8.2166e-07
-1.1339e-06
6.49317e-07
-1.21634e-06
6.2899e-07
-1.27286e-06
-1.23413e-06
1.28212e-06
-3.1344e-08
1.97883e-07
-1.03345e-06
1.49524e-06
-6.41316e-07
-6.93315e-07
1.08337e-06
-1.32282e-06
1.30576e-06
7.64805e-08
1.10065e-06
-1.10065e-06
1.22747e-06
1.01515e-06
1.48294e-06
1.16027e-06
1.49461e-06
5.71195e-07
1.18975e-06
-3.85308e-07
-1.33471e-06
-1.26791e-06
9.40213e-07
-8.5074e-07
-1.0103e-06
-4.70514e-08
1.2341e-06
2.96981e-07
4.8144e-07
-1.15235e-07
-9.97531e-07
-1.26251e-06
-4.08973e-08
-1.09407e-06
1.07316e-06
-1.22743e-06
-8.0651e-07
-1.27417e-06
1.06364e-06
1.22389e-06
1.02736e-06
1.017e-06
2.94509e-07
9.53597e-07
-1.90607e-06
8.59999e-07
-1.21783e-06
-6.28679e-07
-7.97317e-07
5.34802e-07
-5.90726e-07
2.78945e-08
-1.33234e-06
1.02401e-06
4.25591e-07
9.16652e-07
-8.69992e-07
-6.58898e-07
1.32174e-06
-3.0094e-07
-1.51285e-07
1.17118e-07
1.12621e-06
-8.52415e-07
-1.08068e-06
-1.30294e-07
1.29405e-06
5.48522e-08
-4.90927e-07
6.52882e-08
-1.23114e-06
-1.01445e-07
-1.25914e-06
1.03728e-06
-6.72276e-07
-7.5163e-07
-1.34109e-06
-1.30026e-07
-1.14072e-06
-1.03434e-06
8.0651e-07
5.56721e-07
7.65278e-07
1.04465e-06
-9.4606e-07
-1.35053e-06
2.43038e-08
-4.97698e-07
-5.07745e-07
-9.65977e-07
1.23499e-06
4.49391e-07
9.31622e-07
1.16646e-06
1.21094e-07
-1.00726e-06
-1.13347e-06
1.20995e-06
-1.27263e-06
-1.09304e-06
1.37193e-06
-3.73745e-07
-1.0011e-06
-9.13187e-07
-1.11437e-06
-1.01098e-06
1.36815e-06
-1.00906e-06
1.04134e-06
2.15057e-07
9.92819e-07
-1.01517e-06
1.42185e-06
5.82655e-07
1.43422e-06
5.6973e-07
-1.01567e-06
1.42185e-06
1.43422e-06
-1.08284e-06
-1.07632e-06
-1.14562e-06
1.1864e-06
1.02777e-06
9.25816e-07
-9.30632e-08
6.27866e-07
1.38881e-06
3.00753e-07
1.05015e-06
-9.72797e-07
-1.13015e-06
1.03112e-07
1.00695e-06
8.88336e-07
-1.21216e-06
-1.06074e-07
1.17329e-06
1.04209e-06
1.13269e-06
-1.01557e-06
2.74927e-07
1.01607e-06
1.03517e-06
4.4908e-07
-9.3452e-07
1.11159e-06
-9.17856e-07
1.35909e-06
-1.08533e-06
-1.52857e-07
-1.0722e-06
8.74723e-07
-1.11695e-06
1.38421e-06
2.47585e-07
3.45371e-07
1.06615e-06
-5.96854e-08
9.8551e-07
3.19328e-07
9.89337e-07
-9.89337e-07
-1.08911e-06
1.00584e-06
-1.89371e-07
-8.5785e-07
-8.22682e-07
-7.56104e-07
8.22682e-07
-1.09081e-06
2.62382e-07
8.96553e-07
-1.46457e-09
-1.13707e-06
7.60716e-08
-1.03051e-06
1.13946e-06
-9.38546e-07
-1.07321e-06
-3.85149e-07
-8.6188e-07
1.61738e-07
-1.2566e-06
4.63689e-07
8.89792e-07
-1.03345e-06
1.08429e-06
-1.03885e-06
-1.52686e-06
7.44393e-07
7.97317e-07
1.0682e-06
4.61598e-07
9.00504e-07
1.06771e-06
1.05811e-06
-1.02412e-06
1.02412e-06
-1.09075e-06
-3.36048e-07
-9.8419e-07
1.7989e-07
8.22175e-07
8.91844e-07
3.08354e-07
1.06188e-06
-9.9477e-07
-1.09246e-06
-9.11651e-07
-3.52316e-07
-9.6279e-07
-4.16292e-08
1.61203e-07
4.24205e-08
5.19409e-08
-1.11439e-06
1.08546e-06
-1.205e-06
-2.37022e-07
7.84151e-07
6.04749e-07
1.12448e-06
1.14949e-06
6.00162e-07
8.33794e-07
5.57523e-07
-9.56005e-10
1.02497e-06
6.09109e-07
9.81397e-07
3.44231e-07
9.09147e-07
7.86778e-08
-1.22389e-06
1.11291e-06
9.5267e-07
-9.5267e-07
9.22784e-07
-9.22784e-07
1.28528e-07
9.3364e-07
-9.3364e-07
9.50821e-07
-9.50821e-07
-1.21801e-06
-1.19095e-07
-9.32326e-07
9.17856e-07
1.30892e-06
-3.19582e-07
-1.58914e-07
-2.50223e-07
-1.09069e-06
-1.01005e-06
-7.66616e-07
-7.86349e-07
2.84802e-07
-1.12792e-06
-1.08797e-06
-3.43697e-07
-1.01199e-06
-1.04387e-06
-1.91407e-07
8.82495e-07
-1.03439e-06
1.02684e-06
9.0334e-07
6.67594e-07
6.4437e-07
-9.73481e-07
-9.6861e-07
1.16232e-06
6.61568e-07
-1.13761e-06
6.7353e-07
1.08033e-06
-3.8511e-07
-4.0118e-07
-1.03794e-06
1.02968e-06
-1.03655e-06
1.14409e-06
-1.12423e-06
1.0622e-06
1.11001e-06
-1.07172e-06
-4.04723e-07
-3.92063e-07
-3.9054e-07
-9.55475e-07
9.88652e-07
1.30836e-06
1.01928e-06
9.40213e-07
-9.93299e-07
1.14939e-06
8.95978e-07
-9.8431e-07
-5.36299e-08
-3.92692e-07
-1.19318e-07
7.94369e-07
6.93946e-07
1.07316e-06
1.06738e-06
-1.90592e-08
-1.18525e-06
-1.0121e-06
-7.58634e-08
1.19255e-06
-3.59959e-07
9.75462e-07
-3.67372e-07
-1.08821e-06
9.52898e-07
1.09819e-07
7.18357e-07
9.81149e-07
-9.68237e-07
-3.63533e-07
1.10933e-06
-9.00507e-08
5.5964e-07
8.01148e-07
1.26763e-06
-9.92823e-07
9.90403e-07
1.0626e-06
-3.46631e-07
3.59458e-07
1.00109e-06
-8.76936e-08
-8.19534e-07
9.14004e-07
-1.12359e-06
-3.35233e-07
9.3452e-07
9.21416e-07
8.6188e-07
6.33365e-07
1.0508e-06
-7.56604e-07
1.0722e-06
3.08667e-07
-1.91235e-08
-9.80529e-07
-1.01351e-06
2.28349e-07
3.51882e-07
-1.0474e-06
-1.03633e-06
8.77246e-07
-1.02427e-06
1.11711e-06
-1.04931e-07
-8.21937e-07
9.26868e-07
-6.74489e-07
7.09028e-07
5.99333e-07
-1.07814e-06
-1.14833e-06
1.41397e-07
-9.5493e-07
-9.0334e-07
-1.42706e-07
1.22907e-06
-1.13232e-07
1.03465e-06
3.85467e-07
1.4918e-07
3.45043e-07
7.8254e-07
-8.87471e-07
1.07871e-06
9.60749e-07
4.02767e-08
-1.03404e-06
9.9376e-07
-3.74358e-08
8.07817e-08
-2.43327e-07
9.50902e-07
-9.10625e-07
-5.29071e-07
2.18872e-07
-1.26329e-06
2.26993e-07
-8.88345e-07
-3.33423e-08
3.71082e-07
1.98497e-07
6.18805e-07
-8.48856e-07
-1.0055e-06
3.38344e-07
-1.07445e-06
1.36877e-07
9.29156e-07
1.0267e-06
6.59392e-07
-9.08844e-07
2.25444e-07
-1.94195e-07
-2.01761e-07
-9.64208e-07
-6.29784e-07
-7.04571e-07
-1.3643e-07
1.69628e-06
-6.10736e-07
1.70151e-06
-9.94559e-07
9.13467e-07
3.27824e-08
-1.02689e-06
-1.02654e-06
-2.55107e-07
7.66065e-07
-8.32559e-07
9.43061e-07
1.75188e-07
-5.67288e-08
1.06876e-06
8.74175e-07
1.0295e-06
1.09628e-06
-3.5667e-07
-8.86189e-07
-9.44343e-07
-8.63561e-07
-2.71196e-07
1.02643e-06
1.09449e-06
1.04338e-07
3.00185e-07
6.6477e-07
-1.03868e-06
9.99991e-07
1.06718e-06
-4.43257e-08
)
;

boundaryField
{
    front
    {
        type            empty;
    }
    back
    {
        type            empty;
    }
    wall
    {
        type            calculated;
        value           uniform 0;
    }
    inlet
    {
        type            calculated;
        value           nonuniform List<scalar> 
12
(
-1.91276e-06
-1.9154e-06
-1.9193e-06
-1.89644e-06
-1.98457e-06
-1.92482e-06
-1.97986e-06
-2.00451e-06
-2.00395e-06
-2.02756e-06
-2.02615e-06
-2.02473e-06
)
;
    }
    outletLeft
    {
        type            calculated;
        value           nonuniform List<scalar> 9(1.31743e-06 1.33083e-06 1.3295e-06 1.32684e-06 1.32103e-06 1.32054e-06 1.32231e-06 1.352e-06 1.35739e-06);
    }
    aneurysm
    {
        type            calculated;
        value           uniform 0;
    }
    outletRight
    {
        type            calculated;
        value           nonuniform List<scalar> 9(1.2801e-06 1.29038e-06 1.31322e-06 1.25489e-06 1.30185e-06 1.27752e-06 1.29063e-06 1.31875e-06 1.31485e-06);
    }
}


// ************************************************************************* //
