/*--------------------------------*- C++ -*----------------------------------*\
  =========                 |
  \\      /  F ield         | OpenFOAM: The Open Source CFD Toolbox
   \\    /   O peration     | Website:  https://openfoam.org
    \\  /    A nd           | Version:  12
     \\/     M anipulation  |
\*---------------------------------------------------------------------------*/
FoamFile
{
    format      ascii;
    class       surfaceScalarField;
    location    "0.27";
    object      phi;
}
// * * * * * * * * * * * * * * * * * * * * * * * * * * * * * * * * * * * * * //

dimensions      [0 3 -1 0 0 0 0];

internalField   nonuniform List<scalar> 
6438
(
-4.36315e-08
5.47755e-06
-5.43391e-06
-4.70501e-08
6.36363e-06
-6.31658e-06
-5.97129e-06
-1.01871e-06
6.99e-06
5.6635e-06
-6.21935e-06
5.55842e-07
8.69856e-06
-6.79737e-06
-1.90119e-06
1.96248e-06
6.73608e-06
-6.79259e-06
8.21305e-07
-5.88196e-06
5.83491e-06
6.36244e-06
-7.59142e-06
1.22898e-06
5.90464e-06
-6.92877e-06
1.02413e-06
-5.70973e-06
6.95347e-06
-1.24373e-06
1.36938e-06
-6.25425e-06
4.88487e-06
-7.0803e-06
1.37057e-06
5.42663e-06
2.49239e-06
-7.91902e-06
5.10137e-06
-5.145e-06
-2.88558e-07
5.97782e-06
-5.68927e-06
-7.532e-06
7.30623e-06
2.25762e-07
-5.70301e-06
6.93127e-06
-1.22826e-06
-7.08068e-06
1.37767e-06
2.24764e-06
4.74374e-06
-6.99138e-06
-1.63564e-06
-1.06752e-06
2.70316e-06
-3.47005e-07
6.25969e-06
-5.91269e-06
-5.81014e-06
-9.40882e-07
6.75102e-06
-7.11572e-06
3.11748e-06
3.99825e-06
-6.16586e-06
5.81885e-06
-5.47589e-06
6.65683e-06
-1.18093e-06
-6.70734e-06
8.97199e-07
6.34634e-06
-4.97696e-06
-5.76544e-06
-1.08623e-06
6.85167e-06
-6.98173e-06
1.50584e-06
5.33295e-06
-6.71651e-06
1.38355e-06
2.92707e-08
-6.53566e-06
6.50639e-06
6.39686e-06
-6.43855e-06
4.16855e-08
-6.33854e-06
1.06264e-06
5.2759e-06
-8.55643e-06
1.38745e-06
7.16898e-06
6.0187e-06
-5.98943e-06
6.07471e-06
-4.11203e-07
3.94062e-06
5.52184e-06
-9.46247e-06
-1.96185e-06
7.38848e-06
-5.6509e-06
6.21111e-06
-5.6021e-07
-6.54969e-06
6.49139e-06
5.82987e-08
-2.7158e-06
4.96344e-06
5.85412e-06
5.05245e-08
-7.03909e-06
6.89504e-06
1.44049e-07
6.29614e-06
-9.63184e-07
-4.75205e-06
4.46349e-06
-8.18545e-06
1.38808e-06
6.2255e-06
5.9814e-07
-6.82364e-06
-4.82625e-06
-1.51229e-06
-8.90225e-07
-5.82215e-06
6.60737e-06
-7.85221e-07
-4.32049e-06
6.24437e-06
-1.92388e-06
6.27918e-06
-6.27918e-06
1.97564e-06
4.76196e-06
6.25835e-07
-5.38779e-06
2.79444e-06
1.36344e-06
-4.15788e-06
5.31464e-06
1.12706e-06
-6.4417e-06
5.1352e-06
-2.01773e-06
-2.97673e-06
-5.20872e-06
-6.19372e-08
5.53646e-06
-5.47452e-06
-6.82682e-06
6.82682e-06
-7.07531e-06
7.15054e-06
-7.52219e-08
2.87464e-07
5.25477e-06
-5.54223e-06
1.95271e-08
-6.44122e-06
6.42169e-06
5.97819e-06
-5.95866e-06
-6.51893e-06
7.53484e-07
-6.53445e-06
-5.04648e-07
-5.62113e-06
6.18172e-06
-5.60585e-07
6.22067e-07
5.3828e-06
-6.00487e-06
-6.61199e-06
6.3579e-06
2.5409e-07
6.44356e-06
-6.44356e-06
5.98479e-06
3.77645e-07
-3.93388e-06
-2.99489e-06
5.6135e-06
1.18363e-06
-6.79713e-06
-5.50453e-06
-1.04517e-06
4.89149e-06
3.77669e-06
-8.66818e-06
-7.57147e-06
4.85566e-06
-4.82608e-06
-2.74538e-06
6.67885e-06
-1.06535e-06
3.97615e-06
-1.18171e-06
5.40141e-06
6.21483e-07
-6.02289e-06
-6.66145e-06
-4.13865e-07
-9.39611e-07
-1.62427e-06
-5.20255e-06
7.22387e-06
-7.22387e-06
-4.77119e-06
-1.8408e-06
-4.32085e-07
-8.12435e-06
-6.23289e-06
6.20778e-06
2.51076e-08
2.24653e-07
-6.31015e-06
6.08549e-06
-6.9326e-07
6.09467e-06
6.23722e-06
1.59639e-07
-6.5158e-06
-1.0162e-06
-6.58273e-06
6.75217e-06
-1.69443e-07
6.86004e-06
-3.84028e-06
-3.01975e-06
6.16112e-06
-5.93646e-06
1.25009e-07
6.90293e-06
-3.51285e-06
-3.39007e-06
3.92933e-06
2.93071e-06
6.34031e-06
-6.34031e-06
-4.86273e-06
6.97775e-06
-2.11502e-06
-6.11303e-06
2.90881e-07
-8.3504e-07
-4.95268e-06
5.78772e-06
-5.72846e-06
2.23927e-07
-6.14057e-06
1.27784e-06
5.29984e-06
1.1731e-06
-6.47294e-06
-3.62724e-07
5.66257e-06
-5.53362e-06
6.39395e-06
-8.60322e-07
-5.88035e-06
2.29453e-07
4.04488e-06
2.85805e-06
6.11985e-06
-1.23497e-06
2.6267e-07
6.01651e-06
-5.28395e-06
-4.44502e-07
5.52581e-06
1.17615e-06
-6.70196e-06
-3.05352e-06
-2.63669e-06
5.6902e-06
4.02172e-06
-5.03933e-07
-3.51778e-06
-6.53566e-06
1.32461e-06
6.55673e-06
-7.88134e-06
-3.03804e-06
1.4024e-06
6.53993e-06
1.16902e-07
7.08176e-06
-3.66673e-06
-3.41502e-06
2.37187e-06
4.70989e-06
6.62145e-06
-1.09564e-06
8.07381e-06
-4.13318e-06
-5.98201e-06
1.44236e-08
5.96758e-06
-8.55463e-06
8.7708e-07
7.67755e-06
-9.80278e-08
-5.93718e-06
6.0352e-06
6.53216e-06
3.62881e-07
-5.03705e-06
4.97511e-06
-6.01105e-06
6.1321e-06
-1.21043e-07
6.08643e-06
-6.18446e-06
6.27905e-06
-6.27905e-06
6.18707e-06
1.76557e-07
6.19904e-06
-1.43708e-06
6.11653e-06
-5.82907e-06
-5.38646e-06
4.55141e-06
5.5193e-08
5.9349e-06
-5.99009e-06
6.97097e-06
-4.88625e-06
-2.08472e-06
-6.44122e-06
-9.20916e-08
7.18591e-08
-5.95382e-06
-5.96867e-06
3.47533e-07
6.90837e-08
5.94962e-06
5.75762e-06
-5.13555e-06
-5.93799e-06
4.04362e-07
6.02561e-06
-1.71497e-07
-2.1484e-07
5.24287e-06
-5.02803e-06
4.12066e-06
2.85032e-06
-6.17642e-06
1.32411e-06
4.85231e-06
6.29231e-06
-4.79423e-08
-8.32378e-06
7.60139e-07
7.56364e-06
-8.42101e-08
-5.90583e-06
5.99004e-06
3.92611e-06
9.56081e-08
3.74218e-07
5.91809e-06
5.85881e-06
4.87534e-07
6.05053e-06
-6.13474e-06
-6.30511e-06
-2.10694e-07
6.43024e-06
-6.90625e-06
4.7601e-07
-5.75139e-06
-2.30615e-07
-6.99873e-06
3.03464e-06
3.96409e-06
5.48e-09
6.05181e-06
2.0788e-07
-5.69404e-06
6.62084e-06
-9.26796e-07
-6.28268e-06
5.40836e-06
8.74324e-07
-8.48958e-07
2.19336e-06
-1.3444e-06
-1.96716e-06
-5.01457e-06
-6.31015e-06
-4.98874e-08
6.02807e-06
1.84473e-06
5.13302e-06
-1.00907e-07
-6.13729e-06
-2.85655e-08
-1.29286e-07
-6.71156e-06
5.67237e-06
1.03919e-06
-3.95655e-07
4.99903e-06
9.85762e-07
9.81039e-06
-4.28855e-06
-2.07606e-06
-5.00462e-06
6.15425e-06
8.29705e-08
-5.28587e-06
2.23235e-06
-2.37069e-06
-3.74569e-06
6.11638e-06
-2.117e-06
-4.9633e-06
-3.44801e-06
8.33949e-06
-6.34315e-06
2.05863e-07
-5.99014e-06
6.01326e-06
-2.31209e-08
-4.95267e-06
4.73783e-06
-7.22064e-08
-5.87079e-06
5.94299e-06
-6.45296e-06
1.09803e-07
5.3839e-06
-6.40583e-06
1.02193e-06
5.99785e-06
-6.07006e-06
5.36042e-06
-2.03016e-06
-3.33026e-06
-8.10535e-06
2.86986e-06
5.23549e-06
5.49776e-06
5.2785e-07
4.54157e-06
2.76467e-06
1.32833e-06
5.89553e-06
-1.57382e-06
-5.65005e-06
-6.52823e-06
6.47132e-06
5.69168e-08
-6.51101e-06
-1.72255e-08
-6.47697e-06
-3.40386e-08
1.8359e-08
1.68375e-06
-9.4353e-06
7.75156e-06
-7.01055e-06
8.33516e-06
5.53597e-06
-5.48078e-06
5.91405e-06
2.47063e-07
4.82823e-07
4.8776e-06
-5.93718e-06
-5.38323e-06
5.35706e-06
6.69246e-07
-6.02631e-06
-3.11008e-08
-1.27667e-06
9.42245e-06
-8.14577e-06
8.93885e-06
-6.44646e-06
-2.70987e-06
4.07331e-06
-1.71803e-06
-5.2807e-06
-4.69331e-06
-3.41204e-06
-5.93618e-06
-3.68928e-07
-5.97723e-06
5.97639e-06
8.4018e-10
-9.45783e-07
5.6135e-06
-4.66772e-06
-6.41385e-06
6.45903e-06
-4.51815e-08
-6.34697e-06
-6.68784e-08
-8.1606e-06
5.07374e-07
7.65322e-06
-5.70553e-06
-3.70131e-07
6.07566e-06
6.3897e-06
6.93362e-08
-1.13613e-06
-6.98328e-06
2.54226e-06
4.44103e-06
4.07604e-08
-3.69901e-06
-3.28427e-06
-8.72714e-08
-6.52996e-08
-5.83804e-06
5.90334e-06
-6.00492e-06
2.99392e-07
5.4267e-06
7.27551e-07
6.25427e-06
-5.9916e-06
5.94194e-06
-6.00724e-06
5.91566e-06
1.70768e-07
2.90666e-06
6.03219e-06
6.18063e-06
-1.1816e-06
-4.8478e-07
-8.06985e-06
-3.54482e-07
4.877e-06
-4.52252e-06
-6.31679e-06
-3.01819e-08
-6.31593e-06
-8.63279e-10
6.36715e-06
-6.32173e-06
-4.54219e-08
6.29723e-06
6.99169e-08
-5.90583e-06
1.45757e-06
-2.00226e-06
5.44693e-07
-7.13072e-06
4.17059e-06
2.96013e-06
3.19663e-06
-6.40726e-06
3.21063e-06
-5.59265e-06
-5.20385e-07
-5.95732e-06
5.92779e-06
2.95339e-08
-6.19914e-06
5.9781e-06
2.21037e-07
-4.94823e-07
6.34378e-06
-5.84896e-06
-6.15496e-06
1.50038e-07
-6.83366e-06
8.51741e-06
-6.36089e-07
-5.54034e-06
-6.42447e-06
5.92965e-06
-5.03462e-06
-4.63699e-07
5.49832e-06
-4.72156e-06
6.25645e-06
4.07805e-08
-4.28837e-06
-1.14693e-06
1.27178e-06
-1.24853e-07
-5.94733e-08
2.29502e-07
-8.15239e-06
7.92289e-06
-4.57167e-06
-2.22092e-06
-6.34729e-06
6.21661e-06
1.30683e-07
-6.24968e-06
-9.76136e-08
-2.24872e-06
1.39976e-06
5.90507e-06
1.45459e-07
6.30772e-06
-1.05296e-06
6.24321e-06
-6.23562e-06
-7.58248e-09
-1.69106e-08
-5.79347e-06
5.81039e-06
6.53378e-06
-4.68905e-06
-7.8524e-08
6.48661e-06
3.65768e-06
-1.01443e-05
6.42771e-06
-6.42771e-06
9.92065e-07
5.83475e-06
-2.26796e-06
-4.01122e-06
-5.12198e-06
6.17252e-06
-1.05054e-06
-6.85186e-07
-5.51395e-06
5.91209e-06
-5.929e-06
-5.66066e-06
9.71197e-08
5.56354e-06
1.08672e-06
-5.73786e-06
4.65115e-06
-5.94048e-06
5.87947e-06
6.10108e-08
3.79412e-06
2.73967e-06
-1.85499e-07
-9.61427e-07
-3.56517e-06
-3.56555e-06
-1.36229e-06
-6.34125e-06
6.47206e-07
-5.87079e-06
5.3196e-06
1.11064e-06
-4.94377e-06
-5.54949e-06
5.14867e-07
-5.66287e-06
3.29218e-06
6.42481e-06
-5.22354e-06
-1.20127e-06
1.0981e-06
5.15617e-06
-4.55152e-06
-2.15581e-06
-6.28595e-06
6.28595e-06
6.28645e-06
-6.04466e-06
-2.41794e-07
3.6261e-07
-5.95526e-06
-5.02935e-06
5.68537e-06
-6.56014e-07
-1.99364e-06
9.26125e-07
5.85732e-06
-5.88584e-06
2.85173e-08
6.14998e-06
6.66286e-08
6.21549e-06
7.09581e-08
9.39327e-06
-5.99382e-06
-1.61136e-07
-5.25874e-06
4.31295e-06
5.89731e-06
1.00539e-07
6.19647e-06
-6.16097e-06
-3.54963e-08
-5.32086e-08
-8.56414e-08
6.46859e-07
-5.31317e-06
4.66631e-06
-1.87014e-07
-8.13677e-06
1.94599e-06
4.39509e-07
-5.46886e-06
-5.92825e-06
5.83791e-06
9.03428e-08
5.91558e-06
-5.31676e-07
-2.76343e-06
-3.67511e-06
-8.28722e-06
6.14334e-07
-3.3242e-06
-9.84185e-07
2.47008e-08
6.09414e-06
-5.42489e-06
-5.83804e-06
-5.84763e-06
1.52229e-07
5.6954e-06
8.25559e-06
1.16686e-06
4.75745e-06
2.39308e-06
5.75747e-06
-2.56084e-06
6.01363e-06
-3.41262e-07
1.37895e-05
-1.01318e-05
-9.4353e-06
-3.0236e-06
-3.25908e-06
-7.60892e-08
6.41001e-06
-6.00538e-06
-4.04634e-07
6.07521e-06
1.40288e-07
7.02947e-07
-5.82492e-06
-4.32193e-06
4.96879e-06
5.89084e-06
5.10996e-08
4.62743e-06
2.05142e-06
6.18e-06
2.3001e-07
6.17423e-06
-6.08567e-06
-8.85517e-08
-2.77919e-06
-3.93731e-06
-2.78037e-07
5.6864e-06
1.0581e-07
-6.54937e-06
5.11969e-06
-4.03297e-06
-8.57687e-08
1.29567e-07
4.99268e-06
-5.42244e-06
4.29764e-07
9.12276e-07
5.26024e-06
8.37935e-06
-8.14985e-06
2.9158e-06
3.69157e-06
-5.91305e-06
5.84357e-06
6.94733e-08
-1.36505e-07
-3.43609e-06
1.88055e-06
1.55555e-06
-6.15621e-08
6.42436e-06
-6.42436e-06
7.25443e-06
-4.20559e-06
-3.04884e-06
-5.32633e-06
-8.93019e-07
4.49098e-06
2.13047e-06
6.14472e-06
3.52847e-08
-5.79347e-06
5.74814e-06
3.64805e-08
-5.78462e-06
4.70678e-06
6.54937e-06
-6.50639e-06
1.66076e-07
7.64836e-06
-6.77128e-06
5.92307e-06
-6.31081e-06
5.88101e-06
-1.32868e-07
5.30891e-06
-5.74448e-06
5.71419e-06
3.02959e-08
2.69038e-07
4.60858e-06
-4.87762e-06
-5.2283e-06
4.31793e-06
-3.9182e-07
5.46879e-06
7.42322e-07
-5.22534e-08
-5.0551e-06
-8.82889e-07
-7.5684e-06
4.78921e-06
8.01575e-09
-5.75941e-06
-6.13356e-06
-2.90916e-07
8.21619e-06
-4.43949e-06
5.90412e-08
-1.06263e-06
6.53281e-06
-5.47018e-06
-2.79108e-06
-6.45012e-07
5.72204e-06
-5.78398e-06
6.19404e-08
-5.92307e-06
5.87208e-06
2.54675e-06
3.6393e-06
-6.18605e-06
6.15742e-06
-1.16474e-06
5.1179e-07
5.46603e-06
6.03848e-06
5.82362e-07
6.58663e-07
7.98908e-07
-6.42169e-06
1.42643e-07
-5.09864e-06
5.80159e-06
-2.9529e-06
3.56723e-06
5.45266e-07
-5.35712e-06
4.81186e-06
-4.31735e-08
1.14018e-07
-5.34462e-06
-6.07735e-06
5.96615e-06
1.11208e-07
-5.83056e-06
6.07015e-07
3.80372e-06
3.45071e-06
-3.28105e-06
6.72822e-06
-3.44717e-06
6.74206e-06
-6.29426e-06
-4.47803e-07
1.67355e-07
4.15057e-06
-5.78575e-06
-6.18754e-08
5.87239e-06
8.61952e-09
2.90413e-06
-1.02358e-06
7.47532e-06
-6.71518e-06
5.36118e-06
8.20537e-07
3.38404e-07
-5.9626e-06
9.07497e-07
9.15662e-08
-5.19021e-06
6.65857e-06
-5.38073e-06
5.42876e-06
-3.30466e-07
-5.16762e-06
5.49809e-06
-5.84396e-06
6.08549e-06
-7.2229e-08
-8.85312e-06
7.07345e-07
-3.74043e-08
5.73256e-06
1.11014e-07
-5.41377e-06
-5.94033e-06
5.91533e-06
2.50036e-08
7.10734e-06
-4.12684e-06
-2.9805e-06
-4.98536e-06
-4.48487e-07
5.43385e-06
-1.34492e-08
-5.87559e-06
1.26333e-07
-6.34975e-07
6.2747e-06
-5.63973e-06
-5.75252e-06
5.78104e-06
-8.34761e-06
-1.21885e-06
-8.0753e-06
7.87305e-06
2.02246e-07
4.6097e-06
2.34377e-06
5.396e-06
4.83718e-07
-5.87972e-06
5.73372e-06
-2.35958e-07
4.62334e-06
2.30793e-06
-4.09233e-06
1.30125e-06
-5.79437e-06
5.03412e-06
-5.72738e-06
-7.77951e-06
7.75126e-06
2.82559e-08
7.02868e-06
-5.64122e-06
5.73141e-06
-1.7221e-08
3.52332e-07
-5.34508e-06
4.99275e-06
-8.64198e-08
-7.69309e-06
6.94614e-06
-6.94614e-06
-3.1604e-06
5.9592e-06
-2.7988e-06
-5.73648e-06
5.73648e-06
5.86534e-06
-5.18542e-06
-6.7993e-07
5.45608e-06
1.29609e-06
6.11262e-06
-5.01452e-06
6.0442e-06
-6.7811e-08
-4.73202e-06
-7.58148e-07
5.49017e-06
-7.68465e-06
7.71066e-06
-2.60101e-08
7.08708e-06
-4.26608e-06
-2.821e-06
1.03611e-06
5.07651e-06
-7.7651e-06
7.72624e-06
3.88575e-08
-1.27861e-09
-5.65043e-08
7.66275e-06
-7.60625e-06
-7.73545e-06
7.73545e-06
-9.21382e-08
5.81418e-06
8.30065e-06
-7.73815e-06
-5.62502e-07
-7.7699e-06
7.7134e-06
7.76326e-06
-7.72365e-06
-3.9618e-08
-5.65656e-06
-1.27424e-07
6.61621e-06
-8.82224e-08
7.71159e-06
-7.62336e-06
7.71401e-06
-7.72851e-06
1.45037e-08
-5.83029e-06
7.67395e-06
-1.11936e-08
-5.93324e-06
5.88018e-06
5.30605e-08
-7.67246e-06
7.70006e-06
-2.75943e-08
5.87676e-06
-5.72453e-06
-7.74937e-06
7.66115e-06
5.94303e-06
-1.8887e-06
2.83038e-06
3.70243e-06
-4.29708e-06
-3.27131e-06
-7.72244e-06
7.72244e-06
-7.75784e-06
-1.20611e-08
7.18177e-06
-1.31646e-06
-5.86531e-06
-5.06344e-06
3.43918e-06
1.93593e-07
7.68627e-06
-7.71003e-06
2.37657e-08
5.65762e-06
-5.65188e-06
-5.74185e-09
7.92574e-06
-7.71995e-06
-2.05787e-07
7.64639e-06
3.9881e-08
7.63231e-06
7.92719e-08
-1.56699e-08
-5.72081e-06
-7.07914e-06
3.89597e-06
3.18317e-06
-5.71275e-06
5.74923e-06
7.67057e-06
-2.41801e-08
8.05645e-07
5.20799e-06
4.12491e-06
-1.57816e-06
-7.73816e-06
-1.1208e-08
6.31117e-06
3.74535e-06
-6.38204e-06
-9.71784e-07
-7.88133e-06
5.75702e-06
-5.79017e-06
3.31427e-08
-2.66806e-07
-7.80849e-06
5.99479e-06
-6.70004e-08
6.66586e-06
-4.561e-06
-2.10487e-06
-5.76957e-06
7.68222e-06
-7.68222e-06
5.49564e-06
7.01619e-08
-5.5658e-06
5.91617e-06
-7.69837e-06
7.68829e-06
1.00796e-08
7.64402e-06
-7.7176e-06
7.35808e-08
4.86676e-06
-6.44058e-06
-2.05031e-08
-7.64418e-06
7.66468e-06
7.62656e-06
-7.64707e-06
-2.55417e-07
8.12847e-06
-6.10809e-06
6.61546e-06
-6.90942e-06
4.79241e-06
-1.21493e-07
7.87275e-06
6.6218e-07
3.41113e-06
6.34133e-08
7.11836e-06
-2.06206e-08
6.16132e-06
-6.1407e-06
-5.23359e-08
-7.71686e-06
-4.82388e-08
6.33354e-06
-6.33441e-07
-5.7001e-06
-7.66549e-06
7.66549e-06
4.50236e-06
-3.87652e-06
-7.72903e-06
7.7088e-06
2.02248e-08
5.90254e-06
-5.90254e-06
5.74721e-06
-8.9592e-08
7.67598e-06
-7.6883e-06
1.23263e-08
-7.40902e-06
2.0258e-06
7.74818e-09
-5.70175e-06
5.694e-06
6.1838e-06
-5.1708e-08
7.69219e-06
7.10784e-08
4.66609e-06
7.96608e-07
-5.46269e-06
7.71563e-06
-4.16839e-08
5.99329e-06
-5.99329e-06
7.66656e-06
-7.63993e-06
-2.66296e-08
-5.862e-06
5.81899e-06
4.30131e-08
7.72521e-06
-7.70177e-06
-2.34454e-08
-7.67816e-06
7.67816e-06
1.14199e-06
5.3755e-06
1.81234e-07
-5.55673e-06
-7.72965e-06
7.70956e-06
2.00936e-08
-2.8443e-08
-5.78778e-06
5.75472e-06
2.30069e-09
7.18455e-06
-1.35889e-06
-5.82566e-06
4.96342e-06
7.64711e-06
-7.66819e-06
2.10829e-08
5.90972e-06
6.31359e-06
8.90016e-08
5.40664e-06
7.84137e-06
-1.49187e-07
7.62204e-06
2.50644e-08
5.60846e-06
-5.60846e-06
-2.9529e-06
7.75495e-06
-7.69406e-06
-2.35367e-08
7.69005e-06
-7.66108e-06
-2.89712e-08
1.50281e-07
-7.836e-06
7.68572e-06
8.05415e-07
-7.75156e-06
-7.71567e-06
7.70239e-06
1.32801e-08
5.57023e-06
-5.56743e-06
-2.7985e-09
5.86534e-06
-5.17658e-06
5.17658e-06
7.63748e-06
-1.54417e-08
-5.72675e-06
-5.34508e-06
5.396e-06
5.94126e-06
-6.17835e-08
-1.73511e-08
6.08507e-07
-7.58517e-06
7.6888e-06
-7.69122e-06
2.41764e-09
1.84201e-07
5.38603e-06
1.77373e-07
6.15616e-06
5.79261e-06
-4.54054e-08
-7.69842e-06
7.68953e-06
8.89328e-09
7.63058e-06
-7.65182e-06
2.12387e-08
-7.69157e-06
-3.74566e-08
7.67065e-06
-7.65052e-06
-2.01367e-08
5.79171e-06
1.10832e-07
7.67548e-06
3.33273e-08
-9.61928e-09
7.65822e-06
3.13028e-08
-1.16967e-09
-5.6725e-06
-7.77495e-06
8.18615e-08
-5.75418e-06
5.75418e-06
7.06123e-08
7.11394e-06
-5.84707e-06
1.11505e-06
4.01932e-08
7.67382e-06
3.19121e-07
-5.52806e-06
5.20894e-06
5.32072e-08
7.68225e-06
7.32887e-06
-7.99357e-06
5.78605e-06
2.07238e-07
7.62656e-06
-5.92857e-08
5.43478e-06
-5.59575e-06
2.83199e-08
5.51286e-06
-8.46776e-07
-7.64561e-06
7.64561e-06
-7.6866e-06
-4.30531e-08
5.18542e-06
-5.37501e-06
1.8959e-07
-7.68225e-06
5.66239e-06
-5.65464e-06
7.6717e-06
3.78588e-08
-7.67531e-06
-6.82582e-06
4.74976e-06
-7.70801e-06
7.69521e-06
1.28045e-08
5.24155e-06
4.92166e-07
5.70175e-06
3.47382e-08
-7.62094e-06
7.67313e-06
-5.21856e-08
-5.78831e-06
5.73679e-06
5.15222e-08
-7.64534e-06
2.43973e-08
5.76683e-06
-1.21048e-08
3.20261e-07
-5.96178e-06
5.64152e-06
7.64352e-06
-7.67733e-06
3.38064e-08
6.21776e-06
-6.50867e-06
7.64268e-06
-7.64185e-06
-8.32452e-10
-4.88522e-06
4.88522e-06
-6.01426e-06
6.01426e-06
-7.63392e-06
-1.14201e-08
-3.56723e-06
4.22941e-06
-7.65571e-06
7.64446e-06
1.12567e-08
5.9624e-08
7.66282e-06
4.77468e-06
-4.22941e-06
-4.77468e-06
5.04371e-06
5.06906e-06
-5.82721e-06
6.98623e-06
-4.14044e-06
-2.8458e-06
-7.68313e-06
-3.25368e-08
-1.10866e-06
-5.04371e-06
6.15237e-06
7.67352e-06
2.8868e-08
-5.81354e-06
5.38818e-06
7.69553e-06
-7.67999e-06
-1.55376e-08
-7.65041e-06
-5.76146e-06
5.78696e-06
-1.78508e-07
-2.04733e-08
7.69104e-06
7.65893e-06
-5.694e-06
-7.84144e-06
-4.60014e-06
5.87972e-06
-1.27957e-06
-7.61667e-06
-2.75112e-08
7.64892e-06
9.30648e-09
4.46106e-06
-4.55669e-06
9.56346e-08
8.76094e-09
5.37501e-06
-5.59062e-06
2.15614e-07
3.52135e-06
3.58599e-06
-7.67968e-06
-2.8335e-08
-5.81592e-06
7.61529e-06
-7.60894e-06
-6.34578e-09
7.67052e-06
2.4689e-08
-7.6927e-06
7.68442e-06
8.27068e-09
5.88e-06
5.79171e-06
-7.63481e-06
7.61814e-06
1.66682e-08
7.68869e-06
-7.68533e-06
-3.36167e-09
-5.7177e-06
5.78605e-06
7.63119e-06
-7.63119e-06
3.03426e-08
7.69589e-06
-4.81849e-06
-1.02858e-06
7.64724e-06
-3.72015e-09
-9.83824e-07
5.22429e-06
-4.24047e-06
7.62762e-06
-7.62101e-06
-6.60436e-09
2.3325e-08
7.6589e-06
7.61377e-06
-7.62052e-06
6.74888e-09
-7.7027e-06
-7.67505e-06
-4.62151e-06
6.58718e-09
7.6817e-06
-8.03404e-09
-7.65417e-06
7.6622e-06
-7.63171e-06
7.61508e-06
1.66324e-08
-7.67937e-06
-1.33288e-08
-5.81347e-06
-5.61418e-06
1.84293e-08
7.67156e-06
1.2866e-08
-7.62481e-06
7.62159e-06
3.21934e-09
-7.63005e-06
2.8649e-08
7.6014e-06
7.67706e-06
1.84618e-08
-7.65332e-06
-2.6671e-08
-5.58231e-06
-2.6143e-08
7.67329e-06
-7.67803e-06
4.73782e-09
7.62766e-06
-7.63569e-06
-7.64347e-06
7.63293e-06
1.0539e-08
7.62444e-06
-7.61826e-06
-6.17867e-09
5.74908e-06
5.09814e-09
7.67584e-06
1.28474e-08
-7.66516e-06
-2.01711e-08
-7.6933e-06
5.78696e-06
-7.62852e-06
7.61333e-06
1.51884e-08
5.06323e-06
-5.39369e-06
-7.607e-06
7.63551e-06
-2.85058e-08
7.63056e-06
-7.64193e-06
1.13758e-08
-1.85881e-08
-7.67197e-06
-7.40081e-09
-1.98703e-08
-6.77214e-06
4.80498e-06
-1.30779e-08
7.62766e-06
-1.26168e-08
-8.11721e-09
-7.67844e-06
6.47473e-09
2.93555e-06
6.45193e-06
-9.38748e-06
-1.59005e-06
7.67336e-06
-6.86512e-11
-7.6589e-06
1.41077e-08
7.65138e-06
-7.66359e-06
-1.44432e-08
-5.76819e-06
-7.68608e-06
7.64181e-09
2.67822e-08
7.64919e-06
-1.22431e-09
3.62752e-08
-7.556e-06
7.51972e-06
7.68393e-06
-7.68e-06
-3.92897e-09
-5.87113e-06
1.05264e-06
7.66913e-06
-7.65569e-06
-1.34402e-08
-7.6742e-06
-5.69004e-06
-3.00052e-07
7.62282e-06
-7.6168e-06
-6.01729e-09
3.99994e-08
-7.56319e-06
7.52319e-06
-7.68202e-06
7.6677e-06
1.43209e-08
-5.80841e-06
5.76057e-06
4.78427e-08
6.769e-09
-7.68196e-06
-4.12276e-09
-5.84024e-06
1.21135e-06
4.62889e-06
-7.67191e-06
-1.01055e-08
7.68142e-06
2.51701e-09
-7.66883e-06
-1.11768e-08
-3.04957e-08
-7.68244e-06
4.79563e-10
-5.52414e-06
-6.4583e-07
6.16997e-06
4.41305e-06
3.22503e-08
-7.65138e-06
5.76171e-06
-2.49152e-08
-7.6224e-06
7.6224e-06
-1.47409e-08
7.67772e-06
3.69175e-09
-6.0776e-09
1.19052e-08
1.2256e-08
7.68063e-06
-2.90814e-09
4.536e-09
7.67864e-06
-7.6787e-06
5.93764e-11
5.54262e-06
-5.54262e-06
-7.66279e-06
7.64633e-06
1.64646e-08
7.63514e-06
-7.6273e-06
-7.84211e-09
-1.07676e-08
7.67582e-06
4.80826e-09
7.6762e-06
2.44104e-09
-2.87758e-09
7.67698e-06
7.66946e-06
-7.67371e-06
4.25023e-09
-7.74345e-06
-7.64494e-06
-1.78475e-08
5.91036e-06
-7.24575e-08
7.66257e-06
6.88328e-09
6.42573e-08
7.66841e-06
-7.66e-06
-8.41391e-09
-5.47781e-06
5.47781e-06
4.28587e-08
7.6353e-06
-7.62119e-06
7.63342e-06
-1.22252e-08
7.66678e-06
1.63096e-09
6.11713e-08
5.73144e-06
7.6577e-06
-7.65483e-06
-2.87208e-09
-7.59735e-06
-2.38439e-08
7.63601e-06
-7.64226e-06
6.24776e-09
7.65276e-06
4.94549e-09
7.66691e-06
9.28597e-09
-7.59862e-08
-7.57818e-06
-1.2932e-08
-6.75178e-07
-5.14975e-06
7.62407e-06
-7.63146e-06
7.391e-09
2.29487e-07
5.31313e-06
7.65673e-06
-7.64955e-06
-7.17451e-09
-6.79269e-09
-1.30516e-07
-6.37197e-06
6.50249e-06
-5.54615e-06
5.60912e-06
-6.29744e-08
-7.58834e-06
7.59077e-06
-2.42779e-09
7.64793e-06
8.7992e-09
-7.62533e-06
-4.76771e-06
7.70326e-06
7.6509e-06
-7.64003e-06
-1.08755e-08
-7.65832e-06
7.65852e-06
-2.01784e-10
7.63627e-06
-7.62934e-06
-6.92788e-09
-7.42011e-07
-6.54973e-06
7.29174e-06
7.64306e-06
7.83861e-09
-7.59413e-06
5.78821e-09
7.652e-06
-7.64219e-06
-9.80999e-09
5.74908e-06
-5.88763e-06
5.88763e-06
7.64917e-06
-7.63476e-06
-1.44039e-08
-1.47513e-08
7.65223e-06
-1.19948e-08
-5.75731e-06
7.63839e-06
1.07706e-08
-7.65763e-06
-1.42857e-08
-7.5825e-06
7.58652e-06
-4.0144e-09
7.65839e-06
4.1805e-09
1.2918e-07
7.58148e-06
-1.60688e-09
7.65125e-06
1.94009e-08
5.73094e-06
3.07702e-08
8.94337e-10
-7.58997e-06
7.46497e-09
5.84663e-07
2.12009e-08
2.47134e-07
7.62911e-06
-7.63626e-06
7.1565e-09
-7.57446e-06
7.58326e-06
-8.79723e-09
1.35263e-07
-5.73894e-06
5.60368e-06
1.0258e-06
-5.97795e-06
4.95215e-06
2.19208e-06
5.41861e-06
-5.41861e-06
7.62385e-06
-7.62385e-06
-6.27976e-06
3.51294e-09
-7.63832e-06
5.85091e-06
7.64959e-06
1.71947e-08
-1.44364e-06
-2.68271e-06
4.12636e-06
-7.58549e-06
1.10265e-08
-7.58987e-06
-2.46132e-07
3.24355e-06
-5.35253e-06
2.10899e-06
-5.24459e-09
5.17551e-08
7.58375e-06
2.16202e-08
5.74521e-06
-7.66037e-06
1.61035e-08
7.62951e-06
4.86688e-06
-5.93835e-06
1.07147e-06
4.95337e-06
-1.70982e-06
-9.52163e-09
-7.62219e-06
7.66148e-06
-7.60973e-06
-7.63961e-06
-7.56446e-06
7.55728e-06
7.18166e-09
1.67447e-09
7.64278e-06
7.61595e-06
7.90422e-09
6.9591e-06
-4.61789e-06
-2.34121e-06
-2.74806e-08
5.81354e-06
7.64073e-06
1.20309e-08
6.95648e-06
-7.69849e-06
5.15725e-08
7.58357e-06
-9.00108e-09
-7.61952e-06
-7.57327e-06
8.81348e-09
-5.56392e-06
1.7771e-08
5.84524e-06
-4.68636e-06
-1.15888e-06
7.6024e-06
-7.60307e-06
6.65941e-10
-8.82196e-09
2.19336e-06
-3.08332e-06
-2.88933e-06
5.97265e-06
7.61652e-06
-7.62825e-06
1.17313e-08
6.07121e-06
-6.00105e-06
-2.17634e-08
5.81347e-06
-4.99253e-06
3.54889e-06
7.60886e-06
-7.61651e-06
7.65566e-09
7.65256e-06
-7.60099e-06
-5.73246e-06
1.89849e-07
-5.75437e-06
5.74752e-06
6.85372e-09
5.59062e-06
-5.72113e-06
1.21068e-07
7.57899e-06
-5.80414e-06
5.63163e-06
-2.04927e-07
7.64078e-06
-7.63152e-06
-9.26474e-09
5.94977e-06
-5.68439e-06
-2.65378e-07
7.61595e-06
-4.59342e-09
-7.62021e-06
-5.63301e-06
1.8833e-08
7.05969e-07
4.32697e-06
-5.03294e-06
-7.5548e-06
7.54661e-06
8.19391e-09
7.604e-06
2.65572e-08
-4.81626e-06
-1.01094e-06
5.52421e-08
7.58103e-06
7.62822e-06
-7.64599e-06
1.77654e-08
7.6188e-06
-1.40848e-08
-7.59486e-06
-5.95977e-06
-1.00425e-06
7.63208e-06
1.5845e-08
8.11314e-06
-1.66121e-06
-4.60801e-08
7.62442e-06
-7.57834e-06
7.62116e-06
7.06793e-09
-7.56552e-06
1.07212e-08
-7.58764e-06
-5.42085e-08
-1.4581e-08
7.52262e-06
-7.50804e-06
9.88531e-09
7.6213e-06
7.65356e-06
-7.59832e-06
-7.62951e-06
-2.89555e-08
5.81592e-06
-7.94456e-09
5.76915e-06
-2.98878e-07
-5.47027e-06
7.74024e-08
5.69175e-06
-7.53335e-06
7.51876e-06
-7.62844e-06
-1.65047e-08
4.84259e-06
1.00266e-06
-2.89759e-08
5.90085e-06
-5.87188e-06
-4.88706e-06
-4.08937e-06
4.79534e-06
-6.37657e-06
7.87612e-07
5.58895e-06
7.61809e-06
5.80126e-09
-7.62681e-06
7.55752e-08
7.58591e-06
7.60663e-06
-7.60775e-06
1.11797e-09
7.62327e-06
-7.60059e-06
-2.26779e-08
-7.63358e-06
4.9807e-09
-1.10487e-08
-5.7598e-06
5.77084e-06
1.09987e-09
7.63183e-06
-5.29535e-06
1.54966e-06
-7.62354e-06
7.6193e-06
4.23885e-09
-7.54419e-06
7.5352e-06
8.98367e-09
7.35322e-08
6.23822e-06
-6.05699e-06
4.5702e-06
-1.09146e-07
-3.94696e-08
7.62869e-06
-7.58922e-06
-6.80326e-06
3.71995e-06
7.61544e-06
6.74425e-09
-7.625e-06
7.62338e-06
1.96866e-08
-7.12598e-06
7.18304e-08
7.05415e-06
1.18958e-08
-7.55608e-06
7.60829e-06
-7.60029e-06
-8.00159e-09
-2.40351e-07
7.65347e-06
-7.41312e-06
-1.13856e-08
-1.56341e-06
7.1618e-06
-5.59839e-06
-5.73246e-06
-6.36351e-06
7.61308e-06
-4.22e-09
6.67071e-08
7.58586e-06
7.42163e-06
7.68479e-06
-7.67888e-06
-5.91365e-09
-7.09601e-10
-5.76828e-06
5.76899e-06
-7.61744e-06
7.61227e-06
5.16325e-09
1.53886e-07
-5.7362e-06
5.58231e-06
7.62752e-06
-7.62432e-06
-3.19753e-09
-5.90618e-06
5.87721e-06
7.60507e-06
-7.59922e-06
-5.84892e-09
2.13206e-08
7.60195e-06
-8.18084e-08
7.6456e-06
-7.62237e-06
8.11153e-08
-5.62335e-06
7.62191e-06
-7.62062e-06
-1.2888e-09
7.61823e-06
4.45201e-09
-7.62125e-06
7.57924e-06
1.61189e-08
-7.59536e-06
1.81445e-09
7.62291e-06
-7.60158e-06
-1.80586e-08
-5.77249e-06
5.79055e-06
4.09235e-06
-6.02261e-06
1.93026e-06
-1.28536e-06
-5.84062e-06
-5.59328e-06
-1.26018e-06
-4.91255e-06
-7.61354e-06
4.37987e-08
7.56974e-06
-5.80777e-06
5.77249e-06
3.52845e-08
-1.76703e-06
-4.67355e-06
-7.60967e-06
6.79384e-06
-7.59392e-06
7.60726e-06
-1.33422e-08
-6.34707e-06
6.31357e-07
5.71571e-06
6.05634e-06
-4.65423e-06
-1.40212e-06
-7.62045e-06
1.52375e-08
7.60521e-06
5.78116e-06
-5.7093e-06
1.59046e-08
7.59238e-06
-7.6213e-06
7.72467e-09
7.61468e-06
7.61365e-06
2.47409e-08
-1.25667e-09
-7.61926e-06
-2.45424e-08
-7.599e-06
-7.60153e-06
5.77434e-06
-5.70251e-06
-3.23361e-08
1.6271e-06
5.03876e-06
-5.21911e-06
5.21911e-06
6.60017e-08
7.58756e-06
-8.63717e-06
-7.02776e-06
7.02705e-06
7.62394e-06
5.77011e-06
-5.72905e-06
-7.61215e-06
7.5876e-06
-6.43355e-06
6.58743e-06
7.60689e-06
-7.60025e-06
-6.64245e-09
9.17654e-09
7.61489e-06
-7.70387e-06
5.79746e-06
-5.81552e-06
-7.61006e-06
1.27081e-08
2.86509e-06
7.6287e-06
-7.61942e-06
-9.27268e-09
-7.62373e-06
7.60725e-06
-7.6009e-06
-6.34439e-09
-7.60595e-06
-7.59577e-09
7.58993e-06
-7.56668e-06
-5.81891e-06
6.99505e-06
7.6007e-06
-7.59818e-06
-2.51468e-09
-1.33975e-08
7.59264e-06
-5.80777e-06
5.03293e-06
-5.45505e-06
4.22128e-07
-9.35969e-06
9.35969e-06
7.62033e-06
7.62183e-06
-1.92926e-08
1.27181e-08
-7.61981e-06
7.6461e-06
-2.62923e-08
7.60495e-06
-7.5986e-06
-6.35289e-09
-6.31117e-06
6.01111e-06
2.33837e-08
7.60104e-06
-7.62038e-06
2.0536e-08
7.59985e-06
-7.59813e-06
7.61454e-06
-7.60433e-06
-5.83541e-06
-7.61406e-06
2.53714e-08
7.58869e-06
-5.84413e-06
-1.63828e-08
5.70434e-06
-5.74806e-06
4.37238e-08
7.59499e-06
-7.60139e-06
6.40113e-09
1.4042e-07
-7.61393e-06
7.60133e-06
1.25988e-08
7.6088e-06
-5.57849e-06
-5.53886e-06
-9.4155e-08
7.61882e-06
-7.61882e-06
-3.92148e-08
5.7883e-06
-7.61468e-06
7.60354e-06
-7.5972e-06
-6.33927e-09
7.61778e-06
-4.23716e-08
-7.60814e-06
-5.66291e-06
-7.09067e-07
-5.80404e-06
4.55178e-06
-5.08409e-06
5.32313e-07
-1.14045e-06
-4.91516e-06
6.05562e-06
7.58964e-06
-7.56956e-06
4.91589e-06
-5.73894e-06
-1.6347e-08
-7.6041e-06
7.60762e-06
-7.60131e-06
-6.30876e-09
5.84459e-06
-5.87316e-06
-1.60923e-06
-1.0602e-06
2.66943e-06
-6.06313e-06
6.11365e-06
5.8657e-06
-5.7883e-06
-2.30987e-08
-5.68804e-06
5.71114e-06
-2.63326e-08
-5.64513e-06
5.67147e-06
1.91028e-08
-5.9135e-06
5.8944e-06
5.40693e-08
-5.9373e-06
5.88324e-06
2.73427e-08
-5.81901e-06
5.79167e-06
-1.15609e-08
-5.69468e-06
5.70625e-06
-1.36749e-08
-5.68995e-06
5.70362e-06
3.42697e-06
-2.30869e-06
-1.11828e-06
5.05303e-06
3.69421e-08
7.59175e-06
5.57112e-06
-5.60108e-06
2.99585e-08
1.78931e-08
-7.60464e-06
7.58674e-06
7.62426e-06
-7.62426e-06
7.52331e-06
-1.95593e-09
-7.52135e-06
-2.52253e-08
-7.58692e-06
7.60298e-06
-7.59637e-06
-6.61559e-09
-4.72519e-06
-6.20499e-06
-1.42077e-07
4.98239e-06
9.67375e-07
7.61814e-06
-7.60798e-06
-1.01585e-08
-5.79914e-06
6.0249e-06
2.51769e-08
7.59773e-06
-4.17886e-06
-2.62441e-06
5.54448e-08
5.45938e-06
-5.51483e-06
-3.89811e-06
-6.58583e-07
-1.3078e-06
-8.10695e-07
2.11849e-06
5.71888e-06
5.71985e-06
5.97037e-06
5.97024e-06
5.92882e-06
5.85367e-06
-2.65983e-08
-5.73534e-06
5.76194e-06
5.73771e-06
-6.77485e-09
-2.26071e-06
7.60542e-06
-7.58753e-06
-1.87605e-07
6.11726e-06
-7.62866e-06
-5.20873e-06
6.43771e-06
7.51306e-06
6.78038e-09
-7.51984e-06
7.63422e-06
-1.5395e-08
-7.61787e-06
2.72578e-08
7.59061e-06
-5.74521e-06
-5.7598e-06
5.75959e-06
-5.78619e-06
-5.24214e-06
6.33516e-06
-1.09302e-06
-1.35808e-08
-7.60048e-06
3.96876e-06
-4.95259e-06
1.25614e-08
-7.61285e-06
-7.60392e-06
-2.02317e-06
-2.96936e-06
-7.59027e-06
-1.43631e-08
5.82782e-06
1.81774e-06
4.42981e-06
7.59563e-06
-7.58979e-06
-5.84495e-09
5.79155e-06
-3.83682e-06
-1.95473e-06
-2.75665e-06
1.44885e-06
-3.19464e-06
6.91458e-06
-2.77098e-06
5.76083e-06
-2.98985e-06
2.26646e-09
7.61425e-06
-7.56225e-06
7.60091e-06
-7.60535e-06
4.44104e-09
-4.30566e-06
1.83726e-06
2.4684e-06
-2.54236e-08
-5.73363e-06
5.75906e-06
7.96234e-06
-3.52674e-06
-4.4356e-06
5.72023e-09
7.51759e-06
-1.65465e-06
-2.65101e-06
-5.5555e-06
5.61094e-06
4.73848e-06
3.1455e-07
-5.52694e-06
-1.16464e-08
-5.7419e-06
5.75355e-06
5.93221e-06
-5.74801e-06
-3.53254e-06
-1.33841e-06
4.87095e-06
-7.58927e-06
7.59149e-06
-2.2187e-09
-5.61168e-06
5.6928e-06
7.59773e-06
-7.60265e-06
-5.07879e-06
-1.40316e-07
-7.6541e-06
7.62513e-06
-3.96335e-06
5.74496e-09
7.60151e-06
6.63159e-06
-3.66511e-06
-2.96648e-06
5.61499e-06
-1.06321e-06
6.27026e-06
-8.10872e-07
5.75024e-06
-5.77567e-06
7.58732e-06
-7.58774e-06
4.17968e-10
5.75735e-06
-5.76899e-06
6.98086e-09
-7.5835e-06
7.57652e-06
-3.19952e-06
-7.63829e-07
1.25618e-08
-5.83147e-06
-7.60486e-06
1.07313e-08
5.07879e-06
-5.37581e-06
2.97019e-07
-8.25357e-07
6.21139e-06
-3.07892e-08
-5.63212e-06
5.71484e-06
5.95015e-08
7.59578e-06
-7.59083e-06
-4.94896e-09
9.17651e-09
7.60677e-06
3.86061e-06
-5.74286e-06
5.75543e-06
3.73766e-06
-2.17179e-08
-7.59615e-06
-2.90222e-06
-2.21994e-06
5.12216e-06
-5.4881e-06
-5.07567e-08
5.17549e-06
-4.66662e-06
-5.08872e-07
-1.03231e-06
6.01468e-06
-4.98238e-06
7.60067e-06
-7.59481e-06
-5.86065e-09
1.01477e-08
7.59674e-06
5.1573e-08
5.79264e-06
-5.84421e-06
4.97562e-09
-7.60522e-06
-5.68733e-06
5.70616e-06
7.59791e-06
-7.60637e-06
8.45995e-09
7.63422e-06
-3.19905e-08
-5.31736e-06
-2.33087e-07
5.55045e-06
-7.64896e-06
-2.86211e-09
7.62029e-08
-5.83057e-06
-7.79829e-06
7.59482e-06
-7.58784e-06
-4.87785e-06
1.04236e-08
-1.8338e-08
-7.5924e-06
7.59614e-06
8.80978e-09
-7.91923e-06
1.24344e-09
-7.59984e-06
-3.45616e-07
-4.27417e-06
1.59145e-06
-7.61605e-06
7.61605e-06
-4.80047e-06
5.85759e-06
-1.05712e-06
7.63075e-06
-4.55172e-06
5.67311e-06
-1.12139e-06
-4.90615e-06
5.93882e-06
-1.03267e-06
-5.70077e-06
-8.35646e-08
5.87358e-06
-5.79002e-06
-4.95767e-06
4.80829e-06
-1.2594e-06
7.6062e-06
-7.61621e-06
1.00066e-08
7.60493e-06
-7.61493e-06
1.00044e-08
7.59971e-06
-7.61047e-06
1.0757e-08
-8.2844e-09
-7.60565e-06
-4.56768e-06
5.76694e-06
-1.19926e-06
7.60207e-06
-7.59624e-06
-5.82848e-09
7.60001e-06
1.07528e-06
-6.08981e-06
7.59548e-06
8.0594e-09
-7.59899e-06
1.79504e-09
1.7819e-06
7.59863e-06
-7.60497e-06
6.33785e-09
1.5648e-07
5.70922e-06
-5.8657e-06
-5.58531e-06
-2.63734e-08
5.61168e-06
-7.61501e-06
-7.59845e-06
7.58864e-06
9.81825e-09
5.7909e-06
-5.7147e-06
-7.60407e-06
7.59461e-06
9.45868e-09
-5.62579e-06
5.39638e-06
2.29414e-07
-7.60493e-06
7.59573e-06
9.19779e-09
7.61698e-06
-7.60767e-06
-9.30949e-09
-5.69827e-06
5.74985e-06
-6.1492e-06
-3.31327e-06
-6.24104e-06
-1.29345e-06
6.27229e-06
-4.97884e-06
7.58873e-06
-2.10645e-08
-7.57816e-06
-5.7362e-06
6.2428e-09
-7.60772e-06
7.60148e-06
-6.08344e-06
5.78456e-06
1.20505e-08
7.60986e-06
7.59365e-06
9.33616e-09
-7.59835e-06
1.97959e-09
-5.98984e-07
-2.15767e-06
-5.80918e-06
5.72562e-06
-6.04528e-06
1.05003e-06
4.99526e-06
-2.03274e-06
-2.24142e-06
-5.76828e-06
6.02717e-06
9.31936e-07
1.92582e-09
7.59117e-06
-7.5931e-06
5.72113e-06
-5.75192e-06
-7.61144e-06
7.64736e-06
-7.62612e-06
-1.90499e-06
-1.60406e-06
3.50905e-06
-5.4174e-06
-2.05942e-07
-7.65211e-06
1.21807e-08
-1.97026e-07
-5.74335e-06
5.73363e-06
9.71763e-09
6.29665e-06
-6.04904e-07
7.60283e-06
-7.59592e-06
-6.90932e-09
7.5928e-06
2.83255e-09
-7.59731e-06
7.52513e-09
7.59853e-06
-7.60104e-06
2.51786e-09
-6.74505e-09
3.47325e-09
-7.62959e-06
-5.61094e-06
-1.21525e-07
2.17026e-07
-6.29993e-06
-3.9812e-08
7.62713e-06
-7.7056e-06
-2.28091e-09
-7.58122e-06
-6.21776e-06
6.03015e-06
8.07358e-10
5.57031e-06
-5.74646e-06
5.7419e-06
4.56115e-09
-4.95129e-06
-1.02667e-06
5.8123e-06
5.45553e-06
-5.68861e-06
7.59616e-06
-7.59473e-06
-5.88249e-06
5.75321e-06
-5.10799e-06
-2.6903e-06
7.59367e-06
-4.86975e-09
-7.59603e-06
6.95648e-06
-5.79203e-06
7.69298e-07
5.02273e-06
1.19491e-06
-5.8128e-06
9.10184e-07
7.52853e-08
9.88833e-07
-6.03274e-06
5.04391e-06
1.15072e-06
-7.09109e-06
5.94038e-06
7.59411e-06
6.56499e-09
-7.31545e-09
-7.59575e-06
9.44434e-07
-5.95611e-06
5.01168e-06
-7.59701e-06
2.19352e-09
8.1305e-08
5.66621e-06
-6.46123e-06
-6.38344e-06
8.95336e-07
-5.24794e-06
5.73534e-06
-5.75427e-06
1.89347e-08
-2.43649e-08
-7.59215e-06
2.65308e-08
7.57889e-06
-4.43478e-06
-4.2334e-06
5.76943e-06
-5.76943e-06
-5.58531e-06
-5.44378e-06
-5.79914e-06
-7.55637e-06
-1.72584e-08
7.57363e-06
-5.28504e-06
-5.19098e-07
1.07234e-06
5.00427e-06
-6.07662e-06
1.13469e-06
4.75603e-06
-5.89073e-06
1.042e-06
-6.1868e-06
5.1448e-06
5.56208e-06
6.03044e-06
-4.95516e-06
6.01111e-06
6.3118e-06
-5.55832e-06
5.59192e-06
-5.78895e-06
7.60173e-06
-7.59583e-06
-5.90845e-09
-7.35658e-06
-5.75153e-06
7.59297e-06
9.09389e-09
-7.59715e-06
9.07754e-10
7.59291e-06
-3.36288e-07
7.59457e-06
-7.60236e-06
7.79051e-09
7.60755e-06
-7.57621e-06
1.26041e-07
-4.71393e-06
4.58789e-06
5.95811e-09
5.83863e-06
5.59603e-08
6.25584e-06
6.45313e-06
-5.48728e-06
-4.6013e-06
-1.19073e-06
3.84204e-07
5.23079e-06
-5.8844e-06
-7.59982e-06
7.60086e-06
-1.04225e-09
5.90618e-06
-6.03015e-06
1.23969e-07
-6.01911e-06
1.06783e-06
-8.23177e-06
1.14457e-06
7.0872e-06
7.60368e-06
3.64282e-06
5.07478e-06
7.60872e-06
-7.60872e-06
-2.65025e-06
9.63125e-09
5.70922e-06
-5.81844e-06
2.57297e-08
5.79271e-06
-7.59618e-06
-7.60677e-06
7.59294e-06
9.88331e-09
-7.59611e-06
1.88966e-10
7.5859e-06
-1.63242e-10
-7.60114e-06
-5.93669e-06
5.41933e-08
5.9172e-06
-4.97276e-06
-4.53792e-06
5.56965e-06
-7.6171e-06
6.16691e-06
-4.972e-06
5.94233e-06
-4.95349e-06
6.10874e-06
-4.95802e-06
-7.97969e-09
7.59759e-06
-7.62798e-06
5.80406e-06
-5.72275e-06
-5.5885e-06
5.58931e-06
-7.58029e-06
-3.53928e-09
7.58383e-06
1.25395e-06
5.77309e-06
-1.5438e-08
-7.59231e-06
1.00528e-07
5.66958e-06
-3.655e-06
2.79778e-06
8.57223e-07
-5.74335e-06
5.97386e-06
-4.90151e-06
6.0152e-06
-4.88051e-06
6.02278e-06
-4.98077e-06
5.76196e-06
7.02203e-08
-6.45366e-06
7.69849e-06
-7.38149e-06
-8.50279e-07
5.7755e-06
-5.7755e-06
5.09909e-06
-7.72127e-07
-3.53862e-06
2.77479e-06
5.01102e-06
1.00366e-06
7.59434e-06
7.39678e-09
7.66855e-06
-7.61645e-06
-5.20993e-08
-7.59663e-06
8.00229e-10
-7.60174e-06
7.59199e-06
-7.59818e-06
6.18856e-09
-5.76044e-06
7.24015e-08
-5.74897e-06
1.03832e-07
-5.76029e-06
-1.53206e-07
-5.71218e-06
-2.25124e-07
-5.93138e-06
1.12362e-07
-5.84575e-06
1.51069e-07
-5.83375e-06
1.43802e-07
-1.04581e-08
7.58951e-06
-7.57906e-06
-7.60205e-06
1.20779e-08
-1.64772e-08
7.65069e-06
7.59261e-06
-7.60177e-06
9.16038e-09
-6.91924e-06
1.32596e-06
-9.01542e-10
4.85656e-06
1.97702e-07
-6.12018e-06
5.92248e-06
-6.62625e-06
4.21256e-07
7.60588e-06
-7.5996e-06
-5.13495e-06
5.4495e-06
5.60032e-09
-7.60542e-06
7.58383e-06
1.099e-08
5.7579e-06
-5.7579e-06
-5.5555e-06
3.57329e-06
5.15472e-06
1.32954e-09
-7.58907e-06
-5.74646e-06
-3.36828e-08
-3.69523e-06
1.37238e-05
-1.00286e-05
-4.48894e-06
-5.59177e-06
1.00807e-05
-7.5883e-06
7.58828e-06
2.43778e-11
5.77638e-06
-5.77042e-06
5.60165e-06
-5.54569e-06
-5.75355e-06
5.75399e-06
-4.41067e-10
5.29178e-06
-5.16574e-06
1.95843e-06
-1.87301e-06
-8.54121e-08
-6.21921e-06
4.90156e-07
-1.06289e-06
5.67908e-06
-5.03587e-07
1.46046e-09
-6.62771e-06
7.58749e-06
2.16934e-09
-7.593e-06
5.88139e-06
5.93544e-06
5.752e-06
-4.08824e-06
3.58431e-06
-5.235e-06
7.59915e-06
-7.59622e-06
-1.06389e-06
-4.95523e-06
-1.87855e-08
-7.81125e-06
8.95582e-06
4.82867e-06
1.05356e-06
-5.88222e-06
-9.84442e-06
7.60576e-06
5.74938e-06
-5.59797e-06
-7.58357e-06
-7.58964e-06
7.59957e-06
-9.92468e-09
6.0249e-06
5.35654e-06
-5.46569e-06
-4.93431e-06
5.79571e-06
-8.61392e-07
-3.49717e-08
7.54803e-06
7.59156e-06
-7.59762e-06
6.0541e-09
-1.51181e-08
-6.21037e-06
6.31876e-07
-5.71142e-06
-3.66474e-08
-3.71062e-09
-3.10058e-09
-2.84682e-09
-2.87121e-09
-3.66473e-09
-4.20646e-09
-3.04021e-09
-3.13184e-09
-3.68329e-09
6.03363e-09
7.62469e-06
4.38567e-08
-5.87693e-06
7.28849e-08
-5.75427e-06
5.68861e-06
-5.83873e-06
-7.59759e-06
7.59588e-06
-1.86332e-08
7.59494e-06
5.27476e-06
9.97529e-07
-1.34917e-07
5.95377e-06
-4.48119e-06
-5.87721e-06
6.94367e-08
1.19753e-06
-7.18913e-06
8.3899e-07
-5.0084e-06
4.16941e-06
8.81836e-07
-5.87235e-06
4.99052e-06
8.43374e-07
-5.68508e-06
4.84171e-06
1.43127e-06
-6.84503e-06
7.0428e-07
-5.37849e-06
4.67421e-06
2.17808e-06
-6.11539e-06
3.92981e-08
-5.84789e-06
1.04742e-06
-1.74909e-09
7.60795e-06
-5.6297e-06
1.07798e-06
-2.30498e-09
7.60723e-06
-7.5983e-06
-5.93677e-06
1.03061e-06
-7.59954e-06
2.42843e-09
7.59729e-06
-7.59528e-06
1.04525e-06
-5.96042e-06
-5.7126e-06
-5.70595e-06
-5.70723e-06
-5.68718e-06
-5.82017e-06
-5.81546e-06
-5.76428e-06
6.55823e-06
-4.62797e-06
7.60043e-06
-7.59616e-06
5.74876e-06
1.48936e-06
-6.21091e-06
5.60889e-06
-5.60979e-06
-7.58322e-06
-1.22556e-06
5.71655e-06
-1.20794e-06
6.34096e-06
-6.59873e-08
-7.52659e-08
-9.05419e-08
-9.89655e-08
1.85931e-07
-6.1224e-06
1.67138e-07
-6.1258e-06
2.38922e-07
-6.22835e-06
-7.5787e-06
-7.57767e-06
1.33938e-10
7.5885e-06
7.63004e-09
7.58698e-06
-5.00211e-06
-5.78768e-06
3.03649e-08
-5.85355e-06
9.20908e-08
-5.8797e-06
9.1913e-08
-5.8714e-06
1.01837e-07
-5.90578e-06
7.54844e-08
-5.88602e-06
9.16529e-08
-5.90513e-06
6.11714e-08
5.80547e-06
1.53677e-07
-5.95914e-06
7.58864e-06
-7.5948e-06
1.28639e-08
7.58287e-06
-2.09216e-07
8.30442e-10
-5.87399e-06
-5.65385e-06
-7.59537e-06
5.72926e-09
7.59031e-06
9.25644e-09
1.56013e-08
5.76418e-06
-5.77979e-06
1.99295e-07
-2.00977e-07
5.59735e-06
6.99433e-06
7.29005e-10
-5.5859e-06
-1.5182e-08
-5.68433e-06
-8.05615e-08
5.76489e-06
6.45378e-06
-1.18621e-07
7.58344e-06
-7.60819e-06
2.47518e-08
1.14773e-06
-4.36542e-06
-1.16264e-06
-5.9982e-06
-6.04295e-06
1.06598e-06
-5.61438e-06
1.04671e-06
3.59175e-06
8.06385e-07
-6.49565e-06
-1.03772e-08
4.89228e-06
1.08729e-06
-5.97957e-06
-6.01149e-06
8.21557e-07
5.18993e-06
4.81206e-06
1.04553e-06
4.96606e-06
1.05672e-06
4.96943e-06
1.04577e-06
4.60147e-06
1.07164e-06
4.92542e-06
1.04844e-06
4.91302e-06
1.0258e-06
4.87929e-06
1.03791e-06
1.04977e-06
-6.02253e-06
-7.60278e-06
-4.94513e-09
-7.60814e-06
-1.16633e-08
-5.75024e-06
8.96599e-07
4.85364e-06
-4.88681e-06
-4.66929e-06
9.5561e-06
7.59713e-06
-6.8207e-09
-7.61282e-09
-7.59057e-06
7.59683e-06
-7.64447e-06
9.77999e-08
7.54667e-06
-4.76904e-06
-6.93655e-07
7.60051e-06
-7.59298e-06
5.49759e-07
-8.36101e-06
4.75169e-06
1.01525e-06
5.70372e-06
5.39818e-06
8.57661e-07
5.93885e-06
-9.27824e-07
1.73509e-07
-5.43958e-06
5.26607e-06
-5.81578e-06
9.05297e-07
-5.93629e-06
5.031e-06
-7.88837e-08
5.7793e-06
-1.07836e-07
5.73847e-06
1.55924e-07
5.74289e-06
1.40341e-07
5.66688e-06
1.24794e-07
5.83819e-06
-1.31947e-07
5.82901e-06
-1.25381e-07
5.78401e-06
2.00533e-08
5.61625e-06
-7.12633e-09
-5.7548e-06
4.33862e-08
6.81443e-08
7.6103e-06
-7.60683e-06
-5.74932e-06
5.10513e-08
3.52025e-08
4.8715e-06
-5.87213e-06
1.00063e-06
-5.03675e-06
5.56906e-06
-1.15443e-08
-6.72749e-06
9.09056e-07
5.37464e-06
7.86686e-07
7.58966e-06
-7.59589e-06
6.23286e-09
-7.59421e-06
7.59421e-06
5.95966e-06
-1.13099e-06
-5.80967e-06
9.70713e-08
-5.83056e-06
1.2461e-07
-5.83481e-06
1.27574e-07
-5.76871e-06
8.15371e-08
-5.91368e-06
9.35096e-08
-5.92066e-06
1.05201e-07
-5.84518e-06
8.08979e-08
-5.76993e-06
5.52307e-08
-1.32439e-08
-7.61635e-06
2.75063e-08
7.58817e-06
8.96575e-09
-7.63293e-06
5.65105e-06
-5.54058e-06
4.28118e-06
-1.05748e-06
5.70061e-06
4.92364e-08
-5.20443e-06
4.98968e-06
-5.64826e-06
7.60034e-06
5.28792e-06
-4.31361e-07
3.84818e-06
-5.15046e-06
-5.50948e-06
8.75064e-06
-8.20088e-06
4.96683e-06
-5.97997e-06
1.01314e-06
-5.9482e-06
1.04668e-06
7.56655e-06
-7.60152e-06
-5.92745e-06
1.04695e-06
-6.04284e-06
1.06206e-06
4.94385e-06
9.94994e-07
5.07197e-06
1.03677e-06
4.90514e-06
1.03719e-06
5.1109e-06
1.05601e-06
4.9455e-06
1.11011e-06
-8.42126e-06
7.60209e-06
-7.59302e-06
-7.4288e-07
5.76876e-06
7.59428e-06
-7.59588e-06
-2.472e-06
4.69132e-09
-1.40184e-06
8.48904e-06
7.58452e-06
-7.59332e-06
8.80158e-09
-4.14641e-06
2.39512e-06
-5.39001e-06
-3.76173e-06
-1.37048e-07
7.70069e-06
1.07154e-06
-6.02677e-06
2.06985e-06
3.05231e-06
5.93775e-06
-5.64687e-06
-7.58531e-06
7.57485e-06
7.59418e-06
-7.59535e-06
-3.4488e-08
-7.60958e-06
7.60283e-06
-5.8474e-06
7.58918e-06
-4.65608e-09
-9.29047e-07
-2.98129e-06
-4.20783e-06
5.55191e-06
-5.82995e-06
-5.15637e-09
-5.40844e-06
7.59454e-06
-7.57524e-06
-5.74286e-06
4.53106e-06
4.12896e-06
-5.59192e-06
5.39094e-06
5.75615e-06
-5.75543e-06
5.40068e-06
-5.39094e-06
-9.73483e-09
-5.60368e-06
5.5885e-06
5.50874e-06
-5.58931e-06
5.76959e-06
-5.75399e-06
-5.34639e-06
5.54569e-06
-5.76959e-06
5.77042e-06
-5.57435e-06
5.16574e-06
4.08615e-07
-5.68334e-06
-7.70315e-07
7.58775e-06
-7.59374e-06
5.99135e-09
4.96209e-06
1.06835e-06
1.45582e-08
-7.0521e-07
3.17208e-06
7.60163e-06
-7.5928e-06
-8.82824e-09
1.0915e-08
-7.61906e-06
-7.22793e-10
7.60586e-06
-7.60514e-06
7.58852e-06
-5.6214e-06
-6.59278e-06
6.59424e-06
-7.60475e-06
1.71097e-08
-6.05594e-06
1.36958e-06
5.86751e-06
-5.96166e-06
7.59372e-06
7.72098e-06
-7.55486e-06
-1.66121e-07
7.59247e-06
-7.59105e-06
-6.26028e-06
-4.67213e-07
-7.61641e-06
-5.50989e-06
-5.54887e-06
3.93896e-08
-8.76224e-07
5.63291e-06
8.20876e-07
7.57746e-06
-1.02232e-06
7.5931e-06
-1.9267e-09
-7.31827e-06
-9.7801e-09
7.63491e-06
5.60889e-06
5.76194e-06
5.55191e-06
5.76899e-06
5.60165e-06
5.6928e-06
-5.60979e-06
-5.34639e-06
5.79055e-06
5.77638e-06
5.93775e-06
-5.57435e-06
5.75906e-06
5.45553e-06
-5.78895e-06
5.29178e-06
5.31313e-06
5.40068e-06
-5.75192e-06
5.50874e-06
5.75615e-06
4.71862e-06
-4.71862e-06
5.77084e-06
-7.61152e-06
-5.98495e-06
6.01068e-06
-4.95781e-06
6.02935e-06
7.58463e-06
-7.59363e-06
9.00164e-09
-2.41682e-07
-7.54292e-09
-5.86077e-06
1.33703e-08
-5.88984e-07
5.74515e-06
7.08171e-09
-7.53787e-06
7.53079e-06
6.95045e-09
1.63349e-08
-7.51079e-06
3.32044e-09
7.50747e-06
3.39261e-07
-7.82823e-06
7.48896e-06
7.57937e-06
1.01202e-08
-7.58949e-06
7.57872e-06
1.04598e-08
-5.43442e-06
4.96146e-06
9.98195e-07
-7.54855e-06
-4.35688e-08
7.59212e-06
7.63733e-06
1.5993e-08
7.53475e-06
1.86236e-07
7.58985e-06
-7.5868e-06
-7.59428e-06
7.58303e-06
7.56405e-09
3.62044e-07
-6.95482e-06
-8.68596e-09
5.99468e-06
-4.90739e-06
5.82849e-06
-5.75097e-06
-7.75191e-08
6.91202e-06
-4.64958e-06
-2.26244e-06
6.55564e-06
-5.73408e-06
6.01366e-06
-4.96813e-06
6.01328e-06
-4.96586e-06
6.02017e-06
-4.96345e-06
6.01844e-06
-4.97267e-06
5.90794e-06
-4.8363e-06
5.91521e-06
-4.83723e-06
-6.13135e-07
-7.74787e-06
5.9926e-06
-4.94417e-06
5.98914e-06
-4.96334e-06
5.99798e-06
-4.96736e-06
6.00377e-06
-4.96586e-06
6.00963e-06
-4.95986e-06
-3.36518e-09
4.8659e-09
-7.5419e-06
7.53704e-06
-1.80801e-08
7.92344e-06
-1.48522e-07
-7.77492e-06
5.9428e-06
-4.83268e-06
6.02239e-06
-4.96032e-06
7.61146e-06
6.91175e-06
-4.83059e-06
-2.08116e-06
6.02046e-06
-4.97352e-06
5.99152e-06
-4.94483e-06
5.84691e-06
-4.95031e-06
6.01931e-06
-4.96928e-06
5.87463e-06
5.97169e-06
-4.97669e-06
7.58971e-06
-1.03394e-08
-6.14873e-06
5.25532e-06
8.93414e-07
-6.93319e-06
4.97134e-06
7.50852e-09
7.58421e-06
-7.5903e-06
6.08688e-09
8.75064e-06
-1.04014e-07
7.72871e-06
5.99222e-06
-4.97697e-06
-7.50293e-06
7.54293e-06
-1.42044e-08
-3.95901e-08
-7.60735e-06
5.188e-10
-6.51154e-09
-7.68605e-06
8.02531e-06
-5.47208e-06
-5.64687e-06
-5.71656e-06
5.64134e-06
5.72331e-06
-7.0656e-06
8.05317e-07
6.01813e-06
-4.97142e-06
1.85857e-08
-1.02728e-06
-7.57144e-06
-4.85493e-09
7.5763e-06
4.32476e-07
-5.82995e-06
-5.76658e-06
5.79611e-06
-2.95256e-08
6.712e-06
-5.69756e-06
-1.33908e-07
-7.99462e-06
6.09954e-06
-6.92902e-07
5.87322e-06
7.58855e-06
-7.58385e-06
7.59278e-06
7.5883e-06
-7.58632e-06
-5.71067e-06
5.69967e-06
1.09994e-08
-5.41452e-06
-2.92588e-08
6.15581e-06
-5.15519e-06
5.88568e-06
1.25958e-08
-4.95842e-06
6.1678e-06
-5.12255e-06
-5.34132e-06
6.03311e-06
-4.9771e-06
6.0246e-06
-4.98741e-06
5.9897e-06
-4.95293e-06
6.03075e-06
-5.06338e-06
-5.76702e-06
5.85451e-06
-8.74901e-08
5.33968e-08
-1.74475e-09
5.54378e-06
-1.08994e-07
6.08198e-06
-5.06885e-06
5.98645e-06
-4.98279e-06
-7.58153e-06
7.59165e-06
-7.62717e-06
7.63606e-06
1.26244e-08
1.01318e-05
-8.96497e-06
5.61564e-06
-5.39861e-06
6.26032e-06
-6.3392e-06
5.64492e-06
-5.57252e-06
5.73489e-06
-5.63782e-06
6.19981e-06
-6.30765e-06
5.4296e-06
-5.32577e-06
5.69711e-06
-5.5725e-06
6.00698e-06
-5.85105e-06
6.86977e-06
-7.02297e-06
5.71918e-06
-5.5916e-06
6.02027e-06
-5.87993e-06
6.82081e-06
-7.04593e-06
5.43454e-06
-5.353e-06
5.531e-06
-5.40621e-06
5.85469e-06
-5.74233e-06
6.14913e-06
-6.05562e-06
6.61583e-06
-6.74778e-06
5.65451e-06
-5.50344e-06
6.12981e-06
-6.02461e-06
6.5852e-06
-6.71058e-06
5.63741e-06
-5.49361e-06
6.04453e-06
-5.96363e-06
6.13307e-06
-6.11302e-06
5.93646e-06
-5.86832e-06
6.00109e-06
-5.94586e-06
6.06691e-06
-6.07403e-06
5.86615e-06
-5.84838e-06
5.75736e-06
-5.71364e-06
5.74916e-06
-5.70577e-06
-1.07775e-08
5.74565e-06
-5.69641e-06
-7.58486e-06
-6.34467e-10
5.74333e-06
-5.69228e-06
7.59036e-06
-7.58264e-06
5.74129e-06
-5.68179e-06
5.729e-06
-5.6938e-06
7.92344e-06
9.19989e-09
5.73058e-06
-5.69981e-06
-7.57719e-06
-3.09993e-08
-7.58555e-06
7.58555e-06
-7.62206e-06
4.48647e-08
-5.75958e-06
5.74103e-06
-5.68951e-06
7.58961e-06
-6.70355e-06
-2.93477e-07
8.09565e-09
7.58424e-06
-7.5829e-06
-7.83457e-06
7.69455e-06
-7.65069e-06
-7.51617e-06
-1.05884e-07
6.12702e-06
5.73341e-06
-5.7059e-06
2.1051e-08
-4.27014e-08
-3.62407e-08
6.05303e-06
-5.0555e-06
3.62746e-08
-7.58134e-06
7.59015e-06
6.17774e-06
-5.13855e-06
5.71075e-06
-5.72285e-06
7.60622e-06
-7.60942e-06
-7.67783e-06
-2.16659e-06
-7.58303e-06
7.58264e-06
-8.20088e-06
7.61388e-06
5.47712e-06
9.76013e-07
-7.74398e-06
7.80824e-06
2.25663e-06
3.71602e-06
8.96497e-06
-8.25762e-06
7.69455e-06
6.62862e-09
4.54445e-09
-7.61396e-06
1.81242e-08
7.59592e-06
7.57792e-06
1.15945e-08
-7.80824e-06
8.01049e-06
-5.76648e-09
7.57945e-06
1.02666e-08
5.74423e-06
-5.71108e-06
-5.05657e-07
-7.74398e-06
3.50164e-09
-7.52675e-06
7.52325e-06
7.71573e-06
-7.63387e-06
-7.65888e-06
-7.71573e-06
6.04005e-06
-4.96858e-06
7.61813e-06
-2.7981e-08
-1.25715e-08
7.6307e-06
-7.62376e-06
9.96828e-07
-7.60421e-06
7.60299e-06
8.01049e-06
8.25762e-06
7.60421e-06
-7.61541e-06
-7.64834e-06
-2.47699e-08
4.28145e-08
-7.59136e-06
-7.63137e-06
7.60474e-06
7.60299e-06
-7.60463e-06
-7.64185e-06
7.63387e-06
-7.5817e-06
7.59096e-06
7.58206e-06
7.64185e-06
7.61587e-06
-7.61541e-06
-7.64018e-06
-4.43745e-08
7.66619e-06
-7.58691e-06
7.59096e-06
6.79579e-09
-7.59776e-06
9.39725e-09
7.60647e-06
7.6255e-06
-1.56416e-08
-7.66619e-06
7.64018e-06
7.58916e-06
1.80141e-09
7.61134e-06
7.59623e-06
-7.58691e-06
-7.63129e-06
1.23656e-08
-7.59142e-06
9.45567e-09
-7.59098e-06
-7.66037e-06
7.60039e-06
-9.77968e-09
7.54403e-06
-7.53425e-06
7.59473e-06
1.49263e-09
7.58673e-06
9.27966e-09
-7.59062e-06
7.59082e-06
-4.08676e-09
8.66124e-09
-5.25873e-09
7.59317e-06
-7.58792e-06
7.59089e-06
-6.73075e-11
-7.58923e-06
7.5793e-06
7.58226e-06
-7.58635e-06
1.05311e-08
-7.15427e-10
7.53283e-06
-7.53212e-06
7.59416e-06
-7.60188e-06
-3.18039e-09
7.59407e-06
-7.59098e-06
7.58762e-06
-1.11467e-08
7.5872e-06
-7.57606e-06
-7.59868e-06
-7.58064e-06
7.58611e-06
-5.46926e-09
7.59518e-06
1.19616e-08
6.62257e-09
7.59886e-06
-3.67676e-09
7.58552e-06
-7.60727e-06
7.60769e-06
-7.58006e-06
7.5861e-06
7.58395e-06
-7.59064e-06
9.99403e-09
7.58266e-06
-7.58218e-06
7.58266e-06
-7.57804e-06
7.5962e-06
1.00558e-08
7.57597e-06
-7.58188e-06
-5.66838e-09
7.59119e-06
-7.59053e-06
7.59527e-06
-4.09266e-09
7.5778e-06
-7.58148e-06
7.58748e-06
-7.58214e-06
7.58214e-06
-7.58234e-06
4.82991e-09
7.57721e-06
-7.58412e-06
9.30696e-09
-2.97137e-09
7.59203e-06
-4.5566e-09
7.58004e-06
-7.58317e-06
9.80564e-09
7.57923e-06
-7.58506e-06
7.58539e-06
-4.07958e-09
7.58103e-06
-7.58407e-06
7.59071e-06
-4.26963e-09
1.66284e-08
7.57982e-06
-7.58568e-06
7.59002e-06
-4.62939e-09
7.5818e-06
-7.58601e-06
7.59525e-06
-4.08207e-09
-3.93819e-09
7.58692e-06
7.58167e-06
-7.58751e-06
-7.59062e-06
7.58669e-06
7.58401e-06
-7.58768e-06
-4.02648e-09
-4.25178e-09
6.57061e-09
7.58306e-06
-7.58963e-06
2.08139e-08
7.58594e-06
-7.59256e-06
7.59133e-06
-4.40805e-09
7.58497e-06
-7.58878e-06
7.5859e-06
1.61199e-08
-7.59043e-06
7.58409e-06
-3.88051e-09
-4.34233e-09
-7.5896e-06
7.58675e-06
-7.57497e-06
7.57497e-06
-7.57719e-06
-4.76225e-11
7.59099e-06
-7.59094e-06
-4.62405e-09
2.14343e-08
-3.50126e-09
-1.73165e-09
7.58228e-06
5.57929e-12
-3.67934e-09
-4.68347e-09
-6.65549e-09
-1.93035e-08
7.59001e-06
-7.57071e-06
-7.62903e-06
-7.56626e-06
7.56626e-06
-7.5698e-06
-7.58701e-06
7.58508e-06
1.93025e-09
2.33326e-08
-1.01685e-09
-7.5962e-06
9.191e-09
7.55753e-06
-7.56238e-06
7.55753e-06
1.43694e-08
-7.59298e-06
4.30463e-09
1.19485e-08
7.57424e-06
-7.56927e-06
-4.97174e-09
7.57424e-06
-7.57325e-06
7.57634e-06
-3.09683e-09
7.57325e-06
9.97434e-10
-7.56927e-06
-7.57105e-06
1.77937e-09
7.59652e-06
-7.58324e-06
7.59652e-06
-1.00286e-05
7.60389e-06
-7.58367e-06
-7.58305e-06
7.58305e-06
7.65888e-06
-7.5853e-06
7.60389e-06
7.65888e-06
-7.58189e-06
7.58189e-06
7.58238e-06
-7.58238e-06
7.5853e-06
-7.7027e-06
-7.58517e-06
7.5829e-06
-7.5829e-06
-7.58202e-06
7.58202e-06
-7.56238e-06
7.51483e-06
-7.51483e-06
7.57634e-06
7.5736e-06
-7.5736e-06
7.58264e-06
7.58344e-06
-7.58344e-06
-7.64707e-06
-7.5823e-06
7.5823e-06
-7.63129e-06
-7.58234e-06
-7.5698e-06
-7.57719e-06
7.56553e-06
-7.56553e-06
7.5943e-06
-7.5943e-06
-7.58232e-06
7.58232e-06
-7.582e-06
7.582e-06
-7.77492e-06
-7.62798e-06
-7.58221e-06
7.58221e-06
-7.57105e-06
-7.58367e-06
7.58324e-06
-7.59586e-06
-7.58218e-06
7.5819e-06
-7.5819e-06
-7.58128e-06
7.58128e-06
7.60354e-06
-7.59117e-06
-7.60354e-06
7.59117e-06
-7.59586e-06
-8.01236e-09
1.31193e-08
-7.58933e-06
-7.58389e-06
7.5939e-06
-6.9085e-09
7.608e-06
-7.62373e-09
-7.60037e-06
-7.58351e-06
7.59546e-06
7.59999e-06
7.61311e-06
-7.59342e-06
9.52666e-09
7.6065e-06
1.03896e-08
-7.57417e-06
7.58492e-06
7.6129e-06
2.12907e-08
7.60599e-06
6.01758e-09
-5.81694e-09
-7.56387e-06
7.56817e-06
7.61201e-06
7.60583e-06
-7.56172e-06
7.57092e-06
2.10562e-08
7.611e-06
7.60518e-06
-6.44571e-09
7.5408e-06
-7.53435e-06
7.60348e-06
1.70003e-09
1.16496e-08
-7.61125e-06
7.59746e-06
-7.56948e-06
7.58385e-06
-1.03727e-09
1.43309e-09
7.60911e-06
-7.56183e-06
7.58516e-06
7.60807e-06
-7.57923e-06
7.58548e-06
2.20232e-08
9.65966e-09
7.61251e-06
-5.92728e-09
7.55253e-06
-7.54661e-06
7.61926e-06
7.62892e-06
-7.58616e-06
7.58248e-06
7.60042e-06
-2.19512e-08
7.6057e-06
-7.5854e-06
7.58438e-06
7.60888e-06
8.10571e-11
2.99429e-09
-7.56439e-06
7.58582e-06
7.58693e-06
-7.57943e-06
7.58659e-06
1.99942e-08
7.58992e-06
-6.39134e-09
7.56285e-06
-7.55646e-06
-7.58714e-06
7.58049e-06
7.59927e-06
-9.35101e-09
-1.97003e-08
7.60327e-06
7.44187e-09
7.60561e-06
7.59777e-06
-7.58506e-06
7.58507e-06
7.60521e-06
1.52811e-09
7.58551e-06
-7.56621e-06
7.58703e-06
-7.58719e-06
7.58368e-06
7.58803e-06
-7.57806e-06
7.58979e-06
1.88559e-08
7.48236e-09
-8.96654e-09
7.57566e-06
-7.56669e-06
7.59553e-06
-7.50628e-09
7.60302e-06
-1.43358e-08
7.59609e-06
-7.58812e-06
7.58424e-06
-7.30518e-09
-7.57893e-06
7.59505e-06
7.60388e-06
1.0862e-08
6.74789e-09
7.58954e-06
-7.58757e-06
7.59894e-06
9.65476e-09
8.86078e-09
-7.58702e-06
7.59629e-06
-7.48131e-09
7.58624e-06
-7.57876e-06
7.58289e-06
-7.58915e-06
7.58512e-06
-7.58376e-06
-7.59336e-06
7.57697e-06
7.58908e-06
3.13073e-09
5.58701e-09
7.57877e-06
1.03091e-08
-7.5682e-06
7.58483e-06
-7.57496e-06
7.58478e-06
7.5819e-06
-8.77112e-09
7.58972e-06
-7.58095e-06
7.59076e-06
-7.57647e-06
7.58628e-06
-7.58986e-06
7.58577e-06
9.86674e-09
5.67129e-09
7.59682e-06
7.59097e-06
8.30941e-09
7.59664e-06
-7.57687e-06
7.58633e-06
7.58933e-06
-7.47826e-09
7.5944e-06
-7.58609e-06
7.59557e-06
-7.59032e-06
7.58624e-06
9.40423e-09
-7.57914e-06
7.58845e-06
5.99749e-09
7.58922e-06
-7.58117e-06
7.59037e-06
-7.09843e-09
7.19021e-09
7.59213e-06
-7.58494e-06
7.59522e-06
7.58774e-06
7.27372e-09
-7.57919e-06
7.58402e-06
-7.58951e-06
5.64185e-09
7.59373e-06
-7.59248e-06
-7.57629e-06
7.58628e-06
7.58743e-06
1.11802e-08
7.59307e-06
7.58597e-06
-7.60278e-06
7.6067e-06
-3.92411e-09
2.02266e-09
7.58222e-06
7.73702e-09
7.58937e-06
-7.58163e-06
7.59206e-06
-7.55268e-06
7.57437e-06
-2.16915e-08
7.58711e-06
-7.57609e-06
7.58615e-06
-3.07746e-09
1.01848e-08
7.57937e-06
-7.58887e-06
9.50205e-09
7.58913e-06
-7.5774e-06
7.58936e-06
-7.58434e-06
7.57105e-06
1.32936e-08
7.58605e-06
-7.58238e-06
7.59154e-06
-7.63047e-06
7.62975e-06
8.75096e-09
-1.04107e-08
-7.54226e-06
7.59077e-06
-4.71662e-09
-6.98533e-09
-7.57934e-06
7.27947e-09
7.57901e-06
-7.58629e-06
7.58825e-06
-2.34075e-08
7.58837e-06
-1.04463e-08
7.59807e-06
-9.81211e-09
1.74634e-09
-7.58609e-06
7.5837e-06
-1.11857e-08
7.59793e-06
-7.57826e-06
-1.09644e-08
-7.58271e-06
7.58933e-06
-7.60557e-06
7.57798e-06
2.75887e-08
7.59098e-06
-7.59397e-06
7.57573e-06
1.82491e-08
-1.05362e-08
7.58158e-06
-7.58581e-06
7.57807e-06
7.73576e-09
-7.58283e-06
7.59336e-06
7.5798e-06
-6.56888e-09
7.58587e-06
-1.32913e-08
7.58981e-06
-6.5039e-09
7.58154e-06
-7.58405e-06
7.59305e-06
-7.07838e-09
7.58212e-06
-5.79737e-10
7.57159e-06
7.56931e-06
7.55506e-06
1.42478e-08
-7.58696e-06
7.59562e-06
7.54177e-06
-7.58635e-06
7.59564e-06
-9.29766e-09
-7.58558e-06
7.58744e-06
-1.8625e-09
-6.09231e-09
-7.60961e-06
7.5969e-06
1.27117e-08
7.56433e-06
-2.25652e-08
3.08097e-08
7.4923e-06
-7.52311e-06
-7.58915e-06
7.59843e-06
-7.58146e-06
7.57033e-06
1.11253e-08
-7.59375e-06
9.99031e-09
7.58853e-06
-7.61385e-06
2.53254e-08
7.55337e-06
-1.10862e-08
-7.57441e-06
7.5855e-06
7.66282e-06
6.49157e-09
-3.86746e-09
-7.57675e-06
7.58062e-06
7.58418e-06
-7.58211e-06
7.57728e-06
4.83473e-09
7.57761e-06
-7.59977e-06
7.58999e-06
-7.58917e-06
7.59879e-06
-9.62424e-09
7.58159e-06
-3.98515e-09
-8.52809e-09
-7.57011e-06
7.57863e-06
7.57874e-06
2.85464e-09
-7.59219e-06
7.60165e-06
-7.59184e-06
7.60233e-06
-1.04912e-08
-7.58296e-06
7.57194e-06
1.10121e-08
7.57021e-06
7.51953e-06
-2.72305e-08
-6.60182e-09
-2.3865e-08
7.56634e-06
7.58154e-06
-7.79383e-09
-7.5945e-06
7.60687e-06
7.51554e-06
7.55329e-06
1.30518e-08
-5.45612e-08
-7.56542e-06
-5.62807e-09
-7.56542e-06
-7.53477e-06
7.53477e-06
-1.99404e-08
7.54406e-06
9.22632e-09
7.82238e-09
2.89686e-08
7.501e-06
-7.52997e-06
-7.58195e-06
7.57232e-06
9.6227e-09
-7.59343e-06
7.60502e-06
-7.57533e-06
-6.77864e-09
-5.18061e-09
7.58105e-06
-7.57587e-06
5.70073e-06
-7.58206e-06
7.57141e-06
1.06469e-08
-7.5832e-06
7.57286e-06
1.03447e-08
7.56542e-06
-2.13574e-08
7.55434e-06
-7.60938e-06
7.5833e-06
-7.57709e-06
7.58029e-06
-3.20269e-09
1.86061e-09
-7.05997e-09
7.58434e-06
7.57673e-06
6.57187e-09
-7.56648e-06
7.56648e-06
6.66519e-09
-7.58446e-06
7.5778e-06
-7.58375e-06
7.58428e-06
-7.54451e-09
2.7932e-08
7.67353e-06
-7.60828e-06
7.61997e-06
-1.1687e-08
7.5791e-06
-7.58042e-06
7.57169e-06
8.73247e-09
-7.59337e-06
9.6202e-09
7.58576e-06
7.6101e-06
5.71713e-09
7.58338e-06
-7.57593e-06
-7.44425e-09
7.59151e-06
-7.59952e-06
8.01638e-09
-3.17129e-08
1.05494e-09
7.57898e-06
-2.79892e-08
7.54498e-06
-4.39784e-08
-7.60876e-06
7.62589e-06
-1.71235e-08
-7.57269e-06
7.56684e-06
5.85394e-09
7.53743e-06
7.58531e-06
-6.33107e-09
6.81839e-09
-7.5849e-06
7.57808e-06
-4.70281e-08
7.57543e-06
7.94392e-09
-7.57908e-06
7.57255e-06
6.53216e-09
7.57825e-06
7.58166e-06
-7.57565e-06
7.58077e-06
-5.11116e-09
7.58494e-06
-7.1428e-09
-7.57174e-06
7.58055e-06
-8.80777e-09
-5.02317e-08
7.71138e-06
-7.56681e-06
-9.2066e-08
7.58507e-06
7.57759e-06
6.64397e-09
-7.58424e-06
7.57861e-06
-7.57394e-06
7.55378e-06
2.01632e-08
8.40413e-09
2.09881e-06
5.61458e-06
-7.71339e-06
-7.56341e-06
-1.0526e-08
-6.29326e-09
7.57763e-06
-6.39771e-06
-7.73734e-09
7.58317e-06
7.58358e-06
-5.98434e-09
-7.57804e-06
7.57828e-06
-2.37626e-10
-4.96359e-06
7.58427e-06
6.68512e-09
7.57689e-06
-7.61115e-06
7.62726e-06
-1.61103e-08
-1.46881e-10
-3.03836e-08
-6.94851e-06
-9.32826e-07
7.57653e-06
-7.6152e-06
7.64454e-06
-2.93425e-08
-7.61449e-06
7.6247e-06
-1.0208e-08
-7.60672e-06
7.58322e-06
7.59313e-06
7.59313e-06
7.61482e-06
-7.61482e-06
-7.59992e-06
-6.15699e-09
7.61474e-06
-7.58138e-06
9.63715e-09
7.57832e-06
-7.55611e-06
-2.22134e-08
1.39233e-08
-7.60878e-06
6.31134e-09
-7.57931e-06
7.573e-06
7.57468e-06
8.54107e-09
-1.12056e-08
-7.57699e-06
7.58654e-06
-9.54575e-09
-7.5709e-06
7.59351e-06
-2.26099e-08
7.57283e-06
1.03383e-08
-2.77438e-07
7.58142e-06
-6.74359e-09
3.00531e-08
7.5903e-06
-7.5903e-06
7.58598e-06
-7.58135e-06
1.71329e-08
-7.60125e-06
7.63043e-06
-2.91749e-08
-6.02413e-06
-7.57068e-06
7.61891e-06
-4.8226e-08
7.56962e-06
5.24881e-09
-7.57487e-06
7.57261e-06
-7.60689e-06
1.74656e-09
7.56767e-06
1.94756e-09
7.58168e-06
-4.78136e-09
-1.42057e-08
7.56798e-06
7.57893e-06
-7.57493e-06
-4.37648e-09
7.58351e-06
-7.58351e-06
-7.6141e-06
7.65691e-06
7.6248e-06
2.80581e-08
-7.6362e-06
7.5684e-06
5.7349e-06
-5.7302e-06
7.59342e-06
-7.58918e-06
7.6353e-06
7.63937e-06
-7.46556e-09
-7.6319e-06
5.76198e-06
-1.63283e-08
7.586e-06
-7.59304e-06
7.039e-09
2.5841e-09
7.56509e-06
5.77059e-06
-2.29122e-06
-2.71088e-06
-8.03701e-08
2.28237e-08
7.57365e-06
-7.62265e-06
7.59189e-06
-7.61729e-06
7.69106e-06
-7.3764e-08
7.58516e-06
9.58353e-07
-7.90687e-06
-1.86978e-09
7.55944e-06
-1.5133e-08
7.52845e-06
-7.51331e-06
-7.57625e-06
-2.0191e-07
-3.47095e-06
3.67286e-06
4.76092e-06
-5.53304e-06
7.56203e-06
7.54969e-06
1.23375e-08
5.79824e-06
7.57905e-06
-7.58191e-06
7.51105e-06
-7.50618e-06
3.81791e-10
-8.63697e-09
-7.53944e-06
7.54807e-06
7.5475e-06
2.18791e-09
1.03952e-06
9.21103e-07
1.16105e-06
1.90606e-06
1.05007e-06
1.04515e-06
1.05431e-06
1.04644e-06
2.08716e-07
9.54443e-07
1.07891e-06
1.15537e-06
-7.61489e-06
1.05893e-06
1.03112e-06
1.03463e-06
1.03641e-06
1.0478e-06
1.04377e-06
-7.58238e-06
-2.63988e-08
1.04735e-06
1.05945e-06
7.53741e-06
1.00963e-08
1.22736e-06
-7.54187e-06
7.63542e-06
-9.3553e-08
1.01632e-06
1.15508e-08
-7.61055e-06
1.02138e-06
-7.57733e-06
1.08118e-09
7.556e-06
9.08191e-09
-7.49232e-06
7.52859e-06
7.52877e-06
7.57977e-06
-7.57977e-06
-7.7736e-06
6.92332e-06
1.33512e-06
-7.54893e-06
7.70736e-06
-1.58425e-07
1.07278e-06
1.05108e-06
1.04487e-06
1.06147e-06
1.00984e-06
-7.58314e-06
7.55819e-06
5.97422e-06
-4.97602e-06
-8.64907e-08
7.51364e-06
-7.60756e-06
-1.14952e-08
-1.80292e-06
1.8757e-08
7.59255e-06
-7.38642e-09
7.43629e-06
-2.1429e-08
-7.41486e-06
1.04116e-06
-7.54927e-06
1.00976e-06
-7.60588e-06
-1.05299e-08
-5.8581e-09
-7.59542e-06
6.23592e-09
-7.31361e-06
-2.53071e-08
7.33892e-06
7.58052e-06
-7.54385e-06
-4.24333e-08
-7.582e-06
-4.16505e-08
-7.45988e-06
7.50153e-06
-7.57026e-06
2.09925e-08
7.49296e-06
2.0678e-08
-7.61181e-06
-7.60964e-06
4.22137e-09
-6.93869e-06
1.70369e-06
7.47463e-06
1.83293e-08
7.62795e-06
-7.63419e-06
7.43298e-06
7.47398e-06
5.44691e-08
-1.29047e-06
1.18439e-06
-7.42026e-06
7.83172e-06
-4.11461e-07
7.58086e-06
1.22682e-07
7.50157e-06
7.58254e-06
-7.57786e-06
-7.58387e-06
-6.92432e-06
2.96611e-07
7.41155e-06
7.7549e-06
-2.5333e-07
-7.58346e-06
-7.58519e-06
7.57596e-06
-7.59133e-06
7.50775e-06
4.03219e-08
-7.49231e-06
7.74457e-08
-1.27032e-07
-7.24305e-06
7.37008e-06
5.44517e-06
-7.55202e-06
7.55202e-06
-7.62564e-06
5.78176e-06
5.69533e-06
-5.74073e-06
1.02574e-06
-5.93829e-06
5.93891e-06
-5.93891e-06
-5.80362e-07
-6.93357e-06
7.51394e-06
-3.34637e-07
7.52843e-06
8.61705e-07
-6.94281e-07
1.62376e-07
5.61989e-07
-8.78046e-07
3.71337e-07
4.34482e-07
-1.3038e-06
4.28667e-07
-1.61139e-06
1.77998e-07
4.06798e-07
-1.09327e-06
6.26377e-07
-1.07317e-06
5.50921e-07
-2.93003e-08
-6.92552e-06
1.32775e-07
-9.10185e-08
7.33675e-06
7.48007e-08
3.55175e-08
7.58998e-06
-9.1204e-09
3.98782e-08
4.69155e-08
4.90167e-08
-7.59141e-06
7.55633e-11
6.85505e-08
4.72059e-08
7.58115e-06
-7.57541e-06
7.57541e-06
-1.27798e-06
3.67893e-08
-7.55367e-06
-5.72287e-06
-6.95362e-06
-7.60637e-06
4.12173e-08
7.54975e-06
-7.54624e-06
5.24153e-06
-5.24153e-06
-2.05164e-08
-7.6002e-06
7.60771e-06
-7.51324e-09
7.31144e-06
7.57286e-06
7.37642e-06
1.25108e-07
7.15922e-06
1.79696e-07
-7.28392e-06
4.39003e-08
-7.156e-06
2.0238e-07
7.57516e-06
7.26922e-06
-7.58173e-06
5.48739e-06
-1.48914e-06
7.18441e-06
2.84092e-08
-6.7118e-06
9.66588e-07
7.58474e-06
-7.58301e-06
4.84238e-09
7.58499e-06
-1.21298e-08
6.37644e-07
-7.57122e-06
-8.96874e-07
7.45122e-06
6.41668e-06
-7.81851e-06
2.08173e-07
-6.32245e-06
-7.63232e-06
2.21588e-07
7.57927e-06
-7.63274e-06
7.61752e-06
4.00812e-07
-8.01833e-06
-7.18763e-06
2.62109e-07
6.72494e-06
-7.23426e-06
5.09325e-07
7.52066e-06
-7.52066e-06
-6.20144e-06
2.13762e-08
-7.57471e-06
-7.02181e-06
-6.29054e-06
7.57988e-06
7.58069e-06
-7.58069e-06
2.43239e-08
7.02155e-06
7.03188e-06
3.38196e-07
7.31008e-07
4.12756e-07
-1.67341e-06
7.5339e-06
2.64572e-08
-7.56036e-06
5.72574e-06
-5.73148e-06
7.544e-06
5.88174e-06
7.62226e-06
-7.61327e-06
5.49368e-06
-5.49368e-06
-7.59991e-06
7.58825e-06
-7.58372e-06
2.38115e-08
-7.40928e-06
3.87473e-07
-6.58111e-06
7.38643e-06
-5.54604e-06
5.54604e-06
-4.51522e-06
4.51522e-06
5.81039e-06
-5.72081e-06
-4.79e-06
4.79e-06
6.17276e-06
-6.17276e-06
-5.20255e-06
-5.61313e-06
5.61313e-06
6.01651e-06
-5.48069e-06
5.48069e-06
-5.3645e-06
5.3645e-06
-5.30308e-06
5.30308e-06
6.3063e-06
-6.3063e-06
4.99275e-06
5.90113e-06
-5.90113e-06
5.90334e-06
6.12743e-06
-6.12743e-06
5.99004e-06
5.89553e-06
-5.42408e-06
5.42408e-06
-6.31081e-06
-5.65005e-06
-5.37581e-06
6.16298e-06
-6.16298e-06
5.50435e-06
-5.50435e-06
6.0352e-06
5.87208e-06
5.94299e-06
6.08549e-06
7.57527e-06
-7.57093e-06
5.95029e-06
-4.89673e-06
7.5911e-06
-1.12179e-08
-7.7603e-06
1.59767e-07
7.60053e-06
7.57499e-06
7.59853e-06
-6.5739e-09
7.18375e-06
-7.59521e-06
7.60198e-06
-5.9721e-06
-7.6079e-06
-7.61738e-06
7.56786e-06
-7.56786e-06
9.95379e-07
7.50278e-06
-7.4957e-06
-2.08086e-08
-5.63288e-06
5.65369e-06
7.57564e-06
7.5038e-06
-7.5038e-06
7.60756e-06
-7.61073e-06
-7.58945e-06
-7.57003e-06
7.52646e-06
-7.59933e-06
7.91597e-09
-5.57817e-06
5.0693e-06
7.57708e-06
-7.57708e-06
-6.01051e-06
1.05209e-06
-6.17309e-06
-6.01785e-06
1.04075e-06
-6.04627e-06
1.05886e-06
-5.98798e-06
1.03505e-06
-6.13129e-06
1.06791e-06
7.58876e-06
-1.37729e-08
-7.59599e-06
2.66215e-06
-7.22958e-06
-5.99088e-06
1.00809e-06
-5.84485e-06
-3.48767e-08
7.55942e-06
4.97665e-06
1.5442e-06
-6.52086e-06
-5.53872e-06
5.09421e-06
1.95966e-06
-6.95881e-06
4.99915e-06
5.83006e-06
-6.06067e-06
-7.5667e-06
7.62181e-06
-5.51139e-08
7.58137e-06
-7.57712e-06
-7.61836e-06
-7.28674e-09
7.62482e-06
-7.64935e-06
6.98268e-06
-3.59047e-06
-3.39221e-06
-4.9415e-06
6.01428e-06
-4.92706e-06
5.97193e-06
-1.07929e-06
7.57711e-06
-1.76983e-08
-6.0371e-06
-7.57092e-06
-5.69966e-06
9.74268e-07
-3.37501e-07
-5.11755e-06
-7.63569e-06
7.56691e-06
-1.36708e-06
-7.58074e-06
1.42369e-06
7.59184e-06
-2.49305e-08
-4.97378e-06
5.35799e-06
7.5732e-06
-7.5732e-06
-5.94528e-06
-9.40521e-07
-4.54675e-06
-3.40218e-09
7.62092e-06
7.56266e-06
7.58056e-06
-7.60037e-06
-7.34421e-06
-2.50991e-07
-1.3428e-07
-5.94052e-06
5.93475e-06
-4.97099e-06
5.46024e-06
-4.29919e-06
-5.12302e-06
-4.57337e-06
5.62768e-06
-4.9714e-06
-6.87097e-06
4.1021e-06
2.76887e-06
-5.09182e-06
-4.60075e-06
5.75612e-06
-4.95686e-06
5.82841e-06
-4.79201e-06
5.99787e-06
-4.93842e-06
-4.90393e-06
-1.99603e-08
-7.55232e-06
7.57228e-06
5.68527e-06
-5.72486e-06
-4.66409e-06
5.68547e-06
6.59536e-06
-4.78337e-06
5.83445e-06
7.54802e-06
-7.35949e-06
7.57795e-06
-7.57401e-06
-7.59754e-06
-1.49946e-08
-4.98104e-06
5.77266e-06
1.38913e-06
4.9586e-06
8.42277e-07
-5.80088e-06
5.03139e-06
5.93955e-07
-5.62535e-06
4.99165e-06
4.37348e-07
-5.429e-06
4.98501e-06
1.83022e-06
-6.81523e-06
4.9946e-06
9.7017e-07
-5.96477e-06
7.57012e-06
7.22287e-06
3.06829e-08
5.45165e-06
-5.78915e-06
-1.29672e-06
7.58734e-06
-7.51835e-06
-6.89864e-08
-1.02964e-06
6.85969e-06
7.56041e-06
-7.56041e-06
-7.60436e-06
-4.8167e-06
4.97908e-06
6.19322e-06
-5.82188e-06
-5.87546e-06
-6.16292e-06
5.98756e-06
6.00701e-06
2.91617e-08
-7.61903e-06
7.54465e-06
-7.54936e-06
4.70818e-09
-6.00371e-06
-7.66439e-10
-7.60713e-06
7.49379e-06
5.74397e-06
-5.70409e-06
-7.26882e-06
5.76167e-06
-5.71265e-06
4.99498e-06
7.48959e-06
-7.59547e-06
7.60788e-06
-7.60366e-06
-7.54358e-06
7.57495e-06
5.7635e-06
-5.72228e-06
7.57428e-06
-7.57406e-06
7.57406e-06
-7.43844e-06
-1.591e-07
9.37318e-07
-5.99282e-06
7.56897e-06
-7.59687e-06
-7.48057e-06
6.0324e-06
5.99365e-06
6.0993e-06
7.62018e-06
-7.62609e-06
8.12653e-07
5.86833e-06
-4.5118e-06
6.05601e-06
-4.24156e-06
6.20122e-06
6.00269e-06
6.05179e-06
-4.99293e-06
7.56757e-06
5.08899e-06
5.90567e-07
-5.67956e-06
5.76778e-06
-5.74641e-06
7.5749e-06
-7.57063e-06
1.29915e-08
5.29204e-09
-7.70362e-06
7.19796e-06
7.57808e-06
-8.33324e-09
-3.74053e-06
7.68121e-06
7.57597e-06
-7.61231e-06
-5.06367e-09
-4.69064e-06
-5.41091e-06
3.98882e-07
-5.53443e-06
-5.0905e-06
-7.55245e-06
7.57051e-06
-7.57051e-06
7.56685e-06
7.56588e-06
-7.56588e-06
-1.0909e-06
6.18511e-06
-1.06659e-06
6.06574e-06
-5.89142e-06
1.16624e-06
7.6196e-06
-1.90683e-08
-7.34923e-06
-3.54391e-07
-7.35789e-06
-2.64813e-08
-7.50027e-06
7.57479e-06
7.59644e-06
2.53725e-08
-7.51699e-06
7.57183e-06
-7.56774e-06
4.87047e-06
-4.62067e-08
-4.99744e-06
1.26843e-06
-5.35471e-06
7.56266e-06
-7.59701e-06
7.43089e-06
-4.97305e-06
5.98281e-06
-5.75391e-06
5.5447e-06
5.76577e-06
-5.78076e-06
2.1979e-06
-2.1979e-06
-5.68405e-06
6.74298e-06
5.95278e-07
-4.56411e-06
5.61191e-06
-4.77225e-06
5.81961e-06
-4.96033e-06
5.88143e-06
-4.77571e-06
5.81035e-06
-4.80657e-06
5.85033e-06
5.57434e-06
-4.55802e-06
-1.03082e-07
5.97498e-06
-4.93381e-06
-7.5402e-06
-1.22527e-08
7.54894e-06
-4.63774e-09
-7.60173e-06
7.573e-06
7.57055e-06
-7.57996e-06
3.60199e-06
-3.60199e-06
5.60333e-06
-5.72195e-06
-7.43955e-06
-5.06681e-09
-7.60566e-06
-7.6427e-06
7.56178e-06
-7.55601e-06
7.57142e-06
-4.11596e-06
5.45497e-07
-5.45497e-07
-7.57702e-06
3.74492e-09
-6.53781e-06
7.55765e-06
7.60873e-06
-7.60949e-06
5.79784e-06
-5.76233e-06
-7.56688e-07
5.82847e-06
-5.07178e-06
-7.47585e-06
-1.21156e-07
7.48816e-06
-7.55715e-06
-9.28534e-07
5.79131e-06
-4.86277e-06
-7.5392e-06
7.5612e-06
1.62615e-08
7.57478e-06
5.82527e-06
-4.92128e-06
-9.03982e-07
-1.48426e-06
-7.59461e-06
7.59461e-06
3.30236e-07
1.19967e-06
7.55708e-06
-7.59535e-06
7.54263e-06
-7.56956e-06
7.57725e-06
-8.17252e-07
6.8143e-09
-7.61072e-06
1.27033e-06
1.31872e-06
2.16961e-06
6.40511e-07
4.99914e-07
9.10443e-07
1.1913e-06
1.0527e-06
8.53483e-07
1.05833e-06
2.35358e-06
6.70406e-07
1.12745e-06
-2.87016e-08
7.63874e-06
9.93935e-07
2.28905e-06
-1.21538e-07
-4.78849e-06
-4.94739e-06
-4.95494e-06
-5.90479e-06
-4.97084e-06
-7.61177e-06
8.53719e-09
-7.51932e-06
3.6976e-06
-7.54664e-06
7.44182e-09
-4.60014e-06
-6.82366e-07
-4.99719e-06
7.59551e-06
-7.60538e-06
6.15237e-06
-7.54992e-07
-7.58155e-06
-4.93471e-07
6.17255e-06
4.05687e-06
-4.99739e-06
-2.21793e-08
-5.50476e-06
8.47203e-07
5.06837e-06
-7.56792e-06
5.67981e-06
-4.70554e-06
3.5289e-06
3.45378e-06
-6.36228e-07
6.06283e-06
-5.4266e-06
-7.55162e-06
5.61102e-06
-5.41726e-07
7.58433e-06
-7.58433e-06
7.62342e-06
-7.62682e-06
-4.17424e-06
5.38559e-06
1.77252e-07
-5.86619e-06
5.68894e-06
-8.68561e-07
5.58292e-06
-4.71436e-06
-3.02266e-07
5.78985e-06
-5.02055e-06
-7.62356e-06
-9.81182e-08
-7.54636e-06
-7.54264e-06
-8.97387e-09
-7.54877e-06
7.50055e-06
7.6248e-06
7.5937e-06
-7.59929e-06
3.64758e-06
1.31583e-06
7.58505e-06
-2.11815e-07
-4.68378e-07
-3.89764e-06
-1.1353e-06
5.6951e-06
-7.51327e-06
-3.5505e-08
1.08577e-06
-7.54086e-06
7.57761e-06
-7.57761e-06
-5.37636e-06
-7.57792e-06
3.16721e-08
-1.94817e-06
-1.37604e-06
5.23156e-06
2.93394e-07
-5.52495e-06
2.12945e-09
-5.82937e-06
5.46044e-06
-6.73743e-08
7.52903e-06
-1.78029e-07
-7.351e-06
-7.53588e-06
-7.54468e-06
3.81351e-09
-5.75642e-07
7.58668e-06
-7.59754e-06
-5.32636e-06
-4.62786e-07
8.07924e-07
-4.31003e-06
-1.22301e-06
6.84994e-07
-5.75678e-06
-4.81057e-07
7.2015e-07
-4.79451e-06
-7.5503e-06
-5.86809e-06
7.54894e-06
7.57433e-06
-7.57433e-06
-7.53786e-06
7.51935e-06
-7.52889e-06
-8.6401e-07
-1.13825e-06
7.55601e-06
-1.6529e-08
8.9519e-07
-7.433e-06
5.457e-06
-6.48518e-06
-7.53546e-06
-1.48486e-08
-7.56006e-06
5.54119e-06
-7.52286e-06
-6.03444e-09
5.60004e-06
5.91655e-06
7.53491e-06
-5.1615e-06
-4.30063e-08
-7.5231e-06
-5.73489e-06
-7.60982e-06
7.6906e-06
-8.07755e-08
4.75305e-06
8.74637e-07
-5.79819e-06
-7.5344e-06
-6.31086e-06
7.57167e-06
7.5051e-06
1.55635e-08
-5.457e-06
-4.81911e-07
-7.5696e-06
4.07773e-09
7.5755e-08
7.45328e-06
-5.44533e-06
-7.52393e-06
8.32022e-10
-7.49091e-06
-4.34892e-08
7.57e-06
-7.57e-06
-5.83659e-06
-7.52841e-06
-7.51807e-06
6.69859e-09
4.79057e-06
-6.01359e-06
4.96318e-06
7.49749e-06
6.31326e-09
-4.22159e-06
7.5388e-06
-7.53202e-06
-7.54965e-06
-7.52268e-06
4.61035e-09
-6.02465e-06
-7.51615e-06
3.71147e-06
3.14021e-06
-5.72131e-06
5.6744e-06
4.95178e-06
-5.03359e-06
7.56326e-06
7.60185e-06
8.87307e-09
-7.61837e-06
-7.52221e-06
6.06128e-09
7.63874e-06
-7.51348e-06
-7.55221e-06
7.52573e-06
-6.92368e-06
5.05475e-09
7.5616e-06
-7.5616e-06
-7.52091e-06
7.43257e-09
-7.65905e-06
5.74851e-06
-7.53226e-06
-7.64509e-06
-7.53991e-06
-7.51129e-06
-4.68997e-06
-6.81098e-07
-1.37752e-09
7.5534e-06
7.71948e-07
-6.19855e-06
-5.91339e-06
5.09614e-06
-7.5196e-06
8.31102e-09
7.55269e-06
-5.89205e-06
1.17769e-06
5.48633e-06
3.81172e-07
-5.08412e-06
-7.50896e-06
-8.99752e-07
-4.9308e-06
5.72517e-06
-7.5534e-06
-7.55746e-06
-7.51733e-06
8.37826e-09
-8.32431e-07
6.29287e-06
5.55346e-06
-5.1407e-06
-7.50699e-06
4.53825e-06
-4.83878e-06
-1.15104e-08
-7.52284e-06
7.58134e-06
4.00289e-07
-7.98163e-06
-5.71956e-06
-7.60671e-06
-7.51581e-06
8.81627e-09
-7.22653e-06
-1.12282e-06
-7.50479e-06
-3.9196e-07
-5.13299e-06
-2.7765e-06
-7.52064e-06
1.58485e-08
5.87301e-06
-5.75784e-06
-7.49932e-06
-7.50952e-06
-7.5359e-06
2.63811e-08
7.49749e-06
7.5051e-06
-1.42869e-08
-7.51568e-06
7.16112e-06
-7.51551e-06
5.71262e-06
4.0049e-07
5.24794e-06
-2.88336e-08
5.30894e-06
6.16615e-09
3.24778e-06
-7.52885e-06
7.52266e-06
-5.67523e-06
7.54608e-06
1.03447e-08
-5.73116e-06
-7.30734e-06
-6.50867e-06
-1.54673e-06
4.69643e-06
-4.71861e-06
-7.5412e-06
5.70402e-06
-1.48846e-08
-7.50822e-06
-7.52642e-06
7.52456e-06
-7.57319e-06
-7.52362e-06
-7.53157e-06
5.14498e-09
-7.51915e-06
-5.25037e-06
-5.78705e-07
-7.52383e-06
-7.39405e-06
-5.85195e-06
-7.5152e-06
5.63994e-06
-7.53797e-06
1.41373e-08
-7.53665e-06
5.74851e-06
3.01756e-06
-2.42765e-07
-7.44665e-06
4.74451e-06
-6.00941e-06
3.56723e-06
3.51985e-06
5.70062e-06
-7.51151e-06
4.42444e-09
-7.44447e-06
-1.89928e-06
-7.50969e-07
-1.10033e-06
-7.51403e-06
-7.51494e-06
-7.52965e-06
-7.4737e-06
2.18323e-06
-6.69503e-06
-7.50921e-06
-7.52494e-06
7.52101e-06
-7.56334e-06
-5.65236e-06
-7.49509e-06
5.55427e-06
-5.55427e-06
-7.53903e-06
1.409e-08
-7.52953e-06
-7.49045e-06
-7.53853e-06
9.00078e-09
7.56022e-06
-1.35441e-08
4.41253e-06
-7.50698e-06
-7.4979e-06
-9.63836e-07
3.35013e-07
5.21926e-06
-3.2089e-06
-2.5646e-06
-3.02951e-06
-2.92002e-06
6.06961e-06
-7.42805e-06
-5.71063e-06
-7.50393e-06
5.68214e-06
-7.51721e-06
6.5764e-08
4.81183e-06
-7.51788e-06
7.33759e-07
-7.50199e-06
7.53179e-06
-2.92969e-06
-3.06174e-06
-2.48131e-06
-3.3349e-06
-7.55413e-06
7.47551e-06
-7.50115e-06
-3.01603e-06
-2.97863e-06
-3.22385e-06
-2.67491e-06
-3.1885e-06
-2.78819e-06
-3.04811e-06
-2.65178e-06
-2.99048e-06
-2.96927e-06
-2.29395e-06
-3.54726e-06
5.73116e-06
-7.50302e-06
-7.49841e-06
-5.42752e-06
1.85991e-07
-7.50279e-06
3.76221e-06
-1.40101e-06
-4.85956e-06
6.26058e-06
-4.10097e-06
-7.49673e-06
5.42752e-06
-1.69878e-06
-7.50151e-06
-5.61572e-06
-5.15728e-06
2.13368e-06
4.9772e-06
-7.49408e-06
-7.50178e-06
-7.5072e-06
-6.40681e-09
7.51151e-06
-7.50006e-06
-1.7452e-08
7.51494e-06
-7.54328e-06
-5.74081e-06
-7.58906e-07
-7.49708e-06
-7.49175e-06
-5.63618e-06
-7.47579e-06
-7.49791e-06
-5.97364e-06
-7.48953e-06
9.97478e-07
-7.48804e-06
-7.49582e-06
5.93845e-06
-7.47765e-06
-7.48701e-06
5.68e-06
-7.49415e-06
-5.7098e-06
-7.47021e-06
-7.7565e-07
-7.4783e-06
-7.52533e-06
-7.46068e-06
-7.49895e-06
5.74798e-06
-7.46965e-06
5.37144e-06
2.92353e-08
5.64954e-07
5.06667e-06
5.36669e-06
-7.45966e-06
4.26614e-06
2.72386e-06
-7.52571e-06
-7.45585e-06
-9.68511e-09
-4.88064e-06
7.06387e-06
7.55278e-06
4.97817e-08
-7.44623e-06
-7.46108e-06
4.65673e-06
-5.44456e-06
-7.46094e-06
7.46608e-06
-7.45306e-06
-1.11026e-08
-7.5155e-06
5.55993e-06
-5.55993e-06
-6.23417e-06
3.07377e-06
-7.50136e-06
-7.49655e-06
3.675e-07
-5.74823e-06
-5.93779e-06
-1.68312e-06
5.79597e-08
-7.52798e-06
-5.60846e-06
-6.00984e-06
6.00984e-06
-5.04352e-06
-5.72964e-06
-7.43475e-06
7.44884e-06
5.72964e-06
5.25455e-06
-1.9062e-08
-7.42146e-06
-3.70084e-06
-3.20858e-06
-7.41246e-06
7.41953e-06
-7.43308e-06
6.06584e-06
3.89539e-07
-5.67024e-06
-5.37144e-06
5.83475e-06
2.35244e-07
-1.7127e-07
5.74642e-06
-5.57515e-06
7.56234e-06
-5.68698e-06
6.77014e-06
-7.42805e-06
-5.89982e-06
4.2478e-06
-6.98091e-06
2.73312e-06
7.56752e-06
-7.24312e-08
-5.21926e-06
4.29257e-07
1.34841e-06
-5.49809e-06
2.4074e-07
5.543e-06
-5.86593e-06
-5.59191e-06
-6.05223e-06
-5.62885e-06
4.38649e-06
-7.51587e-06
2.06617e-06
-6.20453e-06
-6.27196e-06
-5.73065e-06
2.05171e-08
-6.08132e-06
5.858e-06
-5.64512e-06
5.62644e-06
-7.5068e-06
-5.75601e-06
-1.40863e-06
-4.28705e-06
5.60578e-06
-1.37329e-08
7.32516e-06
-7.32516e-06
7.30373e-06
-7.30373e-06
5.62901e-06
-5.62901e-06
-5.86593e-06
-5.16762e-06
-1.46678e-06
-5.22825e-06
-5.27668e-06
6.45436e-06
-6.4279e-06
5.30508e-06
-4.05237e-06
-2.77345e-06
3.50615e-06
6.20206e-07
5.36669e-06
-5.79171e-06
-5.28426e-06
-5.89982e-06
-5.45631e-06
5.28426e-06
-1.3444e-06
-1.10923e-06
-2.40855e-06
-4.00557e-06
-2.76657e-06
-7.3519e-07
-3.86495e-06
-5.97659e-06
-5.93779e-06
3.45436e-06
3.53187e-06
3.85378e-06
-7.33281e-07
-7.30089e-08
-4.76381e-07
5.54476e-06
-4.68489e-06
3.9497e-06
1.27178e-06
-5.97364e-06
4.91648e-06
1.00161e-06
5.64422e-06
-4.74024e-06
5.24287e-06
-8.93466e-07
6.32044e-06
-5.66583e-06
4.80443e-06
-4.30389e-06
3.51132e-06
-1.91987e-06
-1.58918e-06
-2.82061e-06
-3.1432e-06
-2.87746e-06
-2.90105e-06
-6.00941e-06
-5.24925e-06
5.79924e-06
-3.51724e-06
-2.282e-06
1.62343e-07
4.99147e-06
-5.40587e-06
1.85415e-06
-4.70341e-07
9.19934e-07
4.33461e-06
3.6976e-06
-5.09756e-06
2.91141e-06
-5.47601e-06
2.82394e-06
-5.74396e-06
-5.55238e-06
5.76803e-06
-1.46961e-07
8.96398e-07
-4.63984e-06
6.70601e-06
-2.91784e-06
-3.14957e-06
4.87324e-06
-5.95215e-06
5.87668e-06
3.44268e-07
4.94751e-06
-4.94751e-06
5.52316e-06
4.57241e-06
6.70329e-06
5.23549e-06
6.7257e-06
2.57264e-06
5.36543e-06
-1.73065e-06
-6.00553e-06
-5.70505e-06
4.24888e-06
-3.82894e-06
-4.54356e-06
-2.08836e-07
5.55547e-06
1.33246e-06
2.17885e-06
-5.10047e-07
-4.49835e-06
-5.67746e-06
-1.85499e-07
-4.92278e-06
4.8267e-06
-5.5261e-06
-3.62692e-06
-5.73065e-06
4.77864e-06
5.50672e-06
4.63671e-06
4.58083e-06
1.31458e-06
4.2912e-06
-8.58193e-06
3.86495e-06
-5.47502e-06
-2.84814e-06
-3.57623e-06
2.40651e-06
-2.64928e-06
1.24315e-07
-5.99453e-06
4.61571e-06
1.95266e-06
4.11855e-06
-3.89862e-06
-2.97235e-06
5.95612e-06
-1.35328e-06
-6.72088e-07
5.33482e-07
5.06387e-06
-3.8382e-06
-4.8725e-06
-5.83804e-07
5.82913e-06
2.46531e-07
-2.20618e-06
2.74032e-07
-5.53978e-06
-4.48997e-07
-5.67043e-06
4.68258e-06
-3.03445e-06
-3.40725e-06
-6.06408e-06
-5.89315e-07
-5.13995e-06
-4.68894e-06
3.62692e-06
2.52079e-06
3.4468e-06
4.69349e-06
-4.26102e-06
-6.11084e-06
1.02313e-07
-2.24148e-06
-2.29585e-06
-4.34387e-06
5.55504e-06
2.05871e-06
4.17951e-06
5.2501e-06
5.42611e-07
-4.53208e-06
-5.10276e-06
5.44703e-06
-5.72519e-06
-4.91466e-06
6.17072e-06
-1.70995e-06
-4.50096e-06
-4.05087e-06
-4.95227e-06
-4.49395e-06
6.1535e-06
-4.49656e-06
4.70519e-06
9.80008e-07
4.46622e-06
-4.49943e-06
6.35586e-06
2.58827e-06
6.40846e-06
2.53326e-06
-4.50822e-06
6.35586e-06
6.40846e-06
-4.87098e-06
-4.83505e-06
-5.15584e-06
5.34183e-06
4.63237e-06
4.17565e-06
-4.32134e-07
2.83865e-06
6.28667e-06
1.3472e-06
4.73126e-06
-4.36828e-06
-5.10465e-06
4.70232e-07
4.52252e-06
4.01079e-06
-5.46272e-06
-4.77216e-07
5.28165e-06
4.70062e-06
5.10456e-06
-4.57108e-06
1.23278e-06
4.56971e-06
4.66409e-06
2.04022e-06
-4.20094e-06
5.02988e-06
-4.13171e-06
6.11569e-06
-4.88064e-06
-6.84088e-07
-4.82026e-06
3.9447e-06
-5.02803e-06
6.2267e-06
1.1181e-06
1.55133e-06
4.78921e-06
-2.67159e-07
4.43657e-06
1.43135e-06
4.43154e-06
-4.43154e-06
-4.89715e-06
4.52725e-06
-8.5852e-07
-3.85541e-06
-3.69627e-06
-3.40586e-06
3.69627e-06
-4.90007e-06
1.20423e-06
4.02656e-06
-9.66914e-09
-5.12333e-06
3.4653e-07
-4.64572e-06
5.13937e-06
-4.2349e-06
-4.83472e-06
-1.74395e-06
-3.86585e-06
7.23e-07
-5.6538e-06
2.12186e-06
4.00557e-06
-4.63984e-06
4.877e-06
-4.69331e-06
-6.85682e-06
3.33958e-06
3.57623e-06
4.80498e-06
2.11061e-06
4.05237e-06
4.79241e-06
4.74976e-06
-4.57672e-06
4.57672e-06
-4.91137e-06
-1.54498e-06
-4.41669e-06
8.14377e-07
3.70084e-06
4.01122e-06
1.41655e-06
4.77666e-06
-4.48034e-06
-4.92221e-06
-4.1227e-06
-1.62445e-06
-4.31607e-06
-1.86303e-07
7.30997e-07
1.97858e-07
2.28126e-07
-5.01661e-06
4.87967e-06
-5.41864e-06
-1.06343e-06
3.54656e-06
2.71401e-06
5.06257e-06
5.17975e-06
2.70419e-06
3.75017e-06
2.51786e-06
-6.43422e-09
4.62214e-06
2.73486e-06
4.41633e-06
1.58131e-06
4.07238e-06
3.49624e-07
-5.50672e-06
5.02165e-06
4.26779e-06
-4.26779e-06
4.13307e-06
-4.13307e-06
5.73292e-07
4.1921e-06
-4.1921e-06
4.258e-06
-4.258e-06
-5.49045e-06
-5.33717e-07
-4.18489e-06
4.13171e-06
5.86011e-06
-1.42857e-06
-7.13519e-07
-1.14923e-06
-4.91687e-06
-4.55205e-06
-3.42565e-06
-3.55526e-06
1.28339e-06
-5.09343e-06
-4.90176e-06
-1.57694e-06
-4.54325e-06
-4.69052e-06
-8.75214e-07
3.97874e-06
-4.65867e-06
4.61401e-06
4.07996e-06
2.98391e-06
2.87808e-06
-4.39037e-06
-4.36076e-06
5.2354e-06
2.9939e-06
-5.12199e-06
3.03033e-06
4.86461e-06
-1.70719e-06
-1.78112e-06
-4.67613e-06
4.67652e-06
-4.67069e-06
5.1457e-06
-5.05414e-06
4.78028e-06
4.99999e-06
-4.82948e-06
-1.79394e-06
-1.73811e-06
-1.79131e-06
-4.29213e-06
4.47067e-06
5.88805e-06
4.58799e-06
4.24888e-06
-4.4734e-06
5.17494e-06
4.06227e-06
-4.43997e-06
-2.36158e-07
-1.7696e-06
-5.3432e-07
3.60593e-06
3.13015e-06
4.8267e-06
4.82758e-06
-8.74044e-08
-5.34381e-06
-4.56913e-06
-3.32635e-07
5.38783e-06
-1.66322e-06
4.42979e-06
-1.65223e-06
-4.90579e-06
4.29708e-06
4.92916e-07
3.23463e-06
4.45438e-06
-4.3592e-06
-1.68093e-06
4.99394e-06
-4.0595e-07
2.52074e-06
3.59565e-06
5.70022e-06
-4.48933e-06
4.45329e-06
4.78314e-06
-1.57456e-06
1.64917e-06
4.54144e-06
-3.96046e-07
-3.69045e-06
4.14967e-06
-5.0572e-06
-1.53456e-06
4.20094e-06
4.14717e-06
3.86585e-06
2.84016e-06
4.73033e-06
-3.39649e-06
4.82026e-06
1.40493e-06
-8.56484e-08
-4.44545e-06
-4.59381e-06
1.04351e-06
1.59756e-06
-4.72284e-06
-4.65819e-06
3.93191e-06
-4.60471e-06
5.02684e-06
-4.65972e-07
-3.69107e-06
4.15704e-06
-3.03164e-06
3.17443e-06
2.71363e-06
-4.85564e-06
-5.16351e-06
6.39233e-07
-4.29933e-06
-4.07996e-06
-6.38667e-07
5.5393e-06
-5.07736e-07
4.65491e-06
1.75626e-06
6.93124e-07
1.56784e-06
3.50738e-06
-3.97335e-06
4.8559e-06
4.32438e-06
1.82222e-07
-4.67497e-06
4.49275e-06
-1.68532e-07
3.68642e-07
-1.12126e-06
4.25274e-06
-4.07051e-06
-2.38919e-06
1.00782e-06
-5.74689e-06
1.07333e-06
-3.99887e-06
-1.5261e-07
1.68773e-06
9.13577e-07
2.79906e-06
-3.8143e-06
-4.55744e-06
1.50907e-06
-4.83357e-06
6.281e-07
4.19314e-06
4.6214e-06
2.97846e-06
-4.09902e-06
1.03759e-06
-9.16701e-07
-9.47876e-07
-4.33151e-06
-2.83583e-06
-3.18706e-06
-6.20543e-07
7.66306e-06
-2.75061e-06
7.68798e-06
-4.47032e-06
4.11367e-06
1.44357e-07
-4.60015e-06
-4.63711e-06
-1.17732e-06
3.47855e-06
-3.74628e-06
4.24079e-06
7.87378e-07
-2.62941e-07
4.80587e-06
3.93185e-06
4.63916e-06
4.93714e-06
-1.61498e-06
-3.98244e-06
-4.24665e-06
-3.87801e-06
-1.22367e-06
4.62504e-06
4.93069e-06
4.82046e-07
1.35882e-06
2.9944e-06
-4.67164e-06
4.49855e-06
4.80124e-06
-1.97236e-07
)
;

boundaryField
{
    front
    {
        type            empty;
    }
    back
    {
        type            empty;
    }
    wall
    {
        type            calculated;
        value           uniform 0;
    }
    inlet
    {
        type            calculated;
        value           nonuniform List<scalar> 
12
(
-8.7176e-06
-8.72801e-06
-8.73499e-06
-8.66002e-06
-8.92372e-06
-8.76385e-06
-8.90269e-06
-8.94413e-06
-8.94172e-06
-9.00314e-06
-8.99338e-06
-9.00478e-06
)
;
    }
    outletLeft
    {
        type            calculated;
        value           nonuniform List<scalar> 9(5.94953e-06 5.99143e-06 5.99466e-06 5.97669e-06 5.95976e-06 5.9638e-06 5.97351e-06 6.03912e-06 6.06173e-06);
    }
    aneurysm
    {
        type            calculated;
        value           uniform 0;
    }
    outletRight
    {
        type            calculated;
        value           nonuniform List<scalar> 9(5.7735e-06 5.81621e-06 5.89876e-06 5.69989e-06 5.84121e-06 5.77851e-06 5.82925e-06 5.89929e-06 5.87118e-06);
    }
}


// ************************************************************************* //
