/*--------------------------------*- C++ -*----------------------------------*\
  =========                 |
  \\      /  F ield         | OpenFOAM: The Open Source CFD Toolbox
   \\    /   O peration     | Website:  https://openfoam.org
    \\  /    A nd           | Version:  12
     \\/     M anipulation  |
\*---------------------------------------------------------------------------*/
FoamFile
{
    format      ascii;
    class       surfaceScalarField;
    location    "0.19";
    object      phi;
}
// * * * * * * * * * * * * * * * * * * * * * * * * * * * * * * * * * * * * * //

dimensions      [0 3 -1 0 0 0 0];

internalField   nonuniform List<scalar> 
6438
(
-3.09407e-08
3.85504e-06
-3.82409e-06
-3.36162e-08
4.47843e-06
-4.44481e-06
-4.20104e-06
-7.13266e-07
4.91431e-06
3.98575e-06
-4.37479e-06
3.8904e-07
6.12376e-06
-4.78414e-06
-1.33962e-06
1.38753e-06
4.73623e-06
-4.7755e-06
5.74465e-07
-4.13899e-06
4.10537e-06
4.47272e-06
-5.33905e-06
8.66332e-07
4.15664e-06
-4.87487e-06
7.18228e-07
-4.01936e-06
4.88991e-06
-8.7055e-07
9.64493e-07
-4.4049e-06
3.44041e-06
-4.97897e-06
9.59607e-07
3.81983e-06
1.75413e-06
-5.57397e-06
3.58907e-06
-3.62001e-06
-2.0297e-07
4.20659e-06
-4.00362e-06
-5.29968e-06
5.13981e-06
1.5987e-07
-4.01252e-06
4.8736e-06
-8.61082e-07
-4.9767e-06
9.64183e-07
1.5797e-06
3.33813e-06
-4.91783e-06
-1.15055e-06
-7.52027e-07
1.90258e-06
-2.4486e-07
4.40544e-06
-4.16058e-06
-4.08661e-06
-6.618e-07
4.74841e-06
-5.00377e-06
2.1944e-06
2.80936e-06
-4.34014e-06
4.09528e-06
-3.85439e-06
4.68519e-06
-8.30808e-07
-4.71503e-06
6.28418e-07
4.46652e-06
-3.50202e-06
-4.05728e-06
-7.60797e-07
4.81808e-06
-4.90911e-06
1.05473e-06
3.75782e-06
-4.72488e-06
9.6706e-07
2.09345e-08
-4.60005e-06
4.57912e-06
4.502e-06
-4.52885e-06
2.68516e-08
-4.46041e-06
7.49534e-07
3.71088e-06
-6.02284e-06
9.74806e-07
5.04804e-06
4.2355e-06
-4.21456e-06
4.27394e-06
-2.88186e-07
2.77275e-06
3.88383e-06
-6.65658e-06
-1.37383e-06
5.19366e-06
-3.97793e-06
4.37052e-06
-3.92589e-07
-4.60902e-06
4.56701e-06
4.20134e-08
-1.91404e-06
3.49374e-06
4.12077e-06
3.58711e-08
-4.9538e-06
4.85286e-06
1.00938e-07
4.43651e-06
-6.78695e-07
-3.33659e-06
3.13362e-06
-5.7586e-06
9.74462e-07
4.37868e-06
4.2121e-07
-4.79989e-06
-3.39969e-06
-1.06072e-06
-6.25091e-07
-4.09552e-06
4.64685e-06
-5.51336e-07
-3.04775e-06
4.4003e-06
-1.35255e-06
4.41874e-06
-4.41874e-06
1.38876e-06
3.35099e-06
4.40715e-07
-3.79171e-06
1.96692e-06
9.56438e-07
-2.92336e-06
3.7418e-06
7.87829e-07
-4.52963e-06
3.61327e-06
-1.41887e-06
-2.09507e-06
-3.66353e-06
-4.36732e-08
3.89574e-06
-3.85207e-06
-4.80466e-06
4.80466e-06
-4.97748e-06
5.02875e-06
-5.12675e-08
2.00958e-07
3.70026e-06
-3.90122e-06
1.3746e-08
-4.53372e-06
4.51997e-06
4.20736e-06
-4.19361e-06
-4.58773e-06
5.30447e-07
-4.5996e-06
-3.54205e-07
-3.95658e-06
4.34872e-06
-3.92141e-07
4.37443e-07
3.78779e-06
-4.22523e-06
-4.65199e-06
4.47389e-06
1.78105e-07
4.53473e-06
-4.53473e-06
4.21412e-06
2.58597e-07
-2.76889e-06
-2.10598e-06
3.94958e-06
8.32465e-07
-4.78204e-06
-3.87433e-06
-7.34693e-07
3.44168e-06
2.65928e-06
-6.10097e-06
-5.33008e-06
3.41604e-06
-3.40172e-06
-1.92835e-06
4.69615e-06
-7.46571e-07
2.79804e-06
-8.31113e-07
3.80208e-06
4.34741e-07
-4.23682e-06
-4.6882e-06
-2.89285e-07
-6.63101e-07
-1.14146e-06
-3.6632e-06
5.08227e-06
-5.08227e-06
-3.35973e-06
-1.29227e-06
-3.04468e-07
-5.71838e-06
-4.38514e-06
4.36745e-06
1.76865e-08
1.5784e-07
-4.4414e-06
4.28356e-06
-4.88296e-07
4.29038e-06
4.38977e-06
1.12226e-07
-4.58543e-06
-7.14254e-07
-4.63023e-06
4.74836e-06
-1.18131e-07
4.83283e-06
-2.70481e-06
-2.12802e-06
4.33592e-06
-4.17808e-06
8.8747e-08
4.86281e-06
-2.47479e-06
-2.38802e-06
2.76649e-06
2.06635e-06
4.46289e-06
-4.46289e-06
-3.42304e-06
4.91074e-06
-1.4877e-06
-4.30191e-06
2.06393e-07
-5.884e-07
-3.48426e-06
4.07266e-06
-4.03197e-06
1.57644e-07
-4.32056e-06
8.97524e-07
3.72783e-06
8.21932e-07
-4.54976e-06
-2.6034e-07
3.98817e-06
-3.89338e-06
4.49833e-06
-6.0495e-07
-4.13687e-06
1.58937e-07
2.85311e-06
2.00971e-06
4.30885e-06
-8.68441e-07
1.8519e-07
4.23355e-06
-3.71896e-06
-3.13019e-07
3.88825e-06
8.27289e-07
-4.71553e-06
-2.14963e-06
-1.85457e-06
4.0042e-06
2.83047e-06
-3.57111e-07
-2.47336e-06
-4.60005e-06
9.33397e-07
4.61163e-06
-5.54502e-06
-2.13779e-06
9.87243e-07
4.6007e-06
8.44907e-08
4.98788e-06
-2.58087e-06
-2.40701e-06
1.66968e-06
3.3182e-06
4.65654e-06
-7.68291e-07
5.6806e-06
-2.90786e-06
-4.2093e-06
1.19656e-08
4.19734e-06
-6.01981e-06
6.14582e-07
5.40522e-06
-6.89421e-08
-4.17904e-06
4.24798e-06
4.59674e-06
2.56124e-07
-3.54555e-06
3.50188e-06
-4.23026e-06
4.31529e-06
-8.50302e-08
4.28346e-06
-4.3524e-06
4.42015e-06
-4.42015e-06
4.353e-06
1.25431e-07
4.36129e-06
-1.01029e-06
4.3022e-06
-4.10124e-06
-3.78996e-06
3.20156e-06
3.89677e-08
4.17659e-06
-4.21556e-06
4.91261e-06
-3.44268e-06
-1.46993e-06
-4.53372e-06
-6.53252e-08
5.09301e-08
-4.18992e-06
-4.19918e-06
2.42603e-07
4.82836e-08
4.18721e-06
4.05219e-06
-3.61475e-06
-4.179e-06
2.85616e-07
4.23979e-06
-1.19024e-07
-1.51278e-07
3.68962e-06
-3.53835e-06
2.90326e-06
2.00935e-06
-4.34539e-06
9.33069e-07
3.41232e-06
4.42969e-06
-2.93873e-08
-5.85804e-06
5.3279e-07
5.32525e-06
-5.91823e-08
-4.15702e-06
4.2162e-06
2.76319e-06
6.72805e-08
2.64296e-07
4.16539e-06
4.12234e-06
3.44175e-07
4.25848e-06
-4.31766e-06
-4.4378e-06
-1.47632e-07
4.52664e-06
-4.86368e-06
3.37041e-07
-4.04724e-06
-1.62061e-07
-4.92564e-06
2.13538e-06
2.79026e-06
1.10626e-09
4.25832e-06
1.47117e-07
-4.00793e-06
4.66087e-06
-6.52943e-07
-4.41773e-06
3.80534e-06
6.12396e-07
-5.97356e-07
1.54395e-06
-9.46594e-07
-1.38503e-06
-3.52409e-06
-4.4414e-06
-3.50193e-08
4.24238e-06
1.30067e-06
3.61006e-06
-7.08308e-08
-4.31961e-06
-2.05303e-08
-9.1458e-08
-4.72222e-06
3.99032e-06
7.31893e-07
-2.77231e-07
3.51991e-06
6.94214e-07
6.90369e-06
-3.01986e-06
-1.46086e-06
-3.51584e-06
4.33018e-06
5.95866e-08
-3.71768e-06
1.56806e-06
-1.66892e-06
-2.63503e-06
4.30396e-06
-1.49037e-06
-3.4886e-06
-2.42421e-06
5.8659e-06
-4.46592e-06
1.46311e-07
-4.21607e-06
4.23218e-06
-1.61093e-08
-3.48309e-06
3.33182e-06
-5.06666e-08
-4.13213e-06
4.1828e-06
-4.54336e-06
7.74427e-08
3.78888e-06
-4.50838e-06
7.19499e-07
4.22139e-06
-4.27205e-06
3.77247e-06
-1.4282e-06
-2.34427e-06
-5.70603e-06
2.0205e-06
3.68553e-06
3.86811e-06
3.7168e-07
3.19488e-06
1.94493e-06
9.3337e-07
4.1489e-06
-1.10803e-06
-3.97424e-06
-4.59842e-06
4.55735e-06
4.1074e-08
-4.58583e-06
-1.25902e-08
-4.5626e-06
-2.3234e-08
1.39838e-08
1.18729e-06
-6.64266e-06
5.45538e-06
-4.93265e-06
5.86604e-06
3.89502e-06
-3.85605e-06
4.1622e-06
1.73726e-07
3.39351e-07
3.43312e-06
-4.17904e-06
-3.78885e-06
3.7712e-06
4.69802e-07
-4.241e-06
-2.12472e-08
-8.99744e-07
6.63116e-06
-5.73142e-06
6.29018e-06
-4.53604e-06
-1.9086e-06
2.86504e-06
-1.21015e-06
-3.71549e-06
-3.30056e-06
-2.40548e-06
-4.17785e-06
-2.59946e-07
-4.20724e-06
4.20659e-06
6.46528e-10
-6.64283e-07
3.9494e-06
-3.28512e-06
-4.51749e-06
4.54932e-06
-3.18259e-08
-4.47025e-06
-4.7243e-08
-5.74447e-06
3.58286e-07
5.38618e-06
-4.0142e-06
-2.60397e-07
4.27459e-06
4.50111e-06
4.8208e-08
-7.99941e-07
-4.91835e-06
1.79283e-06
3.12552e-06
2.80674e-08
-2.60357e-06
-2.31478e-06
-6.14866e-08
-4.59012e-08
-4.10842e-06
4.15432e-06
-4.22476e-06
2.10561e-07
3.81815e-06
5.12032e-07
4.40039e-06
-4.2152e-06
4.18132e-06
-4.22722e-06
4.16376e-06
1.19704e-07
2.04709e-06
4.24309e-06
4.34314e-06
-8.23233e-07
-3.41379e-07
-5.67843e-06
-2.4828e-07
3.43191e-06
-3.18363e-06
-4.44889e-06
-2.13626e-08
-4.44822e-06
-6.64675e-10
4.48374e-06
-4.45169e-06
-3.2047e-08
4.43518e-06
4.85614e-08
-4.15702e-06
1.0271e-06
-1.41041e-06
3.83313e-07
-5.02365e-06
2.94024e-06
2.08341e-06
2.24849e-06
-4.50848e-06
2.25999e-06
-3.93583e-06
-3.66079e-07
-4.19317e-06
4.17238e-06
2.0783e-08
-4.36194e-06
4.20715e-06
1.54797e-07
-3.48392e-07
4.46388e-06
-4.11549e-06
-4.33069e-06
1.05933e-07
-4.80862e-06
5.99591e-06
-4.45682e-07
-3.89971e-06
-4.52092e-06
4.17252e-06
-3.54207e-06
-3.25802e-07
3.86787e-06
-3.31855e-06
4.40668e-06
2.84966e-08
-3.01717e-06
-8.07729e-07
8.9552e-07
-8.77905e-08
-4.15403e-08
1.62091e-07
-5.73693e-06
5.57484e-06
-3.21527e-06
-1.56023e-06
-4.4687e-06
4.37769e-06
9.10185e-08
-4.40023e-06
-6.84786e-08
-1.5819e-06
9.84545e-07
4.15612e-06
1.0236e-07
4.43753e-06
-7.37265e-07
4.39623e-06
-4.39131e-06
-4.92269e-09
-1.18102e-08
-4.07675e-06
4.08856e-06
4.60245e-06
-3.30178e-06
-5.54629e-08
4.56219e-06
2.57653e-06
-7.13873e-06
4.52042e-06
-4.52042e-06
6.99988e-07
4.10467e-06
-1.59535e-06
-2.82339e-06
-3.60382e-06
4.34405e-06
-7.40228e-07
-4.79704e-07
-3.88224e-06
4.16026e-06
-4.17207e-06
-3.98425e-06
6.72598e-08
3.91699e-06
7.64533e-07
-4.03814e-06
3.27361e-06
-4.18108e-06
4.1377e-06
4.33816e-08
2.67111e-06
1.93134e-06
-1.3082e-07
-6.7691e-07
-2.51282e-06
-2.51084e-06
-9.6234e-07
-4.46428e-06
4.56348e-07
-4.13213e-06
3.74456e-06
7.82081e-07
-3.47615e-06
-3.90537e-06
3.63304e-07
-3.98462e-06
2.3157e-06
4.52105e-06
-3.6754e-06
-8.4565e-07
7.72111e-07
3.62828e-06
-3.19904e-06
-1.51599e-06
-4.42234e-06
4.42234e-06
4.42461e-06
-4.25506e-06
-1.69548e-07
2.54814e-07
-4.19064e-06
-3.54021e-06
4.00266e-06
-4.62454e-07
-1.40216e-06
6.50132e-07
4.1216e-06
-4.14173e-06
2.01227e-08
4.331e-06
4.66827e-08
4.37513e-06
4.94856e-08
6.60928e-06
-4.2173e-06
-1.13387e-07
-3.70069e-06
3.03641e-06
4.15025e-06
7.11364e-08
4.36225e-06
-4.33784e-06
-2.44039e-08
-3.79775e-08
-6.0305e-08
4.55742e-07
-3.74088e-06
3.28514e-06
-1.30883e-07
-5.72716e-06
1.36983e-06
3.07335e-07
-3.84754e-06
-4.17183e-06
4.10819e-06
6.36464e-08
4.1623e-06
-3.73416e-07
-1.94337e-06
-2.58548e-06
-5.83239e-06
4.3218e-07
-2.34078e-06
-6.93076e-07
1.84134e-08
4.28719e-06
-3.81739e-06
-4.10842e-06
-4.11485e-06
1.07244e-07
4.00761e-06
5.80873e-06
8.22437e-07
3.34908e-06
1.67967e-06
4.05162e-06
-1.80313e-06
4.23058e-06
-2.40257e-07
9.70854e-06
-7.13201e-06
-6.64266e-06
-2.1289e-06
-2.28884e-06
-5.38727e-08
4.51133e-06
-4.22679e-06
-2.84533e-07
4.27706e-06
9.80633e-08
4.94475e-07
-4.0983e-06
-3.04132e-06
3.49706e-06
4.14521e-06
3.611e-08
3.25477e-06
1.44137e-06
4.34923e-06
1.62093e-07
4.34576e-06
-4.28348e-06
-6.22882e-08
-1.95803e-06
-2.76684e-06
-1.96074e-07
4.00141e-06
7.44781e-08
-4.6092e-06
3.60324e-06
-2.83871e-06
-6.07816e-08
9.07005e-08
3.51691e-06
-3.8171e-06
3.00185e-07
6.42751e-07
3.7013e-06
5.89584e-06
-5.73375e-06
2.05133e-06
2.59552e-06
-4.1607e-06
4.11219e-06
4.85164e-08
-9.56995e-08
-2.41971e-06
1.32636e-06
1.09335e-06
-4.34801e-08
4.52046e-06
-4.52046e-06
5.11142e-06
-2.96432e-06
-2.14711e-06
-3.744e-06
-6.30794e-07
3.15927e-06
1.49727e-06
4.32499e-06
2.4244e-08
-4.07675e-06
4.0448e-06
2.57962e-08
-4.0706e-06
3.31091e-06
4.6092e-06
-4.57912e-06
1.16231e-07
5.38103e-06
-4.76645e-06
4.16622e-06
-4.43593e-06
4.13832e-06
-9.35208e-08
3.73585e-06
-4.04273e-06
4.02153e-06
2.12006e-08
1.88583e-07
3.24477e-06
-3.43335e-06
-3.67781e-06
3.03861e-06
-2.75425e-07
3.84612e-06
5.24404e-07
-3.70446e-08
-3.55819e-06
-6.20812e-07
-5.32954e-06
3.37151e-06
6.34984e-09
-4.05359e-06
-4.31609e-06
-2.04822e-07
5.78005e-06
-3.12076e-06
4.1513e-08
-7.47595e-07
4.59655e-06
-3.84895e-06
-1.96405e-06
-4.5566e-07
4.02665e-06
-4.0698e-06
4.31421e-08
-4.16622e-06
4.13306e-06
1.7926e-06
2.55982e-06
-4.35241e-06
4.33094e-06
-8.14026e-07
3.59352e-07
3.84724e-06
4.24714e-06
4.1373e-07
4.63614e-07
5.63485e-07
-4.51997e-06
9.98203e-08
-3.58735e-06
4.08183e-06
-2.07822e-06
2.5104e-06
3.83098e-07
-3.76915e-06
3.38605e-06
-3.08316e-08
7.86443e-08
-3.75895e-06
-4.27718e-06
4.19863e-06
7.85534e-08
-4.10237e-06
4.26965e-07
2.67883e-06
2.43259e-06
-2.30914e-06
4.73336e-06
-2.42422e-06
4.74453e-06
-4.42913e-06
-3.15401e-07
1.18857e-07
2.91975e-06
-4.07138e-06
-4.34751e-08
4.13236e-06
5.96149e-09
2.04266e-06
-7.16301e-07
5.25993e-06
-4.72714e-06
3.7691e-06
5.79614e-07
2.37087e-07
-4.19538e-06
6.37197e-07
6.35839e-08
-3.65094e-06
4.68449e-06
-3.78697e-06
3.81942e-06
-2.32413e-07
-3.63622e-06
3.86863e-06
-4.11242e-06
4.28283e-06
-5.06457e-08
-6.23017e-06
4.98746e-07
-2.66219e-08
4.03433e-06
7.78588e-08
-3.80839e-06
-4.18052e-06
4.16328e-06
1.72424e-08
5.00637e-06
-2.90884e-06
-2.09753e-06
-3.50802e-06
-3.15382e-07
3.8234e-06
-9.36637e-09
-4.13311e-06
8.8888e-08
-4.47376e-07
4.41561e-06
-3.96824e-06
-4.04784e-06
4.06796e-06
-5.87535e-06
-8.57253e-07
-5.68269e-06
5.54019e-06
1.425e-07
3.2429e-06
1.64701e-06
3.79516e-06
3.40766e-07
-4.13592e-06
4.0337e-06
-1.65591e-07
3.25168e-06
1.62192e-06
-2.88091e-06
9.16856e-07
-4.07775e-06
3.54185e-06
-4.03015e-06
-5.47429e-06
5.45445e-06
1.98381e-08
4.94352e-06
-3.96871e-06
4.03381e-06
-1.22846e-08
2.48106e-07
-3.76196e-06
3.51385e-06
-6.08171e-08
-5.41347e-06
4.88814e-06
-4.88814e-06
-2.22544e-06
4.1941e-06
-1.96866e-06
-4.03661e-06
4.03661e-06
4.12879e-06
-3.64997e-06
-4.78822e-07
3.83685e-06
9.11509e-07
4.30141e-06
-3.5293e-06
4.25407e-06
-4.74797e-08
-3.32935e-06
-5.33223e-07
3.86257e-06
-5.40766e-06
5.42608e-06
-1.84186e-08
4.99199e-06
-3.00541e-06
-1.98658e-06
7.29004e-07
3.5724e-06
-5.46426e-06
5.43688e-06
2.73822e-08
-1.25521e-09
-3.98668e-08
5.39221e-06
-5.35235e-06
-5.4436e-06
5.4436e-06
-6.47346e-08
4.09139e-06
5.84206e-06
-5.4457e-06
-3.96366e-07
-5.4677e-06
5.42783e-06
5.46287e-06
-5.43508e-06
-2.77875e-08
-3.98002e-06
-8.97717e-08
4.65629e-06
-6.22251e-08
5.4267e-06
-5.36448e-06
5.42838e-06
-5.43862e-06
1.02332e-08
-4.10346e-06
5.4001e-06
-7.88515e-09
-4.17579e-06
4.13857e-06
3.72259e-08
-5.39909e-06
5.41861e-06
-1.95164e-08
4.13533e-06
-4.02809e-06
-5.45324e-06
5.39102e-06
4.18252e-06
-1.33e-06
1.99222e-06
2.60432e-06
-3.02333e-06
-2.30621e-06
-5.43434e-06
5.43434e-06
-5.45923e-06
-8.46948e-09
5.0536e-06
-9.26392e-07
-4.12721e-06
-3.56124e-06
2.41978e-06
1.3608e-07
5.40882e-06
-5.42559e-06
1.67728e-08
3.98086e-06
-3.9777e-06
-3.15828e-09
5.57733e-06
-5.43243e-06
-1.449e-07
5.38063e-06
2.81929e-08
5.37072e-06
5.59771e-08
-1.10981e-08
-4.02551e-06
-4.98144e-06
2.74088e-06
2.24056e-06
-4.01987e-06
4.04566e-06
5.39772e-06
-1.70959e-08
5.66446e-07
3.66414e-06
2.90333e-06
-1.11073e-06
-5.44542e-06
-7.82433e-09
4.44077e-06
2.6351e-06
-4.48967e-06
-6.84364e-07
-5.5458e-06
4.05222e-06
-4.07612e-06
2.39044e-08
-1.87912e-07
-5.49478e-06
4.21941e-06
-4.70254e-08
4.6907e-06
-3.20869e-06
-1.48201e-06
-4.06081e-06
5.40598e-06
-5.40598e-06
3.86936e-06
5.11358e-08
-3.92049e-06
4.16392e-06
-5.41734e-06
5.41023e-06
7.11941e-09
5.37894e-06
-5.43085e-06
5.19021e-08
3.42246e-06
-4.53049e-06
-1.44636e-08
-5.37921e-06
5.39368e-06
5.36679e-06
-5.38126e-06
-1.79305e-07
5.7195e-06
-4.29545e-06
4.65373e-06
-4.86426e-06
3.37389e-06
-8.55029e-08
5.53996e-06
4.65717e-07
2.39932e-06
4.66891e-08
5.00691e-06
-1.49335e-08
4.3333e-06
-4.31837e-06
-3.69369e-08
-5.43028e-06
-3.3984e-08
4.45832e-06
-4.46669e-07
-4.01165e-06
-5.3942e-06
5.3942e-06
3.16642e-06
-2.7257e-06
-5.43888e-06
5.4246e-06
1.42707e-08
4.15388e-06
-4.15388e-06
4.04341e-06
-6.25491e-08
5.40157e-06
-5.41025e-06
8.67852e-09
-5.21529e-06
1.42644e-06
5.06072e-09
-4.01228e-06
4.00722e-06
4.35163e-06
-3.63439e-08
5.41284e-06
5.00321e-08
3.28377e-06
5.60332e-07
-3.8441e-06
5.42945e-06
-2.93469e-08
4.21854e-06
-4.21854e-06
5.39496e-06
-5.37617e-06
-1.87849e-08
-4.12577e-06
4.09488e-06
3.08896e-08
5.43615e-06
-5.41969e-06
-1.64628e-08
-5.40316e-06
5.40316e-06
8.06112e-07
3.78369e-06
1.27877e-07
-3.91157e-06
-5.43932e-06
5.42514e-06
1.41724e-08
-2.01459e-08
-4.07343e-06
4.04973e-06
2.48554e-09
5.05537e-06
-9.54532e-07
-4.10083e-06
3.49289e-06
5.38125e-06
-5.39612e-06
1.48653e-08
4.15935e-06
4.44193e-06
6.26193e-08
3.80674e-06
5.51801e-06
-1.05174e-07
5.36352e-06
1.7731e-08
3.94735e-06
-3.94735e-06
-2.07822e-06
5.4572e-06
-5.41427e-06
-1.6574e-08
5.41154e-06
-5.39118e-06
-2.03644e-08
1.05972e-07
-5.51425e-06
5.40828e-06
5.67233e-07
-5.45538e-06
-5.42948e-06
5.42011e-06
9.37248e-09
3.92001e-06
-3.91762e-06
-2.38565e-09
4.12879e-06
-3.6436e-06
3.6436e-06
5.37443e-06
-1.09104e-08
-4.02943e-06
-3.76196e-06
3.79516e-06
4.18125e-06
-4.35513e-08
-1.226e-08
4.28437e-07
-5.33763e-06
5.4106e-06
-5.41236e-06
1.76348e-09
1.2915e-07
3.79085e-06
1.24948e-07
4.33337e-06
4.07454e-06
-3.11296e-08
-5.41742e-06
5.41109e-06
6.32871e-09
5.36964e-06
-5.38473e-06
1.5083e-08
-5.41248e-06
-2.63927e-08
5.39784e-06
-5.38362e-06
-1.42208e-08
4.07592e-06
7.79624e-08
5.40112e-06
2.3484e-08
-6.82723e-09
5.38909e-06
2.20062e-08
-8.18908e-10
-3.99263e-06
-5.4712e-06
5.77249e-08
-4.0491e-06
4.0491e-06
5.06854e-08
5.00468e-06
-4.11482e-06
7.85467e-07
2.84141e-08
5.39997e-06
2.25276e-07
-3.89301e-06
3.66774e-06
3.76717e-08
5.40593e-06
5.1577e-06
-5.625e-06
4.07255e-06
1.45994e-07
5.36679e-06
-4.14296e-08
3.82512e-06
-3.93691e-06
1.92885e-08
3.87957e-06
-5.95807e-07
-5.38021e-06
5.38021e-06
-5.40899e-06
-3.0321e-08
3.64997e-06
-3.78168e-06
1.31709e-07
-5.40593e-06
3.98396e-06
-3.9789e-06
5.39847e-06
2.66721e-08
-5.40095e-06
-4.80459e-06
3.34373e-06
-5.42409e-06
5.41504e-06
9.04622e-09
3.68667e-06
3.47035e-07
4.01228e-06
2.43228e-08
-5.36274e-06
5.39959e-06
-3.68481e-08
-4.07472e-06
4.03862e-06
3.60974e-08
-5.37991e-06
1.71629e-08
4.0577e-06
-7.96487e-09
2.24059e-07
-4.19452e-06
3.97046e-06
5.37869e-06
-5.40255e-06
2.38542e-08
4.37524e-06
-4.58006e-06
5.37809e-06
-5.3775e-06
-5.90762e-10
-3.43602e-06
3.43602e-06
-4.23128e-06
4.23128e-06
-5.37189e-06
-8.01427e-09
-2.5104e-06
2.97612e-06
-5.3873e-06
5.37937e-06
7.93207e-09
4.21142e-08
5.39223e-06
3.35922e-06
-2.97612e-06
-3.35922e-06
3.5478e-06
3.56582e-06
-4.09904e-06
4.92153e-06
-2.91565e-06
-2.00588e-06
-5.40656e-06
-2.2919e-08
-7.78551e-07
-3.5478e-06
4.32635e-06
5.39977e-06
2.03336e-08
-4.09127e-06
3.7911e-06
5.41531e-06
-5.40436e-06
-1.09528e-08
-5.38348e-06
-4.05464e-06
4.07383e-06
-1.26478e-07
-1.44445e-08
5.41217e-06
5.38942e-06
-4.00722e-06
-5.51794e-06
-3.23853e-06
4.13592e-06
-8.97393e-07
-5.35979e-06
-1.94217e-08
5.3825e-06
6.58344e-09
3.13886e-06
-3.20696e-06
6.8107e-08
6.19553e-09
3.78168e-06
-3.93398e-06
1.52299e-07
2.48469e-06
2.52168e-06
-5.40413e-06
-1.99552e-08
-4.09359e-06
5.35883e-06
-5.35434e-06
-4.48815e-09
5.39765e-06
1.73928e-08
-5.4133e-06
5.40748e-06
5.82495e-09
4.13827e-06
4.07592e-06
-5.3726e-06
5.36081e-06
1.17885e-08
5.41051e-06
-5.40811e-06
-2.39473e-09
-4.02404e-06
4.07255e-06
5.37006e-06
-5.37006e-06
2.14182e-08
5.41546e-06
-3.39072e-06
-7.24099e-07
5.38129e-06
-2.60029e-09
-6.91085e-07
3.67543e-06
-2.98435e-06
5.36751e-06
-5.36286e-06
-4.64505e-09
1.64487e-08
5.38953e-06
5.35774e-06
-5.36252e-06
4.7848e-09
-5.42042e-06
-5.4009e-06
-3.25334e-06
4.67035e-09
5.40555e-06
-5.7112e-09
-5.38645e-06
5.39216e-06
-5.37041e-06
5.35867e-06
1.1737e-08
-5.40391e-06
-9.39673e-09
-4.09053e-06
-3.95077e-06
1.38574e-08
5.39837e-06
9.10515e-09
-5.36553e-06
5.36327e-06
2.26773e-09
-5.36921e-06
2.02184e-08
5.34899e-06
5.40231e-06
1.30058e-08
-5.38558e-06
-1.87809e-08
-3.92872e-06
-1.8627e-08
5.39966e-06
-5.40297e-06
3.31496e-09
5.36776e-06
-5.37347e-06
-5.37868e-06
5.37125e-06
7.424e-09
5.36527e-06
-5.36092e-06
-4.34581e-09
4.0456e-06
3.49918e-09
5.40143e-06
9.07676e-09
-5.39388e-06
-1.42329e-08
-5.41367e-06
4.07383e-06
-5.36816e-06
5.35744e-06
1.07169e-08
3.56315e-06
-3.79556e-06
-5.35301e-06
5.37311e-06
-2.00946e-08
5.36962e-06
-5.37765e-06
8.0231e-09
-1.31516e-08
-5.39871e-06
-5.19638e-09
-1.40122e-08
-4.76623e-06
3.3812e-06
-9.21938e-09
5.36776e-06
-8.91402e-09
-5.75748e-09
-5.40326e-06
4.54469e-09
2.067e-06
4.5388e-06
-6.6058e-06
-1.11829e-06
5.39967e-06
-1.45468e-11
-5.38953e-06
9.97705e-09
5.38422e-06
-5.39275e-06
-1.0227e-08
-4.05894e-06
-5.40863e-06
5.37434e-09
1.89417e-08
5.38263e-06
-8.32029e-10
2.5602e-08
-5.31716e-06
5.29156e-06
5.40714e-06
-5.40439e-06
-2.74908e-09
-4.13149e-06
7.40768e-07
5.39673e-06
-5.38728e-06
-9.44706e-09
-5.40027e-06
-4.00441e-06
-2.1115e-07
5.36414e-06
-5.35989e-06
-4.24235e-09
2.82138e-08
-5.32221e-06
5.294e-06
-5.40578e-06
5.39571e-06
1.00716e-08
-4.08729e-06
4.05339e-06
3.38978e-08
4.72775e-09
-5.40572e-06
-2.90973e-09
-4.11089e-06
8.52956e-07
3.25794e-06
-5.39868e-06
-7.10242e-09
5.40535e-06
1.79172e-09
-5.39649e-06
-7.89355e-09
-2.15324e-08
-5.40608e-06
3.63864e-10
-3.88766e-06
-4.52175e-07
4.33983e-06
3.10725e-06
2.27121e-08
-5.38422e-06
4.05433e-06
-1.57114e-08
-5.36388e-06
5.36388e-06
-1.03739e-08
5.40276e-06
2.58434e-09
-4.28517e-09
8.42389e-09
8.68548e-09
5.4048e-06
-2.04131e-09
3.17841e-09
5.40339e-06
-5.40344e-06
5.00456e-11
3.89997e-06
-3.89997e-06
-5.39223e-06
5.38064e-06
1.1595e-08
5.37285e-06
-5.36735e-06
-5.50527e-09
-7.58999e-09
5.40143e-06
3.37657e-09
5.40168e-06
1.71041e-09
-2.01379e-09
5.40217e-06
5.39694e-06
-5.39992e-06
2.97863e-09
-5.44903e-06
-5.37968e-06
-1.25523e-08
4.15914e-06
-5.09506e-08
5.39212e-06
4.81944e-09
4.51764e-08
5.39621e-06
-5.3903e-06
-5.91086e-09
-3.85429e-06
3.85429e-06
3.0272e-08
5.37289e-06
-5.36297e-06
5.3716e-06
-8.62444e-09
5.39507e-06
1.13965e-09
4.05247e-08
4.03401e-06
5.38868e-06
-5.38663e-06
-2.04772e-09
-5.34617e-06
-1.68051e-08
5.37351e-06
-5.3779e-06
4.39533e-09
5.38519e-06
3.48784e-09
5.39515e-06
6.52961e-09
-5.3467e-08
-5.33298e-06
-8.57161e-09
-4.7531e-07
-3.62299e-06
5.36503e-06
-5.37023e-06
5.20332e-09
1.60505e-07
3.73946e-06
5.388e-06
-5.38294e-06
-5.06018e-09
-4.76804e-09
-9.24396e-08
-4.48056e-06
4.573e-06
-3.90266e-06
3.94717e-06
-4.45086e-08
-5.33984e-06
5.34156e-06
-1.72142e-09
5.38178e-06
6.22387e-09
-5.36585e-06
-3.35374e-06
5.42074e-06
5.3839e-06
-5.37625e-06
-7.65319e-09
-5.38911e-06
5.38924e-06
-1.34009e-10
5.37367e-06
-5.36881e-06
-4.86513e-09
-5.22753e-07
-4.60912e-06
5.13187e-06
5.37836e-06
5.54164e-09
-5.34395e-06
4.11089e-09
5.38468e-06
-5.37778e-06
-6.89329e-09
4.0456e-06
-4.14325e-06
4.14325e-06
5.38267e-06
-5.37253e-06
-1.01406e-08
-1.0413e-08
5.38484e-06
-8.47073e-09
-4.05118e-06
5.37507e-06
7.60418e-09
-5.38861e-06
-1.0068e-08
-5.33573e-06
5.33858e-06
-2.84801e-09
5.38919e-06
2.92663e-09
9.11526e-08
5.33493e-06
-1.10352e-09
5.38417e-06
1.36666e-08
4.03287e-06
2.14649e-08
6.33065e-10
-5.34102e-06
5.2909e-09
4.11199e-07
1.49627e-08
1.73695e-07
5.36865e-06
-5.37368e-06
5.03191e-09
-5.33007e-06
5.33628e-06
-6.21167e-09
9.58571e-08
-4.03878e-06
3.94292e-06
7.2192e-07
-4.20678e-06
3.48486e-06
1.54147e-06
3.81448e-06
-3.81448e-06
5.36492e-06
-5.36492e-06
-4.41499e-06
2.46363e-09
-5.37506e-06
4.11704e-06
5.38295e-06
1.21145e-08
-1.01489e-06
-1.88804e-06
2.90293e-06
-5.33787e-06
7.79766e-09
-5.34083e-06
-1.73427e-07
2.28246e-06
-3.76587e-06
1.4834e-06
-3.68061e-09
3.65115e-08
5.3366e-06
1.35421e-08
4.04416e-06
-5.39062e-06
1.13482e-08
5.36886e-06
3.42487e-06
-4.17896e-06
7.54093e-07
3.48476e-06
-1.2023e-06
-6.71699e-09
-5.36369e-06
5.39143e-06
-5.35492e-06
-5.37595e-06
-5.32303e-06
5.31798e-06
5.0562e-09
1.20125e-09
5.37817e-06
5.35935e-06
5.57492e-09
4.89725e-06
-3.25056e-06
-1.64669e-06
-1.87184e-08
4.09127e-06
5.37669e-06
8.50758e-09
4.89547e-06
-5.41822e-06
3.64069e-08
5.33645e-06
-6.34485e-09
-5.36181e-06
-5.32928e-06
6.24512e-09
-3.9144e-06
1.17333e-08
4.11325e-06
-3.2981e-06
-8.15143e-07
5.34977e-06
-5.35023e-06
4.57464e-10
-6.25284e-09
1.54395e-06
-2.16988e-06
-2.03253e-06
4.20241e-06
5.35976e-06
-5.368e-06
8.24203e-09
4.2685e-06
-4.21736e-06
-1.46094e-08
4.09053e-06
-3.5126e-06
2.49771e-06
5.35434e-06
-5.35972e-06
5.37668e-09
5.38515e-06
-5.34874e-06
-4.03409e-06
1.34129e-07
-4.04964e-06
4.04444e-06
5.19526e-09
3.93398e-06
-4.02641e-06
8.54523e-08
5.33315e-06
-4.08668e-06
3.96253e-06
-1.44381e-07
5.37678e-06
-5.37026e-06
-6.5167e-09
4.18623e-06
-3.99849e-06
-1.87741e-07
5.35935e-06
-3.23878e-09
-5.36229e-06
-3.96378e-06
1.30136e-08
4.97102e-07
3.04488e-06
-3.54198e-06
-5.31624e-06
5.31046e-06
5.77065e-09
5.35086e-06
1.87644e-08
-3.38859e-06
-7.10451e-07
3.89985e-08
5.33467e-06
5.36786e-06
-5.38041e-06
1.25523e-08
5.3613e-06
-9.89797e-09
-5.34445e-06
-4.19066e-06
-7.06617e-07
5.37061e-06
1.11606e-08
5.71045e-06
-1.17164e-06
-3.25829e-08
5.36532e-06
-5.33274e-06
5.3629e-06
4.96097e-09
-5.32382e-06
7.58958e-09
-5.33919e-06
-3.83067e-08
-1.02294e-08
5.2936e-06
-5.28337e-06
6.97184e-09
5.36309e-06
5.38585e-06
-5.34686e-06
-5.36886e-06
-1.9767e-08
4.09359e-06
-5.63092e-09
4.06011e-06
-2.0904e-07
-3.85107e-06
5.47421e-08
4.00537e-06
-5.30117e-06
5.29094e-06
-5.36806e-06
-1.16266e-08
3.40765e-06
7.05596e-07
-2.03081e-08
4.15186e-06
-4.13156e-06
-3.43997e-06
-2.8771e-06
3.3742e-06
-4.48671e-06
5.5517e-07
3.93154e-06
5.36079e-06
4.09705e-09
-5.36696e-06
5.33416e-08
5.33809e-06
5.35276e-06
-5.35356e-06
7.9361e-10
5.36446e-06
-5.34849e-06
-1.59739e-08
-5.37171e-06
3.54286e-09
-7.72961e-09
-4.05351e-06
4.06124e-06
7.8964e-10
5.37046e-06
-3.72586e-06
1.09083e-06
-5.3647e-06
5.36168e-06
3.01814e-09
-5.30876e-06
5.30243e-06
6.33272e-09
5.25207e-08
4.38654e-06
-4.25866e-06
3.2162e-06
-7.73402e-08
-2.79114e-08
5.36833e-06
-5.34042e-06
-4.78652e-06
2.61663e-06
5.35892e-06
4.74639e-09
-5.36567e-06
5.3645e-06
1.3859e-08
-5.01358e-06
5.01319e-08
4.96345e-06
8.41139e-09
-5.31717e-06
5.35391e-06
-5.34829e-06
-5.62549e-09
-1.69895e-07
5.38557e-06
-5.21568e-06
-8.03089e-09
-1.10133e-06
5.04006e-06
-3.93873e-06
-4.03409e-06
-4.47038e-06
5.35728e-06
-2.9394e-09
4.70884e-08
5.33806e-06
5.22352e-06
5.40796e-06
-5.40396e-06
-4.00293e-09
2.72908e-10
-4.06045e-06
4.06017e-06
-5.36038e-06
5.35673e-06
3.64152e-09
1.08326e-07
-4.03705e-06
3.92872e-06
5.36746e-06
-5.36523e-06
-2.22615e-09
-4.15592e-06
4.13561e-06
5.35168e-06
-5.34755e-06
-4.1236e-09
1.50224e-08
5.34944e-06
-5.91349e-08
5.38015e-06
-5.36379e-06
5.48646e-08
-3.95608e-06
5.36354e-06
-5.36261e-06
-9.28784e-10
5.3609e-06
3.13079e-09
-5.36303e-06
5.33345e-06
1.13148e-08
-5.34476e-06
1.28049e-09
5.36422e-06
-5.34919e-06
-1.27841e-08
-4.06189e-06
4.07467e-06
2.88056e-06
-4.23825e-06
1.35768e-06
-9.01796e-07
-4.11179e-06
-3.93921e-06
-8.85304e-07
-3.45704e-06
-5.35763e-06
3.09218e-08
5.32671e-06
-4.08661e-06
4.06189e-06
2.47265e-08
-1.24367e-06
-3.28682e-06
-5.35484e-06
4.78035e-06
-5.34377e-06
5.35319e-06
-9.4231e-09
-4.466e-06
4.43686e-07
4.02231e-06
4.26443e-06
-3.27681e-06
-9.8762e-07
-5.36251e-06
1.07642e-08
5.35175e-06
4.0686e-06
-4.01767e-06
1.12287e-08
5.34268e-06
-5.36309e-06
5.4521e-09
5.35843e-06
5.35763e-06
1.74383e-08
-8.92159e-10
-5.36163e-06
-1.7378e-08
-5.34732e-06
-5.34915e-06
4.06383e-06
-4.0137e-06
-2.27825e-08
1.1456e-06
3.5451e-06
-3.66883e-06
3.66883e-06
4.65636e-08
5.33929e-06
-6.07831e-06
-4.94497e-06
4.94525e-06
5.36491e-06
4.06087e-06
-4.03141e-06
-5.35668e-06
5.3393e-06
-4.52781e-06
4.63613e-06
5.35293e-06
-5.34826e-06
-4.67757e-09
6.49325e-09
5.35854e-06
-5.42117e-06
4.07903e-06
-4.09182e-06
-5.35515e-06
8.9811e-09
2.01707e-06
5.36827e-06
-5.36175e-06
-6.52105e-09
-5.36478e-06
5.35319e-06
-5.34873e-06
-4.46477e-09
-5.35229e-06
-5.34355e-09
5.34093e-06
-5.32456e-06
-4.0948e-06
4.92209e-06
5.34857e-06
-5.34682e-06
-1.74939e-09
-9.44375e-09
5.34289e-06
-4.08661e-06
3.54202e-06
-3.83861e-06
2.96593e-07
-6.58986e-06
6.58986e-06
5.36237e-06
5.36342e-06
-1.35874e-08
8.99311e-09
-5.36186e-06
5.38052e-06
-1.86553e-08
5.35157e-06
-5.34709e-06
-4.48071e-09
-4.44077e-06
4.22962e-06
1.65442e-08
5.34878e-06
-5.36244e-06
1.44874e-08
5.34795e-06
-5.34673e-06
5.35828e-06
-5.35111e-06
-4.1066e-06
-5.35799e-06
1.79048e-08
5.34009e-06
-4.11251e-06
-1.15767e-08
4.01342e-06
-4.04371e-06
3.02955e-08
5.34455e-06
-5.34906e-06
4.50487e-09
9.90217e-08
-5.35791e-06
5.34902e-06
8.88789e-09
5.35449e-06
-3.92618e-06
-3.89866e-06
-6.51207e-08
5.36139e-06
-5.36139e-06
-2.73432e-08
4.07295e-06
-5.35843e-06
5.35057e-06
-5.3461e-06
-4.4712e-09
5.36057e-06
-2.98809e-08
-5.35374e-06
-3.9858e-06
-4.94761e-07
-4.08729e-06
3.20252e-06
-3.57707e-06
3.74553e-07
-8.01826e-07
-3.45901e-06
4.26083e-06
5.34073e-06
-5.32659e-06
3.46261e-06
-4.03878e-06
-1.15505e-08
-5.35096e-06
5.35345e-06
-5.34901e-06
-4.4411e-09
4.11282e-06
-4.13335e-06
-1.1308e-06
-7.4723e-07
1.87803e-06
-4.26626e-06
4.30213e-06
4.12769e-06
-4.07295e-06
-1.61366e-08
-4.00285e-06
4.01898e-06
-1.9311e-08
-3.97213e-06
3.99144e-06
1.34179e-08
-4.16275e-06
4.14933e-06
3.80854e-08
-4.17949e-06
4.1414e-06
1.92711e-08
-4.09527e-06
4.076e-06
-7.83864e-09
-4.00819e-06
4.01603e-06
-8.98545e-09
-4.00485e-06
4.01383e-06
2.41047e-06
-1.62425e-06
-7.86221e-07
3.55555e-06
2.6123e-08
5.34221e-06
3.91942e-06
-3.9422e-06
2.27845e-08
1.25882e-08
-5.35134e-06
5.33875e-06
5.3652e-06
-5.3652e-06
5.29415e-06
-1.23368e-09
-5.29291e-06
-1.78587e-08
-5.33882e-06
5.35018e-06
-5.34552e-06
-4.65979e-09
-3.32543e-06
-4.3662e-06
-9.97974e-08
3.50605e-06
6.80178e-07
5.36092e-06
-5.35369e-06
-7.22918e-09
-4.08073e-06
4.2406e-06
1.77677e-08
5.34645e-06
-2.9415e-06
-1.84502e-06
3.99242e-08
3.84094e-06
-3.88087e-06
-2.74266e-06
-4.64307e-07
-9.20247e-07
-5.69703e-07
1.48995e-06
4.02534e-06
4.02597e-06
4.20179e-06
4.20201e-06
4.17277e-06
4.11895e-06
-1.87858e-08
-4.03594e-06
4.05473e-06
4.03837e-06
-5.49596e-09
-1.59048e-06
5.3519e-06
-5.33932e-06
-1.32276e-07
4.3048e-06
-5.36808e-06
-3.66462e-06
4.53095e-06
5.28714e-06
4.51846e-09
-5.29166e-06
5.37225e-06
-1.08636e-08
-5.36069e-06
1.92424e-08
5.34145e-06
-4.04302e-06
-4.05351e-06
4.05278e-06
-4.07157e-06
-3.68866e-06
4.45553e-06
-7.6687e-07
-9.57829e-09
-5.34841e-06
2.79497e-06
-3.48605e-06
8.8364e-09
-5.35712e-06
-5.3508e-06
-1.42332e-06
-2.08928e-06
-5.34122e-06
-1.01172e-08
4.1009e-06
1.27967e-06
3.11868e-06
5.34499e-06
-5.34087e-06
-4.11986e-09
4.07437e-06
-2.69834e-06
-1.37604e-06
-1.9401e-06
1.01985e-06
-2.24872e-06
4.86536e-06
-1.94974e-06
4.05309e-06
-2.10336e-06
1.68472e-09
5.35807e-06
-5.32143e-06
5.34871e-06
-5.35183e-06
3.12211e-09
-3.02941e-06
1.29197e-06
1.73744e-06
-1.78783e-08
-4.03478e-06
4.05266e-06
5.60246e-06
-2.4803e-06
-3.12216e-06
3.96864e-09
5.29018e-06
-1.16447e-06
-1.86493e-06
-3.90895e-06
3.94887e-06
3.33475e-06
2.20794e-07
-3.89004e-06
-8.22984e-09
-4.04034e-06
4.04857e-06
4.1736e-06
-4.04445e-06
-2.48499e-06
-9.42123e-07
3.42711e-06
-5.34056e-06
5.3421e-06
-1.54649e-09
-3.94892e-06
4.00378e-06
5.34646e-06
-5.34993e-06
-3.57449e-06
-9.43425e-08
-5.38622e-06
5.36586e-06
-2.78872e-06
4.03694e-09
5.34916e-06
4.66561e-06
-2.57854e-06
-2.08707e-06
3.94943e-06
-7.4691e-07
4.41206e-06
-5.71114e-07
4.04638e-06
-4.06426e-06
5.33919e-06
-5.33943e-06
2.39049e-10
4.05077e-06
-4.059e-06
4.90987e-09
-5.33644e-06
5.33153e-06
-2.25106e-06
-5.37664e-07
1.01816e-08
-4.10498e-06
-5.35152e-06
7.56287e-09
3.57449e-06
-3.78257e-06
2.08088e-07
-5.80883e-07
4.37174e-06
-2.07763e-08
-3.96502e-06
4.02249e-06
4.13397e-08
5.3451e-06
-5.34163e-06
-3.47392e-09
6.47046e-09
5.35287e-06
2.71587e-06
-4.04124e-06
4.05142e-06
2.62977e-06
-1.53196e-08
-5.34537e-06
-2.04184e-06
-1.56218e-06
3.60402e-06
-3.86325e-06
-3.54103e-08
3.64049e-06
-3.28213e-06
-3.58363e-07
-7.27542e-07
4.23361e-06
-3.50607e-06
5.34855e-06
-5.34442e-06
-4.12997e-09
7.15193e-09
5.34578e-06
3.57005e-08
4.07558e-06
-4.11128e-06
3.49878e-09
-5.35175e-06
-4.00192e-06
4.01493e-06
5.34661e-06
-5.35256e-06
5.95222e-09
5.37225e-06
-2.25822e-08
-3.73882e-06
-1.63989e-07
3.90281e-06
-5.38268e-06
-2.04116e-09
5.28683e-08
-4.10251e-06
-5.48639e-06
5.34443e-06
-5.33952e-06
-3.43149e-06
7.34561e-09
-1.29372e-08
-5.34268e-06
5.34536e-06
6.21407e-09
-5.57385e-06
8.64256e-10
-5.34796e-06
-2.42318e-07
-3.00697e-06
1.11893e-06
-5.35943e-06
5.35943e-06
-3.37788e-06
4.12287e-06
-7.44997e-07
5.36971e-06
-3.20297e-06
3.99271e-06
-7.89741e-07
-3.45303e-06
4.17961e-06
-7.26573e-07
-4.01128e-06
-5.89978e-08
4.1331e-06
-4.07411e-06
-3.48713e-06
3.38401e-06
-8.86291e-07
5.35244e-06
-5.35948e-06
7.04447e-09
5.35155e-06
-5.35859e-06
7.04347e-09
5.34788e-06
-5.35545e-06
7.57199e-09
-5.84246e-09
-5.35207e-06
-3.21465e-06
4.05812e-06
-8.4347e-07
5.34954e-06
-5.34543e-06
-4.11239e-09
5.34804e-06
7.56013e-07
-4.28531e-06
5.34489e-06
5.68069e-09
-5.34735e-06
1.25089e-09
1.25529e-06
5.34711e-06
-5.35158e-06
4.46665e-09
1.10407e-07
4.01728e-06
-4.12769e-06
-3.92963e-06
-1.92831e-08
3.94892e-06
-5.35865e-06
-5.34699e-06
5.34008e-06
6.90333e-09
4.07485e-06
-4.02199e-06
-5.35097e-06
5.34431e-06
6.662e-09
-3.95976e-06
3.79706e-06
1.62691e-07
-5.35159e-06
5.34511e-06
6.48154e-09
5.36002e-06
-5.3535e-06
-6.52333e-09
-4.00958e-06
4.04528e-06
-4.32496e-06
-2.33162e-06
-4.39216e-06
-9.11305e-07
4.4142e-06
-3.5029e-06
5.34012e-06
-1.48949e-08
-5.33266e-06
-4.03705e-06
4.32411e-09
-5.35348e-06
5.34916e-06
-4.27693e-06
4.06789e-06
8.51369e-09
5.35502e-06
5.34361e-06
6.57365e-09
-5.3469e-06
1.37968e-09
-4.22233e-07
-1.51787e-06
-4.08797e-06
4.02897e-06
-4.255e-06
7.38782e-07
3.51622e-06
-1.43023e-06
-1.57674e-06
-4.06045e-06
4.24111e-06
6.56142e-07
1.33202e-09
5.34186e-06
-5.34319e-06
4.02641e-06
-4.04719e-06
-5.35614e-06
5.38162e-06
-5.36654e-06
-1.34015e-06
-1.12875e-06
2.4689e-06
-3.81207e-06
-1.44012e-07
-5.38477e-06
8.60116e-09
-1.40341e-07
-4.04177e-06
4.03478e-06
6.99285e-09
4.42851e-06
-4.23141e-07
5.35008e-06
-5.3452e-06
-4.88112e-09
5.34301e-06
1.98705e-09
-5.34617e-06
5.30157e-09
5.34705e-06
-5.34881e-06
1.7681e-09
-4.59757e-09
2.60764e-09
-5.36915e-06
-3.94887e-06
-8.52243e-08
1.53078e-07
-4.42589e-06
-2.80413e-08
5.36723e-06
-5.4218e-06
-1.59349e-09
-5.33485e-06
-4.37524e-06
4.24297e-06
4.96758e-10
3.91892e-06
-4.04367e-06
4.04034e-06
3.33142e-09
-3.48426e-06
-7.22524e-07
4.08958e-06
3.84001e-06
-4.004e-06
5.34535e-06
-5.34436e-06
-4.13863e-06
4.04717e-06
-3.59355e-06
-1.89285e-06
5.34361e-06
-3.45103e-09
-5.34528e-06
4.89547e-06
-4.07697e-06
5.40883e-07
3.53608e-06
8.40763e-07
-4.09132e-06
6.41349e-07
5.25921e-08
6.95817e-07
-4.24514e-06
3.54933e-06
8.106e-07
-4.99132e-06
4.18072e-06
5.34393e-06
4.62953e-09
-5.14969e-09
-5.34508e-06
6.6435e-07
-4.19143e-06
3.52708e-06
-5.34596e-06
1.54011e-09
5.65354e-08
3.98791e-06
-4.54335e-06
-4.48987e-06
6.26623e-07
-3.69636e-06
4.03594e-06
-4.04929e-06
1.33517e-08
-1.71791e-08
-5.34254e-06
1.87114e-08
5.33319e-06
-3.12023e-06
-2.98073e-06
4.06018e-06
-4.06018e-06
-3.92963e-06
-3.83135e-06
-4.08073e-06
-5.31744e-06
-1.21753e-08
5.32961e-06
-3.71918e-06
-3.67501e-07
7.55441e-07
3.51952e-06
-4.27496e-06
7.99214e-07
3.34626e-06
-4.14547e-06
7.33106e-07
-4.35333e-06
3.62023e-06
3.91321e-06
4.24364e-06
-3.48763e-06
4.22962e-06
4.44137e-06
-3.91092e-06
3.93486e-06
-4.0752e-06
5.34931e-06
-5.34514e-06
-4.17751e-09
-5.17756e-06
-4.04669e-06
5.34313e-06
6.4133e-09
-5.34606e-06
6.32005e-10
5.34306e-06
-2.36603e-07
5.34425e-06
-5.34973e-06
5.47387e-09
5.35339e-06
-5.33129e-06
8.81228e-08
-3.31644e-06
3.22832e-06
3.94175e-09
4.10888e-06
3.88012e-08
4.40257e-06
4.53892e-06
-3.86103e-06
-3.23848e-06
-8.38486e-07
2.71174e-07
3.67825e-06
-4.14021e-06
-5.34798e-06
5.34858e-06
-6.0058e-10
4.15592e-06
-4.24297e-06
8.70458e-08
-4.2356e-06
7.51347e-07
-5.79292e-06
8.06234e-07
4.98668e-06
5.35061e-06
2.55595e-06
3.56252e-06
5.35427e-06
-5.35427e-06
-1.86552e-06
6.67122e-09
4.01728e-06
-4.09426e-06
1.80602e-08
4.0762e-06
-5.34548e-06
-5.35287e-06
5.34311e-06
6.97311e-09
-5.34533e-06
1.28789e-10
5.33813e-06
-1.29448e-10
-5.34888e-06
-4.17652e-06
3.78901e-08
4.16428e-06
-3.49993e-06
-3.19318e-06
3.91923e-06
-5.35997e-06
4.33967e-06
-3.4989e-06
4.1819e-06
-3.48608e-06
4.29913e-06
-3.48853e-06
-5.7048e-09
5.34642e-06
-5.3678e-06
4.08404e-06
-4.02751e-06
-3.93135e-06
3.93184e-06
-5.33424e-06
-2.48253e-09
5.33673e-06
8.81145e-07
4.0641e-06
-1.09141e-08
-5.34264e-06
7.09956e-08
3.98987e-06
-2.57164e-06
1.96975e-06
6.01889e-07
-4.04177e-06
4.20371e-06
-3.44827e-06
4.2337e-06
-3.43448e-06
4.23805e-06
-3.50494e-06
4.05463e-06
4.88258e-08
-4.5387e-06
5.41822e-06
-5.19415e-06
-5.98768e-07
4.0641e-06
-4.0641e-06
3.58919e-06
-5.44311e-07
-2.48972e-06
1.95206e-06
3.52637e-06
7.07242e-07
5.34409e-06
5.22527e-09
5.3964e-06
-5.3597e-06
-3.67061e-08
-5.34569e-06
5.58765e-10
-5.34937e-06
5.34243e-06
-5.34679e-06
4.35796e-09
-4.05319e-06
5.03417e-08
-4.04639e-06
7.42597e-08
-4.05392e-06
-1.08832e-07
-4.02042e-06
-1.59065e-07
-4.17475e-06
7.94725e-08
-4.11443e-06
1.06235e-07
-4.10544e-06
1.00593e-07
-7.35878e-09
5.34068e-06
-5.33332e-06
-5.34954e-06
8.52112e-09
-1.15917e-08
5.38384e-06
5.34289e-06
-5.34934e-06
6.44568e-09
-4.8684e-06
9.29192e-07
-3.55932e-09
3.4196e-06
1.39142e-07
-4.30398e-06
4.16484e-06
-4.66278e-06
2.96573e-07
5.35221e-06
-5.3478e-06
-3.61412e-06
3.83492e-06
3.7547e-09
-5.35173e-06
5.33668e-06
7.74556e-09
4.05179e-06
-4.05179e-06
-3.90895e-06
2.507e-06
3.61902e-06
9.87467e-10
-5.34041e-06
-4.04367e-06
-2.37785e-08
-2.60242e-06
9.66253e-06
-7.0601e-06
-3.16243e-06
-3.92704e-06
7.08947e-06
-5.33985e-06
5.33983e-06
1.9257e-11
4.06521e-06
-4.06126e-06
3.94165e-06
-3.90284e-06
-4.04857e-06
4.0491e-06
-5.37678e-10
3.724e-06
-3.63588e-06
1.37723e-06
-1.31812e-06
-5.91085e-08
-4.37629e-06
3.44879e-07
-7.48947e-07
3.99395e-06
-3.53459e-07
8.91316e-10
-4.66367e-06
5.33926e-06
1.50545e-09
-5.34313e-06
4.13592e-06
4.17637e-06
4.04786e-06
-2.87809e-06
2.52098e-06
-3.68308e-06
5.34747e-06
-5.34541e-06
-7.48561e-07
-3.48704e-06
-1.32583e-08
-5.49669e-06
6.30292e-06
3.39824e-06
7.41813e-07
-4.14005e-06
-6.92738e-06
5.35213e-06
4.04571e-06
-3.93852e-06
-5.33647e-06
-5.34079e-06
5.34778e-06
-6.98794e-09
4.2406e-06
3.77012e-06
-3.84747e-06
-3.47233e-06
4.07838e-06
-6.06053e-07
-2.43514e-08
5.31149e-06
5.34214e-06
-5.3464e-06
4.26574e-09
-1.06726e-08
-4.36852e-06
4.42345e-07
-4.01886e-06
-2.48578e-08
-2.59852e-09
-2.17476e-09
-1.99516e-09
-2.00644e-09
-2.56849e-09
-2.95949e-09
-2.13555e-09
-2.19928e-09
-2.58849e-09
4.23716e-09
5.3655e-06
3.09036e-08
-4.13885e-06
5.15541e-08
-4.04929e-06
4.004e-06
-4.11018e-06
-5.34642e-06
5.3452e-06
-1.29361e-08
5.3445e-06
3.71189e-06
7.02311e-07
-9.51775e-08
4.19046e-06
-3.15253e-06
-4.13561e-06
4.89988e-08
8.42592e-07
-5.05779e-06
5.90495e-07
-3.52406e-06
2.93356e-06
6.20972e-07
-4.13226e-06
3.51129e-06
5.93475e-07
-3.99982e-06
3.40634e-06
1.00703e-06
-4.81543e-06
4.96002e-07
-3.78381e-06
3.28781e-06
1.53282e-06
-4.29967e-06
2.70531e-08
-4.11526e-06
7.37388e-07
-1.21612e-09
5.35366e-06
-3.9616e-06
7.58639e-07
-1.60433e-09
5.35315e-06
-5.34685e-06
-4.17804e-06
7.2501e-07
-5.3477e-06
1.72424e-09
5.34615e-06
-5.34473e-06
7.35404e-07
-4.19441e-06
-4.01929e-06
-4.0155e-06
-4.01669e-06
-4.00318e-06
-4.09619e-06
-4.09323e-06
-4.05693e-06
4.61448e-06
-3.25679e-06
5.34837e-06
-5.34537e-06
4.04519e-06
1.04826e-06
-4.3668e-06
3.94452e-06
-3.94808e-06
-5.33622e-06
-8.60598e-07
4.01987e-06
-8.49728e-07
4.45979e-06
-4.59706e-08
-5.26456e-08
-6.35945e-08
-6.95762e-08
1.30581e-07
-4.30866e-06
1.1686e-07
-4.31047e-06
1.6724e-07
-4.3818e-06
-5.33306e-06
-5.33235e-06
1.17493e-10
5.33996e-06
5.41678e-09
5.33889e-06
-3.51951e-06
-4.07298e-06
2.18009e-08
-4.12012e-06
6.54873e-08
-4.13841e-06
6.49778e-08
-4.13222e-06
7.14015e-08
-4.15655e-06
5.30958e-08
-4.1422e-06
6.44555e-08
-4.15515e-06
4.27309e-08
4.08482e-06
1.08204e-07
-4.19303e-06
5.34007e-06
-5.34439e-06
9.10843e-09
5.336e-06
-1.46648e-07
4.15669e-10
-4.13377e-06
-3.97763e-06
-5.34481e-06
4.0187e-09
5.34126e-06
6.51175e-09
1.17445e-08
4.05633e-06
-4.06807e-06
1.4127e-07
-1.4111e-07
3.93817e-06
4.92225e-06
-1.61846e-10
-3.93062e-06
-1.15788e-08
-3.99756e-06
-5.75265e-08
4.05509e-06
4.53844e-06
-8.29115e-08
5.33679e-06
-5.35369e-06
1.6897e-08
8.07526e-07
-3.07162e-06
-8.2139e-07
-4.22089e-06
-4.25044e-06
7.48412e-07
-3.95074e-06
7.36083e-07
2.52741e-06
5.67713e-07
-4.57134e-06
-8.65273e-09
3.44272e-06
7.66687e-07
-4.20941e-06
-4.22839e-06
5.76074e-07
3.65231e-06
3.38693e-06
7.35942e-07
3.49429e-06
7.43754e-07
3.49784e-06
7.35851e-07
3.23811e-06
7.54598e-07
3.4656e-06
7.38111e-07
3.4585e-06
7.21106e-07
3.43396e-06
7.30317e-07
7.38475e-07
-4.2384e-06
-5.35011e-06
-3.36956e-09
-5.35369e-06
-8.17313e-09
-4.04616e-06
6.30575e-07
3.41558e-06
-3.43291e-06
-3.28675e-06
6.71966e-06
5.34606e-06
-4.79508e-09
-5.39047e-09
-5.34143e-06
5.34582e-06
-5.37944e-06
6.89159e-08
5.31053e-06
-3.35586e-06
-4.8824e-07
5.34843e-06
-5.34313e-06
3.87425e-07
-5.88412e-06
3.3439e-06
7.14223e-07
4.0137e-06
3.79787e-06
6.04694e-07
4.18019e-06
-6.53824e-07
1.22581e-07
-3.82782e-06
3.70524e-06
-4.09228e-06
6.37476e-07
-4.17736e-06
3.53989e-06
-5.5122e-08
4.06658e-06
-7.51387e-08
4.03894e-06
1.10387e-07
4.0416e-06
9.97992e-08
3.98766e-06
8.83435e-08
4.10886e-06
-9.28307e-08
4.10239e-06
-8.85556e-08
4.07083e-06
1.32083e-08
3.9525e-06
-5.32917e-09
-4.04899e-06
3.01331e-08
4.73465e-08
5.35553e-06
-5.35293e-06
-4.04495e-06
3.53728e-08
2.46686e-08
3.42793e-06
-4.13246e-06
7.04529e-07
-3.54453e-06
3.91908e-06
-8.12572e-09
-4.7336e-06
6.3934e-07
3.78173e-06
5.51567e-07
5.3408e-06
-5.34519e-06
4.39313e-09
-5.34403e-06
5.34403e-06
4.19501e-06
-7.96767e-07
-4.08838e-06
6.90887e-08
-4.10443e-06
8.89323e-08
-4.10658e-06
8.98906e-08
-4.05906e-06
5.58796e-08
-4.16196e-06
6.57663e-08
-4.16684e-06
7.36158e-08
-4.11356e-06
5.66395e-08
-4.0607e-06
3.87184e-08
-9.47361e-09
-5.35967e-06
2.01211e-08
5.33974e-06
6.31415e-09
-5.37129e-06
3.97743e-06
-3.89839e-06
3.0121e-06
-7.44081e-07
4.0111e-06
3.41837e-08
-3.66359e-06
3.51042e-06
-3.97473e-06
5.3483e-06
3.72271e-06
-3.03119e-07
2.69781e-06
-3.62498e-06
-3.87842e-06
6.15889e-06
-5.77147e-06
3.49498e-06
-4.20834e-06
7.13355e-07
-4.18518e-06
7.36906e-07
5.32461e-06
-5.34896e-06
-4.17134e-06
7.36855e-07
-4.25258e-06
7.47645e-07
3.47844e-06
7.01749e-07
3.56935e-06
7.29778e-07
3.4518e-06
7.30095e-07
3.59644e-06
7.43224e-07
3.47997e-06
7.80858e-07
-5.92517e-06
5.34956e-06
-5.34315e-06
-5.22807e-07
4.06165e-06
5.34405e-06
-5.3452e-06
-1.74035e-06
4.57899e-09
-9.86987e-07
5.97367e-06
5.33718e-06
-5.34337e-06
6.1893e-09
-2.91689e-06
1.68453e-06
-3.79051e-06
-2.64661e-06
-9.49322e-08
5.42018e-06
7.53922e-07
-4.24096e-06
1.45631e-06
2.14771e-06
4.17965e-06
-3.97325e-06
-5.33773e-06
5.33037e-06
5.34397e-06
-5.3448e-06
-2.24658e-08
-5.3548e-06
5.3502e-06
-4.11728e-06
5.34046e-06
-3.27403e-09
-6.53557e-07
-2.09724e-06
-2.96056e-06
3.90601e-06
-4.10208e-06
-3.62792e-09
-3.80568e-06
5.34423e-06
-5.33063e-06
-4.04124e-06
3.17812e-06
2.89536e-06
-3.93486e-06
3.79375e-06
4.05126e-06
-4.05142e-06
3.80015e-06
-3.79375e-06
-6.40683e-09
-3.94292e-06
3.93135e-06
3.87432e-06
-3.93184e-06
4.06085e-06
-4.0491e-06
-3.76157e-06
3.90284e-06
-4.06085e-06
4.06126e-06
-3.92432e-06
3.63588e-06
2.88447e-07
-4.00021e-06
-5.38485e-07
5.33946e-06
-5.34368e-06
4.22166e-09
3.49189e-06
7.51754e-07
1.03362e-08
-4.96445e-07
2.22325e-06
5.3492e-06
-5.343e-06
-6.2041e-09
7.47714e-09
-5.36117e-06
-7.32715e-10
5.35234e-06
-5.35161e-06
5.33996e-06
-3.95707e-06
-4.63933e-06
4.64022e-06
-5.35124e-06
1.20518e-08
-4.26076e-06
9.62657e-07
4.12653e-06
-4.19165e-06
5.34363e-06
5.43335e-06
-5.31633e-06
-1.17019e-07
5.34277e-06
-5.34177e-06
-4.40493e-06
-3.28675e-07
-5.35941e-06
-3.87712e-06
-3.90312e-06
2.46993e-08
-6.15832e-07
3.9649e-06
5.73546e-07
5.33209e-06
-7.19533e-07
5.34321e-06
-1.34567e-09
-5.14964e-06
-6.81746e-09
5.37267e-06
3.94452e-06
4.05473e-06
3.90601e-06
4.06017e-06
3.94165e-06
4.00378e-06
-3.94808e-06
-3.76157e-06
4.07467e-06
4.06521e-06
4.17965e-06
-3.92432e-06
4.05266e-06
3.84001e-06
-4.0752e-06
3.724e-06
3.73946e-06
3.80015e-06
-4.04719e-06
3.87432e-06
4.05126e-06
3.31881e-06
-3.31881e-06
4.06124e-06
-5.35619e-06
-4.21175e-06
4.22981e-06
-3.48874e-06
4.24267e-06
5.33727e-06
-5.3436e-06
6.32575e-09
-1.68628e-07
-5.1806e-09
-4.12789e-06
1.06047e-08
-4.14187e-07
4.04247e-06
4.93721e-09
-5.30433e-06
5.29939e-06
5.02879e-09
1.20112e-08
-5.28525e-06
2.30222e-09
5.28295e-06
2.38972e-07
-5.50888e-06
5.26991e-06
5.33356e-06
7.11879e-09
-5.34068e-06
5.33309e-06
7.36822e-09
-3.82588e-06
3.49303e-06
7.0198e-07
-5.31184e-06
-3.06276e-08
5.34247e-06
5.37444e-06
1.12709e-08
5.30216e-06
1.31184e-07
5.34093e-06
-5.33878e-06
-5.34405e-06
5.33614e-06
5.34564e-09
2.54429e-07
-4.89376e-06
-5.98462e-09
4.22012e-06
-3.45343e-06
4.10272e-06
-4.04424e-06
-5.84803e-08
4.86157e-06
-3.2721e-06
-1.58947e-06
4.60891e-06
-4.03284e-06
4.2327e-06
-3.49676e-06
4.232e-06
-3.49461e-06
4.23645e-06
-3.4927e-06
4.23552e-06
-3.49967e-06
4.15793e-06
-3.40333e-06
4.16246e-06
-3.40382e-06
-4.3189e-07
-5.45223e-06
4.21683e-06
-3.47872e-06
4.21426e-06
-3.49316e-06
4.22102e-06
-3.49601e-06
4.22531e-06
-3.495e-06
4.22948e-06
-3.491e-06
-2.36181e-09
3.39023e-09
-5.30718e-06
5.30379e-06
-1.21685e-08
5.576e-06
-1.04626e-07
-5.47137e-06
4.18115e-06
-3.4003e-06
4.23819e-06
-3.49054e-06
5.3561e-06
4.86209e-06
-3.40193e-06
-1.46015e-06
4.23689e-06
-3.50004e-06
4.21623e-06
-3.47932e-06
4.11582e-06
-3.48524e-06
4.23621e-06
-3.49743e-06
4.13636e-06
4.20411e-06
-3.50237e-06
5.34084e-06
-7.28666e-09
-4.32683e-06
3.69755e-06
6.29279e-07
-4.87425e-06
3.50042e-06
5.28245e-09
5.33698e-06
-5.34126e-06
4.28263e-09
6.15889e-06
-7.3288e-08
5.43879e-06
4.21655e-06
-3.50233e-06
-5.27976e-06
5.30797e-06
-1.00016e-08
-2.77363e-08
-5.35356e-06
6.36144e-10
-3.92775e-09
-5.40872e-06
5.64769e-06
-3.85186e-06
-3.97325e-06
-4.02232e-06
3.97105e-06
4.02753e-06
-4.97163e-06
5.66706e-07
4.23438e-06
-3.49829e-06
1.29558e-08
-7.22188e-07
-5.32802e-06
-3.40872e-09
5.33143e-06
3.07058e-07
-4.10208e-06
-4.06017e-06
4.07955e-06
-1.93722e-08
4.72241e-06
-4.00987e-06
-9.51137e-08
-5.62604e-06
4.29056e-06
-4.8382e-07
4.13264e-06
5.34002e-06
-5.33671e-06
5.34296e-06
5.33981e-06
-5.33846e-06
-4.01873e-06
4.01099e-06
7.73892e-09
-3.80989e-06
-2.14679e-08
4.33198e-06
-3.62745e-06
4.1436e-06
8.98821e-09
-3.48921e-06
4.34016e-06
-3.60476e-06
-3.75829e-06
4.2453e-06
-3.50208e-06
4.2395e-06
-3.50941e-06
4.21505e-06
-3.48528e-06
4.2435e-06
-3.56332e-06
-4.06112e-06
4.12116e-06
-6.00432e-08
3.55714e-08
-5.33488e-10
3.89962e-06
-7.44966e-08
4.2804e-06
-3.56704e-06
4.21391e-06
-3.50666e-06
-5.33508e-06
5.3422e-06
-5.36721e-06
5.37354e-06
8.89173e-09
7.13201e-06
-6.30957e-06
3.9536e-06
-3.80053e-06
4.40343e-06
-4.45855e-06
3.972e-06
-3.92166e-06
4.03668e-06
-3.96759e-06
4.36157e-06
-4.43671e-06
3.82258e-06
-3.74832e-06
4.01113e-06
-3.92219e-06
4.23012e-06
-4.11973e-06
4.83299e-06
-4.94183e-06
4.02693e-06
-3.93704e-06
4.23778e-06
-4.13798e-06
4.79978e-06
-4.95884e-06
3.82556e-06
-3.76968e-06
3.89346e-06
-3.80512e-06
4.1205e-06
-4.04103e-06
4.32801e-06
-4.26225e-06
4.65484e-06
-4.74767e-06
3.9808e-06
-3.87457e-06
4.31439e-06
-4.24078e-06
4.63292e-06
-4.72148e-06
3.9681e-06
-3.86751e-06
4.25423e-06
-4.1976e-06
4.31573e-06
-4.30252e-06
4.17709e-06
-4.12974e-06
4.22292e-06
-4.1842e-06
4.26924e-06
-4.27456e-06
4.12745e-06
-4.11571e-06
4.05072e-06
-4.02042e-06
4.04481e-06
-4.01468e-06
-7.58788e-09
4.04241e-06
-4.00823e-06
-5.33742e-06
-4.50185e-10
4.0411e-06
-4.00573e-06
5.34129e-06
-5.33585e-06
4.04014e-06
-3.9988e-06
4.03185e-06
-4.00718e-06
5.576e-06
6.46238e-09
4.03295e-06
-4.01149e-06
-5.33327e-06
-2.04244e-08
-5.33793e-06
5.33793e-06
-5.36438e-06
3.11131e-08
-4.05297e-06
4.04043e-06
-4.00434e-06
5.34082e-06
-4.7172e-06
-2.06716e-07
5.68326e-09
5.337e-06
-5.33604e-06
-5.51335e-06
5.41475e-06
-5.38384e-06
-5.29125e-06
-7.31267e-08
4.31155e-06
4.03563e-06
-4.01551e-06
1.48877e-08
-2.99101e-08
-2.55877e-08
4.26012e-06
-3.55781e-06
2.53817e-08
-5.33495e-06
5.34114e-06
4.34717e-06
-3.61528e-06
4.0194e-06
-4.02737e-06
5.35248e-06
-5.35471e-06
-5.40171e-06
-1.52567e-06
-5.33614e-06
5.33589e-06
-5.77147e-06
5.35786e-06
3.85579e-06
6.83126e-07
-5.44945e-06
5.49463e-06
1.58808e-06
2.61434e-06
6.30957e-06
-5.81082e-06
5.41475e-06
4.68516e-09
3.24171e-09
-5.35795e-06
1.27827e-08
5.34521e-06
5.33253e-06
8.14833e-09
-5.49463e-06
5.63713e-06
-3.46528e-09
5.33362e-06
7.22331e-09
4.04281e-06
-4.0189e-06
-3.56129e-07
-5.44945e-06
2.50063e-09
-5.29653e-06
5.29403e-06
5.42961e-06
-5.37189e-06
-5.38962e-06
-5.42961e-06
4.25068e-06
-3.49659e-06
5.36082e-06
-1.99962e-08
-8.9051e-09
5.36973e-06
-5.36474e-06
7.00614e-07
-5.35104e-06
5.35021e-06
5.63713e-06
5.81082e-06
5.35104e-06
-5.35893e-06
-5.38216e-06
-1.74203e-08
3.01401e-08
-5.34198e-06
-5.37018e-06
5.3514e-06
5.35021e-06
-5.35137e-06
-5.37759e-06
5.37189e-06
-5.3352e-06
5.34171e-06
5.33542e-06
5.37759e-06
5.35928e-06
-5.35893e-06
-5.37635e-06
-3.13223e-08
5.39477e-06
-5.33879e-06
5.3417e-06
4.80149e-09
-5.34651e-06
6.63383e-09
5.35264e-06
5.36607e-06
-1.10465e-08
-5.39477e-06
5.37635e-06
5.34045e-06
1.25725e-09
5.35608e-06
5.3454e-06
-5.33879e-06
-5.37011e-06
8.7154e-09
-5.34204e-06
6.65027e-09
-5.34173e-06
-5.39062e-06
5.34836e-06
-6.86199e-09
5.30868e-06
-5.30182e-06
5.34436e-06
1.04076e-09
5.33874e-06
6.5324e-09
-5.34148e-06
5.3416e-06
-2.86579e-09
6.09287e-09
-3.69223e-09
5.34326e-06
-5.33957e-06
5.34164e-06
-4.03643e-11
-5.3405e-06
5.33351e-06
5.33558e-06
-5.33845e-06
7.41284e-09
-4.82925e-10
5.3008e-06
-5.30032e-06
5.34401e-06
-5.3494e-06
-2.26728e-09
5.34391e-06
-5.34174e-06
5.33934e-06
-7.82148e-09
5.33905e-06
-5.33123e-06
-5.34714e-06
-5.33446e-06
5.3383e-06
-3.83702e-09
5.3447e-06
8.41907e-09
4.65586e-09
5.34729e-06
-2.58845e-09
5.33787e-06
-5.35321e-06
5.35345e-06
-5.33404e-06
5.33828e-06
5.33675e-06
-5.34149e-06
7.02849e-09
5.33592e-06
-5.33555e-06
5.33592e-06
-5.3326e-06
5.34544e-06
7.07254e-09
5.33113e-06
-5.33531e-06
-4.00827e-09
5.34188e-06
-5.34143e-06
5.34475e-06
-2.90667e-09
5.33246e-06
-5.33505e-06
5.33928e-06
-5.33555e-06
5.33555e-06
-5.33568e-06
3.39602e-09
5.33202e-06
-5.3369e-06
6.54408e-09
-2.13509e-09
5.34246e-06
-3.1835e-09
5.33404e-06
-5.33624e-06
6.90068e-09
5.33344e-06
-5.33756e-06
5.33778e-06
-2.84969e-09
5.33474e-06
-5.33688e-06
5.34156e-06
-3.03199e-09
1.17277e-08
5.33386e-06
-5.33799e-06
5.34106e-06
-3.27165e-09
5.33528e-06
-5.33823e-06
5.34474e-06
-2.85694e-09
-2.79664e-09
5.33888e-06
5.33516e-06
-5.33928e-06
-5.34147e-06
5.33872e-06
5.33683e-06
-5.3394e-06
-2.81779e-09
-3.0177e-09
4.64842e-09
5.3361e-06
-5.34075e-06
1.46699e-08
5.33817e-06
-5.34283e-06
5.34198e-06
-3.09383e-09
5.33749e-06
-5.34018e-06
5.33817e-06
1.13463e-08
-5.34135e-06
5.33687e-06
-2.71226e-09
-3.07219e-09
-5.34075e-06
5.33876e-06
-5.3305e-06
5.3305e-06
-5.33205e-06
-4.12592e-11
5.34169e-06
-5.34165e-06
-3.25783e-09
1.51044e-08
-2.45218e-09
-1.2293e-09
5.33563e-06
-1.89521e-11
-2.58816e-09
-3.30498e-09
-4.65599e-09
-1.35499e-08
5.34098e-06
-5.32743e-06
-5.36847e-06
-5.32437e-06
5.32437e-06
-5.32685e-06
-5.33893e-06
5.33757e-06
1.36614e-09
1.642e-08
-7.26235e-10
-5.3454e-06
6.47034e-09
5.31822e-06
-5.32163e-06
5.31822e-06
1.01348e-08
-5.34314e-06
3.01855e-09
8.41797e-09
5.32998e-06
-5.32648e-06
-3.49791e-09
5.32998e-06
-5.32929e-06
5.33147e-06
-2.18361e-09
5.32929e-06
6.93554e-10
-5.32648e-06
-5.32773e-06
1.24943e-09
5.34567e-06
-5.33629e-06
5.34567e-06
-7.0601e-06
5.35088e-06
-5.33661e-06
-5.33616e-06
5.33616e-06
5.38963e-06
-5.33773e-06
5.35088e-06
5.38963e-06
-5.33536e-06
5.33536e-06
5.33571e-06
-5.33571e-06
5.33773e-06
-5.42042e-06
-5.33763e-06
5.33609e-06
-5.33609e-06
-5.33548e-06
5.33548e-06
-5.32163e-06
5.28814e-06
-5.28814e-06
5.33147e-06
5.32952e-06
-5.32952e-06
5.33589e-06
5.33645e-06
-5.33645e-06
-5.38126e-06
-5.33564e-06
5.33564e-06
-5.37011e-06
-5.33568e-06
-5.32685e-06
-5.33205e-06
5.32384e-06
-5.32384e-06
5.34418e-06
-5.34418e-06
-5.33567e-06
5.33567e-06
-5.33545e-06
5.33545e-06
-5.47137e-06
-5.3678e-06
-5.33559e-06
5.33559e-06
-5.32773e-06
-5.33661e-06
5.33629e-06
-5.34521e-06
-5.33555e-06
5.33536e-06
-5.33536e-06
-5.33493e-06
5.33493e-06
5.35062e-06
-5.34192e-06
-5.35062e-06
5.34192e-06
-5.34521e-06
-5.66655e-09
9.25952e-09
-5.34055e-06
-5.33673e-06
5.34377e-06
-4.87626e-09
5.35371e-06
-5.37671e-09
-5.34833e-06
-5.33648e-06
5.3449e-06
5.34804e-06
5.3573e-06
-5.34344e-06
6.7149e-09
5.35265e-06
7.29064e-09
-5.32989e-06
5.33746e-06
5.35716e-06
1.50041e-08
5.35228e-06
4.24121e-09
-4.10154e-09
-5.32264e-06
5.32566e-06
5.35652e-06
5.35218e-06
-5.32114e-06
5.32761e-06
1.48259e-08
5.35582e-06
5.35172e-06
-4.51872e-09
5.3064e-06
-5.30189e-06
5.35051e-06
1.20653e-09
8.22158e-09
-5.35602e-06
5.34627e-06
-5.3266e-06
5.33673e-06
-7.34345e-10
1.0094e-09
5.35449e-06
-5.3212e-06
5.33762e-06
5.35376e-06
-5.33347e-06
5.33786e-06
1.55353e-08
6.80129e-09
5.35688e-06
-4.1501e-09
5.31466e-06
-5.31051e-06
5.36166e-06
5.36846e-06
-5.33833e-06
5.33574e-06
5.34837e-06
-1.54805e-08
5.35208e-06
-5.33781e-06
5.33708e-06
5.35432e-06
5.45822e-11
2.10676e-09
-5.32298e-06
5.33809e-06
5.33884e-06
-5.33361e-06
5.33864e-06
1.40995e-08
5.34095e-06
-4.47958e-09
5.32193e-06
-5.31745e-06
-5.33902e-06
5.33436e-06
5.34757e-06
-6.61678e-09
-1.39064e-08
5.35035e-06
5.23223e-09
5.35203e-06
5.34653e-06
-5.33758e-06
5.33756e-06
5.35176e-06
1.06079e-09
5.33785e-06
-5.32426e-06
5.33893e-06
-5.33904e-06
5.33658e-06
5.33962e-06
-5.33263e-06
5.34088e-06
1.32981e-08
5.27145e-09
-6.29835e-09
5.33093e-06
-5.32464e-06
5.34493e-06
-5.30933e-09
5.3502e-06
-1.00901e-08
5.34534e-06
-5.33972e-06
5.337e-06
-5.15026e-09
-5.33325e-06
5.3446e-06
5.35081e-06
7.62583e-09
4.75088e-09
5.34072e-06
-5.33932e-06
5.34734e-06
6.80218e-09
6.2698e-09
-5.33893e-06
5.34547e-06
-5.27767e-09
5.33838e-06
-5.3331e-06
5.33603e-06
-5.34045e-06
5.33763e-06
-5.33664e-06
-5.34342e-06
5.33185e-06
5.34039e-06
2.1991e-09
3.92028e-09
5.33312e-06
7.27008e-09
-5.32566e-06
5.33739e-06
-5.33046e-06
5.33736e-06
5.33531e-06
-6.1821e-09
5.34083e-06
-5.33465e-06
5.34158e-06
-5.33151e-06
5.33841e-06
-5.34093e-06
5.33808e-06
6.93261e-09
3.99015e-09
5.34585e-06
5.34173e-06
5.85091e-09
5.34572e-06
-5.33181e-06
5.33847e-06
5.34057e-06
-5.27046e-09
5.34414e-06
-5.33829e-06
5.34496e-06
-5.34125e-06
5.3384e-06
6.60353e-09
-5.3334e-06
5.33994e-06
4.22204e-09
5.34049e-06
-5.33484e-06
5.34132e-06
-5.00034e-09
5.07178e-09
5.34255e-06
-5.33748e-06
5.34472e-06
5.33945e-06
5.10024e-09
-5.33343e-06
5.33683e-06
-5.34066e-06
3.97979e-09
5.34367e-06
-5.34279e-06
-5.33138e-06
5.3384e-06
5.33923e-06
7.89001e-09
5.34321e-06
5.33821e-06
-5.35003e-06
5.35279e-06
-2.75723e-09
1.4084e-09
5.33559e-06
5.45431e-09
5.34061e-06
-5.33515e-06
5.34249e-06
-5.31475e-06
5.33002e-06
-1.52678e-08
5.33901e-06
-5.33126e-06
5.33833e-06
-2.16831e-09
7.14448e-09
5.33354e-06
-5.34025e-06
6.70764e-09
5.34042e-06
-5.33218e-06
5.3406e-06
-5.33707e-06
5.32773e-06
9.3374e-09
5.33825e-06
-5.33566e-06
5.34211e-06
-5.36956e-06
5.36908e-06
6.1529e-09
-7.3352e-09
-5.30741e-06
5.34158e-06
-3.32273e-09
-4.93665e-09
-5.33352e-06
5.11029e-09
5.33332e-06
-5.33843e-06
5.33983e-06
-1.6492e-08
5.3399e-06
-7.36119e-09
5.34672e-06
-6.8936e-09
1.23033e-09
-5.3383e-06
5.3366e-06
-7.86474e-09
5.34662e-06
-5.33279e-06
-7.71033e-09
-5.3359e-06
5.34056e-06
-5.35198e-06
5.33254e-06
1.94494e-08
5.34171e-06
-5.34381e-06
5.33098e-06
1.28306e-08
-7.42833e-09
5.33516e-06
-5.33809e-06
5.33264e-06
5.45699e-09
-5.33597e-06
5.34339e-06
5.33385e-06
-4.62436e-09
5.33813e-06
-9.38334e-09
5.34091e-06
-4.58503e-09
5.33508e-06
-5.33686e-06
5.34319e-06
-4.97275e-09
5.3355e-06
-4.23725e-10
5.32808e-06
5.32648e-06
5.31641e-06
1.00695e-08
-5.3389e-06
5.34499e-06
5.30703e-06
-5.33847e-06
5.34501e-06
-6.54313e-09
-5.33792e-06
5.33923e-06
-1.30485e-09
-4.29166e-09
-5.35486e-06
5.34592e-06
8.93595e-09
5.32296e-06
-1.59285e-08
2.17167e-08
5.27224e-06
-5.29395e-06
-5.34044e-06
5.34697e-06
-5.33501e-06
5.32718e-06
7.83619e-09
-5.34367e-06
7.02923e-09
5.33999e-06
-5.35783e-06
1.78305e-08
5.31525e-06
-7.79686e-09
-5.33008e-06
5.33787e-06
5.39223e-06
4.57632e-09
-2.71749e-09
-5.33171e-06
5.33442e-06
5.33696e-06
-5.33549e-06
5.33209e-06
3.3955e-09
5.33234e-06
-5.3479e-06
5.34104e-06
-5.34045e-06
5.34723e-06
-6.77522e-09
5.33514e-06
-2.8007e-09
-6.02655e-09
-5.3271e-06
5.33313e-06
5.33314e-06
1.99642e-09
-5.34258e-06
5.34923e-06
-5.34233e-06
5.34971e-06
-7.38033e-09
-5.33607e-06
5.32832e-06
7.74564e-09
5.32712e-06
5.2914e-06
-1.91602e-08
-4.65155e-09
-1.67837e-08
5.3244e-06
5.33507e-06
-5.47798e-09
-5.3442e-06
5.35292e-06
5.2886e-06
5.31517e-06
9.22702e-09
-3.85075e-08
-5.32379e-06
-3.94534e-09
-5.32379e-06
-5.30217e-06
5.30217e-06
-1.40322e-08
5.30866e-06
6.51373e-09
5.51171e-09
2.04129e-08
5.27835e-06
-5.29876e-06
-5.33538e-06
5.32861e-06
6.76489e-09
-5.34347e-06
5.35162e-06
-5.33071e-06
-4.77234e-09
-3.63759e-09
5.33474e-06
-5.3311e-06
4.01081e-06
-5.33544e-06
5.32795e-06
7.49025e-09
-5.33626e-06
5.32898e-06
7.27499e-09
5.32373e-06
-1.50719e-08
5.31593e-06
-5.35467e-06
5.33635e-06
-5.33192e-06
5.33418e-06
-2.26356e-09
1.29647e-09
-4.96421e-09
5.33706e-06
5.33172e-06
4.62321e-09
-5.3245e-06
5.3245e-06
4.6836e-09
-5.33718e-06
5.33249e-06
-5.33662e-06
5.33702e-06
-5.2921e-09
1.96997e-08
5.39985e-06
-5.35392e-06
5.36211e-06
-8.19384e-09
5.33338e-06
-5.3343e-06
5.32816e-06
6.13824e-09
-5.3434e-06
6.77652e-09
5.33806e-06
5.35521e-06
4.02222e-09
5.33637e-06
-5.33114e-06
-5.22505e-09
5.3421e-06
-5.34778e-06
5.67767e-09
-2.23256e-08
7.10631e-10
5.33329e-06
-1.97378e-08
5.30933e-06
-3.0984e-08
-5.35429e-06
5.36633e-06
-1.20456e-08
-5.32886e-06
5.32475e-06
4.10787e-09
5.30404e-06
5.33774e-06
-4.44511e-09
4.79363e-09
-5.33745e-06
5.33265e-06
-3.31391e-08
5.33079e-06
5.57387e-09
-5.33336e-06
5.32877e-06
4.58828e-09
5.33277e-06
5.33516e-06
-5.33087e-06
5.33447e-06
-3.59998e-09
5.33747e-06
-4.97892e-09
-5.3282e-06
5.33438e-06
-6.18638e-09
-3.54621e-08
5.42648e-06
-5.32474e-06
-6.48733e-08
5.33756e-06
5.33231e-06
4.66784e-09
-5.33698e-06
5.33303e-06
-5.32972e-06
5.31553e-06
1.41843e-08
5.91162e-09
1.47717e-06
3.95044e-06
-5.42761e-06
-5.32233e-06
-7.38728e-09
-4.42024e-09
5.33234e-06
-4.50277e-06
-5.43981e-09
5.33623e-06
5.33651e-06
-4.19948e-09
-5.33264e-06
5.33283e-06
-1.8948e-10
-3.49379e-06
5.33701e-06
4.69075e-09
5.33182e-06
-5.35594e-06
5.36725e-06
-1.13075e-08
-8.33029e-11
-2.14671e-08
-4.88934e-06
-6.5568e-07
5.33157e-06
-5.35878e-06
5.37945e-06
-2.06754e-08
-5.35825e-06
5.3654e-06
-7.15017e-09
-5.35282e-06
5.33626e-06
5.34337e-06
5.34337e-06
5.35854e-06
-5.35854e-06
-5.34802e-06
-4.32734e-09
5.35845e-06
-5.33496e-06
6.76151e-09
5.33282e-06
-5.31714e-06
-1.5678e-08
9.81683e-09
-5.35426e-06
4.42669e-09
-5.33351e-06
5.32908e-06
5.33026e-06
5.99811e-09
-7.88936e-09
-5.3319e-06
5.33864e-06
-6.74712e-09
-5.3276e-06
5.34354e-06
-1.5942e-08
5.32896e-06
7.27307e-09
-1.95468e-07
5.335e-06
-4.73767e-09
2.1202e-08
5.34129e-06
-5.34129e-06
5.33821e-06
-5.33495e-06
1.20527e-08
-5.34894e-06
5.36947e-06
-2.05364e-08
-4.23491e-06
-5.32746e-06
5.36145e-06
-3.39914e-08
5.32671e-06
3.67609e-09
-5.33038e-06
5.32881e-06
-5.35319e-06
1.58046e-09
5.32531e-06
1.39224e-09
5.33518e-06
-3.357e-09
-9.99375e-09
5.32553e-06
5.33324e-06
-5.33044e-06
-3.06693e-09
5.33654e-06
-5.33654e-06
-5.35798e-06
5.38812e-06
5.36572e-06
1.97607e-08
-5.3735e-06
5.32585e-06
4.03642e-06
-4.03184e-06
5.34345e-06
-5.34044e-06
5.37289e-06
5.37577e-06
-5.29932e-09
-5.37047e-06
4.0547e-06
-1.14989e-08
5.3382e-06
-5.34314e-06
4.94204e-09
1.79478e-09
5.32352e-06
4.06081e-06
-1.61206e-06
-1.90745e-06
-5.66247e-08
1.60817e-08
5.32953e-06
-5.36403e-06
5.34221e-06
-5.36033e-06
5.41222e-06
-5.1894e-08
5.33763e-06
6.74691e-07
-5.56404e-06
-1.29992e-09
5.31953e-06
-1.06087e-08
5.29768e-06
-5.28707e-06
-5.33136e-06
-1.419e-07
-2.44129e-06
2.58319e-06
3.34945e-06
-3.89376e-06
5.32133e-06
5.31267e-06
8.6551e-09
4.08001e-06
5.33334e-06
-5.33533e-06
5.2855e-06
-5.28211e-06
3.1199e-10
-6.11942e-09
-5.30543e-06
5.31155e-06
5.3111e-06
1.57614e-09
7.32493e-07
6.49287e-07
8.17331e-07
1.33682e-06
7.38904e-07
7.35243e-07
7.41841e-07
7.36617e-07
1.48314e-07
6.71844e-07
7.59132e-07
8.13007e-07
-5.35874e-06
7.45488e-07
7.25737e-07
7.2786e-07
7.29308e-07
7.37224e-07
7.3448e-07
-5.33563e-06
-1.8637e-08
7.37513e-07
7.4521e-07
5.30403e-06
7.06341e-09
8.63598e-07
-5.30705e-06
5.37286e-06
-6.5808e-08
7.13883e-07
8.18839e-09
-5.35551e-06
7.18872e-07
-5.33213e-06
7.66123e-10
5.3171e-06
6.42285e-09
-5.27227e-06
5.29788e-06
5.29791e-06
5.33387e-06
-5.33387e-06
-5.47036e-06
4.87159e-06
9.39866e-07
-5.31212e-06
5.42365e-06
-1.11534e-07
7.54761e-07
7.39464e-07
7.35731e-07
7.46067e-07
7.10483e-07
-5.33619e-06
5.31867e-06
4.20358e-06
-3.5016e-06
-6.07397e-08
5.28731e-06
-5.35327e-06
-7.90183e-09
-1.26862e-06
1.32374e-08
5.34281e-06
-5.17715e-09
5.23275e-06
-1.49988e-08
-5.21775e-06
7.32048e-07
-5.31237e-06
7.1154e-07
-5.35194e-06
-7.4738e-09
-4.11082e-09
-5.34484e-06
4.40924e-09
-5.14646e-06
-1.7683e-08
5.16414e-06
5.33436e-06
-5.30854e-06
-2.98925e-08
-5.33531e-06
-2.93997e-08
-5.24941e-06
5.27881e-06
-5.32715e-06
1.47807e-08
5.27269e-06
1.46169e-08
-5.35634e-06
-5.35495e-06
3.21911e-09
-4.88227e-06
1.19919e-06
5.25985e-06
1.28427e-08
5.36775e-06
-5.37216e-06
5.23045e-06
5.25937e-06
3.8314e-08
-9.08336e-07
8.3369e-07
-5.22152e-06
5.5114e-06
-2.89873e-07
5.33462e-06
8.62931e-08
5.27875e-06
5.33579e-06
-5.33249e-06
-5.33666e-06
-4.87265e-06
2.08981e-07
5.21545e-06
5.4571e-06
-1.78354e-07
-5.33643e-06
-5.33766e-06
5.33115e-06
-5.34196e-06
5.28311e-06
2.84441e-08
-5.27221e-06
5.44565e-08
-8.95758e-08
-5.09675e-06
5.18633e-06
3.83168e-06
-5.31433e-06
5.31433e-06
-5.36544e-06
4.07007e-06
4.0082e-06
-4.03933e-06
7.21829e-07
-4.17887e-06
4.17591e-06
-4.17591e-06
-4.07849e-07
-4.87837e-06
5.28622e-06
-2.35582e-07
5.29773e-06
6.029e-07
-4.86544e-07
1.15018e-07
3.93981e-07
-6.14134e-07
2.62807e-07
3.07922e-07
-9.14896e-07
3.00738e-07
-1.13328e-06
1.23781e-07
2.86988e-07
-7.66862e-07
4.39825e-07
-7.53371e-07
3.86724e-07
-2.03244e-08
-4.87344e-06
9.31829e-08
-6.49991e-08
5.16268e-06
5.27656e-08
2.43933e-08
5.34102e-06
-6.40233e-09
2.77298e-08
3.28749e-08
3.44134e-08
-5.34192e-06
-3.43342e-11
4.83155e-08
3.30499e-08
5.33482e-06
-5.33082e-06
5.33082e-06
-9.0121e-07
2.577e-08
-5.31544e-06
-4.027e-06
-4.89297e-06
-5.35255e-06
2.89437e-08
5.31267e-06
-5.31017e-06
3.68894e-06
-3.68894e-06
-1.44733e-08
-5.34795e-06
5.35336e-06
-5.41004e-09
5.145e-06
5.32897e-06
5.19064e-06
8.81668e-08
5.0378e-06
1.26342e-07
-5.12505e-06
3.12941e-08
-5.03564e-06
1.42668e-07
5.33059e-06
5.11503e-06
-5.33521e-06
3.85833e-06
-1.04897e-06
5.05542e-06
1.97808e-08
-4.72341e-06
6.80386e-07
5.33734e-06
-5.33611e-06
3.89431e-09
5.33751e-06
-8.54143e-09
4.49007e-07
-5.32738e-06
-6.31551e-07
5.24341e-06
4.51482e-06
-5.5018e-06
1.46659e-07
-4.448e-06
-5.37081e-06
1.56002e-07
5.33351e-06
-5.37106e-06
5.36113e-06
2.81795e-07
-5.64293e-06
-5.05758e-06
1.84147e-07
4.73218e-06
-5.09078e-06
3.58605e-07
5.29237e-06
-5.29237e-06
-4.36422e-06
1.54417e-08
-5.33028e-06
-4.94091e-06
-4.42684e-06
5.33391e-06
5.33453e-06
-5.33453e-06
1.7142e-08
4.94116e-06
4.94811e-06
2.38214e-07
5.14321e-07
2.90391e-07
-1.17872e-06
5.30155e-06
1.86045e-08
-5.32015e-06
4.02942e-06
-4.03258e-06
5.30861e-06
4.13858e-06
5.36374e-06
-5.35742e-06
3.86552e-06
-3.86552e-06
-5.34799e-06
5.33979e-06
-5.33662e-06
1.75143e-08
-5.21357e-06
2.7266e-07
-4.63054e-06
5.19725e-06
-3.90147e-06
3.90147e-06
-3.17635e-06
3.17635e-06
4.08856e-06
-4.02551e-06
-3.36996e-06
3.36996e-06
4.33856e-06
-4.33856e-06
-3.6632e-06
-3.94413e-06
3.94413e-06
4.23355e-06
-3.85497e-06
3.85497e-06
-3.77509e-06
3.77509e-06
-3.73126e-06
3.73126e-06
4.43775e-06
-4.43775e-06
3.51385e-06
4.15014e-06
-4.15014e-06
4.15432e-06
4.30791e-06
-4.30791e-06
4.2162e-06
4.1489e-06
-3.81667e-06
3.81667e-06
-4.43593e-06
-3.97424e-06
-3.78257e-06
4.3335e-06
-4.3335e-06
3.87462e-06
-3.87462e-06
4.24798e-06
4.13306e-06
4.1828e-06
4.28356e-06
5.33067e-06
-5.3276e-06
4.18728e-06
-3.44547e-06
5.3418e-06
-7.88473e-09
-5.46006e-06
1.13181e-07
5.34688e-06
5.33049e-06
5.34703e-06
-4.65778e-09
5.05472e-06
-5.34459e-06
5.34944e-06
-4.20188e-06
-5.35337e-06
-5.35984e-06
5.32548e-06
-5.32548e-06
7.00684e-07
5.27968e-06
-5.27474e-06
-1.38382e-08
-3.96206e-06
3.97589e-06
5.33093e-06
5.2808e-06
-5.2808e-06
5.35339e-06
-5.35543e-06
-5.34065e-06
-5.32696e-06
5.29633e-06
-5.34756e-06
5.64181e-09
-3.92508e-06
3.56672e-06
5.33199e-06
-5.33199e-06
-4.22955e-06
7.40339e-07
-4.34499e-06
-4.23519e-06
7.33114e-07
-4.25532e-06
7.45912e-07
-4.21432e-06
7.29043e-07
-4.315e-06
7.51682e-07
5.34017e-06
-9.67522e-09
-5.34517e-06
1.8727e-06
-5.08722e-06
-4.21734e-06
7.10674e-07
-4.11269e-06
-2.36385e-08
5.31949e-06
3.50122e-06
1.08493e-06
-4.58615e-06
-3.89689e-06
3.58387e-06
1.37671e-06
-4.89486e-06
3.51815e-06
4.10212e-06
-4.26419e-06
-5.32461e-06
5.3642e-06
-3.95825e-08
5.33496e-06
-5.33194e-06
-5.36099e-06
-4.44792e-09
5.36542e-06
-5.38141e-06
4.91927e-06
-2.53395e-06
-2.38531e-06
-3.47708e-06
4.23184e-06
-3.46718e-06
4.20291e-06
-7.59543e-07
5.33193e-06
-1.24374e-08
-4.24829e-06
-5.32761e-06
-4.01079e-06
6.85676e-07
-2.38001e-07
-3.60061e-06
-5.37347e-06
5.32478e-06
-9.62635e-07
-5.33452e-06
9.99568e-07
5.34234e-06
-1.75623e-08
-3.49979e-06
3.77097e-06
5.32923e-06
-5.32923e-06
-4.18347e-06
-6.61988e-07
-3.19904e-06
-1.80879e-09
5.36294e-06
5.3218e-06
5.3344e-06
-5.34816e-06
-5.16793e-06
-1.76667e-07
-9.36358e-08
-4.17718e-06
4.17372e-06
-3.49706e-06
3.84156e-06
-3.02422e-06
-3.60608e-06
-3.21844e-06
3.96029e-06
-3.49858e-06
-4.83926e-06
2.88753e-06
1.95173e-06
-3.58348e-06
-3.2371e-06
4.05011e-06
-3.48858e-06
4.10159e-06
-3.37228e-06
4.22269e-06
-3.47748e-06
-3.4514e-06
-1.40307e-08
-5.31451e-06
5.32854e-06
4.00036e-06
-4.02809e-06
-3.28312e-06
4.00199e-06
4.64117e-06
-3.36604e-06
4.1055e-06
5.3115e-06
-5.17827e-06
5.33257e-06
-5.32977e-06
-5.34628e-06
-9.90818e-09
-3.50686e-06
4.06172e-06
9.78344e-07
3.48914e-06
5.92663e-07
-4.08181e-06
3.54047e-06
4.18067e-07
-3.95853e-06
3.51164e-06
3.07821e-07
-3.81946e-06
3.50795e-06
1.2879e-06
-4.79585e-06
3.51467e-06
6.8231e-07
-4.19698e-06
5.32703e-06
5.08083e-06
2.15383e-08
3.83562e-06
-4.07362e-06
-9.12792e-07
5.33912e-06
-5.29058e-06
-4.85417e-08
-7.25864e-07
4.82799e-06
5.32088e-06
-5.32088e-06
-5.35107e-06
-3.38885e-06
3.50386e-06
4.35451e-06
-4.0917e-06
-4.13017e-06
-4.33232e-06
4.20893e-06
4.22358e-06
2.05133e-08
-5.36134e-06
5.30911e-06
-5.31243e-06
3.32382e-09
-4.22558e-06
-3.75854e-11
-5.35333e-06
5.27331e-06
4.04089e-06
-4.01316e-06
-5.11467e-06
4.05436e-06
-4.01995e-06
3.51566e-06
5.26823e-06
-5.34136e-06
5.35357e-06
-5.35035e-06
-5.30836e-06
5.33043e-06
4.05586e-06
-4.02692e-06
5.33e-06
-5.32982e-06
5.32982e-06
-5.23431e-06
-1.11971e-07
6.59481e-07
-4.21729e-06
5.32625e-06
-5.34584e-06
-5.26389e-06
4.24475e-06
4.21819e-06
4.29215e-06
5.36263e-06
-5.36663e-06
5.71225e-07
4.12948e-06
-3.17594e-06
4.26087e-06
-2.98195e-06
4.35866e-06
4.22535e-06
4.25911e-06
-3.51319e-06
5.32525e-06
3.58152e-06
4.14326e-07
-3.99585e-06
4.05893e-06
-4.04349e-06
5.33042e-06
-5.32739e-06
1.05485e-08
3.88728e-09
-5.42114e-06
5.06501e-06
5.3326e-06
-5.891e-09
-2.63162e-06
5.40622e-06
5.33116e-06
-5.35607e-06
-3.76794e-09
-3.29825e-06
-3.80717e-06
2.7918e-07
-3.89393e-06
-3.58188e-06
-5.31462e-06
5.32733e-06
-5.32733e-06
5.32476e-06
5.32409e-06
-5.32409e-06
-7.67669e-07
4.35154e-06
-7.51008e-07
4.26916e-06
-4.1458e-06
8.20368e-07
5.36052e-06
-1.36392e-08
-5.17154e-06
-2.49603e-07
-5.1776e-06
-1.87636e-08
-5.27776e-06
5.33034e-06
5.34601e-06
1.81853e-08
-5.28957e-06
5.32826e-06
-5.32535e-06
3.42752e-06
-3.22252e-08
-3.5166e-06
8.93067e-07
-3.76914e-06
5.32179e-06
-5.34606e-06
5.22904e-06
-3.49948e-06
4.21102e-06
-4.04793e-06
3.90128e-06
4.05736e-06
-4.06726e-06
1.54565e-06
-1.54565e-06
-3.99974e-06
4.74522e-06
4.19286e-07
-3.21256e-06
3.94978e-06
-3.35684e-06
4.09435e-06
-3.48928e-06
4.13856e-06
-3.36109e-06
4.08895e-06
-3.38283e-06
4.11731e-06
3.92217e-06
-3.20829e-06
-7.25303e-08
4.20605e-06
-3.474e-06
-5.30596e-06
-8.65247e-09
5.31215e-06
-2.65322e-09
-5.3499e-06
5.32907e-06
5.32734e-06
-5.33394e-06
2.53506e-06
-2.53506e-06
3.9431e-06
-4.02601e-06
-5.23511e-06
-3.73967e-09
-5.35169e-06
-5.37825e-06
5.32118e-06
-5.31711e-06
5.32794e-06
-2.89695e-06
3.8311e-07
-3.8311e-07
-5.3319e-06
2.62549e-09
-4.60035e-06
5.31827e-06
5.35409e-06
-5.35413e-06
4.07927e-06
-4.05488e-06
-5.32487e-07
4.10177e-06
-3.56928e-06
-5.2607e-06
-8.53626e-08
5.26933e-06
-5.31787e-06
-6.53705e-07
4.07473e-06
-3.42102e-06
-5.30527e-06
5.32079e-06
1.12982e-08
5.33032e-06
4.09917e-06
-3.46229e-06
-6.36883e-07
-1.04419e-06
-5.34434e-06
5.34434e-06
2.32107e-07
8.46072e-07
5.31788e-06
-5.34482e-06
5.30764e-06
-5.32663e-06
5.33207e-06
-5.75632e-07
4.82254e-09
-5.35546e-06
8.92947e-07
9.27902e-07
1.52678e-06
4.51204e-07
3.5228e-07
6.41507e-07
8.39859e-07
7.40496e-07
6.00371e-07
7.45026e-07
1.65667e-06
4.70766e-07
7.93707e-07
-2.01803e-08
5.37539e-06
6.99192e-07
1.60684e-06
-8.49909e-08
-3.36825e-06
-3.48144e-06
-3.48777e-06
-4.15434e-06
-3.49779e-06
-5.35599e-06
6.04856e-09
-5.2913e-06
2.60234e-06
-5.31053e-06
5.25649e-09
-3.23853e-06
-4.80202e-07
-3.51565e-06
5.34494e-06
-5.35188e-06
4.32635e-06
-5.32568e-07
-5.3351e-06
-3.47575e-07
4.34153e-06
2.85411e-06
-3.5161e-06
-1.79652e-08
-3.87208e-06
5.96181e-07
3.56612e-06
-5.32557e-06
3.99681e-06
-3.31113e-06
2.48649e-06
2.43278e-06
-4.48248e-07
4.26625e-06
-3.818e-06
-5.31402e-06
3.94818e-06
-3.81462e-07
5.33708e-06
-5.33708e-06
5.36241e-06
-5.36422e-06
-2.93691e-06
3.78987e-06
1.24735e-07
-4.12752e-06
4.00278e-06
-6.11643e-07
3.92881e-06
-3.31717e-06
-2.12305e-07
4.07393e-06
-3.53305e-06
-5.36461e-06
-6.91361e-08
-5.31031e-06
-5.30769e-06
-6.33142e-09
-5.31208e-06
5.27808e-06
5.36572e-06
5.34367e-06
-5.34759e-06
2.56792e-06
9.24962e-07
5.33755e-06
-1.49212e-07
-3.29028e-07
-2.74254e-06
-7.99439e-07
4.00746e-06
-5.28704e-06
-2.50361e-08
7.63599e-07
-5.30644e-06
5.33236e-06
-5.33236e-06
-3.78207e-06
-5.33257e-06
2.2401e-08
-1.37001e-06
-9.7077e-07
3.68072e-06
2.06601e-07
-3.88732e-06
1.55753e-09
-4.10162e-06
3.84167e-06
-4.74857e-08
5.29765e-06
-1.25537e-07
-5.17211e-06
-5.30298e-06
-5.30914e-06
2.69307e-09
-4.05349e-07
5.33873e-06
-5.34636e-06
-3.74802e-06
-3.25606e-07
5.68721e-07
-3.03248e-06
-8.61284e-07
4.8238e-07
-4.05166e-06
-3.3907e-07
5.07791e-07
-3.37409e-06
-5.31308e-06
-4.12948e-06
5.31215e-06
5.33005e-06
-5.33005e-06
-5.30438e-06
5.29132e-06
-5.29806e-06
-6.08491e-07
-8.01921e-07
5.31711e-06
-1.16647e-08
6.30214e-07
-5.23057e-06
3.84045e-06
-4.56373e-06
-5.30264e-06
-1.04435e-08
-5.31995e-06
3.90056e-06
-5.29379e-06
-4.27293e-09
3.94064e-06
4.1631e-06
5.30213e-06
-3.63238e-06
-3.0441e-08
-5.29398e-06
-4.03576e-06
-5.355e-06
5.41192e-06
-5.69201e-08
3.34615e-06
6.14135e-07
-4.08139e-06
-5.30193e-06
-4.43879e-06
5.32817e-06
5.28134e-06
1.10275e-08
-3.84045e-06
-3.35461e-07
-5.32669e-06
2.86171e-09
5.26521e-08
5.245e-06
-3.83192e-06
-5.29455e-06
5.64851e-10
-5.27128e-06
-3.065e-08
5.32699e-06
-5.32699e-06
-4.10731e-06
-5.29771e-06
-5.29044e-06
4.73919e-09
3.37051e-06
-4.2318e-06
3.49221e-06
5.27618e-06
4.62052e-09
-2.97069e-06
5.30513e-06
-5.30061e-06
-5.31263e-06
-5.29367e-06
3.23437e-09
-4.23827e-06
-5.28908e-06
2.60903e-06
2.20905e-06
-4.02575e-06
3.99288e-06
3.48321e-06
-3.54234e-06
5.32225e-06
5.3493e-06
6.15642e-09
-5.36029e-06
-5.29334e-06
4.25289e-09
5.37539e-06
-5.2872e-06
-5.31456e-06
5.2958e-06
-4.87196e-06
2.12102e-09
5.32108e-06
-5.32108e-06
-5.29242e-06
5.22433e-09
-5.38954e-06
4.04508e-06
-5.3004e-06
-5.37971e-06
-5.30577e-06
-5.28566e-06
-3.29972e-06
-4.7885e-07
-9.67769e-10
5.31529e-06
5.43903e-07
-4.3619e-06
-4.16121e-06
3.58558e-06
-5.2915e-06
5.84389e-09
5.31482e-06
-4.14653e-06
8.29361e-07
3.85822e-06
2.68307e-07
-3.57781e-06
-5.28401e-06
-6.32894e-07
-3.46947e-06
4.02877e-06
-5.31529e-06
-5.31814e-06
-5.2899e-06
5.88527e-09
-5.85287e-07
4.42696e-06
3.90903e-06
-3.61864e-06
-5.28262e-06
3.19375e-06
-3.40503e-06
-8.10916e-09
-5.29378e-06
5.33568e-06
2.83583e-07
-5.61926e-06
-4.02488e-06
-5.35387e-06
-5.28882e-06
6.19906e-09
-5.08064e-06
-7.90696e-07
-5.28107e-06
-2.76654e-07
-3.61066e-06
-1.95595e-06
-5.29222e-06
1.1148e-08
4.13127e-06
-4.05178e-06
-5.27731e-06
-5.28439e-06
-5.30293e-06
1.85471e-08
5.27618e-06
5.28134e-06
-1.00425e-08
-5.28872e-06
5.0391e-06
-5.2887e-06
4.02027e-06
2.81918e-07
3.69636e-06
-2.75311e-08
3.73578e-06
4.30333e-09
2.28541e-06
-5.29795e-06
5.29465e-06
-3.99375e-06
5.31026e-06
7.31124e-09
-4.03282e-06
-5.14204e-06
-4.58006e-06
-1.08868e-06
3.30487e-06
-3.32283e-06
-5.30665e-06
4.01432e-06
-1.04897e-08
-5.28346e-06
-5.29629e-06
5.29499e-06
-5.32923e-06
-5.29426e-06
-5.29992e-06
3.6263e-09
-5.29125e-06
-3.69477e-06
-4.06473e-07
-5.29446e-06
-5.20309e-06
-4.11786e-06
-5.28845e-06
3.96903e-06
-5.30439e-06
9.92972e-09
-5.30353e-06
4.04508e-06
2.12346e-06
-1.71404e-07
-5.24013e-06
3.33857e-06
-4.22968e-06
2.51685e-06
2.47515e-06
4.01153e-06
-5.28584e-06
3.08822e-09
-5.2385e-06
-1.33724e-06
-5.28275e-07
-7.74116e-07
-5.28762e-06
-5.2884e-06
-5.29853e-06
-5.25918e-06
1.53658e-06
-4.71252e-06
-5.28421e-06
-5.29524e-06
5.29248e-06
-5.32231e-06
-3.97835e-06
-5.27476e-06
3.90864e-06
-3.90864e-06
-5.30516e-06
9.91668e-09
-5.29845e-06
-5.27098e-06
-5.30479e-06
6.34636e-09
5.32006e-06
-9.53478e-09
3.10546e-06
-5.28264e-06
-5.27622e-06
-6.76617e-07
2.35951e-07
3.67269e-06
-2.25815e-06
-1.80249e-06
-2.13181e-06
-2.05048e-06
4.27101e-06
-5.22815e-06
-4.01873e-06
-5.28049e-06
3.99863e-06
-5.2898e-06
4.73003e-08
3.38582e-06
-5.29024e-06
5.1187e-07
-5.2791e-06
5.30007e-06
-2.06229e-06
-2.15443e-06
-1.74605e-06
-2.34571e-06
-5.31582e-06
5.26047e-06
-5.27853e-06
-2.12189e-06
-2.09502e-06
-2.27199e-06
-1.8825e-06
-2.24272e-06
-1.96241e-06
-2.13971e-06
-1.86218e-06
-2.10194e-06
-2.0892e-06
-1.61427e-06
-2.49911e-06
4.03282e-06
-5.27983e-06
-5.2766e-06
-3.81936e-06
1.30422e-07
-5.27967e-06
2.6471e-06
-9.85135e-07
-3.41974e-06
4.40488e-06
-2.8862e-06
-5.27541e-06
3.81936e-06
-1.19436e-06
-5.27877e-06
-3.95247e-06
-3.62874e-06
1.49984e-06
3.50203e-06
-5.27355e-06
-5.27895e-06
-5.28276e-06
-4.49342e-09
5.28584e-06
-5.27774e-06
-1.22183e-08
5.2884e-06
-5.3082e-06
-4.04009e-06
-5.33771e-07
-5.27563e-06
-5.2719e-06
-3.96542e-06
-5.26062e-06
-5.27623e-06
-4.2045e-06
-5.27034e-06
7.02739e-07
-5.26927e-06
-5.27476e-06
4.17773e-06
-5.26198e-06
-5.26856e-06
3.99658e-06
-5.27354e-06
-4.01778e-06
-5.25673e-06
-5.46997e-07
-5.26239e-06
-5.29553e-06
-5.25001e-06
-5.27699e-06
4.04429e-06
-5.25634e-06
3.78053e-06
1.96263e-08
3.98028e-07
3.56451e-06
3.77465e-06
-5.24931e-06
2.99915e-06
1.91516e-06
-5.29599e-06
-5.24662e-06
-6.83685e-09
-3.43556e-06
4.97213e-06
5.31486e-06
3.51783e-08
-5.23985e-06
-5.25029e-06
3.2759e-06
-3.82929e-06
-5.25014e-06
5.25376e-06
-5.24461e-06
-7.83461e-09
-5.28865e-06
3.91236e-06
-3.91236e-06
-4.38818e-06
2.16274e-06
-5.27872e-06
-5.27526e-06
2.58253e-07
-4.04522e-06
-4.17916e-06
-1.18481e-06
4.08977e-08
-5.29741e-06
-3.94706e-06
-4.22836e-06
4.22836e-06
-3.54929e-06
-4.03111e-06
-5.23176e-06
5.24168e-06
4.03111e-06
3.69722e-06
-1.33538e-08
-5.22242e-06
-2.60497e-06
-2.25929e-06
-5.21607e-06
5.22105e-06
-5.23058e-06
4.26883e-06
2.74623e-07
-3.99012e-06
-3.78053e-06
4.10467e-06
1.65356e-07
-1.21568e-07
4.04279e-06
-3.92123e-06
5.32156e-06
-4.00252e-06
4.76445e-06
-5.22815e-06
-4.15197e-06
2.99365e-06
-4.91521e-06
1.92156e-06
5.32576e-06
-5.09956e-08
-3.67269e-06
3.02728e-07
9.47385e-07
-3.86863e-06
1.68093e-07
3.90009e-06
-4.1277e-06
-3.93496e-06
-4.25638e-06
-3.95998e-06
3.08619e-06
-5.28894e-06
1.45558e-06
-4.36461e-06
-4.41169e-06
-4.03318e-06
1.44529e-08
-4.27548e-06
4.11762e-06
-3.97294e-06
3.9593e-06
-5.28257e-06
-4.05e-06
-9.91107e-07
-3.01871e-06
3.94662e-06
-1.06416e-08
5.15552e-06
-5.15552e-06
5.14034e-06
-5.14034e-06
3.96105e-06
-3.96105e-06
-4.1277e-06
-3.63622e-06
-1.03269e-06
-3.67982e-06
-3.71271e-06
4.54207e-06
-4.52344e-06
3.73275e-06
-2.85336e-06
-1.95122e-06
2.46593e-06
4.37002e-07
3.77465e-06
-4.07176e-06
-3.71844e-06
-4.15197e-06
-3.83878e-06
3.71844e-06
-9.46594e-07
-7.79529e-07
-1.69383e-06
-2.8202e-06
-1.94603e-06
-5.17334e-07
-2.7212e-06
-4.20243e-06
-4.17916e-06
2.43826e-06
2.48326e-06
2.71371e-06
-5.14613e-07
-5.21775e-08
-3.34119e-07
3.90024e-06
-3.29564e-06
2.77831e-06
8.9552e-07
-4.2045e-06
3.45882e-06
7.06571e-07
3.97082e-06
-3.33394e-06
3.68962e-06
-6.29157e-07
4.44713e-06
-3.98671e-06
3.38066e-06
-3.02895e-06
2.46989e-06
-1.35095e-06
-1.11794e-06
-1.98685e-06
-2.208e-06
-2.02538e-06
-2.03634e-06
-4.22968e-06
-3.69259e-06
4.08187e-06
-2.47562e-06
-1.60626e-06
1.12602e-07
3.51379e-06
-3.80403e-06
1.30414e-06
-3.301e-07
6.47534e-07
3.04968e-06
2.60234e-06
-3.58858e-06
2.05063e-06
-3.85312e-06
1.98882e-06
-4.0393e-06
-3.90788e-06
4.05943e-06
-1.02418e-07
6.30507e-07
-3.26652e-06
4.7221e-06
-2.04982e-06
-2.21201e-06
3.42929e-06
-4.18843e-06
4.1353e-06
2.41605e-07
3.48239e-06
-3.48239e-06
3.88692e-06
3.21737e-06
4.71396e-06
3.68553e-06
4.73294e-06
1.80927e-06
3.77493e-06
-1.21802e-06
-4.22626e-06
-4.01492e-06
2.98602e-06
-2.6955e-06
-3.19864e-06
-1.4785e-07
3.90931e-06
9.38334e-07
1.53155e-06
-3.59739e-07
-3.16432e-06
-3.99649e-06
-1.3082e-07
-3.46432e-06
3.39714e-06
-3.88791e-06
-2.55277e-06
-4.03318e-06
3.36498e-06
3.87554e-06
3.26229e-06
3.22283e-06
9.26754e-07
3.01986e-06
-6.03822e-06
2.7212e-06
-3.85416e-06
-2.00164e-06
-2.51881e-06
1.69549e-06
-1.86689e-06
8.78132e-08
-4.21853e-06
3.24668e-06
1.3685e-06
2.9e-06
-2.74861e-06
-2.09065e-06
4.1922e-06
-9.51705e-07
-4.74978e-07
3.73773e-07
3.5644e-06
-2.70191e-06
-3.42755e-06
-4.11227e-07
4.10065e-06
1.73943e-07
-1.55326e-06
1.97397e-07
-3.89914e-06
-3.17412e-07
-3.99086e-06
3.29445e-06
-2.13471e-06
-2.39492e-06
-4.26247e-06
-4.14305e-07
-3.61684e-06
-3.29391e-06
2.55277e-06
1.77239e-06
2.42495e-06
3.30537e-06
-2.99831e-06
-4.29485e-06
7.34106e-08
-1.57741e-06
-1.61424e-06
-3.05827e-06
3.91024e-06
1.4428e-06
2.94374e-06
3.69438e-06
3.81822e-07
-3.19062e-06
-3.59162e-06
3.83323e-06
-4.0292e-06
-3.45908e-06
4.3422e-06
-1.19863e-06
-3.16818e-06
-2.86009e-06
-3.49513e-06
-3.17121e-06
4.32991e-06
-3.17143e-06
3.30793e-06
6.87626e-07
3.1435e-06
-3.17754e-06
4.47779e-06
1.82716e-06
4.51477e-06
1.78819e-06
-3.18296e-06
4.47779e-06
4.51477e-06
-3.42855e-06
-3.4035e-06
-3.62816e-06
3.75858e-06
3.25972e-06
2.93778e-06
-3.02307e-07
1.99779e-06
4.41836e-06
9.49685e-07
3.3288e-06
-3.07548e-06
-3.59007e-06
3.30223e-07
3.18363e-06
2.82081e-06
-3.84283e-06
-3.35965e-07
3.71662e-06
3.30707e-06
3.59014e-06
-3.21636e-06
8.68881e-07
3.21726e-06
3.28151e-06
1.43411e-06
-2.95663e-06
3.53524e-06
-2.90621e-06
4.30344e-06
-3.43556e-06
-4.81573e-07
-3.39304e-06
2.77443e-06
-3.53835e-06
4.3813e-06
7.86091e-07
1.09194e-06
3.37151e-06
-1.88765e-07
3.12233e-06
1.00811e-06
3.12089e-06
-3.12089e-06
-3.44732e-06
3.18539e-06
-6.03046e-07
-2.71339e-06
-2.60224e-06
-2.39565e-06
2.60224e-06
-3.44839e-06
8.43592e-07
2.83466e-06
-6.37934e-09
-3.60429e-06
2.43934e-07
-3.26816e-06
3.61618e-06
-2.97862e-06
-3.40219e-06
-1.22521e-06
-2.72286e-06
5.09731e-07
-3.97921e-06
1.48771e-06
2.8202e-06
-3.26652e-06
3.43191e-06
-3.30056e-06
-4.82736e-06
2.35175e-06
2.51881e-06
3.3812e-06
1.48014e-06
2.85336e-06
3.37389e-06
3.34373e-06
-3.22513e-06
3.22513e-06
-3.45528e-06
-1.08033e-06
-3.11132e-06
5.71379e-07
2.60497e-06
2.82339e-06
9.91758e-07
3.36275e-06
-3.15347e-06
-3.46236e-06
-2.89821e-06
-1.13602e-06
-3.04116e-06
-1.30616e-07
5.1393e-07
1.3712e-07
1.61008e-07
-3.52926e-06
3.43599e-06
-3.81357e-06
-7.48129e-07
2.49485e-06
1.91003e-06
3.56225e-06
3.6429e-06
1.90262e-06
2.63945e-06
1.77064e-06
-4.09522e-09
3.25077e-06
1.92558e-06
3.10728e-06
1.10648e-06
2.86941e-06
2.47106e-07
-3.87554e-06
3.53178e-06
3.00604e-06
-3.00604e-06
2.91103e-06
-2.91103e-06
4.04019e-07
2.95143e-06
-2.95143e-06
2.99955e-06
-2.99955e-06
-3.86243e-06
-3.75691e-07
-2.94714e-06
2.90621e-06
4.12745e-06
-1.00655e-06
-5.02122e-07
-8.04577e-07
-3.459e-06
-3.20432e-06
-2.41618e-06
-2.49903e-06
9.02315e-07
-3.58166e-06
-3.44902e-06
-1.10401e-06
-3.19997e-06
-3.30162e-06
-6.12655e-07
2.79932e-06
-3.27814e-06
3.2487e-06
2.86915e-06
2.10298e-06
2.02804e-06
-3.08876e-06
-3.06966e-06
3.68379e-06
2.10462e-06
-3.6041e-06
2.13199e-06
3.42262e-06
-1.20493e-06
-1.25682e-06
-3.29091e-06
3.28366e-06
-3.28583e-06
3.62158e-06
-3.55799e-06
3.36411e-06
3.519e-06
-3.39796e-06
-1.2665e-06
-1.22689e-06
-1.25474e-06
-3.02219e-06
3.14305e-06
4.1444e-06
3.22838e-06
2.98602e-06
-3.14741e-06
3.6412e-06
2.8533e-06
-3.12413e-06
-1.66778e-07
-1.24527e-06
-3.7589e-07
2.53409e-06
2.20214e-06
3.39714e-06
3.39453e-06
-6.07045e-08
-3.75877e-06
-3.21373e-06
-2.35291e-07
3.78938e-06
-1.1636e-06
3.10963e-06
-1.16325e-06
-3.45123e-06
3.02333e-06
3.4664e-07
2.27616e-06
3.12715e-06
-3.06705e-06
-1.17592e-06
3.51403e-06
-2.85645e-07
1.7733e-06
2.53066e-06
4.01165e-06
-3.15357e-06
3.13493e-06
3.36635e-06
-1.10706e-06
1.15434e-06
3.18989e-06
-2.78326e-07
-2.59745e-06
2.91332e-06
-3.55864e-06
-1.07684e-06
2.95663e-06
2.91822e-06
2.72286e-06
1.99923e-06
3.32898e-06
-2.39192e-06
3.39304e-06
9.8442e-07
-6.08016e-08
-3.1226e-06
-3.22744e-06
7.3258e-07
1.12275e-06
-3.32237e-06
-3.27969e-06
2.77016e-06
-3.24153e-06
3.53812e-06
-3.28236e-07
-2.59931e-06
2.92755e-06
-2.13459e-06
2.2371e-06
1.9073e-06
-3.41701e-06
-3.63405e-06
4.49348e-07
-3.02542e-06
-2.86915e-06
-4.49655e-07
3.89676e-06
-3.57708e-07
3.27593e-06
1.23173e-06
4.84591e-07
1.09999e-06
2.47114e-06
-2.79938e-06
3.41685e-06
3.04334e-06
1.28241e-07
-3.28719e-06
3.15895e-06
-1.18395e-07
2.58436e-07
-7.8463e-07
2.99749e-06
-2.86925e-06
-1.68059e-06
7.05759e-07
-4.03593e-06
7.49112e-07
-2.81361e-06
-1.07338e-07
1.18539e-06
6.39335e-07
1.96855e-06
-2.68479e-06
-3.20154e-06
1.06416e-06
-3.40221e-06
4.38759e-07
2.95006e-06
3.25143e-06
2.09363e-06
-2.88289e-06
7.26394e-07
-6.4075e-07
-6.62545e-07
-3.04891e-06
-1.99618e-06
-2.24064e-06
-4.35091e-07
5.38968e-06
-1.9355e-06
5.4072e-06
-3.14724e-06
2.89372e-06
1.01672e-07
-3.24107e-06
-3.26062e-06
-8.22673e-07
2.44361e-06
-2.63632e-06
2.98422e-06
5.54418e-07
-1.83724e-07
3.38305e-06
2.76701e-06
3.26324e-06
3.4745e-06
-1.13677e-06
-2.80309e-06
-2.98969e-06
-2.73125e-06
-8.61029e-07
3.25475e-06
3.46883e-06
3.38144e-07
9.54806e-07
2.10616e-06
-3.28837e-06
3.16634e-06
3.37986e-06
-1.38702e-07
)
;

boundaryField
{
    front
    {
        type            empty;
    }
    back
    {
        type            empty;
    }
    wall
    {
        type            calculated;
        value           uniform 0;
    }
    inlet
    {
        type            calculated;
        value           nonuniform List<scalar> 
12
(
-6.11847e-06
-6.12601e-06
-6.13072e-06
-6.07348e-06
-6.28267e-06
-6.15029e-06
-6.26748e-06
-6.30495e-06
-6.30296e-06
-6.35522e-06
-6.34875e-06
-6.35438e-06
)
;
    }
    outletLeft
    {
        type            calculated;
        value           nonuniform List<scalar> 9(4.18229e-06 4.21672e-06 4.21691e-06 4.20514e-06 4.19115e-06 4.19485e-06 4.20082e-06 4.25637e-06 4.27254e-06);
    }
    aneurysm
    {
        type            calculated;
        value           uniform 0;
    }
    outletRight
    {
        type            calculated;
        value           nonuniform List<scalar> 9(4.06064e-06 4.09176e-06 4.15449e-06 4.00189e-06 4.11337e-06 4.06173e-06 4.10044e-06 4.15636e-06 4.13792e-06);
    }
}


// ************************************************************************* //
