/*--------------------------------*- C++ -*----------------------------------*\
  =========                 |
  \\      /  F ield         | OpenFOAM: The Open Source CFD Toolbox
   \\    /   O peration     | Website:  https://openfoam.org
    \\  /    A nd           | Version:  12
     \\/     M anipulation  |
\*---------------------------------------------------------------------------*/
FoamFile
{
    format      ascii;
    class       surfaceScalarField;
    location    "0.15";
    object      phi;
}
// * * * * * * * * * * * * * * * * * * * * * * * * * * * * * * * * * * * * * //

dimensions      [0 3 -1 0 0 0 0];

internalField   nonuniform List<scalar> 
6438
(
-2.44811e-08
3.0436e-06
-3.01912e-06
-2.67425e-08
3.5357e-06
-3.50896e-06
-3.3157e-06
-5.61086e-07
3.87679e-06
3.14617e-06
-3.45225e-06
3.06083e-07
4.83556e-06
-3.7771e-06
-1.05847e-06
1.0992e-06
3.73636e-06
-3.76701e-06
4.51306e-07
-3.26754e-06
3.2408e-06
3.52892e-06
-4.21385e-06
6.84928e-07
3.282e-06
-3.84775e-06
5.65746e-07
-3.17415e-06
3.85867e-06
-6.84516e-07
7.62167e-07
-3.4798e-06
2.71763e-06
-3.92784e-06
7.53683e-07
3.01625e-06
1.38504e-06
-4.40129e-06
2.83308e-06
-2.85756e-06
-1.60106e-07
3.32053e-06
-3.16043e-06
-4.18347e-06
4.05659e-06
1.26884e-07
-3.1677e-06
3.84543e-06
-6.77734e-07
-3.92471e-06
7.57009e-07
1.24609e-06
2.63545e-06
-3.88153e-06
-9.08151e-07
-5.94159e-07
1.50231e-06
-1.93663e-07
3.4782e-06
-3.28454e-06
-3.22508e-06
-5.22489e-07
3.74757e-06
-3.94714e-06
1.73221e-06
2.21493e-06
-3.4269e-06
3.23323e-06
-3.04341e-06
3.69958e-06
-6.56167e-07
-3.71892e-06
4.93831e-07
3.52645e-06
-2.76428e-06
-3.2029e-06
-5.985e-07
3.8014e-06
-3.87288e-06
8.29466e-07
2.96943e-06
-3.72878e-06
7.59351e-07
1.67026e-08
-3.63196e-06
3.61525e-06
3.554e-06
-3.57399e-06
1.99887e-08
-3.521e-06
5.92637e-07
2.92837e-06
-4.75603e-06
7.69087e-07
3.98694e-06
3.34383e-06
-3.32712e-06
3.37332e-06
-2.27154e-07
2.18888e-06
3.06503e-06
-5.2539e-06
-1.08067e-06
4.09692e-06
-3.14046e-06
3.44978e-06
-3.09324e-07
-3.63878e-06
3.60512e-06
3.36605e-08
-1.51265e-06
2.75873e-06
3.25362e-06
2.83779e-08
-3.91085e-06
3.83148e-06
7.93737e-08
3.50548e-06
-5.36054e-07
-2.62925e-06
2.46914e-06
-4.5453e-06
7.68207e-07
3.45483e-06
3.32956e-07
-3.78778e-06
-2.68615e-06
-8.34849e-07
-4.92311e-07
-3.23234e-06
3.66747e-06
-4.35129e-07
-2.41003e-06
3.4766e-06
-1.06658e-06
3.48837e-06
-3.48837e-06
1.09545e-06
2.64559e-06
3.48133e-07
-2.99372e-06
1.55276e-06
7.53512e-07
-2.30627e-06
2.95491e-06
6.18679e-07
-3.57359e-06
2.85231e-06
-1.1201e-06
-1.65406e-06
-2.89124e-06
-3.43771e-08
3.07518e-06
-3.04081e-06
-3.79334e-06
3.79334e-06
-3.92861e-06
3.96817e-06
-3.95648e-08
1.58026e-07
2.92244e-06
-3.08047e-06
1.10291e-08
-3.57997e-06
3.56894e-06
3.32186e-06
-3.31084e-06
-3.62197e-06
4.1907e-07
-3.63161e-06
-2.79248e-07
-3.12339e-06
3.4318e-06
-3.08411e-07
3.45322e-07
2.99023e-06
-3.33555e-06
-3.67217e-06
3.53184e-06
1.40336e-07
3.58006e-06
-3.58006e-06
3.32816e-06
2.00765e-07
-2.18627e-06
-1.66147e-06
3.11738e-06
6.57396e-07
-3.77478e-06
-3.05893e-06
-5.7985e-07
2.7168e-06
2.10026e-06
-4.81706e-06
-4.20881e-06
2.69616e-06
-2.68793e-06
-1.52088e-06
3.70442e-06
-5.87037e-07
2.20886e-06
-6.56098e-07
3.00197e-06
3.41725e-07
-3.3437e-06
-3.70105e-06
-2.27563e-07
-5.24883e-07
-9.0052e-07
-2.89282e-06
4.01166e-06
-4.01166e-06
-2.65359e-06
-1.01858e-06
-2.40726e-07
-4.5153e-06
-3.46136e-06
3.44759e-06
1.37721e-08
1.24609e-07
-3.50703e-06
3.38242e-06
-3.85659e-07
3.38763e-06
3.46558e-06
8.84179e-08
-3.61999e-06
-5.63483e-07
-3.65442e-06
3.74687e-06
-9.2457e-08
3.8178e-06
-2.13634e-06
-1.68146e-06
3.42339e-06
-3.29878e-06
7.0476e-08
3.84157e-06
-1.95505e-06
-1.88651e-06
2.18453e-06
1.63327e-06
3.52363e-06
-3.52363e-06
-2.70299e-06
3.87688e-06
-1.17389e-06
-3.39617e-06
1.63831e-07
-4.64932e-07
-2.75013e-06
3.21506e-06
-3.18358e-06
1.24657e-07
-3.41081e-06
7.07825e-07
2.94217e-06
6.46974e-07
-3.58914e-06
-2.08301e-07
3.15047e-06
-3.07344e-06
3.55079e-06
-4.77345e-07
-3.26494e-06
1.24483e-07
2.25584e-06
1.58572e-06
3.40253e-06
-6.84898e-07
1.46312e-07
3.34206e-06
-2.9362e-06
-2.47379e-07
3.06914e-06
6.53373e-07
-3.72251e-06
-1.69731e-06
-1.46398e-06
3.16129e-06
2.23467e-06
-2.83406e-07
-1.95127e-06
-3.63196e-06
7.37785e-07
3.63868e-06
-4.37647e-06
-1.68777e-06
7.79617e-07
3.63145e-06
6.8127e-08
3.94027e-06
-2.03838e-06
-1.90189e-06
1.31937e-06
2.6209e-06
3.67368e-06
-6.04537e-07
4.48417e-06
-2.2953e-06
-3.32261e-06
1.02924e-08
3.31231e-06
-4.75241e-06
4.83772e-07
4.26864e-06
-5.48177e-08
-3.29959e-06
3.35441e-06
3.62852e-06
2.02959e-07
-2.79957e-06
2.76519e-06
-3.33977e-06
3.40672e-06
-6.69489e-08
3.38191e-06
-3.43672e-06
3.49024e-06
-3.49024e-06
3.43592e-06
9.97783e-08
3.44257e-06
-7.96988e-07
3.39569e-06
-3.23767e-06
-2.99173e-06
2.5268e-06
3.09879e-08
3.29731e-06
-3.3283e-06
3.88171e-06
-2.7194e-06
-1.16231e-06
-3.57997e-06
-5.18906e-08
4.0388e-08
-3.30793e-06
-3.31423e-06
1.9084e-07
3.78999e-08
3.30593e-06
3.19936e-06
-2.85403e-06
-3.29935e-06
2.25913e-07
3.34689e-06
-9.32622e-08
-1.19734e-07
2.9131e-06
-2.79337e-06
2.29405e-06
1.58766e-06
-3.43018e-06
7.37481e-07
2.6927e-06
3.49757e-06
-2.09696e-08
-4.62513e-06
4.19553e-07
4.20557e-06
-4.70245e-08
-3.28227e-06
3.3293e-06
2.18156e-06
5.31105e-08
2.09168e-07
3.2884e-06
3.25386e-06
2.72589e-07
3.36234e-06
-3.40936e-06
-3.50378e-06
-1.16204e-07
3.57465e-06
-3.8421e-06
2.67457e-07
-3.19507e-06
-1.27538e-07
-3.88901e-06
1.68584e-06
2.20317e-06
-1.53209e-10
3.36162e-06
1.16578e-07
-3.16476e-06
3.6805e-06
-5.15742e-07
-3.48575e-06
3.0039e-06
4.81846e-07
-4.71699e-07
1.21901e-06
-7.47314e-07
-1.09364e-06
-2.77924e-06
-3.50703e-06
-2.76819e-08
3.34955e-06
1.02845e-06
2.84842e-06
-5.634e-08
-3.41061e-06
-1.62855e-08
-7.25255e-08
-3.72784e-06
3.14955e-06
5.78293e-07
-2.18496e-07
2.78e-06
5.48156e-07
5.45038e-06
-2.38535e-06
-1.15284e-06
-2.77186e-06
3.41825e-06
4.73365e-08
-2.93353e-06
1.23622e-06
-1.31854e-06
-2.07974e-06
3.39828e-06
-1.17663e-06
-2.7512e-06
-1.91248e-06
4.62928e-06
-3.5267e-06
1.16087e-07
-3.32897e-06
3.34163e-06
-1.26594e-08
-2.74849e-06
2.62875e-06
-4.019e-08
-3.26254e-06
3.30273e-06
-3.58791e-06
6.12168e-08
2.99128e-06
-3.55935e-06
5.68063e-07
3.33304e-06
-3.37323e-06
2.97827e-06
-1.12715e-06
-1.85112e-06
-4.50584e-06
1.59639e-06
2.90944e-06
3.05339e-06
2.93494e-07
2.52161e-06
1.53498e-06
7.36303e-07
3.27536e-06
-8.75567e-07
-3.13609e-06
-3.63236e-06
3.59953e-06
3.28284e-08
-3.62224e-06
-1.012e-08
-3.60423e-06
-1.80117e-08
1.16177e-08
9.38305e-07
-5.24561e-06
4.30731e-06
-3.89362e-06
4.6314e-06
3.07466e-06
-3.04367e-06
3.28622e-06
1.37169e-07
2.67883e-07
2.71039e-06
-3.29959e-06
-2.99154e-06
2.97786e-06
3.70415e-07
-3.34828e-06
-1.67839e-08
-7.1122e-07
5.23547e-06
-4.52425e-06
4.96587e-06
-3.58082e-06
-1.50756e-06
2.26107e-06
-9.56172e-07
-2.93283e-06
-2.6043e-06
-1.90153e-06
-3.29846e-06
-2.05328e-07
-3.32214e-06
3.32159e-06
5.59061e-10
-5.23782e-07
3.11752e-06
-2.59374e-06
-3.56832e-06
3.5934e-06
-2.50786e-08
-3.53092e-06
-3.74018e-08
-4.5362e-06
2.8376e-07
4.25244e-06
-3.16865e-06
-2.05548e-07
3.37419e-06
3.5557e-06
3.76975e-08
-6.31743e-07
-3.88466e-06
1.41759e-06
2.46707e-06
2.18569e-08
-2.05582e-06
-1.82884e-06
-4.85281e-08
-3.6413e-08
-3.24349e-06
3.2799e-06
-3.33482e-06
1.66172e-07
3.01392e-06
4.04325e-07
3.47338e-06
-3.32707e-06
3.30102e-06
-3.33744e-06
3.28756e-06
9.43464e-08
1.61692e-06
3.34894e-06
3.42479e-06
-6.44789e-07
-2.69605e-07
-4.48281e-06
-1.95215e-07
2.70939e-06
-2.51418e-06
-3.51404e-06
-1.68754e-08
-3.51348e-06
-5.63529e-10
3.54125e-06
-3.51586e-06
-2.5389e-08
3.50325e-06
3.80009e-08
-3.28227e-06
8.11214e-07
-1.11373e-06
3.02516e-07
-3.96851e-06
2.32388e-06
1.64462e-06
1.77482e-06
-3.55928e-06
1.78446e-06
-3.10729e-06
-2.88879e-07
-3.311e-06
3.29455e-06
1.64482e-08
-3.44342e-06
3.32125e-06
1.22171e-07
-2.75089e-07
3.52395e-06
-3.24886e-06
-3.4187e-06
8.38855e-08
-3.79632e-06
4.73463e-06
-3.50928e-07
-3.07925e-06
-3.56913e-06
3.29405e-06
-2.79621e-06
-2.56873e-07
3.05308e-06
-2.61746e-06
3.48087e-06
2.23791e-08
-2.38149e-06
-6.37955e-07
7.07259e-07
-6.93038e-08
-3.26077e-08
1.28275e-07
-4.52916e-06
4.40088e-06
-2.53681e-06
-1.2302e-06
-3.52881e-06
3.4575e-06
7.13132e-08
-3.47483e-06
-5.39751e-08
-1.2486e-06
7.76897e-07
3.28147e-06
8.08677e-08
3.50211e-06
-5.79673e-07
3.47202e-06
-3.46841e-06
-3.60375e-09
-9.22609e-09
-3.21843e-06
3.22765e-06
3.63582e-06
-2.60737e-06
-4.38448e-08
3.60036e-06
2.03556e-06
-5.63592e-06
3.5671e-06
-3.5671e-06
5.53637e-07
3.2397e-06
-1.25907e-06
-2.22931e-06
-2.84467e-06
3.42925e-06
-5.84579e-07
-3.77424e-07
-3.06599e-06
3.28446e-06
-3.29368e-06
-3.14548e-06
5.24714e-08
3.09301e-06
6.03624e-07
-3.1883e-06
2.58467e-06
-3.30131e-06
3.26679e-06
3.45234e-08
2.10974e-06
1.52608e-06
-1.03194e-07
-5.34761e-07
-1.98571e-06
-1.9828e-06
-7.62606e-07
-3.52527e-06
3.60511e-07
-3.26254e-06
2.95663e-06
6.18012e-07
-2.7429e-06
-3.08321e-06
2.86997e-07
-3.14574e-06
1.8272e-06
3.56933e-06
-2.90149e-06
-6.67832e-07
6.09191e-07
2.86419e-06
-2.52305e-06
-1.19587e-06
-3.49082e-06
3.49082e-06
3.49337e-06
-3.35984e-06
-1.33526e-07
2.00764e-07
-3.30806e-06
-2.79514e-06
3.16038e-06
-3.65242e-07
-1.10642e-06
5.12259e-07
3.25376e-06
-3.26971e-06
1.59416e-08
3.42075e-06
3.67496e-08
3.45453e-06
3.88363e-08
5.21728e-06
-3.32916e-06
-8.95464e-08
-2.9215e-06
2.39772e-06
3.27662e-06
5.64215e-08
3.44461e-06
-3.42571e-06
-1.89053e-08
-3.02221e-08
-4.76672e-08
3.60379e-07
-2.95421e-06
2.59383e-06
-1.02911e-07
-4.52222e-06
1.08171e-06
2.41657e-07
-3.0368e-06
-3.29364e-06
3.24331e-06
5.03312e-08
3.28569e-06
-2.9441e-07
-1.53327e-06
-2.04071e-06
-4.60484e-06
3.4106e-07
-1.84862e-06
-5.47407e-07
1.49071e-08
3.38415e-06
-3.01374e-06
-3.24349e-06
-3.24849e-06
8.47488e-08
3.16374e-06
4.58534e-06
6.5013e-07
2.64448e-06
1.32369e-06
3.19883e-06
-1.424e-06
3.33923e-06
-1.89681e-07
7.66748e-06
-5.63192e-06
-5.24561e-06
-1.68155e-06
-1.8042e-06
-4.27489e-08
3.56177e-06
-3.33723e-06
-2.24539e-07
3.37744e-06
7.70918e-08
3.90412e-07
-3.23508e-06
-2.40066e-06
2.76104e-06
3.27239e-06
2.86279e-08
2.56779e-06
1.13663e-06
3.43367e-06
1.28101e-07
3.43123e-06
-3.38209e-06
-4.91344e-08
-1.54699e-06
-2.18179e-06
-1.5492e-07
3.15882e-06
5.87766e-08
-3.63884e-06
2.84488e-06
-2.24126e-06
-4.82647e-08
7.13838e-08
2.778e-06
-3.01417e-06
2.3617e-07
5.08029e-07
2.92122e-06
4.65405e-06
-4.52577e-06
1.61946e-06
2.04801e-06
-3.28466e-06
3.24666e-06
3.80053e-08
-7.5392e-08
-1.91114e-06
1.04857e-06
8.62571e-07
-3.45853e-08
3.56837e-06
-3.56837e-06
4.0382e-06
-2.34268e-06
-1.69551e-06
-2.9529e-06
-4.99352e-07
2.49273e-06
1.18095e-06
3.41484e-06
1.88266e-08
-3.21843e-06
3.19316e-06
2.04533e-08
-3.21361e-06
2.61315e-06
3.63884e-06
-3.61525e-06
9.16228e-08
4.24761e-06
-3.76384e-06
3.28786e-06
-3.49898e-06
3.26706e-06
-7.38978e-08
2.94902e-06
-3.19186e-06
3.17525e-06
1.66032e-08
1.48253e-07
2.56245e-06
-2.7107e-06
-2.90278e-06
2.39873e-06
-2.17164e-07
3.03496e-06
4.14822e-07
-2.95301e-08
-2.8095e-06
-4.89859e-07
-4.20959e-06
2.66261e-06
5.68999e-09
-3.20076e-06
-3.40742e-06
-1.61719e-07
4.56214e-06
-2.46189e-06
3.27529e-08
-5.90339e-07
3.62839e-06
-3.03805e-06
-1.55025e-06
-3.6089e-07
3.17896e-06
-3.21279e-06
3.38316e-08
-3.28786e-06
3.26325e-06
1.4154e-06
2.02011e-06
-3.43552e-06
3.41729e-06
-6.39287e-07
2.82985e-07
3.03755e-06
3.35213e-06
3.28367e-07
3.65968e-07
4.45246e-07
-3.56894e-06
7.86967e-08
-2.83171e-06
3.22212e-06
-1.64088e-06
1.98194e-06
3.02433e-07
-2.97533e-06
2.67289e-06
-2.46864e-08
6.10167e-08
-2.96665e-06
-3.37718e-06
3.31496e-06
6.22192e-08
-3.23822e-06
3.36729e-07
2.11591e-06
1.92228e-06
-1.82277e-06
3.73575e-06
-1.91298e-06
3.74576e-06
-3.4966e-06
-2.49155e-07
9.43847e-08
2.30434e-06
-3.21427e-06
-3.42245e-08
3.26238e-06
4.67573e-09
1.61174e-06
-5.63173e-07
4.15237e-06
-3.73282e-06
2.97284e-06
4.58963e-07
1.8672e-07
-3.31194e-06
5.0244e-07
4.98587e-08
-2.88157e-06
3.69774e-06
-2.98992e-06
3.01478e-06
-1.83406e-07
-2.87043e-06
3.05384e-06
-3.24676e-06
3.38171e-06
-4.00806e-08
-4.91868e-06
3.94432e-07
-2.12444e-08
3.18512e-06
6.15342e-08
-3.00571e-06
-3.30069e-06
3.28723e-06
1.3454e-08
3.95469e-06
-2.29894e-06
-1.65575e-06
-2.76929e-06
-2.4907e-07
3.01836e-06
-7.326e-09
-3.2616e-06
7.01889e-08
-3.53578e-07
3.486e-06
-3.13243e-06
-3.19555e-06
3.2115e-06
-4.63911e-06
-6.76487e-07
-4.48634e-06
4.37371e-06
1.12625e-07
2.55927e-06
1.2994e-06
2.99505e-06
2.69271e-07
-3.26432e-06
3.18387e-06
-1.30481e-07
2.56579e-06
1.27964e-06
-2.27467e-06
7.24421e-07
-3.21954e-06
2.79572e-06
-3.18138e-06
-4.32164e-06
4.30601e-06
1.5631e-08
3.9013e-06
-3.13221e-06
3.18496e-06
-9.70377e-09
1.96016e-07
-2.9704e-06
2.77438e-06
-4.80164e-08
-4.27363e-06
3.85922e-06
-3.85922e-06
-1.75776e-06
3.31146e-06
-1.5537e-06
-3.18675e-06
3.18675e-06
3.25998e-06
-2.88176e-06
-3.78213e-07
3.02727e-06
7.19603e-07
3.39581e-06
-2.78662e-06
3.35914e-06
-3.75511e-08
-2.62774e-06
-4.20923e-07
3.04866e-06
-4.26913e-06
4.28374e-06
-1.46115e-08
3.94336e-06
-2.37437e-06
-1.56899e-06
5.75418e-07
2.82039e-06
-4.31381e-06
4.29216e-06
2.16469e-08
-1.14317e-09
-3.1553e-08
4.2569e-06
-4.22534e-06
-4.2976e-06
4.2976e-06
-5.10796e-08
3.23004e-06
4.61263e-06
-4.2994e-06
-3.13234e-07
-4.31655e-06
4.285e-06
4.31264e-06
-4.29076e-06
-2.18861e-08
-3.14186e-06
-7.09259e-08
3.67616e-06
-4.92276e-08
4.2842e-06
-4.23497e-06
4.28551e-06
-4.29361e-06
8.09473e-09
-3.24001e-06
4.26313e-06
-6.2365e-09
-3.29706e-06
3.26773e-06
2.9327e-08
-4.26235e-06
4.27782e-06
-1.54683e-08
3.26469e-06
-3.17994e-06
-4.30514e-06
4.25591e-06
3.3023e-06
-1.05058e-06
1.57271e-06
2.05568e-06
-2.38619e-06
-1.82341e-06
-4.29023e-06
4.29023e-06
-4.30988e-06
-6.67493e-09
3.98953e-06
-7.31547e-07
-3.25799e-06
-2.81027e-06
1.90975e-06
1.07395e-07
4.27004e-06
-4.28331e-06
1.32738e-08
3.14266e-06
-3.14063e-06
-2.03349e-09
4.40307e-06
-4.28863e-06
-1.14443e-07
4.2477e-06
2.23415e-08
4.23989e-06
4.43092e-08
-8.82101e-09
-3.17793e-06
-3.93131e-06
2.16318e-06
1.76813e-06
-3.17346e-06
3.19391e-06
4.26125e-06
-1.35478e-08
4.46996e-07
2.89223e-06
2.29217e-06
-8.76772e-07
-4.299e-06
-6.14443e-09
3.50565e-06
2.07987e-06
-3.54384e-06
-5.407e-07
-4.37798e-06
3.19979e-06
-3.21902e-06
1.92365e-08
-1.48448e-07
-4.33789e-06
3.33177e-06
-3.72245e-08
3.70312e-06
-2.53268e-06
-1.17044e-06
-3.20634e-06
4.26779e-06
-4.26779e-06
3.05577e-06
4.12909e-08
-3.09706e-06
3.28779e-06
-4.27678e-06
4.27114e-06
5.6367e-09
4.24636e-06
-4.28743e-06
4.10635e-08
2.70018e-06
-3.57574e-06
-1.14542e-08
-4.24666e-06
4.25812e-06
4.23685e-06
-4.2483e-06
-1.41259e-07
4.51497e-06
-3.38934e-06
3.6731e-06
-3.84156e-06
2.66493e-06
-6.75047e-08
4.37352e-06
3.67449e-07
1.89362e-06
3.81449e-08
3.95139e-06
-1.18615e-08
3.41953e-06
-3.40767e-06
-2.92343e-08
-4.28695e-06
-2.68556e-08
3.5206e-06
-3.53214e-07
-3.16738e-06
-4.25849e-06
4.25849e-06
2.49852e-06
-2.15038e-06
-4.29376e-06
4.28247e-06
1.12932e-08
3.27956e-06
-3.27956e-06
3.19168e-06
-4.90238e-08
4.26431e-06
-4.27117e-06
6.85543e-09
-4.11777e-06
1.12623e-06
3.66295e-09
-3.16761e-06
3.16395e-06
3.43538e-06
-2.86598e-08
4.27313e-06
3.95157e-08
2.59252e-06
4.42198e-07
-3.03472e-06
4.28631e-06
-2.31753e-08
3.33114e-06
-3.33114e-06
4.2591e-06
-4.24423e-06
-1.48668e-08
-3.25762e-06
3.23288e-06
2.47422e-08
4.29157e-06
-4.2786e-06
-1.29763e-08
-4.2656e-06
4.2656e-06
6.37505e-07
2.98763e-06
1.01055e-07
-3.08868e-06
-4.29411e-06
4.2829e-06
1.12132e-08
-1.59888e-08
-3.21619e-06
3.19738e-06
2.40878e-09
3.99071e-06
-7.52443e-07
-3.23826e-06
2.7576e-06
4.24827e-06
-4.26003e-06
1.17531e-08
3.28418e-06
3.50636e-06
4.94306e-08
3.00634e-06
4.35628e-06
-8.31507e-08
4.23422e-06
1.40574e-08
3.1167e-06
-3.1167e-06
-1.64088e-06
4.30826e-06
-4.27433e-06
-1.30912e-08
4.27223e-06
-4.25618e-06
-1.60589e-08
8.38234e-08
-4.35338e-06
4.26955e-06
4.48085e-07
-4.30731e-06
-4.28634e-06
4.27892e-06
7.41624e-09
3.09477e-06
-3.09279e-06
-1.97585e-09
3.25998e-06
-2.87691e-06
2.87691e-06
4.24286e-06
-8.64045e-09
-3.18088e-06
-2.9704e-06
2.99505e-06
3.30134e-06
-3.45522e-08
-9.71876e-09
3.38341e-07
-4.21378e-06
4.27145e-06
-4.27288e-06
1.43712e-09
1.01551e-07
2.99322e-06
9.88271e-08
3.42177e-06
3.21578e-06
-2.41001e-08
-4.27688e-06
4.27184e-06
5.04064e-09
4.23912e-06
-4.25113e-06
1.20065e-08
-4.27289e-06
-2.08716e-08
4.26138e-06
-4.25012e-06
-1.12644e-08
3.21797e-06
6.15896e-08
4.2639e-06
1.85687e-08
-5.42921e-09
4.25447e-06
1.73687e-08
-6.50706e-10
-3.15249e-06
-4.31928e-06
4.56513e-08
-3.19654e-06
3.19654e-06
4.06667e-08
3.95004e-06
-3.2485e-06
6.20761e-07
2.25161e-08
4.263e-06
1.782e-07
-3.07507e-06
2.89687e-06
2.9889e-08
4.26771e-06
4.07193e-06
-4.44065e-06
3.21578e-06
1.15363e-07
4.23685e-06
-3.25757e-08
3.0202e-06
-3.10765e-06
1.48564e-08
3.06282e-06
-4.70301e-07
-4.24744e-06
4.24744e-06
-4.27014e-06
-2.39702e-08
2.88176e-06
-2.9853e-06
1.03533e-07
-4.26771e-06
3.14475e-06
-3.14109e-06
4.2618e-06
2.10926e-08
-4.26372e-06
-3.79388e-06
2.64104e-06
-4.28208e-06
4.27492e-06
7.16209e-09
2.90951e-06
2.7436e-07
3.16761e-06
1.91386e-08
-4.2336e-06
4.26277e-06
-2.91695e-08
-3.21784e-06
3.18942e-06
2.84143e-08
-4.24715e-06
1.35442e-08
3.20337e-06
-5.9966e-09
1.76282e-07
-3.31092e-06
3.13464e-06
4.24623e-06
-4.26511e-06
1.88788e-08
3.45408e-06
-3.6158e-06
4.24574e-06
-4.24527e-06
-4.69789e-10
-2.71162e-06
2.71162e-06
-3.34023e-06
3.34023e-06
-4.24083e-06
-6.31349e-09
-1.98194e-06
2.34939e-06
-4.25304e-06
4.24677e-06
6.26895e-09
3.33529e-08
4.25688e-06
2.65183e-06
-2.34939e-06
-2.65183e-06
2.80008e-06
2.81412e-06
-3.23504e-06
3.88795e-06
-2.3026e-06
-1.58536e-06
-4.26822e-06
-1.812e-08
-6.13895e-07
-2.80008e-06
3.41397e-06
4.26284e-06
1.60795e-08
-3.23013e-06
2.99232e-06
4.27516e-06
-4.2665e-06
-8.65842e-09
-4.24996e-06
-3.2012e-06
3.21719e-06
-1.00491e-07
-1.14286e-08
4.27268e-06
4.25462e-06
-3.16395e-06
-4.35613e-06
-2.55739e-06
3.26432e-06
-7.06932e-07
-4.23129e-06
-1.53722e-08
4.24924e-06
5.22477e-09
2.47781e-06
-2.53203e-06
5.42184e-08
4.907e-09
2.9853e-06
-3.10573e-06
1.20438e-07
1.96481e-06
1.98988e-06
-4.26631e-06
-1.57715e-08
-3.23232e-06
4.23055e-06
-4.22699e-06
-3.5577e-09
4.26117e-06
1.37537e-08
-4.27356e-06
4.26895e-06
4.61001e-09
3.2674e-06
3.21797e-06
-4.24144e-06
4.2321e-06
9.34329e-09
4.27136e-06
-4.26946e-06
-1.90313e-09
-3.17717e-06
3.21578e-06
4.23944e-06
-4.23944e-06
1.69591e-08
4.2752e-06
-2.67673e-06
-5.71769e-07
4.24827e-06
-2.03774e-09
-5.4496e-07
2.90118e-06
-2.35622e-06
4.23741e-06
-4.23374e-06
-3.66562e-09
1.30077e-08
4.25478e-06
4.22968e-06
-4.23348e-06
3.79868e-09
-4.27922e-06
-4.26377e-06
-2.56895e-06
3.70924e-09
4.26743e-06
-4.56327e-09
-4.25253e-06
4.25709e-06
-4.2397e-06
4.23042e-06
9.2852e-09
-4.26613e-06
-7.4295e-09
-3.22912e-06
-3.11924e-06
1.15883e-08
4.26174e-06
7.21263e-09
-4.23585e-06
4.23405e-06
1.7917e-09
-4.23874e-06
1.60004e-08
4.22274e-06
4.26487e-06
1.02848e-08
-4.25165e-06
-1.4847e-08
-3.10199e-06
-1.4704e-08
4.26279e-06
-4.2654e-06
2.60722e-09
4.23775e-06
-4.24232e-06
-4.24623e-06
4.24036e-06
5.86583e-09
4.23563e-06
-4.2322e-06
-3.42988e-09
3.19384e-06
2.70281e-09
4.26418e-06
7.18706e-09
-4.2582e-06
-1.12597e-08
-4.2738e-06
3.21719e-06
-4.23792e-06
4.22944e-06
8.47713e-09
2.81307e-06
-2.99648e-06
-4.22596e-06
4.24185e-06
-1.58852e-08
4.2391e-06
-4.24545e-06
6.34555e-09
-1.04348e-08
-4.26202e-06
-4.11255e-09
-1.1087e-08
-3.76315e-06
2.66951e-06
-7.29329e-09
4.23775e-06
-7.05527e-09
-4.57008e-09
-4.26561e-06
3.59395e-09
1.63263e-06
3.5827e-06
-5.21533e-06
-8.82627e-07
4.26278e-06
1.08056e-11
-4.25478e-06
7.90823e-09
4.25058e-06
-4.2573e-06
-8.10087e-09
-3.20437e-06
-4.26986e-06
4.24705e-09
1.5015e-08
4.2493e-06
-6.45666e-10
2.02574e-08
-4.19769e-06
4.17743e-06
4.2687e-06
-4.26653e-06
-2.16366e-09
-3.26162e-06
5.84894e-07
4.26047e-06
-4.25302e-06
-7.45432e-09
-4.26326e-06
-3.16154e-06
-1.66758e-07
4.23475e-06
-4.23139e-06
-3.35393e-09
2.23132e-08
-4.20167e-06
4.17936e-06
-4.26762e-06
4.25966e-06
7.9562e-09
-3.22679e-06
3.19987e-06
2.69226e-08
3.71238e-09
-4.26756e-06
-2.30244e-09
-3.24617e-06
6.73628e-07
2.57254e-06
-4.26201e-06
-5.60407e-09
4.26727e-06
1.43118e-09
-4.26027e-06
-6.26362e-09
-1.70546e-08
-4.26786e-06
2.96845e-10
-3.06939e-06
-3.55689e-07
3.42508e-06
2.4538e-06
1.79504e-08
-4.25058e-06
3.20086e-06
-1.14349e-08
-4.23456e-06
4.23456e-06
-8.1939e-09
4.26523e-06
2.03365e-09
-3.38679e-09
6.67139e-09
6.88128e-09
4.26684e-06
-1.60796e-09
2.50893e-09
4.26572e-06
-4.26576e-06
4.05264e-11
3.07876e-06
-3.07876e-06
-4.25692e-06
4.24775e-06
9.16745e-09
4.24165e-06
-4.23732e-06
-4.33958e-09
-6.00651e-09
4.26418e-06
2.6624e-09
4.26437e-06
1.35018e-09
-1.58468e-09
4.26472e-06
4.26064e-06
-4.26298e-06
2.34296e-09
-4.30177e-06
-4.24701e-06
-9.91321e-09
3.28354e-06
-4.02318e-08
4.25684e-06
3.79936e-09
3.56263e-08
4.26006e-06
-4.25539e-06
-4.67106e-09
-3.04287e-06
3.04287e-06
2.39708e-08
4.24163e-06
-4.23382e-06
4.24064e-06
-6.82061e-09
4.25916e-06
8.98567e-10
3.04998e-08
3.18528e-06
4.25412e-06
-4.25249e-06
-1.63183e-09
-4.22053e-06
-1.32878e-08
4.2422e-06
-4.24567e-06
3.46828e-09
4.25136e-06
2.75912e-09
4.25921e-06
5.15757e-09
-4.21818e-08
-4.21035e-06
-6.49857e-09
-3.75338e-07
-2.85974e-06
4.23546e-06
-4.23957e-06
4.10982e-09
1.26382e-07
2.95237e-06
4.25359e-06
-4.24958e-06
-4.0069e-09
-3.76669e-09
-7.33029e-08
-3.53567e-06
3.60897e-06
-3.08091e-06
3.11616e-06
-3.52538e-08
-4.21554e-06
4.21691e-06
-1.36692e-09
4.24866e-06
4.92828e-09
-4.23606e-06
-2.6469e-06
4.27954e-06
4.25035e-06
-4.2443e-06
-6.05336e-09
-4.25445e-06
4.25456e-06
-1.03071e-10
4.24232e-06
-4.23848e-06
-3.83602e-09
-4.13e-07
-3.63878e-06
4.05178e-06
4.24596e-06
4.38897e-09
-4.21882e-06
3.27082e-09
4.25097e-06
-4.24553e-06
-5.43766e-09
3.19384e-06
-3.27081e-06
3.27081e-06
4.24938e-06
-4.24136e-06
-8.02068e-09
-8.24184e-09
4.2511e-06
-6.69816e-09
-3.19816e-06
4.24335e-06
6.02474e-09
-4.25405e-06
-7.96134e-09
-4.21229e-06
4.21456e-06
-2.26264e-09
4.25453e-06
2.31027e-09
7.21369e-08
4.2116e-06
-8.61498e-10
4.25059e-06
1.07965e-08
3.18409e-06
1.67643e-08
5.03536e-10
-4.2165e-06
4.20253e-09
3.24461e-07
1.18455e-08
1.36991e-07
4.23836e-06
-4.24233e-06
3.96873e-09
-4.20783e-06
4.21274e-06
-4.91665e-09
7.60995e-08
-3.18885e-06
3.11275e-06
5.69959e-07
-3.32115e-06
2.75119e-06
1.21548e-06
3.01208e-06
-3.01208e-06
4.23539e-06
-4.23539e-06
-3.48275e-06
1.94096e-09
-4.24338e-06
3.2502e-06
4.24958e-06
9.5788e-09
-8.00653e-07
-1.49065e-06
2.2913e-06
-4.21401e-06
6.1805e-09
-4.21626e-06
-1.37113e-07
1.80185e-06
-2.97255e-06
1.1707e-06
-2.90637e-09
2.88802e-08
4.21297e-06
9.89572e-09
3.19348e-06
-4.25569e-06
8.96923e-09
4.23847e-06
2.70381e-06
-3.29921e-06
5.954e-07
2.75078e-06
-9.48929e-07
-5.31237e-09
-4.23439e-06
4.25635e-06
-4.22747e-06
-4.24407e-06
-4.20227e-06
4.19827e-06
3.99701e-09
9.62819e-10
4.24581e-06
4.23098e-06
4.40944e-09
3.8662e-06
-2.56664e-06
-1.29956e-06
-1.43473e-08
3.23013e-06
4.24463e-06
6.73584e-09
3.86495e-06
-4.27795e-06
2.88129e-08
4.21284e-06
-5.01495e-09
-4.23291e-06
-4.20723e-06
4.95779e-09
-3.08976e-06
8.85306e-09
3.24722e-06
-2.60385e-06
-6.43371e-07
4.2234e-06
-4.22376e-06
3.52823e-10
-4.95421e-09
1.21901e-06
-1.71311e-06
-1.60424e-06
3.31735e-06
4.23132e-06
-4.23782e-06
6.4976e-09
3.36752e-06
-3.32623e-06
-1.1151e-08
3.22912e-06
-2.77273e-06
1.97208e-06
4.22703e-06
-4.23127e-06
4.23577e-09
4.25138e-06
-4.22257e-06
-3.18496e-06
1.06208e-07
-3.19718e-06
3.19285e-06
4.32256e-09
3.10573e-06
-3.17904e-06
6.7633e-08
4.21019e-06
-3.22749e-06
3.12792e-06
-1.13995e-07
4.24474e-06
-4.23959e-06
-5.14684e-09
3.30454e-06
-3.15614e-06
-1.484e-07
4.23098e-06
-2.56069e-09
-4.23329e-06
-3.12943e-06
1.0192e-08
3.92579e-07
2.4038e-06
-2.79638e-06
-4.1969e-06
4.19234e-06
4.56266e-09
4.22424e-06
1.48612e-08
-2.67484e-06
-5.60208e-07
3.08657e-08
4.21145e-06
4.23764e-06
-4.24758e-06
9.94202e-09
4.23249e-06
-7.80511e-09
-4.21919e-06
-3.30611e-06
-5.57818e-07
4.23983e-06
8.82526e-09
4.5088e-06
-9.26104e-07
-2.58209e-08
4.23572e-06
-4.2099e-06
4.23373e-06
3.91583e-09
-4.20292e-06
6.02089e-09
-4.21493e-06
-3.03433e-08
-8.05759e-09
4.17904e-06
-4.17099e-06
5.51364e-09
4.23392e-06
4.25195e-06
-4.22108e-06
-4.23847e-06
-1.51286e-08
3.23232e-06
-4.46371e-09
3.20544e-06
-1.64318e-07
-3.04112e-06
4.33446e-08
3.16209e-06
-4.18503e-06
4.17698e-06
-4.23782e-06
-9.1933e-09
2.69017e-06
5.57052e-07
-1.59509e-08
3.27751e-06
-3.26155e-06
-2.71583e-06
-2.27112e-06
2.6637e-06
-3.54157e-06
4.38803e-07
3.10276e-06
4.23209e-06
3.24377e-09
-4.23698e-06
4.22136e-08
4.21413e-06
4.22577e-06
-4.22641e-06
6.31651e-10
4.23501e-06
-4.22239e-06
-1.2623e-08
-4.24072e-06
2.82523e-09
-6.09314e-09
-3.20027e-06
3.20636e-06
6.33005e-10
4.23973e-06
-2.94107e-06
8.61331e-07
-4.23522e-06
4.23282e-06
2.40446e-09
-4.191e-06
4.18599e-06
5.01113e-09
4.16842e-08
3.46096e-06
-3.35991e-06
2.53922e-06
-6.14123e-08
-2.21191e-08
4.23809e-06
-4.21597e-06
-3.77821e-06
2.0651e-06
4.23062e-06
3.74746e-09
-4.23595e-06
4.235e-06
1.09576e-08
-3.95752e-06
3.93153e-08
3.9182e-06
6.66664e-09
-4.19767e-06
4.22667e-06
-4.22223e-06
-4.43928e-09
-1.34517e-07
4.25169e-06
-4.11718e-06
-6.35416e-09
-8.70021e-07
3.97912e-06
-3.10909e-06
-3.18496e-06
-3.52431e-06
4.22934e-06
-2.3005e-09
3.72675e-08
4.21412e-06
4.12425e-06
4.26949e-06
-4.26652e-06
-2.9651e-09
6.14168e-10
-3.20645e-06
3.20583e-06
-4.23179e-06
4.22891e-06
2.87925e-09
8.56405e-08
-3.18763e-06
3.10199e-06
4.23738e-06
-4.23564e-06
-1.73827e-09
-3.28086e-06
3.26491e-06
4.22492e-06
-4.22166e-06
-3.26108e-09
1.18706e-08
4.22314e-06
-4.78193e-08
4.24738e-06
-4.23445e-06
4.21523e-08
-3.12262e-06
4.23429e-06
-4.23355e-06
-7.44706e-10
4.23218e-06
2.47002e-09
-4.23386e-06
4.2105e-06
8.91384e-09
-4.21942e-06
1.01448e-09
4.23482e-06
-4.22295e-06
-1.01736e-08
-3.20668e-06
3.21686e-06
2.27451e-06
-3.34603e-06
1.07151e-06
-7.10147e-07
-3.24737e-06
-3.11141e-06
-6.98039e-07
-2.72925e-06
-4.22963e-06
2.44748e-08
4.20515e-06
-3.22613e-06
3.20668e-06
1.94482e-08
-9.81729e-07
-2.59401e-06
-4.22738e-06
3.77384e-06
-4.21865e-06
4.22611e-06
-7.45744e-09
-3.5253e-06
3.49868e-07
3.17543e-06
3.36808e-06
-2.58777e-06
-7.80302e-07
-4.23349e-06
8.5226e-09
4.22496e-06
3.2122e-06
-3.17182e-06
8.8872e-09
4.21779e-06
-4.23392e-06
4.31451e-09
4.23024e-06
4.22956e-06
1.379e-08
-7.09064e-10
-4.23277e-06
-1.3787e-08
-4.22143e-06
-4.2229e-06
3.20854e-06
-3.16922e-06
-1.80179e-08
9.04718e-07
2.7984e-06
-2.89422e-06
2.89422e-06
3.68344e-08
4.21511e-06
-4.79876e-06
-3.90394e-06
3.90455e-06
4.23534e-06
3.20611e-06
-3.18251e-06
-4.22889e-06
4.2151e-06
-3.57502e-06
3.66066e-06
4.2259e-06
-4.22221e-06
-3.69602e-09
5.14824e-09
4.23031e-06
-4.27976e-06
3.21999e-06
-3.23016e-06
-4.22765e-06
7.11364e-09
1.59293e-06
4.23802e-06
-4.23287e-06
-5.14912e-09
-4.23525e-06
4.22611e-06
-4.22259e-06
-3.52476e-09
-4.22541e-06
-4.21726e-09
4.21638e-06
-4.20346e-06
-3.23254e-06
3.88591e-06
4.22245e-06
-4.22108e-06
-1.37015e-09
-7.46439e-09
4.21797e-06
-3.22613e-06
2.79648e-06
-3.03042e-06
2.33935e-07
-5.20406e-06
5.20406e-06
4.23335e-06
4.23416e-06
-1.07341e-08
7.12511e-09
-4.23285e-06
4.24768e-06
-1.48276e-08
4.22483e-06
-4.22129e-06
-3.54315e-09
-3.50565e-06
3.33889e-06
1.31123e-08
4.22261e-06
-4.23341e-06
1.14595e-08
4.22195e-06
-4.22097e-06
4.2301e-06
-4.22444e-06
-3.24207e-06
-4.22991e-06
1.41674e-08
4.21574e-06
-3.24654e-06
-9.17018e-09
3.16818e-06
-3.19185e-06
2.36717e-08
4.21928e-06
-4.22284e-06
3.55625e-09
7.84161e-08
-4.22984e-06
4.22281e-06
7.03025e-09
4.2273e-06
-3.09983e-06
-3.0783e-06
-5.1134e-08
4.23261e-06
-4.23261e-06
-2.15017e-08
3.21534e-06
-4.23024e-06
4.22404e-06
-4.2205e-06
-3.53633e-09
4.23191e-06
-2.36299e-08
-4.22649e-06
-3.14692e-06
-3.8875e-07
-3.22837e-06
2.52785e-06
-2.82363e-06
2.95776e-07
-6.3248e-07
-2.73092e-06
3.3634e-06
4.21624e-06
-4.20506e-06
2.7356e-06
-3.18885e-06
-9.14826e-09
-4.22434e-06
4.22632e-06
-4.22281e-06
-3.50726e-09
3.24697e-06
-3.26325e-06
-8.92085e-07
-5.90419e-07
1.4825e-06
-3.36779e-06
3.39617e-06
3.25869e-06
-3.21534e-06
-1.27014e-08
-3.16019e-06
3.17289e-06
-1.56542e-08
-3.13573e-06
3.15138e-06
1.05944e-08
-3.28733e-06
3.27673e-06
3.00855e-08
-3.30044e-06
3.27035e-06
1.52937e-08
-3.23343e-06
3.21814e-06
-6.0063e-09
-3.16493e-06
3.17094e-06
-6.65865e-09
-3.16232e-06
3.16898e-06
1.90256e-06
-1.28211e-06
-6.2045e-07
2.8071e-06
2.07e-08
4.21739e-06
3.09373e-06
-3.11253e-06
1.88009e-08
9.93634e-09
-4.22464e-06
4.21471e-06
4.23562e-06
-4.23562e-06
4.17951e-06
-8.67121e-10
-4.17865e-06
-1.4167e-08
-4.21472e-06
4.22373e-06
-4.22004e-06
-3.68167e-09
-2.62541e-06
-3.44686e-06
-7.8445e-08
2.76798e-06
5.36565e-07
4.23226e-06
-4.2265e-06
-5.75938e-09
-3.22154e-06
3.34842e-06
1.4057e-08
4.22076e-06
-2.32267e-06
-1.45554e-06
3.19974e-08
3.0318e-06
-3.0638e-06
-2.16498e-06
-3.67042e-07
-7.26419e-07
-4.49303e-07
1.17572e-06
3.17846e-06
3.17895e-06
3.31759e-06
3.31788e-06
3.29477e-06
3.25175e-06
-1.48741e-08
-3.18634e-06
3.20122e-06
3.18854e-06
-4.44583e-09
-1.25523e-06
4.22509e-06
-4.21516e-06
-1.04615e-07
3.39866e-06
-4.23774e-06
-2.89267e-06
3.5776e-06
4.17412e-06
3.37453e-09
-4.1775e-06
4.2412e-06
-8.59359e-09
-4.23205e-06
1.52292e-08
4.21682e-06
-3.1917e-06
-3.20027e-06
3.1995e-06
-3.21437e-06
-2.91194e-06
3.51628e-06
-6.04335e-07
-7.57468e-09
-4.22233e-06
2.20738e-06
-2.75234e-06
6.97443e-09
-4.22921e-06
-4.2242e-06
-1.12348e-06
-1.64926e-06
-4.21665e-06
-7.99351e-09
3.23749e-06
1.01048e-06
2.46343e-06
4.21962e-06
-4.21637e-06
-3.25597e-09
3.21593e-06
-2.12932e-06
-1.08661e-06
-1.53173e-06
8.05308e-07
-1.7757e-06
3.8408e-06
-1.53916e-06
3.19934e-06
-1.66018e-06
1.38473e-09
4.22994e-06
-4.20098e-06
4.22256e-06
-4.22503e-06
2.46332e-09
-2.39137e-06
1.01951e-06
1.37186e-06
-1.4093e-08
-3.18545e-06
3.19954e-06
4.4226e-06
-1.95722e-06
-2.46538e-06
3.09319e-09
4.17642e-06
-9.19384e-07
-1.47198e-06
-3.08581e-06
3.1178e-06
2.63303e-06
1.74071e-07
-3.07137e-06
-6.48936e-09
-3.18966e-06
3.19615e-06
3.29439e-06
-3.19284e-06
-1.96128e-06
-7.44008e-07
2.70529e-06
-4.21615e-06
4.21737e-06
-1.21792e-09
-3.11718e-06
3.15933e-06
4.22077e-06
-4.22351e-06
-2.82205e-06
-7.21667e-08
-4.25222e-06
4.23616e-06
-2.2015e-06
3.18296e-09
4.22292e-06
3.68279e-06
-2.03533e-06
-1.64745e-06
3.11683e-06
-5.88971e-07
3.48302e-06
-4.51215e-07
3.19456e-06
-3.20865e-06
4.21506e-06
-4.21522e-06
1.58259e-10
3.19768e-06
-3.20417e-06
3.87522e-09
-4.21286e-06
4.20899e-06
-1.77691e-06
-4.24589e-07
8.86164e-09
-3.2414e-06
-4.22479e-06
5.9779e-09
2.82205e-06
-2.98608e-06
1.64024e-07
-4.58433e-07
3.45165e-06
-1.58973e-08
-3.13102e-06
3.17626e-06
3.22724e-08
4.21972e-06
-4.21698e-06
-2.73719e-09
5.11684e-09
4.22586e-06
2.14362e-06
-3.19047e-06
3.19933e-06
2.07587e-06
-1.21176e-08
-4.21993e-06
-1.61169e-06
-1.23331e-06
2.84499e-06
-3.0505e-06
-2.78011e-08
2.87311e-06
-2.5901e-06
-2.83014e-07
-5.75094e-07
3.34301e-06
-2.76792e-06
4.22244e-06
-4.21918e-06
-3.26343e-09
5.65275e-09
4.22025e-06
2.79349e-08
3.21731e-06
-3.24525e-06
2.76144e-09
-4.22497e-06
-3.1593e-06
3.16949e-06
4.22091e-06
-4.22561e-06
4.69773e-09
4.2412e-06
-1.78751e-08
-2.95004e-06
-1.29537e-07
3.07958e-06
-4.24949e-06
-1.63487e-09
4.12347e-08
-3.23841e-06
-4.33063e-06
4.21918e-06
-4.21531e-06
-2.70839e-06
5.80594e-09
-1.02362e-08
-4.21778e-06
4.21991e-06
4.91482e-09
-4.40104e-06
6.75833e-10
-4.22196e-06
-1.90599e-07
-2.37348e-06
8.82827e-07
-4.23105e-06
4.23105e-06
-2.66657e-06
3.25539e-06
-5.88822e-07
4.23914e-06
-2.52863e-06
3.15237e-06
-6.23743e-07
-2.72636e-06
3.29993e-06
-5.7357e-07
-3.16662e-06
-4.66738e-08
3.26293e-06
-3.21625e-06
-2.75191e-06
2.67183e-06
-6.99746e-07
4.22551e-06
-4.23107e-06
5.56289e-09
4.22481e-06
-4.23037e-06
5.56228e-09
4.22191e-06
-4.22789e-06
5.9786e-09
-4.6209e-09
-4.22522e-06
-2.53807e-06
3.20382e-06
-6.65754e-07
4.22323e-06
-4.21997e-06
-3.25189e-09
4.22201e-06
5.96432e-07
-3.38305e-06
4.21955e-06
4.49034e-09
-4.22148e-06
9.80622e-10
9.9182e-07
4.22131e-06
-4.22484e-06
3.53114e-09
8.73099e-08
3.17138e-06
-3.25869e-06
-3.10188e-06
-1.52994e-08
3.11718e-06
-4.23041e-06
-4.2212e-06
4.21575e-06
5.44545e-09
3.21681e-06
-3.17558e-06
-4.22437e-06
4.2191e-06
5.26282e-09
-3.12644e-06
2.99748e-06
1.28959e-07
-4.22486e-06
4.21974e-06
5.1203e-09
4.2315e-06
-4.22636e-06
-5.13785e-09
-3.16531e-06
3.19325e-06
-3.41315e-06
-1.84075e-06
-3.46776e-06
-7.201e-07
3.4852e-06
-2.7651e-06
4.21577e-06
-1.18014e-08
-4.20986e-06
-3.18763e-06
3.36784e-09
-4.22631e-06
4.22294e-06
-3.37419e-06
3.20987e-06
6.74089e-09
4.22755e-06
4.21853e-06
5.19208e-09
-4.22113e-06
1.08199e-09
-3.33597e-07
-1.19813e-06
-3.22735e-06
3.18068e-06
-3.35958e-06
5.82998e-07
2.77658e-06
-1.12901e-06
-1.24446e-06
-3.20645e-06
3.34803e-06
5.18173e-07
1.03722e-09
4.21716e-06
-4.2182e-06
3.17904e-06
-3.19493e-06
-4.22843e-06
4.24869e-06
-4.23669e-06
-1.05782e-06
-8.91001e-07
1.94882e-06
-3.00969e-06
-1.12927e-07
-4.25105e-06
6.81333e-09
-1.11663e-07
-3.19103e-06
3.18545e-06
5.57996e-09
3.49492e-06
-3.32831e-07
4.22365e-06
-4.21979e-06
-3.86404e-09
4.21806e-06
1.56486e-09
-4.22056e-06
4.1892e-09
4.22125e-06
-4.22265e-06
1.39321e-09
-3.52796e-09
2.17835e-09
-4.23887e-06
-3.1178e-06
-6.71599e-08
1.21062e-07
-3.48938e-06
-2.21529e-08
4.23722e-06
-4.2799e-06
-1.25183e-09
-4.21161e-06
-3.45408e-06
3.34946e-06
4.50889e-10
3.09327e-06
-3.19236e-06
3.18966e-06
2.69846e-09
-2.75072e-06
-5.70433e-07
3.22837e-06
3.03211e-06
-3.16165e-06
4.2199e-06
-4.21911e-06
-3.26697e-06
3.19444e-06
-2.83645e-06
-1.49418e-06
4.21854e-06
-2.74036e-09
-4.21985e-06
3.86495e-06
-3.2194e-06
4.26763e-07
2.79264e-06
6.63791e-07
-3.23043e-06
5.06844e-07
4.13461e-08
5.4928e-07
-3.35145e-06
2.80217e-06
6.40584e-07
-3.94115e-06
3.30057e-06
4.21878e-06
3.66038e-09
-4.06538e-09
-4.21969e-06
5.24352e-07
-3.30901e-06
2.78465e-06
-4.22039e-06
1.21346e-09
4.42715e-08
3.14858e-06
-3.58485e-06
-3.54345e-06
4.92954e-07
-2.91992e-06
3.18634e-06
-3.19686e-06
1.05224e-08
-1.35815e-08
-4.21769e-06
1.47967e-08
4.2103e-06
-2.46297e-06
-2.35409e-06
3.20548e-06
-3.20548e-06
-3.10188e-06
-3.02499e-06
-3.22154e-06
-4.19791e-06
-9.63177e-09
4.20754e-06
-2.9361e-06
-2.91387e-07
5.97036e-07
2.77726e-06
-3.3743e-06
6.31492e-07
2.64117e-06
-3.27266e-06
5.78559e-07
-3.43645e-06
2.85789e-06
3.08884e-06
3.35024e-06
-2.75381e-06
3.33889e-06
3.50632e-06
-3.08725e-06
3.10642e-06
-3.21809e-06
4.22305e-06
-4.21974e-06
-3.31011e-09
-4.08789e-06
-3.19442e-06
4.21815e-06
5.07102e-09
-4.22047e-06
4.9446e-10
4.21809e-06
-1.86778e-07
4.21905e-06
-4.22336e-06
4.31639e-09
4.22626e-06
-4.20878e-06
6.94858e-08
-2.61805e-06
2.54857e-06
2.93589e-09
3.24403e-06
3.02906e-08
3.47603e-06
3.58223e-06
-3.04789e-06
-2.55686e-06
-6.6254e-07
2.14351e-07
2.90248e-06
-3.26832e-06
-4.222e-06
4.22239e-06
-3.88875e-10
3.28086e-06
-3.34946e-06
6.86064e-08
-3.34383e-06
5.93109e-07
-4.5734e-06
6.36948e-07
3.93645e-06
4.22403e-06
2.0136e-06
2.80737e-06
4.22698e-06
-4.22698e-06
-1.47305e-06
5.21625e-09
3.17138e-06
-3.23215e-06
1.41236e-08
3.21802e-06
-4.22006e-06
-4.22586e-06
4.21814e-06
5.51599e-09
-4.21989e-06
9.86039e-11
4.2142e-06
-1.12167e-10
-4.2227e-06
-3.29668e-06
2.97181e-08
3.28775e-06
-2.7634e-06
-2.52091e-06
3.0941e-06
-4.23136e-06
3.42613e-06
-2.76234e-06
3.30163e-06
-2.75235e-06
3.39444e-06
-2.75385e-06
-4.56099e-09
4.22077e-06
-4.23765e-06
3.22405e-06
-3.17978e-06
-3.10309e-06
3.10354e-06
-4.21116e-06
-1.96225e-09
4.21312e-06
6.95431e-07
3.20912e-06
-8.64794e-09
-4.21776e-06
5.61928e-08
3.14992e-06
-2.02998e-06
1.55567e-06
4.74317e-07
-3.19103e-06
3.3189e-06
-2.72187e-06
3.3429e-06
-2.71141e-06
3.3457e-06
-2.76714e-06
3.20108e-06
3.82831e-08
-3.58173e-06
4.27795e-06
-4.10045e-06
-4.72945e-07
3.2084e-06
-3.2084e-06
2.83391e-06
-4.30113e-07
-1.96537e-06
1.54078e-06
2.78397e-06
5.59044e-07
4.21891e-06
4.13665e-09
4.26026e-06
-4.23126e-06
-2.9003e-08
-4.22018e-06
4.37898e-10
-4.22313e-06
4.21761e-06
-4.22105e-06
3.44202e-09
-3.19966e-06
3.94684e-08
-3.19499e-06
5.92647e-08
-3.20072e-06
-8.66043e-08
-3.17451e-06
-1.25928e-07
-3.29637e-06
6.29388e-08
-3.24864e-06
8.3709e-08
-3.24119e-06
7.88678e-08
-5.80877e-09
4.21622e-06
-4.21041e-06
-4.22324e-06
6.74076e-09
-9.14865e-09
4.25035e-06
4.21798e-06
-4.22307e-06
5.0876e-09
-3.84322e-06
7.31807e-07
-4.38729e-09
2.70055e-06
1.09796e-07
-3.39629e-06
3.28649e-06
-3.68104e-06
2.34186e-07
4.22533e-06
-4.22184e-06
-2.85358e-06
3.02765e-06
2.84574e-09
-4.22484e-06
4.21306e-06
6.122e-09
3.1988e-06
-3.1988e-06
-3.08581e-06
1.97494e-06
2.8521e-06
8.07508e-10
-4.21603e-06
-3.19236e-06
-1.8823e-08
-2.05562e-06
7.63097e-06
-5.57535e-06
-2.49823e-06
-3.09587e-06
5.5941e-06
-4.21557e-06
4.21556e-06
1.55697e-11
3.20955e-06
-3.20662e-06
3.11179e-06
-3.0815e-06
-3.19615e-06
3.19666e-06
-5.09436e-10
2.94031e-06
-2.87082e-06
1.08681e-06
-1.04054e-06
-4.62694e-08
-3.45491e-06
2.72395e-07
-5.91599e-07
3.15181e-06
-2.78701e-07
5.961e-10
-3.68164e-06
4.2151e-06
1.17444e-09
-4.21815e-06
3.26322e-06
3.29699e-06
3.1959e-06
-2.27286e-06
1.98945e-06
-2.90722e-06
4.22158e-06
-4.21995e-06
-5.90874e-07
-2.75295e-06
-1.04937e-08
-4.33937e-06
4.97632e-06
2.68278e-06
5.85931e-07
-3.26871e-06
-5.46877e-06
4.22527e-06
3.194e-06
-3.10895e-06
-4.21288e-06
-4.21631e-06
4.22183e-06
-5.51862e-09
3.34842e-06
2.97698e-06
-3.03839e-06
-2.74136e-06
3.21972e-06
-4.78358e-07
-1.90451e-08
4.19317e-06
4.21738e-06
-4.22075e-06
3.37118e-09
-8.44672e-09
-3.44792e-06
3.48085e-07
-3.17267e-06
-1.9181e-08
-2.04418e-09
-1.71312e-09
-1.57043e-09
-1.57617e-09
-2.02261e-09
-2.33607e-09
-1.68347e-09
-1.73331e-09
-2.04206e-09
3.34157e-09
4.23584e-06
2.442e-08
-3.26928e-06
4.09139e-08
-3.19686e-06
3.16165e-06
-3.2454e-06
-4.22077e-06
4.2198e-06
-1.01424e-08
4.21924e-06
2.9306e-06
5.54601e-07
-7.53974e-08
3.30863e-06
-2.48829e-06
-3.26491e-06
3.8775e-08
6.65256e-07
-3.99233e-06
4.66294e-07
-2.782e-06
2.3157e-06
4.9041e-07
-3.26221e-06
2.7718e-06
4.68469e-07
-3.15698e-06
2.68851e-06
7.9495e-07
-3.80066e-06
3.91499e-07
-2.98643e-06
2.59493e-06
1.2102e-06
-3.39199e-06
2.07672e-08
-3.24889e-06
5.82322e-07
-9.51173e-10
4.22646e-06
-3.1275e-06
5.98875e-07
-1.2558e-09
4.22606e-06
-4.22108e-06
-3.29863e-06
5.72275e-07
-4.22173e-06
1.37085e-09
4.22054e-06
-4.21941e-06
5.80542e-07
-3.31146e-06
-3.17273e-06
-3.17025e-06
-3.1714e-06
-3.16106e-06
-3.23415e-06
-3.23204e-06
-3.20319e-06
3.64272e-06
-2.5712e-06
4.22229e-06
-4.21992e-06
3.19339e-06
8.27757e-07
-3.44522e-06
3.11263e-06
-3.11702e-06
-4.21268e-06
-6.78887e-07
3.17161e-06
-6.7098e-07
3.5194e-06
-3.60973e-08
-4.146e-08
-5.02236e-08
-5.50158e-08
1.02977e-07
-3.40176e-06
9.19094e-08
-3.40274e-06
1.31672e-07
-3.4588e-06
-4.2102e-06
-4.20963e-06
1.07198e-10
4.21565e-06
4.30699e-09
4.2148e-06
-2.77827e-06
-3.21565e-06
1.74912e-08
-3.25331e-06
5.21131e-08
-3.26765e-06
5.1463e-08
-3.26258e-06
5.62396e-08
-3.28193e-06
4.19161e-08
-3.27037e-06
5.08362e-08
-3.28025e-06
3.34903e-08
3.22464e-06
8.54433e-08
-3.31008e-06
4.21572e-06
-4.21915e-06
7.22612e-09
4.21251e-06
-1.15461e-07
3.14591e-10
-3.26357e-06
-3.13969e-06
-4.21947e-06
3.16451e-09
4.21669e-06
5.14042e-09
9.64031e-09
3.20235e-06
-3.21199e-06
1.12102e-07
-1.11326e-07
3.10881e-06
3.8864e-06
-4.89788e-10
-3.10286e-06
-9.66696e-09
-3.15429e-06
-4.58969e-08
3.20019e-06
3.58148e-06
-6.52042e-08
4.21336e-06
-4.22632e-06
1.29629e-08
6.37507e-07
-2.42498e-06
-6.50093e-07
-3.33223e-06
-3.35427e-06
5.89994e-07
-3.11903e-06
5.80961e-07
1.99526e-06
4.48579e-07
-3.60901e-06
-7.64894e-09
2.71779e-06
6.05912e-07
-3.3237e-06
-3.33704e-06
4.53892e-07
2.88315e-06
2.67423e-06
5.81168e-07
2.75848e-06
5.87215e-07
2.76196e-06
5.80941e-07
2.5565e-06
5.95874e-07
2.73601e-06
5.82897e-07
2.73095e-06
5.68974e-07
2.71123e-06
5.76524e-07
5.82763e-07
-3.34616e-06
-4.22372e-06
-2.59008e-09
-4.22642e-06
-6.43327e-09
-3.19409e-06
4.97603e-07
2.69649e-06
-2.70683e-06
-2.59498e-06
5.30181e-06
4.22047e-06
-3.78288e-09
-4.27649e-09
-4.21681e-06
4.22026e-06
-4.24687e-06
5.44564e-08
4.19241e-06
-2.64928e-06
-3.85433e-07
4.22234e-06
-4.21816e-06
3.06172e-07
-4.64554e-06
2.64001e-06
5.63814e-07
3.16863e-06
2.99762e-06
4.78417e-07
3.30071e-06
-5.16748e-07
9.70708e-08
-3.02182e-06
2.92475e-06
-3.23063e-06
5.03503e-07
-3.29784e-06
2.79433e-06
-4.33613e-08
3.21033e-06
-5.89462e-08
3.18906e-06
8.76678e-08
3.19089e-06
7.94607e-08
3.14824e-06
6.98973e-08
3.24428e-06
-7.33393e-08
3.23915e-06
-7.01662e-08
3.21412e-06
9.93484e-09
3.12056e-06
-4.398e-09
-3.19622e-06
2.35563e-08
3.7034e-08
4.22808e-06
-4.2259e-06
-3.1929e-06
2.75867e-08
1.93193e-08
2.70623e-06
-3.26258e-06
5.56347e-07
-2.79845e-06
3.09423e-06
-6.41617e-09
-3.73678e-06
5.04633e-07
2.98512e-06
4.34411e-07
4.21632e-06
-4.21979e-06
3.47165e-09
-4.21889e-06
4.21889e-06
3.31246e-06
-6.29677e-07
-3.22782e-06
5.50866e-08
-3.24118e-06
7.09256e-08
-3.24236e-06
7.09614e-08
-3.20448e-06
4.34211e-08
-3.28619e-06
5.20443e-08
-3.28999e-06
5.79474e-08
-3.24761e-06
4.44203e-08
-3.206e-06
3.04232e-08
-7.60089e-09
-4.23126e-06
1.63069e-08
4.21548e-06
4.98749e-09
-4.24041e-06
3.14052e-06
-3.07732e-06
2.37758e-06
-5.87404e-07
3.16651e-06
2.6741e-08
-2.89274e-06
2.77093e-06
-3.13798e-06
4.22222e-06
2.93991e-06
-2.39355e-07
2.12419e-06
-2.86201e-06
-3.06262e-06
4.86278e-06
-4.55661e-06
2.75908e-06
-3.32243e-06
5.63352e-07
-3.30383e-06
5.8196e-07
4.20358e-06
-4.22262e-06
-3.29323e-06
5.81823e-07
-3.35748e-06
5.90335e-07
2.74551e-06
5.55199e-07
2.81815e-06
5.76284e-07
2.72515e-06
5.7648e-07
2.8393e-06
5.8683e-07
2.74705e-06
6.16351e-07
-4.6772e-06
4.22323e-06
-4.21817e-06
-4.12795e-07
3.20751e-06
4.21888e-06
-4.2198e-06
-1.37414e-06
4.40648e-09
-7.79475e-07
4.71592e-06
4.21346e-06
-4.21835e-06
4.88369e-09
-2.30228e-06
1.32943e-06
-2.9909e-06
-2.08913e-06
-7.41943e-08
4.27977e-06
5.9512e-07
-3.34807e-06
1.14956e-06
1.69543e-06
3.30024e-06
-3.13641e-06
-4.2139e-06
4.20809e-06
4.21882e-06
-4.21948e-06
-1.66361e-08
-4.22735e-06
4.22382e-06
-3.25182e-06
4.21605e-06
-2.58309e-09
-5.15813e-07
-1.65538e-06
-2.33694e-06
3.08323e-06
-3.23815e-06
-2.86399e-09
-3.00434e-06
4.21902e-06
-4.20827e-06
-3.19047e-06
2.50324e-06
2.28008e-06
-3.10642e-06
2.9951e-06
3.19884e-06
-3.19933e-06
3.00001e-06
-2.9951e-06
-4.91331e-09
-3.11275e-06
3.10309e-06
3.05764e-06
-3.10354e-06
3.2063e-06
-3.19666e-06
-2.96939e-06
3.0815e-06
-3.2063e-06
3.20662e-06
-3.09921e-06
2.87082e-06
2.28386e-07
-3.15842e-06
-4.23314e-07
4.21526e-06
-4.2186e-06
3.33556e-09
2.75682e-06
5.93422e-07
8.21718e-09
-3.91825e-07
1.75023e-06
4.22295e-06
-4.21806e-06
-4.89586e-09
5.77373e-09
-4.23219e-06
-7.259e-10
4.22551e-06
-4.22478e-06
4.21563e-06
-3.12459e-06
-3.66255e-06
3.66315e-06
-4.22445e-06
9.52385e-09
-3.36325e-06
7.59401e-07
3.25606e-06
-3.30719e-06
4.21854e-06
4.28946e-06
-4.19701e-06
-9.24495e-08
4.21787e-06
-4.21709e-06
-3.47729e-06
-2.59491e-07
-4.23088e-06
-3.06085e-06
-3.08046e-06
1.78407e-08
-4.85674e-07
3.13061e-06
4.5087e-07
4.20935e-06
-5.68077e-07
4.21822e-06
-1.05644e-09
-4.06538e-06
-5.33506e-09
4.2415e-06
3.11263e-06
3.20122e-06
3.08323e-06
3.20583e-06
3.11179e-06
3.15933e-06
-3.11702e-06
-2.96939e-06
3.21686e-06
3.20955e-06
3.30024e-06
-3.09921e-06
3.19954e-06
3.03211e-06
-3.21809e-06
2.94031e-06
2.95237e-06
3.00001e-06
-3.19493e-06
3.05764e-06
3.19884e-06
2.61905e-06
-2.61905e-06
3.20636e-06
-4.22846e-06
-3.32521e-06
3.33933e-06
-2.75425e-06
3.34937e-06
4.21354e-06
-4.21853e-06
4.98907e-09
-1.32397e-07
-3.96078e-09
-3.26087e-06
9.05405e-09
-3.26902e-07
3.19109e-06
3.86693e-09
-4.18751e-06
4.18364e-06
4.06928e-09
9.90848e-09
-4.17244e-06
1.79437e-09
4.17065e-06
1.8879e-07
-4.34913e-06
4.16034e-06
4.2106e-06
5.61826e-09
-4.21622e-06
4.21023e-06
5.82143e-09
-3.02122e-06
2.75846e-06
5.53996e-07
-4.19345e-06
-2.41636e-08
4.21761e-06
4.24294e-06
8.90704e-09
4.18582e-06
1.03637e-07
4.21642e-06
-4.21472e-06
-4.21888e-06
4.21263e-06
4.23711e-09
2.00691e-07
-3.86324e-06
-4.63954e-09
3.3325e-06
-2.72658e-06
3.2397e-06
-3.19194e-06
-4.77561e-08
3.83732e-06
-2.58347e-06
-1.25385e-06
3.63682e-06
-3.18293e-06
3.34202e-06
-2.76085e-06
3.34134e-06
-2.75902e-06
3.34461e-06
-2.75739e-06
3.34403e-06
-2.76309e-06
3.28282e-06
-2.68694e-06
3.28616e-06
-2.68729e-06
-3.41201e-07
-4.30434e-06
3.32912e-06
-2.74623e-06
3.32696e-06
-2.75799e-06
3.33256e-06
-2.76028e-06
3.33605e-06
-2.75953e-06
3.33934e-06
-2.75657e-06
-1.85899e-09
2.6551e-09
-4.18977e-06
4.18711e-06
-9.2597e-09
4.40217e-06
-8.26585e-08
-4.31951e-06
3.30063e-06
-2.68428e-06
3.34604e-06
-2.7557e-06
4.22836e-06
3.83788e-06
-2.68725e-06
-1.15063e-06
3.34512e-06
-2.7633e-06
3.32869e-06
-2.74673e-06
3.2502e-06
-2.7526e-06
3.3445e-06
-2.76151e-06
3.26687e-06
3.32033e-06
-2.76514e-06
4.21636e-06
-5.75822e-09
-3.41586e-06
2.9186e-06
4.9726e-07
-3.84512e-06
2.76445e-06
4.16971e-09
4.21331e-06
-4.21669e-06
3.38007e-09
4.86278e-06
-5.79087e-08
4.29375e-06
3.32898e-06
-2.76517e-06
-4.16812e-06
4.19044e-06
-7.89892e-09
-2.18776e-08
-4.22659e-06
6.89426e-10
-2.56575e-09
-4.26999e-06
4.45878e-06
-3.04184e-06
-3.13641e-06
-3.17526e-06
3.13569e-06
3.17967e-06
-3.92474e-06
4.47458e-07
3.34277e-06
-2.76181e-06
1.01854e-08
-5.69583e-07
-4.20625e-06
-2.69431e-09
4.20894e-06
2.43816e-07
-3.23815e-06
-3.20656e-06
3.2213e-06
-1.47432e-08
3.72785e-06
-3.16581e-06
-7.5585e-08
-4.44165e-06
3.38633e-06
-3.79987e-07
3.26204e-06
4.2157e-06
-4.21308e-06
4.218e-06
4.21552e-06
-4.21446e-06
-3.1727e-06
3.1666e-06
6.10226e-09
-3.00753e-06
-1.74646e-08
3.42009e-06
-2.86375e-06
3.27231e-06
7.18251e-09
-2.75465e-06
3.42662e-06
-2.84607e-06
-2.96673e-06
3.35147e-06
-2.76464e-06
3.34699e-06
-2.77051e-06
3.32781e-06
-2.75153e-06
3.35e-06
-2.81343e-06
-3.20755e-06
3.25419e-06
-4.66397e-08
2.6825e-08
4.0681e-11
3.07776e-06
-5.75547e-08
3.37949e-06
-2.81614e-06
3.32755e-06
-2.76851e-06
-4.2118e-06
4.21742e-06
-4.23718e-06
4.24222e-06
7.02496e-09
5.63192e-06
-4.98179e-06
3.12218e-06
-3.00111e-06
3.47537e-06
-3.51873e-06
3.13554e-06
-3.09607e-06
3.18738e-06
-3.1323e-06
3.44277e-06
-3.50172e-06
3.01866e-06
-2.95939e-06
3.16775e-06
-3.09683e-06
3.34133e-06
-3.25367e-06
3.81475e-06
-3.90136e-06
3.18032e-06
-3.10936e-06
3.34613e-06
-3.26667e-06
3.78916e-06
-3.91509e-06
3.02099e-06
-2.97756e-06
3.07441e-06
-3.00451e-06
3.25358e-06
-3.19065e-06
3.41728e-06
-3.36524e-06
3.67456e-06
-3.7479e-06
3.14353e-06
-3.05982e-06
3.40671e-06
-3.34876e-06
3.65717e-06
-3.72734e-06
3.13317e-06
-3.0543e-06
3.35901e-06
-3.31459e-06
3.40705e-06
-3.39712e-06
3.29734e-06
-3.2603e-06
3.33388e-06
-3.30346e-06
3.37041e-06
-3.37481e-06
3.25823e-06
-3.24938e-06
3.19757e-06
-3.1739e-06
3.19286e-06
-3.1693e-06
-5.9931e-09
3.191e-06
-3.16426e-06
-4.21365e-06
-3.55374e-10
3.19012e-06
-3.16253e-06
4.2167e-06
-4.2124e-06
3.18958e-06
-3.15731e-06
3.18325e-06
-3.16393e-06
4.40217e-06
5.0945e-09
3.18417e-06
-3.1674e-06
-4.21123e-06
-1.50959e-08
-4.21406e-06
4.21406e-06
-4.23548e-06
2.42536e-08
-3.1997e-06
3.19017e-06
-3.16176e-06
4.21636e-06
-3.72405e-06
-1.63303e-07
4.47821e-09
4.21333e-06
-4.21256e-06
-4.35265e-06
4.27477e-06
-4.25035e-06
-4.17825e-06
-5.72326e-08
3.40365e-06
3.18665e-06
-3.17034e-06
1.18017e-08
-2.35575e-08
-2.02565e-08
3.36354e-06
-2.80894e-06
1.99951e-08
-4.2117e-06
4.21658e-06
3.43159e-06
-2.8533e-06
3.17372e-06
-3.17972e-06
4.22557e-06
-4.2273e-06
-4.26375e-06
-1.20502e-06
-4.21263e-06
4.21245e-06
-4.55661e-06
4.2298e-06
3.04478e-06
5.3745e-07
-4.30212e-06
4.33775e-06
1.25376e-06
2.06358e-06
4.98179e-06
-4.58736e-06
4.27477e-06
3.71363e-09
2.58774e-09
-4.22989e-06
1.01103e-08
4.2198e-06
4.20979e-06
6.42572e-09
-4.33775e-06
4.45037e-06
-2.41099e-09
4.21066e-06
5.70153e-09
3.19213e-06
-3.17289e-06
-2.81317e-07
-4.30212e-06
1.99776e-09
-4.18137e-06
4.17937e-06
4.28649e-06
-4.24084e-06
-4.25492e-06
-4.28649e-06
3.35596e-06
-2.76056e-06
4.23212e-06
-1.58937e-08
-7.07285e-09
4.23919e-06
-4.23518e-06
5.52746e-07
-4.2244e-06
4.22375e-06
4.45037e-06
4.58736e-06
4.2244e-06
-4.23063e-06
-4.24901e-06
-1.37411e-08
2.38019e-08
-4.21725e-06
-4.23954e-06
4.22467e-06
4.22375e-06
-4.22468e-06
-4.2454e-06
4.24084e-06
-4.21189e-06
4.21703e-06
4.21205e-06
4.2454e-06
4.23093e-06
-4.23063e-06
-4.24438e-06
-2.47879e-08
4.25899e-06
-4.21468e-06
4.21702e-06
3.80392e-09
-4.22083e-06
5.25014e-09
4.22568e-06
4.2363e-06
-8.7433e-09
-4.25899e-06
4.24438e-06
4.21604e-06
9.8533e-10
4.22839e-06
4.21994e-06
-4.21468e-06
-4.23947e-06
6.88918e-09
-4.2173e-06
5.24828e-09
-4.21705e-06
-4.25569e-06
4.22229e-06
-5.40457e-09
4.19096e-06
-4.18556e-06
4.21913e-06
8.16584e-10
4.21469e-06
5.1584e-09
-4.21686e-06
4.21695e-06
-2.25718e-09
4.80988e-09
-2.91064e-09
4.21826e-06
-4.21535e-06
4.21698e-06
-2.91997e-11
-4.21608e-06
4.21056e-06
4.21219e-06
-4.21445e-06
5.85436e-09
-3.68503e-10
4.18473e-06
-4.18437e-06
4.21887e-06
-4.22311e-06
-1.80509e-09
4.21878e-06
-4.21706e-06
4.21516e-06
-6.1618e-09
4.21492e-06
-4.20876e-06
-4.22132e-06
-4.21132e-06
4.21434e-06
-3.02268e-09
4.21941e-06
6.64743e-09
3.67271e-09
4.22145e-06
-2.04237e-09
4.214e-06
-4.22613e-06
4.22629e-06
-4.21098e-06
4.21432e-06
4.21312e-06
-4.21687e-06
5.54676e-09
4.21248e-06
-4.21218e-06
4.21248e-06
-4.20984e-06
4.22e-06
5.58176e-09
4.20867e-06
-4.21198e-06
-3.17067e-09
4.21717e-06
-4.21683e-06
4.21943e-06
-2.31092e-09
4.20974e-06
-4.21178e-06
4.21512e-06
-4.21219e-06
4.21219e-06
-4.21229e-06
2.67839e-09
4.20937e-06
-4.21324e-06
5.16428e-09
-1.70627e-09
4.21763e-06
-2.50464e-09
4.21099e-06
-4.21272e-06
5.44887e-09
4.2105e-06
-4.21376e-06
4.21393e-06
-2.24037e-09
4.21154e-06
-4.21322e-06
4.21693e-06
-2.40831e-09
9.27616e-09
4.21083e-06
-4.21409e-06
4.21653e-06
-2.59364e-09
4.21196e-06
-4.21429e-06
4.21944e-06
-2.24663e-09
-2.22096e-09
4.21481e-06
4.21186e-06
-4.21512e-06
-4.21684e-06
4.21468e-06
4.21319e-06
-4.21521e-06
-2.21511e-09
-2.39462e-09
3.68703e-09
4.21258e-06
-4.21627e-06
1.1596e-08
4.21423e-06
-4.21791e-06
4.21725e-06
-2.43515e-09
4.2137e-06
-4.21583e-06
4.21426e-06
8.96036e-09
-4.21675e-06
4.21322e-06
-2.13416e-09
-2.43216e-09
-4.21628e-06
4.21471e-06
-4.20821e-06
4.20821e-06
-4.20943e-06
-3.48678e-11
4.217e-06
-4.21696e-06
-2.57522e-09
1.19378e-08
-1.92925e-09
-9.79494e-10
4.21225e-06
-2.6911e-11
-2.04208e-09
-2.61607e-09
-3.65889e-09
-1.06748e-08
4.21642e-06
-4.20575e-06
-4.23814e-06
-4.20336e-06
4.20336e-06
-4.20532e-06
-4.21485e-06
4.21376e-06
1.08423e-09
1.29637e-08
-5.7887e-10
-4.21996e-06
5.11016e-09
4.1985e-06
-4.2012e-06
4.1985e-06
8.01353e-09
-4.21816e-06
2.3763e-09
6.65078e-09
4.20779e-06
-4.20503e-06
-2.76168e-09
4.20779e-06
-4.20725e-06
4.20897e-06
-1.72334e-09
4.20725e-06
5.4007e-10
-4.20503e-06
-4.20601e-06
9.85468e-10
4.22018e-06
-4.21276e-06
4.22018e-06
-5.57535e-06
4.22431e-06
-4.21301e-06
-4.21266e-06
4.21266e-06
4.25493e-06
-4.21387e-06
4.22431e-06
4.25493e-06
-4.21204e-06
4.21204e-06
4.21232e-06
-4.21232e-06
4.21387e-06
-4.27922e-06
-4.21378e-06
4.21262e-06
-4.21262e-06
-4.21214e-06
4.21214e-06
-4.2012e-06
4.17474e-06
-4.17474e-06
4.20897e-06
4.20741e-06
-4.20741e-06
4.21245e-06
4.21289e-06
-4.21289e-06
-4.2483e-06
-4.21225e-06
4.21225e-06
-4.23947e-06
-4.21229e-06
-4.20532e-06
-4.20943e-06
4.20294e-06
-4.20294e-06
4.21906e-06
-4.21906e-06
-4.21229e-06
4.21229e-06
-4.21211e-06
4.21211e-06
-4.31951e-06
-4.23765e-06
-4.21222e-06
4.21222e-06
-4.20601e-06
-4.21301e-06
4.21276e-06
-4.21982e-06
-4.21218e-06
4.21203e-06
-4.21203e-06
-4.21171e-06
4.21171e-06
4.2241e-06
-4.21723e-06
-4.2241e-06
4.21723e-06
-4.21982e-06
-4.49095e-09
7.32672e-09
-4.21611e-06
-4.21309e-06
4.21866e-06
-3.85789e-09
4.22651e-06
-4.25205e-09
-4.22226e-06
-4.21291e-06
4.21956e-06
4.22202e-06
4.22935e-06
-4.2184e-06
5.30807e-09
4.22568e-06
5.74213e-09
-4.20771e-06
4.21368e-06
4.22924e-06
1.18583e-08
4.22538e-06
3.35238e-09
-3.24226e-09
-4.20197e-06
4.20435e-06
4.22873e-06
4.2253e-06
-4.20079e-06
4.2059e-06
1.17112e-08
4.22818e-06
4.22494e-06
-3.55677e-09
4.18916e-06
-4.1856e-06
4.22398e-06
9.58866e-10
6.50424e-09
-4.22835e-06
4.22062e-06
-4.20511e-06
4.21312e-06
-5.82367e-10
7.93171e-10
4.22713e-06
-4.20083e-06
4.2138e-06
4.22655e-06
-4.21054e-06
4.214e-06
1.22899e-08
5.37229e-09
4.22901e-06
-3.26172e-09
4.19568e-06
-4.19241e-06
4.23281e-06
4.23818e-06
-4.21437e-06
4.21232e-06
4.2223e-06
-1.22407e-08
4.22521e-06
-4.21396e-06
4.21339e-06
4.22699e-06
3.96742e-11
1.66308e-09
-4.20223e-06
4.21417e-06
4.21475e-06
-4.21065e-06
4.21461e-06
1.11531e-08
4.21642e-06
-3.52406e-09
4.20142e-06
-4.19789e-06
-4.21491e-06
4.21125e-06
4.22166e-06
-5.24483e-09
-1.10034e-08
4.22385e-06
4.12827e-09
4.22519e-06
4.22085e-06
-4.21379e-06
4.21376e-06
4.22498e-06
8.26755e-10
4.21398e-06
-4.20324e-06
4.21484e-06
-4.21492e-06
4.21299e-06
4.21537e-06
-4.20987e-06
4.21637e-06
1.05199e-08
4.16648e-09
-4.96453e-09
4.20852e-06
-4.20356e-06
4.21958e-06
-4.20707e-09
4.22374e-06
-7.96632e-09
4.21991e-06
-4.21547e-06
4.21333e-06
-4.07106e-09
-4.21036e-06
4.21932e-06
4.22422e-06
6.00989e-09
3.75191e-09
4.21626e-06
-4.21515e-06
4.22149e-06
5.37457e-09
4.97153e-09
-4.21483e-06
4.22001e-06
-4.17415e-09
4.2144e-06
-4.21022e-06
4.21255e-06
-4.21604e-06
4.21383e-06
-4.21303e-06
-4.21841e-06
4.20924e-06
4.21599e-06
1.73305e-09
3.08711e-09
4.21024e-06
5.74892e-09
-4.20435e-06
4.21362e-06
-4.20816e-06
4.2136e-06
4.21197e-06
-4.88882e-09
4.21634e-06
-4.21145e-06
4.21694e-06
-4.20898e-06
4.21443e-06
-4.21642e-06
4.21418e-06
5.46559e-09
3.14945e-09
4.22031e-06
4.21705e-06
4.61887e-09
4.2202e-06
-4.20922e-06
4.21448e-06
4.21613e-06
-4.1647e-09
4.21896e-06
-4.21434e-06
4.2196e-06
-4.21667e-06
4.21443e-06
5.21032e-09
-4.21047e-06
4.21564e-06
3.33427e-09
4.21608e-06
-4.21162e-06
4.21674e-06
-3.95024e-09
4.01142e-09
4.21772e-06
-4.21371e-06
4.21941e-06
4.21525e-06
4.01495e-09
-4.21051e-06
4.21318e-06
-4.21619e-06
3.14713e-09
4.21858e-06
-4.21789e-06
-4.20887e-06
4.21442e-06
4.21508e-06
6.23725e-09
4.21822e-06
4.21427e-06
-4.22361e-06
4.22579e-06
-2.1726e-09
1.10227e-09
4.21223e-06
4.31274e-09
4.21618e-06
-4.21186e-06
4.21765e-06
-4.19574e-06
4.2078e-06
-1.20595e-08
4.21492e-06
-4.20879e-06
4.21437e-06
-1.71312e-09
5.62732e-09
4.21058e-06
-4.21589e-06
5.31348e-09
4.21602e-06
-4.20951e-06
4.21616e-06
-4.21338e-06
4.20602e-06
7.36189e-09
4.21431e-06
-4.21226e-06
4.21735e-06
-4.23906e-06
4.23869e-06
4.85933e-09
-5.8317e-09
-4.1899e-06
4.21693e-06
-2.62551e-09
-3.90162e-09
-4.21056e-06
4.02746e-09
4.21043e-06
-4.21446e-06
4.21556e-06
-1.30364e-08
4.21561e-06
-5.81706e-09
4.221e-06
-5.43956e-09
9.71901e-10
-4.21435e-06
4.21301e-06
-6.20528e-09
4.22091e-06
-4.21e-06
-6.08329e-09
-4.21245e-06
4.21612e-06
-4.22514e-06
4.20977e-06
1.53758e-08
4.21703e-06
-4.21867e-06
4.20855e-06
1.01229e-08
-5.87447e-09
4.21189e-06
-4.21419e-06
4.20987e-06
4.31701e-09
-4.2125e-06
4.21836e-06
4.21083e-06
-3.65155e-09
4.21421e-06
-7.4259e-09
4.21641e-06
-3.62237e-09
4.2118e-06
-4.21322e-06
4.21821e-06
-3.91796e-09
4.21215e-06
-3.44825e-10
4.20627e-06
4.20502e-06
4.19704e-06
7.97658e-09
-4.21482e-06
4.21963e-06
4.18962e-06
-4.21448e-06
4.21964e-06
-5.16527e-09
-4.21404e-06
4.21507e-06
-1.02732e-09
-3.38985e-09
-4.22743e-06
4.22038e-06
7.04914e-09
4.20222e-06
-1.26065e-08
1.71663e-08
4.16216e-06
-4.17933e-06
-4.21603e-06
4.22119e-06
-4.21174e-06
4.20555e-06
6.19173e-09
-4.21857e-06
5.5471e-09
4.21568e-06
-4.22976e-06
1.40824e-08
4.19614e-06
-6.15226e-09
-4.20786e-06
4.21401e-06
4.25688e-06
3.61266e-09
-2.14392e-09
-4.20914e-06
4.21128e-06
4.21331e-06
-4.21212e-06
4.20945e-06
2.67728e-09
4.20966e-06
-4.22192e-06
4.21652e-06
-4.21604e-06
4.22139e-06
-5.35e-09
4.21186e-06
-2.20743e-09
-4.77462e-09
-4.20555e-06
4.21033e-06
4.21029e-06
1.56843e-09
-4.21772e-06
4.22297e-06
-4.21753e-06
4.22335e-06
-5.82437e-09
-4.21258e-06
4.20646e-06
6.11237e-09
4.20552e-06
4.17728e-06
-1.51235e-08
-3.67279e-09
-1.32431e-08
4.20338e-06
4.21179e-06
-4.32167e-09
-4.219e-06
4.22589e-06
4.17508e-06
4.19607e-06
7.30866e-09
-3.04745e-08
-4.2029e-06
-3.10717e-09
-4.2029e-06
-4.18582e-06
4.18582e-06
-1.10794e-08
4.19091e-06
5.15488e-09
4.35355e-09
1.61312e-08
4.16698e-06
-4.18311e-06
-4.21204e-06
4.2067e-06
5.33684e-09
-4.21844e-06
4.22486e-06
-4.20835e-06
-3.76923e-09
-2.86696e-09
4.21153e-06
-4.20866e-06
3.16597e-06
-4.21209e-06
4.20617e-06
5.91197e-09
-4.21273e-06
4.20699e-06
5.7405e-09
4.20284e-06
-1.1926e-08
4.19669e-06
-4.22727e-06
4.21282e-06
-4.20928e-06
4.21108e-06
-1.7915e-09
1.01468e-09
-3.91708e-09
4.21336e-06
4.20917e-06
3.64871e-09
-4.20346e-06
4.20346e-06
3.69361e-09
-4.21348e-06
4.20979e-06
-4.21301e-06
4.21333e-06
-4.1663e-09
1.55767e-08
4.26296e-06
-4.22668e-06
4.23314e-06
-6.45464e-09
4.21047e-06
-4.21118e-06
4.20634e-06
4.84178e-09
-4.21837e-06
5.35477e-09
4.21416e-06
4.2277e-06
3.17504e-09
4.21282e-06
-4.2087e-06
-4.1179e-09
4.21735e-06
-4.22186e-06
4.50635e-09
-1.7639e-08
5.52845e-10
4.21039e-06
-1.56084e-08
4.19146e-06
-2.44804e-08
-4.22699e-06
4.2365e-06
-9.50746e-09
-4.20689e-06
4.20365e-06
3.23683e-09
4.18729e-06
4.2139e-06
-3.50477e-09
3.78202e-09
-4.21367e-06
4.20989e-06
-2.61913e-08
4.20842e-06
4.39144e-09
-4.21045e-06
4.20683e-06
3.61814e-09
4.20998e-06
4.21187e-06
-4.20844e-06
4.21128e-06
-2.84149e-09
4.21369e-06
-3.9023e-09
-4.20638e-06
4.21125e-06
-4.87767e-09
-2.80619e-08
4.28397e-06
-4.20366e-06
-5.12624e-08
4.21376e-06
4.20962e-06
3.68082e-09
-4.2133e-06
4.21019e-06
-4.20756e-06
4.19637e-06
1.11949e-08
4.66586e-09
1.1663e-06
3.11841e-06
-4.28471e-06
-4.20174e-06
-5.82078e-09
-3.48476e-09
4.20964e-06
-3.5554e-06
-4.29157e-09
4.21272e-06
4.21293e-06
-3.30868e-09
-4.20988e-06
4.21004e-06
-1.62093e-10
-2.75871e-06
4.21332e-06
3.69582e-09
4.20923e-06
-4.22828e-06
4.23719e-06
-8.91312e-09
-5.37544e-11
-1.69972e-08
-3.85961e-06
-5.16858e-07
4.20903e-06
-4.23052e-06
4.24685e-06
-1.63379e-08
-4.23009e-06
4.23571e-06
-5.62358e-09
-4.22582e-06
4.21273e-06
4.21841e-06
4.21841e-06
4.23035e-06
-4.23035e-06
-4.22201e-06
-3.41315e-09
4.23026e-06
-4.2117e-06
5.32702e-09
4.21001e-06
-4.1976e-06
-1.24097e-08
7.76154e-09
-4.22695e-06
3.48664e-09
-4.21056e-06
4.20707e-06
4.208e-06
4.72862e-09
-6.23157e-09
-4.2093e-06
4.21464e-06
-5.34283e-09
-4.2059e-06
4.2185e-06
-1.26028e-08
4.20697e-06
5.74073e-09
-1.54443e-07
4.21174e-06
-3.73582e-09
1.67691e-08
4.21673e-06
-4.21673e-06
4.21428e-06
-4.2117e-06
9.51283e-09
-4.22273e-06
4.23895e-06
-1.62152e-08
-3.34049e-06
-4.20579e-06
4.23266e-06
-2.68653e-08
4.2052e-06
2.89235e-09
-4.20809e-06
4.20686e-06
-4.22625e-06
1.46267e-09
4.20409e-06
1.11146e-09
4.21188e-06
-2.6462e-09
-7.88765e-09
4.20425e-06
4.21034e-06
-4.20815e-06
-2.41409e-09
4.21298e-06
-4.21298e-06
-4.22987e-06
4.25367e-06
4.23612e-06
1.56091e-08
-4.2421e-06
4.20452e-06
3.18716e-06
-3.18275e-06
4.21842e-06
-4.21601e-06
4.24163e-06
4.24391e-06
-4.21116e-09
-4.2397e-06
3.20118e-06
-9.08037e-09
4.21425e-06
-4.21814e-06
3.89302e-09
1.40354e-09
4.20268e-06
3.20608e-06
-1.27248e-06
-1.50579e-06
-4.47399e-08
1.27065e-08
4.20742e-06
-4.23466e-06
4.21734e-06
-4.23178e-06
4.27275e-06
-4.09632e-08
4.21382e-06
5.32907e-07
-4.39252e-06
-1.0174e-09
4.19953e-06
-8.35239e-09
4.18226e-06
-4.1739e-06
-4.20887e-06
-1.11808e-07
-1.92648e-06
2.03829e-06
2.64391e-06
-3.07402e-06
4.20093e-06
4.19411e-06
6.81834e-09
3.22108e-06
4.21043e-06
-4.212e-06
4.17267e-06
-4.17001e-06
2.72243e-10
-4.85416e-09
-4.18839e-06
4.19324e-06
4.19285e-06
1.26429e-09
5.7869e-07
5.13112e-07
6.45379e-07
1.05334e-06
5.8331e-07
5.80485e-07
5.8559e-07
5.81689e-07
1.17703e-07
5.30464e-07
5.9922e-07
6.41836e-07
-4.23055e-06
5.88645e-07
5.7311e-07
5.74568e-07
5.75771e-07
5.8203e-07
5.79808e-07
-4.2122e-06
-1.47546e-08
5.82462e-07
5.8793e-07
4.1873e-06
5.55371e-09
6.81738e-07
-4.1896e-06
4.24154e-06
-5.19391e-08
5.62953e-07
6.50455e-09
-4.22794e-06
5.67736e-07
-4.20947e-06
6.06498e-10
4.19759e-06
5.08829e-09
-4.1622e-06
4.18246e-06
4.18244e-06
4.21087e-06
-4.21087e-06
-4.31866e-06
3.84572e-06
7.42338e-07
-4.19366e-06
4.28174e-06
-8.80763e-08
5.95765e-07
5.83693e-07
5.81087e-07
5.88491e-07
5.61066e-07
-4.21267e-06
4.19886e-06
3.3184e-06
-2.7644e-06
-4.78709e-08
4.17409e-06
-4.22605e-06
-6.13981e-09
-1.00146e-06
1.04713e-08
4.2179e-06
-4.07692e-09
4.13095e-06
-1.17964e-08
-4.11916e-06
5.77604e-07
-4.19386e-06
5.62415e-07
-4.22495e-06
-5.93568e-09
-3.23839e-09
-4.2195e-06
3.49392e-09
-4.06285e-06
-1.38921e-08
4.07675e-06
4.21123e-06
-4.19083e-06
-2.3631e-08
-4.21192e-06
-2.32595e-08
-4.14414e-06
4.1674e-06
-4.20554e-06
1.16724e-08
4.16251e-06
1.15759e-08
-4.22856e-06
-4.22754e-06
2.69421e-09
-3.85419e-06
9.4697e-07
4.15241e-06
1.01077e-08
4.2376e-06
-4.24109e-06
4.12915e-06
4.15202e-06
3.02375e-08
-7.17192e-07
6.58283e-07
-4.12211e-06
4.35112e-06
-2.29007e-07
4.21144e-06
6.81013e-08
4.1673e-06
4.21236e-06
-4.20975e-06
-4.213e-06
-3.84675e-06
1.65115e-07
4.11735e-06
4.30814e-06
-1.40846e-07
-4.21286e-06
-4.21385e-06
4.2087e-06
-4.21721e-06
4.17075e-06
2.24935e-08
-4.16213e-06
4.2968e-08
-7.08145e-08
-4.02358e-06
4.09439e-06
3.02481e-06
-4.19542e-06
4.19542e-06
-4.23531e-06
3.21411e-06
3.16462e-06
-3.18872e-06
5.69863e-07
-3.29911e-06
3.29505e-06
-3.29505e-06
-3.21647e-07
-3.85085e-06
4.17249e-06
-1.86032e-07
4.18232e-06
4.74258e-07
-3.83196e-07
9.13122e-08
3.10476e-07
-4.83063e-07
2.08362e-07
2.44505e-07
-7.21039e-07
2.36777e-07
-8.94103e-07
9.68468e-08
2.26638e-07
-6.04369e-07
3.46886e-07
-5.94169e-07
3.04711e-07
-1.58949e-08
-3.84735e-06
7.35803e-08
-5.18038e-08
4.07562e-06
4.17262e-08
1.8958e-08
4.21649e-06
-5.04576e-09
2.16981e-08
2.58564e-08
2.70535e-08
-4.21714e-06
-7.5146e-11
3.81862e-08
2.59346e-08
4.2116e-06
-4.20845e-06
4.20845e-06
-7.12565e-07
2.0242e-08
-4.19627e-06
-3.17916e-06
-3.86265e-06
-4.22556e-06
2.27695e-08
4.19409e-06
-4.19209e-06
2.91244e-06
-2.91244e-06
-1.14442e-08
-4.22181e-06
4.22615e-06
-4.34272e-09
4.06173e-06
4.20698e-06
4.09772e-06
6.96743e-08
3.97706e-06
9.96807e-08
-4.0457e-06
2.48909e-08
-3.97541e-06
1.12763e-07
4.20825e-06
4.03788e-06
-4.2119e-06
3.04379e-06
-8.28862e-07
3.99092e-06
1.55062e-08
-3.72908e-06
5.37382e-07
4.21359e-06
-4.21261e-06
3.3802e-09
4.21372e-06
-6.74564e-09
3.54633e-07
-4.20548e-06
-4.98835e-07
4.13945e-06
3.56392e-06
-4.3434e-06
1.15873e-07
-3.5109e-06
-4.24e-06
1.23396e-07
4.21057e-06
-4.24017e-06
4.23252e-06
2.2239e-07
-4.45491e-06
-3.99257e-06
1.45225e-07
3.73576e-06
-4.01897e-06
2.83208e-07
4.17816e-06
-4.17816e-06
-3.4449e-06
1.24101e-08
-4.208e-06
-3.90048e-06
-3.49489e-06
4.21088e-06
4.21139e-06
-4.21139e-06
1.35528e-08
3.90088e-06
3.90621e-06
1.88181e-07
4.05986e-07
2.29204e-07
-9.30955e-07
4.18532e-06
1.46801e-08
-4.2e-06
3.18124e-06
-3.18327e-06
4.19088e-06
3.26715e-06
4.23443e-06
-4.22945e-06
3.05139e-06
-3.05139e-06
-4.22199e-06
4.21551e-06
-4.21301e-06
1.42631e-08
-4.11571e-06
2.15239e-07
-3.65564e-06
4.10309e-06
-3.07962e-06
3.07962e-06
-2.50714e-06
2.50714e-06
3.22765e-06
-3.17793e-06
-2.65992e-06
2.65992e-06
3.42196e-06
-3.42196e-06
-2.89282e-06
-3.11021e-06
3.11021e-06
3.34206e-06
-3.04212e-06
3.04213e-06
-2.98058e-06
2.98058e-06
-2.94529e-06
2.94529e-06
3.50366e-06
-3.50366e-06
2.77438e-06
3.27514e-06
-3.27514e-06
3.2799e-06
3.39805e-06
-3.39805e-06
3.3293e-06
3.27536e-06
-3.01296e-06
3.01296e-06
-3.49898e-06
-3.13609e-06
-2.98608e-06
3.41861e-06
-3.41861e-06
3.05963e-06
-3.05963e-06
3.35441e-06
3.26325e-06
3.30273e-06
3.38242e-06
4.20832e-06
-4.20589e-06
3.30581e-06
-2.71988e-06
4.2171e-06
-6.2205e-09
-4.30997e-06
8.95791e-08
4.2204e-06
4.20819e-06
4.22122e-06
-3.69772e-09
3.99024e-06
-4.21925e-06
4.22313e-06
-3.31681e-06
-4.22608e-06
-4.23109e-06
4.20423e-06
-4.20423e-06
5.53292e-07
4.16807e-06
-4.16421e-06
-1.08267e-08
-3.12671e-06
3.13754e-06
4.20853e-06
4.16925e-06
-4.16925e-06
4.22626e-06
-4.22774e-06
-4.2162e-06
-4.20538e-06
4.18122e-06
-4.22163e-06
4.49794e-09
-3.0986e-06
2.81559e-06
4.20938e-06
-4.20938e-06
-3.33919e-06
5.84532e-07
-3.43065e-06
-3.34392e-06
5.79283e-07
-3.35976e-06
5.89251e-07
-3.3275e-06
5.75965e-07
-3.40693e-06
5.93502e-07
4.21582e-06
-7.62861e-09
-4.21972e-06
1.47829e-06
-4.01603e-06
-3.33046e-06
5.61955e-07
-3.24661e-06
-1.81307e-08
4.19948e-06
2.76366e-06
8.55415e-07
-3.61907e-06
-3.07607e-06
2.82869e-06
1.08599e-06
-3.86347e-06
2.77748e-06
3.23821e-06
-3.36575e-06
-4.2033e-06
4.23503e-06
-3.17305e-08
4.2117e-06
-4.20931e-06
-4.23204e-06
-3.27414e-09
4.23567e-06
-4.24714e-06
3.88624e-06
-2.0044e-06
-1.88184e-06
-2.74475e-06
3.34052e-06
-2.73731e-06
3.3184e-06
-5.99596e-07
4.20929e-06
-9.80859e-09
-3.35385e-06
-4.2059e-06
-3.16647e-06
5.41412e-07
-1.88079e-07
-2.84234e-06
-4.24232e-06
4.20367e-06
-7.60399e-07
-4.21136e-06
7.87903e-07
4.21754e-06
-1.38747e-08
-2.76293e-06
2.97728e-06
4.20719e-06
-4.20719e-06
-3.30261e-06
-5.22959e-07
-2.52493e-06
-1.39001e-09
4.23391e-06
4.20133e-06
4.21126e-06
-4.22202e-06
-4.07976e-06
-1.3949e-07
-7.36392e-08
-3.29589e-06
3.29348e-06
-2.7605e-06
3.03237e-06
-2.38699e-06
-2.84734e-06
-2.54084e-06
3.12643e-06
-2.76223e-06
-3.82231e-06
2.27978e-06
1.54253e-06
-2.8293e-06
-2.55545e-06
3.19728e-06
-2.75439e-06
3.2383e-06
-2.66253e-06
3.3348e-06
-2.74687e-06
-2.72519e-06
-1.10685e-08
-4.19555e-06
4.20662e-06
3.15802e-06
-3.17989e-06
-2.59244e-06
3.16018e-06
3.66356e-06
-2.65749e-06
3.24118e-06
4.19319e-06
-4.08758e-06
4.20982e-06
-4.2076e-06
-4.2206e-06
-7.47816e-09
-2.7694e-06
3.20635e-06
7.72764e-07
2.75454e-06
4.67779e-07
-3.22232e-06
2.79512e-06
3.30027e-07
-3.12514e-06
2.77175e-06
2.42992e-07
-3.01474e-06
2.76931e-06
1.01704e-06
-3.78635e-06
2.7745e-06
5.38328e-07
-3.31282e-06
4.20544e-06
4.01042e-06
1.69746e-08
3.02778e-06
-3.21586e-06
-7.20786e-07
4.21496e-06
-4.17665e-06
-3.8318e-08
-5.73683e-07
3.8119e-06
4.20097e-06
-4.20097e-06
-4.22439e-06
-2.67486e-06
2.76617e-06
3.43547e-06
-3.2271e-06
-3.25785e-06
-3.41715e-06
3.31972e-06
3.33198e-06
1.61726e-08
-4.23244e-06
4.19129e-06
-4.19392e-06
2.63243e-09
-3.33634e-06
2.45028e-10
-4.22632e-06
4.16303e-06
3.18968e-06
-3.16798e-06
-4.0376e-06
3.20077e-06
-3.17372e-06
2.77589e-06
4.15756e-06
-4.21479e-06
4.22637e-06
-4.22367e-06
-4.1907e-06
4.20812e-06
3.20211e-06
-3.17934e-06
4.20781e-06
-4.20765e-06
4.20765e-06
-4.1322e-06
-8.84014e-08
5.2054e-07
-3.32948e-06
4.20484e-06
-4.22028e-06
-4.15552e-06
3.35103e-06
3.3305e-06
3.38862e-06
4.23379e-06
-4.23675e-06
4.50745e-07
3.26003e-06
-2.50783e-06
3.36325e-06
-2.35191e-06
3.4379e-06
3.33645e-06
3.3625e-06
-2.77325e-06
4.20405e-06
2.82774e-06
3.2671e-07
-3.15445e-06
3.20458e-06
-3.19217e-06
4.20812e-06
-4.20572e-06
9.2675e-09
3.23623e-09
-4.27982e-06
3.99851e-06
4.20982e-06
-4.66604e-09
-2.07718e-06
4.26848e-06
4.20871e-06
-4.228e-06
-3.08884e-09
-2.60204e-06
-3.00552e-06
2.19635e-07
-3.07367e-06
-2.82742e-06
-4.19565e-06
4.20569e-06
-4.20569e-06
4.20367e-06
4.20313e-06
-4.20313e-06
-6.06279e-07
3.43497e-06
-5.93194e-07
3.37068e-06
-3.27302e-06
6.47614e-07
4.23127e-06
-1.08781e-08
-4.08265e-06
-1.97172e-07
-4.08742e-06
-1.48948e-08
-4.16647e-06
4.20806e-06
4.2206e-06
1.44365e-08
-4.17582e-06
4.20641e-06
-4.2041e-06
2.706e-06
-2.52596e-08
-2.77619e-06
7.05011e-07
-2.9759e-06
4.20131e-06
-4.22052e-06
4.12807e-06
-2.76277e-06
3.32518e-06
-3.19515e-06
3.07969e-06
3.20321e-06
-3.21069e-06
1.21952e-06
-1.21952e-06
-3.15759e-06
3.74623e-06
3.31292e-07
-2.53655e-06
3.11858e-06
-2.64947e-06
3.23193e-06
-2.75419e-06
3.2673e-06
-2.65371e-06
3.22828e-06
-2.67095e-06
3.25076e-06
3.09625e-06
-2.5333e-06
-5.72542e-08
3.32139e-06
-2.74379e-06
-4.18879e-06
-6.85249e-09
4.19369e-06
-1.72357e-09
-4.22383e-06
4.20705e-06
4.20567e-06
-4.21088e-06
2.00146e-06
-2.00146e-06
3.11307e-06
-3.17827e-06
-4.13286e-06
-3.04211e-09
-4.2247e-06
-4.24595e-06
4.20083e-06
-4.19761e-06
4.20616e-06
-2.28737e-06
3.02069e-07
-3.02069e-07
-4.2093e-06
2.07009e-09
-3.63161e-06
4.19853e-06
4.22671e-06
-4.22647e-06
3.22026e-06
-3.2013e-06
-4.20422e-07
3.23837e-06
-2.81795e-06
-4.15307e-06
-6.74491e-08
4.15987e-06
-4.19819e-06
-5.16279e-07
3.21671e-06
-2.70043e-06
-4.18825e-06
4.20053e-06
8.82198e-09
4.20804e-06
3.23616e-06
-2.733e-06
-5.0316e-07
-8.23984e-07
-4.21914e-06
4.21914e-06
1.82929e-07
6.68926e-07
4.19823e-06
-4.2195e-06
4.19011e-06
-4.20512e-06
4.20943e-06
-4.54691e-07
3.82643e-09
-4.22779e-06
7.04624e-07
7.32739e-07
1.20539e-06
3.56354e-07
2.7818e-07
5.06809e-07
6.63844e-07
5.84589e-07
4.73897e-07
5.88228e-07
1.30812e-06
3.71056e-07
6.26881e-07
-1.59224e-08
4.24366e-06
5.51999e-07
1.26663e-06
-6.68246e-08
-2.65839e-06
-2.74842e-06
-2.75409e-06
-3.27954e-06
-2.76082e-06
-4.22804e-06
4.80508e-09
-4.17725e-06
2.05457e-06
-4.19242e-06
4.16693e-09
-2.55739e-06
-3.79071e-07
-2.77538e-06
4.21961e-06
-4.22507e-06
3.41397e-06
-4.21365e-07
-4.21182e-06
-2.74554e-07
3.42637e-06
2.25282e-06
-2.77578e-06
-1.55567e-08
-3.05581e-06
4.70505e-07
2.81519e-06
-4.20433e-06
3.15526e-06
-2.61385e-06
1.96444e-06
1.9218e-06
-3.54103e-07
3.36796e-06
-3.01386e-06
-4.19518e-06
3.11689e-06
-3.01306e-07
4.21339e-06
-4.21339e-06
4.23192e-06
-4.23331e-06
-2.3182e-06
2.99182e-06
9.85787e-08
-3.25838e-06
3.1598e-06
-4.8309e-07
3.10175e-06
-2.61866e-06
-1.67372e-07
3.21609e-06
-2.78933e-06
-4.23509e-06
-5.46381e-08
-4.19223e-06
-4.19017e-06
-5.01305e-09
-4.19367e-06
4.1668e-06
4.23612e-06
4.2186e-06
-4.22169e-06
2.028e-06
7.29592e-07
4.21375e-06
-1.17884e-07
-2.59365e-07
-2.16499e-06
-6.3139e-07
3.16378e-06
-4.17388e-06
-1.97932e-08
6.0286e-07
-4.18918e-06
4.20968e-06
-4.20968e-06
-2.98518e-06
-4.20985e-06
1.77548e-08
-1.08094e-06
-7.67674e-07
2.9054e-06
1.63094e-07
-3.0685e-06
1.28977e-09
-3.23776e-06
3.03243e-06
-3.75292e-08
4.18221e-06
-9.93124e-08
-4.0829e-06
-4.18648e-06
-4.19132e-06
2.13959e-09
-3.20157e-07
4.21471e-06
-4.22072e-06
-2.95883e-06
-2.57035e-07
4.49039e-07
-2.39377e-06
-6.80248e-07
3.81062e-07
-3.19901e-06
-2.68095e-07
4.01318e-07
-2.66383e-06
-4.19443e-06
-3.26013e-06
4.19369e-06
4.20785e-06
-4.20785e-06
-4.18759e-06
4.17725e-06
-4.18259e-06
-4.8034e-07
-6.33391e-07
4.19761e-06
-9.22721e-09
4.97681e-07
-4.12929e-06
3.03204e-06
-3.60297e-06
-4.18619e-06
-8.24472e-09
-4.19985e-06
3.08003e-06
-4.17921e-06
-3.38796e-09
3.11093e-06
3.28646e-06
4.1857e-06
-2.86772e-06
-2.41495e-08
-4.17937e-06
-3.18627e-06
-4.22758e-06
4.27256e-06
-4.49844e-08
2.6422e-06
4.84239e-07
-3.22268e-06
-4.18563e-06
-3.5033e-06
4.20637e-06
4.1694e-06
8.76042e-09
-3.03204e-06
-2.63005e-07
-4.20518e-06
2.2578e-09
4.1297e-08
4.14092e-06
-3.02517e-06
-4.1798e-06
4.34406e-10
-4.1614e-06
-2.42276e-08
4.20543e-06
-4.20543e-06
-3.24273e-06
-4.18231e-06
-4.17657e-06
3.75999e-09
2.66061e-06
-3.34086e-06
2.75688e-06
4.16547e-06
3.77556e-09
-2.34527e-06
4.18824e-06
-4.18487e-06
-4.19407e-06
-4.17911e-06
2.54798e-09
-3.34537e-06
-4.1755e-06
2.05761e-06
1.7438e-06
-3.1781e-06
3.15225e-06
2.74869e-06
-2.79651e-06
4.2017e-06
4.22303e-06
4.75826e-09
-4.23123e-06
-4.17885e-06
3.35088e-09
4.24366e-06
-4.17401e-06
-4.19568e-06
4.18079e-06
-3.84608e-06
6.90553e-10
4.20076e-06
-4.20076e-06
-4.17813e-06
4.12078e-09
-4.25474e-06
3.19343e-06
-4.18443e-06
-4.24697e-06
-4.18865e-06
-4.17279e-06
-2.60464e-06
-3.78023e-07
-7.6681e-10
4.19618e-06
4.29715e-07
-3.44357e-06
-3.28511e-06
2.83042e-06
-4.1774e-06
4.61079e-09
4.19583e-06
-3.27375e-06
6.55095e-07
3.04422e-06
2.11838e-07
-2.82471e-06
-4.17149e-06
-4.99476e-07
-2.73875e-06
3.18069e-06
-4.19618e-06
-4.19843e-06
-4.17613e-06
4.64031e-09
-4.61749e-07
3.49418e-06
3.08666e-06
-2.85746e-06
-4.17039e-06
2.52143e-06
-2.68813e-06
-6.40854e-09
-4.1792e-06
4.21292e-06
2.24771e-07
-4.43769e-06
-3.17762e-06
-4.22735e-06
-4.17528e-06
4.89058e-09
-4.00854e-06
-6.24497e-07
-4.16917e-06
-2.18945e-07
-2.84955e-06
-1.54507e-06
-4.17797e-06
8.79866e-09
3.26077e-06
-3.1988e-06
-4.16624e-06
-4.17177e-06
-4.18641e-06
1.46331e-08
4.16547e-06
4.1694e-06
-7.92241e-09
-4.17519e-06
3.97806e-06
-4.17523e-06
3.17412e-06
2.22571e-07
2.91992e-06
-2.57033e-08
2.94919e-06
3.37557e-09
1.80423e-06
-4.18246e-06
4.18046e-06
-3.15307e-06
4.1923e-06
5.78405e-09
-3.18371e-06
-4.05936e-06
-3.6158e-06
-8.59592e-07
2.60901e-06
-2.62456e-06
-4.18933e-06
3.1695e-06
-8.29178e-09
-4.17104e-06
-4.18118e-06
4.18015e-06
-4.2072e-06
-4.17953e-06
-4.18404e-06
2.86749e-09
-4.17724e-06
-2.91706e-06
-3.20604e-07
-4.17973e-06
-4.10757e-06
-3.25087e-06
-4.17502e-06
3.13362e-06
-4.18755e-06
7.82602e-09
-4.18692e-06
3.19343e-06
1.67659e-06
-1.35805e-07
-4.13683e-06
2.63557e-06
-3.33967e-06
1.9902e-06
1.95316e-06
3.1671e-06
-4.17294e-06
2.42281e-09
-4.13545e-06
-1.05614e-06
-4.16908e-07
-6.11032e-07
-4.17436e-06
-4.17507e-06
-4.18291e-06
-4.15187e-06
1.21322e-06
-3.72105e-06
-4.17166e-06
-4.18034e-06
4.17817e-06
-4.20174e-06
-3.14134e-06
-4.16453e-06
3.08567e-06
-3.08567e-06
-4.18817e-06
7.8337e-09
-4.18286e-06
-4.16119e-06
-4.18788e-06
5.01839e-09
4.19994e-06
-7.52497e-09
2.45179e-06
-4.17042e-06
-4.16533e-06
-5.33395e-07
1.86418e-07
2.89926e-06
-1.78274e-06
-1.42183e-06
-1.68315e-06
-1.61646e-06
3.3717e-06
-4.12795e-06
-3.17287e-06
-4.16872e-06
3.15691e-06
-4.17604e-06
3.78086e-08
2.67258e-06
-4.17636e-06
4.0189e-07
-4.1676e-06
4.18417e-06
-1.62831e-06
-1.70068e-06
-1.37854e-06
-1.851e-06
-4.19662e-06
4.1529e-06
-4.16717e-06
-1.67473e-06
-1.6534e-06
-1.79522e-06
-1.48613e-06
-1.76983e-06
-1.54957e-06
-1.6863e-06
-1.46812e-06
-1.65805e-06
-1.64926e-06
-1.27451e-06
-1.97445e-06
3.18371e-06
-4.16819e-06
-4.16564e-06
-3.01516e-06
1.02722e-07
-4.16805e-06
2.0896e-06
-7.77541e-07
-2.69944e-06
3.47698e-06
-2.27884e-06
-4.1647e-06
3.01516e-06
-9.42572e-07
-4.16735e-06
-3.12085e-06
-2.8647e-06
1.18315e-06
2.76452e-06
-4.16323e-06
-4.16748e-06
-4.1705e-06
-3.53945e-09
4.17294e-06
-4.16654e-06
-9.59801e-09
4.17507e-06
-4.19062e-06
-3.18974e-06
-4.21179e-07
-4.16485e-06
-4.16193e-06
-3.13027e-06
-4.15299e-06
-4.16534e-06
-3.31982e-06
-4.1607e-06
5.55179e-07
-4.15985e-06
-4.16418e-06
3.29765e-06
-4.1541e-06
-4.15929e-06
3.15494e-06
-4.1632e-06
-3.17185e-06
-4.14994e-06
-4.32837e-07
-4.1544e-06
-4.18059e-06
-4.14463e-06
-4.16596e-06
3.19255e-06
-4.14964e-06
2.98501e-06
1.49975e-08
3.14384e-07
2.81353e-06
2.97878e-06
-4.1441e-06
2.36567e-06
1.51112e-06
-4.18109e-06
-4.14196e-06
-5.41029e-09
-2.71274e-06
3.92596e-06
4.19585e-06
2.78678e-08
-4.1366e-06
-4.14485e-06
2.58538e-06
-3.02201e-06
-4.14469e-06
4.14756e-06
-4.14034e-06
-6.19764e-09
-4.17516e-06
3.08892e-06
-3.08892e-06
-3.46488e-06
1.70712e-06
-4.16734e-06
-4.16457e-06
2.03841e-07
-3.19376e-06
-3.29976e-06
-9.35565e-07
3.23601e-08
-4.18207e-06
-3.11645e-06
-3.33774e-06
3.33774e-06
-2.80215e-06
-3.18187e-06
-4.13021e-06
4.13804e-06
3.18187e-06
2.91878e-06
-1.05005e-08
-4.12285e-06
-2.05683e-06
-1.78473e-06
-4.11783e-06
4.12175e-06
-4.12927e-06
3.37023e-06
2.16967e-07
-3.1498e-06
-2.98501e-06
3.2397e-06
1.30436e-07
-9.64668e-08
3.19095e-06
-3.09449e-06
4.20112e-06
-3.16029e-06
3.76153e-06
-4.12795e-06
-3.27804e-06
2.36553e-06
-3.88173e-06
1.51619e-06
4.20471e-06
-4.01766e-08
-2.89926e-06
2.39341e-07
7.47099e-07
-3.05384e-06
1.3207e-07
3.07865e-06
-3.25866e-06
-3.10659e-06
-3.35873e-06
-3.12551e-06
2.43614e-06
-4.17542e-06
1.1502e-06
-3.44456e-06
-3.48152e-06
-3.18443e-06
1.14182e-08
-3.37296e-06
3.24822e-06
-3.13681e-06
3.12573e-06
-4.1704e-06
-3.19711e-06
-7.82449e-07
-2.38405e-06
3.11679e-06
-9.11116e-09
4.07053e-06
-4.07053e-06
4.05848e-06
-4.05848e-06
3.12695e-06
-3.12695e-06
-3.25866e-06
-2.87043e-06
-8.15248e-07
-2.9058e-06
-2.9307e-06
3.58579e-06
-3.57117e-06
2.94667e-06
-2.2531e-06
-1.54079e-06
1.94616e-06
3.45147e-07
2.97878e-06
-3.21261e-06
-2.93564e-06
-3.27804e-06
-3.02999e-06
2.93564e-06
-7.47314e-07
-6.14689e-07
-1.33658e-06
-2.22676e-06
-1.53639e-06
-4.08428e-07
-2.14896e-06
-3.31581e-06
-3.29976e-06
1.92858e-06
1.95937e-06
2.14312e-06
-4.05521e-07
-4.19333e-08
-2.63045e-07
3.07823e-06
-2.60121e-06
2.19278e-06
7.07259e-07
-3.31982e-06
2.72999e-06
5.58411e-07
3.13436e-06
-2.63121e-06
2.9131e-06
-4.96903e-07
3.51069e-06
-3.14715e-06
2.66879e-06
-2.39103e-06
1.94918e-06
-1.06636e-06
-8.8246e-07
-1.56967e-06
-1.74067e-06
-1.59922e-06
-1.60483e-06
-3.33967e-06
-2.91445e-06
3.22308e-06
-1.95481e-06
-1.26827e-06
8.80566e-08
2.77475e-06
-3.00291e-06
1.02954e-06
-2.60083e-07
5.11469e-07
2.40731e-06
2.05457e-06
-2.83377e-06
1.61989e-06
-3.04172e-06
1.57086e-06
-3.18732e-06
-3.08535e-06
3.205e-06
-8.02762e-08
4.97397e-07
-2.57966e-06
3.72986e-06
-1.6159e-06
-1.74385e-06
2.70742e-06
-3.30664e-06
3.26463e-06
1.9055e-07
2.74976e-06
-2.74976e-06
3.06869e-06
2.53988e-06
3.71949e-06
2.90944e-06
3.73655e-06
1.42784e-06
2.97948e-06
-9.61854e-07
-3.33659e-06
-3.16975e-06
2.35538e-06
-2.12832e-06
-2.52586e-06
-1.17102e-07
3.08619e-06
7.41143e-07
1.20804e-06
-2.84632e-07
-2.49736e-06
-3.15574e-06
-1.03194e-07
-2.73509e-06
2.68225e-06
-3.06902e-06
-2.01558e-06
-3.18443e-06
2.65773e-06
3.05977e-06
2.57485e-06
2.54395e-06
7.32715e-07
2.38408e-06
-4.7665e-06
2.14896e-06
-3.04337e-06
-1.57868e-06
-1.98969e-06
1.33931e-06
-1.47511e-06
6.94674e-08
-3.33049e-06
2.56242e-06
1.07721e-06
2.29031e-06
-2.17231e-06
-1.64999e-06
3.30953e-06
-7.51271e-07
-3.76039e-07
2.94332e-07
2.81448e-06
-2.13327e-06
-2.7051e-06
-3.24888e-07
3.23678e-06
1.37411e-07
-1.22656e-06
1.5807e-07
-3.0785e-06
-2.51382e-07
-3.15066e-06
2.60018e-06
-1.68471e-06
-1.88888e-06
-3.36245e-06
-3.26761e-07
-2.85512e-06
-2.59726e-06
2.01558e-06
1.3982e-06
1.91411e-06
2.61065e-06
-2.36684e-06
-3.38771e-06
5.87926e-08
-1.24524e-06
-1.27357e-06
-2.41504e-06
3.0875e-06
1.13559e-06
2.32537e-06
2.91648e-06
3.01543e-07
-2.51938e-06
-2.83556e-06
3.02611e-06
-3.18115e-06
-2.73143e-06
3.42824e-06
-9.43602e-07
-2.50161e-06
-2.26326e-06
-2.76508e-06
-2.50862e-06
3.41854e-06
-2.50787e-06
2.60979e-06
5.41693e-07
2.48198e-06
-2.51492e-06
3.53833e-06
1.4456e-06
3.56765e-06
1.41463e-06
-2.51868e-06
3.53833e-06
3.56765e-06
-2.7072e-06
-2.68772e-06
-2.86433e-06
2.96705e-06
2.57314e-06
2.31867e-06
-2.37601e-07
1.57691e-06
3.485e-06
7.50563e-07
2.62748e-06
-2.4289e-06
-2.83284e-06
2.60208e-07
2.51418e-06
2.22599e-06
-3.03312e-06
-2.65283e-07
2.93408e-06
2.61018e-06
2.83343e-06
-2.5391e-06
6.86696e-07
2.54056e-06
2.59025e-06
1.13081e-06
-2.33441e-06
2.78854e-06
-2.29388e-06
3.39755e-06
-2.71274e-06
-3.80416e-07
-2.67921e-06
2.18949e-06
-2.79337e-06
3.45908e-06
6.20242e-07
8.62262e-07
2.66261e-06
-1.49313e-07
2.46502e-06
7.96314e-07
2.46542e-06
-2.46542e-06
-2.72225e-06
2.51465e-06
-4.75552e-07
-2.1425e-06
-2.05499e-06
-1.89091e-06
2.05499e-06
-2.72291e-06
6.63862e-07
2.23861e-06
-4.78737e-09
-2.84476e-06
1.92431e-07
-2.57942e-06
2.85429e-06
-2.35049e-06
-2.6858e-06
-9.66119e-07
-2.1509e-06
4.02979e-07
-3.14173e-06
1.17129e-06
2.22676e-06
-2.57966e-06
2.70939e-06
-2.6043e-06
-3.81251e-06
1.8577e-06
1.98969e-06
2.66951e-06
1.16551e-06
2.2531e-06
2.66493e-06
2.64104e-06
-2.54914e-06
2.54914e-06
-2.72744e-06
-8.49429e-07
-2.45776e-06
4.50312e-07
2.05683e-06
2.22931e-06
7.8009e-07
2.65538e-06
-2.48967e-06
-2.73268e-06
-2.28634e-06
-8.93051e-07
-2.40284e-06
-1.02746e-07
4.05262e-07
1.07235e-07
1.27543e-07
-2.78593e-06
2.71362e-06
-3.01096e-06
-5.90562e-07
1.9686e-06
1.50838e-06
2.81228e-06
2.87492e-06
1.50182e-06
2.08397e-06
1.39714e-06
-3.03819e-09
2.56546e-06
1.52076e-06
2.453e-06
8.70135e-07
2.26741e-06
1.95611e-07
-3.05977e-06
2.78701e-06
2.37474e-06
-2.37474e-06
2.2998e-06
-2.2998e-06
3.19338e-07
2.33092e-06
-2.33092e-06
2.36997e-06
-2.36997e-06
-3.04846e-06
-2.96813e-07
-2.32775e-06
2.29388e-06
3.26096e-06
-7.95544e-07
-3.96493e-07
-6.32918e-07
-2.73002e-06
-2.52986e-06
-1.91032e-06
-1.9714e-06
7.11825e-07
-2.82604e-06
-2.72257e-06
-8.68639e-07
-2.52765e-06
-2.60714e-06
-4.81961e-07
2.20956e-06
-2.58777e-06
2.56555e-06
2.26373e-06
1.66223e-06
1.60295e-06
-2.4378e-06
-2.42364e-06
2.90788e-06
1.6601e-06
-2.84514e-06
1.68308e-06
2.70177e-06
-9.53408e-07
-9.94216e-07
-2.59795e-06
2.58832e-06
-2.5935e-06
2.85942e-06
-2.80956e-06
2.6559e-06
2.7781e-06
-2.68216e-06
-1.00227e-06
-9.70834e-07
-9.87365e-07
-2.38683e-06
2.47944e-06
3.27205e-06
2.54864e-06
2.35538e-06
-2.48444e-06
2.87442e-06
2.24959e-06
-2.46586e-06
-1.32087e-07
-9.83007e-07
-2.96868e-07
1.99827e-06
1.73809e-06
2.68225e-06
2.67812e-06
-4.7557e-08
-2.96652e-06
-2.53602e-06
-1.86545e-07
2.99009e-06
-9.14538e-07
2.45093e-06
-9.18503e-07
-2.724e-06
2.38619e-06
2.73729e-07
1.7969e-06
2.46492e-06
-2.42113e-06
-9.24128e-07
2.7741e-06
-2.25459e-07
1.39972e-06
1.99856e-06
3.16737e-06
-2.487e-06
2.47548e-06
2.65769e-06
-8.72961e-07
9.08036e-07
2.51476e-06
-2.19589e-07
-2.05054e-06
2.29628e-06
-2.80932e-06
-8.48038e-07
2.33441e-06
2.3038e-06
2.1509e-06
1.57896e-06
2.62813e-06
-1.88929e-06
2.67921e-06
7.75196e-07
-4.81396e-08
-2.46204e-06
-2.54494e-06
5.77104e-07
8.85239e-07
-2.62219e-06
-2.59005e-06
2.18861e-06
-2.55957e-06
2.79351e-06
-2.59553e-07
-2.05299e-06
2.31254e-06
-1.68563e-06
1.76781e-06
1.50424e-06
-2.69748e-06
-2.86936e-06
3.54455e-07
-2.38839e-06
-2.26373e-06
-3.5532e-07
3.07561e-06
-2.82581e-07
2.58638e-06
9.70255e-07
3.807e-07
8.66798e-07
1.9524e-06
-2.21195e-06
2.69737e-06
2.40267e-06
1.01166e-07
-2.59351e-06
2.49234e-06
-9.34634e-08
2.0346e-07
-6.16923e-07
2.36899e-06
-2.26782e-06
-1.32612e-06
5.55059e-07
-3.18097e-06
5.86954e-07
-2.2211e-06
-8.46092e-08
9.34351e-07
5.02672e-07
1.55319e-06
-2.12005e-06
-2.52439e-06
8.4144e-07
-2.68628e-06
3.449e-07
2.32821e-06
2.5667e-06
1.65161e-06
-2.27505e-06
5.71228e-07
-5.02886e-07
-5.20153e-07
-2.40764e-06
-1.57607e-06
-1.76763e-06
-3.42706e-07
4.25297e-06
-1.52795e-06
4.26673e-06
-2.48529e-06
2.28412e-06
8.03783e-08
-2.5609e-06
-2.57272e-06
-6.46292e-07
1.92669e-06
-2.0813e-06
2.3561e-06
4.37824e-07
-1.44327e-07
2.67145e-06
2.18464e-06
2.57566e-06
2.74294e-06
-8.97248e-07
-2.21339e-06
-2.36082e-06
-2.15736e-06
-6.7966e-07
2.56931e-06
2.73806e-06
2.66089e-07
7.53087e-07
1.66245e-06
-2.59658e-06
2.50007e-06
2.66864e-06
-1.09592e-07
)
;

boundaryField
{
    front
    {
        type            empty;
    }
    back
    {
        type            empty;
    }
    wall
    {
        type            calculated;
        value           uniform 0;
    }
    inlet
    {
        type            calculated;
        value           nonuniform List<scalar> 
12
(
-4.82096e-06
-4.82704e-06
-4.83103e-06
-4.78332e-06
-4.96119e-06
-4.8461e-06
-4.94907e-06
-4.98393e-06
-4.98228e-06
-5.02834e-06
-5.02354e-06
-5.02654e-06
)
;
    }
    outletLeft
    {
        type            calculated;
        value           nonuniform List<scalar> 9(3.29962e-06 3.32899e-06 3.32813e-06 3.3194e-06 3.30731e-06 3.31035e-06 3.31471e-06 3.36419e-06 3.377e-06);
    }
    aneurysm
    {
        type            calculated;
        value           uniform 0;
    }
    outletRight
    {
        type            calculated;
        value           nonuniform List<scalar> 9(3.20458e-06 3.22954e-06 3.28135e-06 3.15443e-06 3.24896e-06 3.20405e-06 3.23579e-06 3.28433e-06 3.27064e-06);
    }
}


// ************************************************************************* //
