/*--------------------------------*- C++ -*----------------------------------*\
  =========                 |
  \\      /  F ield         | OpenFOAM: The Open Source CFD Toolbox
   \\    /   O peration     | Website:  https://openfoam.org
    \\  /    A nd           | Version:  12
     \\/     M anipulation  |
\*---------------------------------------------------------------------------*/
FoamFile
{
    format      ascii;
    class       surfaceScalarField;
    location    "0.05";
    object      phi;
}
// * * * * * * * * * * * * * * * * * * * * * * * * * * * * * * * * * * * * * //

dimensions      [0 3 -1 0 0 0 0];

internalField   nonuniform List<scalar> 
6438
(
-8.25896e-09
1.01441e-06
-1.00615e-06
-9.00725e-09
1.17825e-06
-1.16924e-06
-1.10246e-06
-1.85373e-07
1.28783e-06
1.04516e-06
-1.14705e-06
1.01886e-07
1.61142e-06
-1.25785e-06
-3.53571e-07
3.72323e-07
1.2391e-06
-1.24705e-06
1.44588e-07
-1.08889e-06
1.07988e-06
1.17419e-06
-1.4047e-06
2.30506e-07
1.09306e-06
-1.27946e-06
1.86398e-07
-1.05831e-06
1.28305e-06
-2.24738e-07
2.55678e-07
-1.16284e-06
9.07163e-07
-1.30264e-06
2.44326e-07
1.00378e-06
4.62662e-07
-1.46644e-06
9.43871e-07
-9.5213e-07
-5.1824e-08
1.10415e-06
-1.05232e-06
-1.39321e-06
1.34953e-06
4.36823e-08
-1.05507e-06
1.2783e-06
-2.23231e-07
-1.30016e-06
2.45091e-07
4.14126e-07
8.79092e-07
-1.29322e-06
-3.03026e-07
-1.98137e-07
5.01163e-07
-6.51648e-08
1.15977e-06
-1.09461e-06
-1.07199e-06
-1.75296e-07
1.24729e-06
-1.31082e-06
5.76949e-07
7.33866e-07
-1.14261e-06
1.07744e-06
-1.01428e-06
1.23519e-06
-2.20913e-07
-1.2328e-06
1.60813e-07
1.17548e-06
-9.19806e-07
-1.06627e-06
-1.95164e-07
1.26143e-06
-1.28471e-06
2.70432e-07
9.92284e-07
-1.23897e-06
2.46683e-07
5.18121e-09
-1.21054e-06
1.20536e-06
1.18256e-06
-1.18788e-06
5.31881e-09
-1.17198e-06
1.98639e-07
9.73346e-07
-1.58728e-06
2.5636e-07
1.33092e-06
1.11414e-06
-1.10896e-06
1.1217e-06
-7.65429e-08
7.29365e-07
1.01988e-06
-1.74924e-06
-3.54677e-07
1.35846e-06
-1.04386e-06
1.1479e-06
-1.04044e-07
-1.21373e-06
1.20187e-06
1.18581e-08
-5.05734e-07
9.19859e-07
1.08427e-06
8.79167e-09
-1.30256e-06
1.27641e-06
2.61525e-08
1.1704e-06
-1.78112e-07
-8.65622e-07
8.13798e-07
-1.51316e-06
2.55312e-07
1.14789e-06
1.11143e-07
-1.25904e-06
-8.98321e-07
-2.73664e-07
-1.62923e-07
-1.07612e-06
1.22197e-06
-1.45842e-07
-8.07193e-07
1.15892e-06
-3.51725e-07
1.16193e-06
-1.16193e-06
3.63203e-07
8.82701e-07
1.15909e-07
-9.9861e-07
5.16221e-07
2.48921e-07
-7.65141e-07
9.84503e-07
2.0105e-07
-1.18555e-06
9.50691e-07
-3.73742e-07
-5.51042e-07
-9.62121e-07
-1.06267e-08
1.02369e-06
-1.01306e-06
-1.26446e-06
1.26446e-06
-1.30747e-06
1.31941e-06
-1.19428e-08
5.22965e-08
9.75048e-07
-1.02734e-06
3.6632e-09
-1.1941e-06
1.19044e-06
1.10764e-06
-1.10397e-06
-1.20694e-06
1.40675e-07
-1.21022e-06
-9.23397e-08
-1.0375e-06
1.13991e-06
-1.02407e-07
1.1523e-07
9.96223e-07
-1.11145e-06
-1.22322e-06
1.17662e-06
4.66034e-08
1.19289e-06
-1.19289e-06
1.11025e-06
6.39388e-08
-7.28099e-07
-5.51359e-07
1.0371e-06
2.20666e-07
-1.25777e-06
-1.01921e-06
-1.94517e-07
9.0479e-07
7.00832e-07
-1.60562e-06
-1.40201e-06
8.96272e-07
-8.95536e-07
-5.06469e-07
1.22667e-06
-1.89573e-07
7.35601e-07
-2.1938e-07
1.00023e-06
1.11068e-07
-1.1113e-06
-1.23244e-06
-7.50306e-08
-1.78338e-07
-3.00311e-07
-9.64146e-07
1.33625e-06
-1.33625e-06
-8.85212e-07
-3.38008e-07
-8.15814e-08
-1.5057e-06
-1.15245e-06
1.14884e-06
3.61262e-09
4.14894e-08
-1.1699e-06
1.12841e-06
-1.28496e-07
1.12872e-06
1.15403e-06
2.8531e-08
-1.20576e-06
-1.87449e-07
-1.21676e-06
1.24611e-06
-2.93533e-08
1.27264e-06
-7.11493e-07
-5.61143e-07
1.1418e-06
-1.10031e-06
2.41632e-08
1.28187e-06
-6.51948e-07
-6.29922e-07
7.26927e-07
5.4571e-07
1.17491e-06
-1.17491e-06
-9.01275e-07
1.29115e-06
-3.89879e-07
-1.1316e-06
5.54803e-08
-1.55207e-07
-9.15567e-07
1.07077e-06
-1.06116e-06
4.19512e-08
-1.13722e-06
2.35949e-07
9.78271e-07
2.13179e-07
-1.19145e-06
-7.40173e-08
1.05229e-06
-1.02459e-06
1.18339e-06
-1.58799e-07
-1.0855e-06
4.16425e-08
7.53895e-07
5.27975e-07
1.13278e-06
-2.25614e-07
4.84884e-08
1.11344e-06
-9.78326e-07
-8.28364e-08
1.02129e-06
2.19806e-07
-1.2411e-06
-5.65039e-07
-4.88833e-07
1.05387e-06
7.44291e-07
-9.69002e-08
-6.47391e-07
-1.21054e-06
2.47304e-07
1.20872e-06
-1.45603e-06
-5.63147e-07
2.60121e-07
1.20929e-06
2.59016e-08
1.3155e-06
-6.82082e-07
-6.33418e-07
4.43544e-07
8.71956e-07
1.2173e-06
-1.96012e-07
1.49386e-06
-7.64497e-07
-1.10579e-06
4.67168e-09
1.10111e-06
-1.58361e-06
1.59314e-07
1.4243e-06
-1.86703e-08
-1.10045e-06
1.11912e-06
1.20803e-06
6.83801e-08
-9.33188e-07
9.22562e-07
-1.11318e-06
1.13526e-06
-2.2077e-08
1.12817e-06
-1.14684e-06
1.16428e-06
-1.16428e-06
1.14382e-06
3.44282e-08
1.14743e-06
-2.64734e-07
1.13178e-06
-1.07948e-06
-9.9659e-07
8.41383e-07
1.07769e-08
1.09881e-06
-1.10959e-06
1.29571e-06
-9.0465e-07
-3.91058e-07
-1.1941e-06
-1.76534e-08
1.37554e-08
-1.10265e-06
-1.10195e-06
6.44546e-08
1.19959e-08
1.10215e-06
1.06673e-06
-9.51505e-07
-1.0997e-06
7.51143e-08
1.11494e-06
-3.06718e-08
-4.05144e-08
9.71235e-07
-9.30721e-07
7.67845e-07
5.27863e-07
-1.14367e-06
2.47274e-07
8.96394e-07
1.16348e-06
-4.56304e-09
-1.54203e-06
1.38728e-07
1.4033e-06
-1.59867e-08
-1.09477e-06
1.11076e-06
7.26814e-07
1.74772e-08
7.00757e-08
1.09341e-06
1.08328e-06
9.22076e-08
1.12178e-06
-1.13777e-06
-1.16736e-06
-3.84019e-08
1.1938e-06
-1.28506e-06
9.12608e-08
-1.06465e-06
-4.11334e-08
-1.29675e-06
5.62783e-07
7.33963e-07
-9.33782e-10
1.12033e-06
3.94418e-08
-1.05621e-06
1.22768e-06
-1.71477e-07
-1.15866e-06
1.00072e-06
1.57939e-07
-1.57551e-07
4.05967e-07
-2.48416e-07
-3.64163e-07
-9.20545e-07
-1.1699e-06
-9.61371e-09
1.11725e-06
3.45755e-07
9.454e-07
-1.91925e-08
-1.13685e-06
-5.75771e-09
-2.44116e-08
-1.24235e-06
1.04887e-06
1.93485e-07
-7.29435e-08
9.27189e-07
1.83062e-07
1.81665e-06
-7.96771e-07
-3.83122e-07
-9.17039e-07
1.13864e-06
1.53868e-08
-9.74744e-07
4.09705e-07
-4.41807e-07
-6.92437e-07
1.13424e-06
-3.91924e-07
-9.10711e-07
-6.35167e-07
1.53996e-06
-1.1759e-06
3.90456e-08
-1.11033e-06
1.11464e-06
-4.30866e-09
-9.13679e-07
8.73165e-07
-1.35429e-08
-1.08815e-06
1.1017e-06
-1.19676e-06
2.08637e-08
9.96909e-07
-1.18577e-06
1.88862e-07
1.11202e-06
-1.12556e-06
9.9181e-07
-3.74586e-07
-6.17225e-07
-1.50206e-06
5.36047e-07
9.6601e-07
1.01705e-06
9.78885e-08
8.38832e-07
5.10697e-07
2.45189e-07
1.09106e-06
-2.94234e-07
-1.04202e-06
-1.21221e-06
1.20124e-06
1.09783e-08
-1.20882e-06
-3.39365e-09
-1.20308e-06
-5.73701e-09
4.47628e-09
3.13478e-07
-1.75026e-06
1.43678e-06
-1.29678e-06
1.54409e-06
1.02444e-06
-1.01366e-06
1.0959e-06
4.59001e-08
8.93541e-08
9.02456e-07
-1.10045e-06
-9.97166e-07
9.92691e-07
1.2332e-07
-1.11601e-06
-5.61794e-09
-2.38677e-07
1.74588e-06
-1.5072e-06
1.65555e-06
-1.19289e-06
-5.03243e-07
7.52163e-07
-3.20155e-07
-9.76592e-07
-8.65214e-07
-6.36843e-07
-1.09922e-06
-6.81361e-08
-1.10828e-06
1.10814e-06
1.36926e-10
-1.74242e-07
1.03879e-06
-8.64548e-07
-1.19108e-06
1.19914e-06
-8.06347e-09
-1.17842e-06
-1.26602e-08
-1.51343e-06
9.63007e-08
1.41713e-06
-1.05544e-06
-6.85145e-08
1.12396e-06
1.18716e-06
1.19866e-08
-2.10721e-07
-1.29462e-06
4.75669e-07
8.18949e-07
7.1529e-09
-6.85594e-07
-6.09024e-07
-1.59254e-08
-1.22475e-08
-1.0814e-06
1.09365e-06
-1.11079e-06
5.53448e-08
1.00369e-06
1.34952e-07
1.15628e-06
-1.10779e-06
1.10079e-06
-1.11304e-06
1.09657e-06
3.15983e-08
5.39521e-07
1.11603e-06
1.13211e-06
-2.04923e-07
-8.98524e-08
-1.49376e-06
-6.45528e-08
9.03806e-07
-8.39254e-07
-1.17297e-06
-5.453e-09
-1.17273e-06
-2.39936e-10
1.18175e-06
-1.17301e-06
-8.73483e-09
1.16941e-06
1.23396e-08
-1.09477e-06
2.69469e-07
-3.6874e-07
9.92715e-08
-1.32286e-06
7.75718e-07
5.47139e-07
5.91873e-07
-1.18683e-06
5.94962e-07
-1.03567e-06
-9.59316e-08
-1.10456e-06
1.09912e-06
5.43958e-09
-1.14737e-06
1.10599e-06
4.13783e-08
-9.15855e-08
1.17437e-06
-1.08278e-06
-1.13948e-06
2.86937e-08
-1.26561e-06
1.57909e-06
-1.16349e-07
-1.02732e-06
-1.18971e-06
1.09813e-06
-9.32371e-07
-8.52447e-08
1.01762e-06
-8.6865e-07
1.16215e-06
7.26188e-09
-7.92651e-07
-2.12472e-07
2.35845e-07
-2.33732e-08
-1.05799e-08
4.32279e-08
-1.50939e-06
1.46616e-06
-8.39845e-07
-4.07202e-07
-1.17695e-06
1.15386e-06
2.30911e-08
-1.15894e-06
-1.80112e-08
-4.15686e-07
2.58135e-07
1.09455e-06
2.72333e-08
1.16335e-06
-1.88303e-07
1.15848e-06
-1.1578e-06
-6.82306e-10
-3.01687e-09
-1.07289e-06
1.0759e-06
1.2133e-06
-8.67547e-07
-1.45337e-08
1.19848e-06
6.80586e-07
-1.87907e-06
1.1864e-06
-1.1864e-06
1.86049e-07
1.07841e-06
-4.18784e-07
-7.43145e-07
-9.47203e-07
1.14172e-06
-1.94513e-07
-1.23683e-07
-1.02369e-06
1.09508e-06
-1.0981e-06
-1.04687e-06
1.61393e-08
1.03073e-06
2.01829e-07
-1.06327e-06
8.61442e-07
-1.10117e-06
1.08933e-06
1.18332e-08
7.05257e-07
5.08044e-07
-3.4001e-08
-1.78471e-07
-6.62593e-07
-6.60265e-07
-2.57716e-07
-1.17516e-06
1.18951e-07
-1.08815e-06
9.85735e-07
2.08063e-07
-9.12736e-07
-1.0275e-06
9.5133e-08
-1.04888e-06
6.07073e-07
1.1905e-06
-9.67475e-07
-2.23027e-07
2.02392e-07
9.5389e-07
-8.35997e-07
-3.96806e-07
-1.16244e-06
1.16244e-06
1.16462e-06
-1.12034e-06
-4.42807e-08
6.61733e-08
-1.10185e-06
-9.30559e-07
1.05184e-06
-1.21283e-07
-3.67265e-07
1.69128e-07
1.08439e-06
-1.08978e-06
5.38996e-09
1.14172e-06
1.21414e-08
1.1519e-06
1.27217e-08
1.738e-06
-1.10941e-06
-3.00732e-08
-9.73165e-07
7.98923e-07
1.09268e-06
1.93379e-08
1.14867e-06
-1.1429e-06
-5.77619e-09
-1.02654e-08
-1.60809e-08
1.20819e-07
-9.8488e-07
8.6406e-07
-3.34497e-08
-1.50858e-06
3.61015e-07
8.01571e-08
-1.01072e-06
-1.09815e-06
1.08119e-06
1.69644e-08
1.09445e-06
-9.75389e-08
-5.08578e-07
-6.793e-07
-1.53546e-06
1.13599e-07
-6.16842e-07
-1.82465e-07
4.97251e-09
1.12791e-06
-1.00459e-06
-1.0814e-06
-1.08295e-06
2.84827e-08
1.05447e-06
1.52787e-06
2.18011e-07
8.80786e-07
4.38628e-07
1.06649e-06
-4.74615e-07
1.11193e-06
-6.30587e-08
2.56014e-06
-1.87955e-06
-1.75026e-06
-5.62205e-07
-5.96459e-07
-1.44313e-08
1.18742e-06
-1.11253e-06
-7.48873e-08
1.12632e-06
2.55723e-08
1.30497e-07
-1.0777e-06
-7.98899e-07
9.19718e-07
1.09093e-06
9.86764e-09
8.49756e-07
3.76916e-07
1.14475e-06
4.26752e-08
1.144e-06
-1.12769e-06
-1.63067e-08
-5.17023e-07
-7.21945e-07
-5.15175e-08
1.05224e-06
1.93033e-08
-1.21219e-06
9.48288e-07
-7.46459e-07
-1.65733e-08
2.36637e-08
9.2634e-07
-1.00539e-06
7.90518e-08
1.70793e-07
9.70923e-07
1.55003e-06
-1.50681e-06
5.40616e-07
6.81349e-07
-1.09476e-06
1.08292e-06
1.18424e-08
-2.50146e-08
-6.37941e-07
3.50837e-07
2.87104e-07
-1.17079e-08
1.18803e-06
-1.18803e-06
1.34664e-06
-7.82382e-07
-5.64258e-07
-9.79167e-07
-1.67879e-07
8.25313e-07
3.9199e-07
1.13849e-06
6.2603e-09
-1.07289e-06
1.06435e-06
6.95941e-09
-1.0713e-06
8.70348e-07
1.21219e-06
-1.20536e-06
3.04498e-08
1.41569e-06
-1.25637e-06
1.09406e-06
-1.1605e-06
1.08914e-06
-2.47991e-08
9.82072e-07
-1.06443e-06
1.05923e-06
5.19797e-09
4.84517e-08
8.5437e-07
-9.02822e-07
-9.6643e-07
7.98854e-07
-7.20406e-08
1.00923e-06
1.38669e-07
-1.00109e-08
-9.36544e-07
-1.63161e-07
-1.40553e-06
8.88506e-07
3.16363e-09
-1.06782e-06
-1.13591e-06
-5.38079e-08
1.51877e-06
-8.17937e-07
1.07922e-08
-1.97803e-07
1.20776e-06
-1.00995e-06
-5.15329e-07
-1.22613e-07
1.05982e-06
-1.07082e-06
1.0993e-08
-1.09406e-06
1.08741e-06
4.71855e-07
6.71938e-07
-1.14379e-06
1.13448e-06
-2.08145e-07
9.20647e-08
1.01208e-06
1.11789e-06
1.09796e-07
1.21235e-07
1.48234e-07
-1.19044e-06
2.61574e-08
-9.43199e-07
1.0737e-06
-5.47007e-07
6.60606e-07
1.00933e-07
-9.90939e-07
8.90006e-07
-8.48419e-09
1.82962e-08
-9.88196e-07
-1.12679e-06
1.10566e-06
2.11345e-08
-1.0784e-06
1.1092e-07
7.05774e-07
6.40867e-07
-6.05925e-07
1.24247e-06
-6.36541e-07
1.24869e-06
-1.16548e-06
-8.32123e-08
3.19996e-08
7.66855e-07
-1.07159e-06
-1.13673e-08
1.08761e-06
1.53242e-09
5.34766e-07
-1.83929e-07
1.38436e-06
-1.24563e-06
9.84459e-07
1.55447e-07
6.18349e-08
-1.1043e-06
1.67759e-07
1.65892e-08
-9.59788e-07
1.23253e-06
-9.96583e-07
1.00407e-06
-6.08975e-08
-9.56116e-07
1.01701e-06
-1.08276e-06
1.12817e-06
-1.35288e-08
-1.63995e-06
1.32745e-07
-7.22543e-09
1.06186e-06
2.10593e-08
-9.99721e-07
-1.10101e-06
1.09669e-06
4.32738e-09
1.31903e-06
-7.67594e-07
-5.51433e-07
-9.21568e-07
-8.35871e-08
1.00515e-06
-2.17115e-09
-1.08449e-06
2.34925e-08
-1.18599e-07
1.16194e-06
-1.04334e-06
-1.06517e-06
1.07056e-06
-1.54688e-06
-2.25211e-07
-1.49532e-06
1.45751e-06
3.78119e-08
8.49914e-07
4.33134e-07
9.96809e-07
9.06368e-08
-1.08745e-06
1.0605e-06
-4.34455e-08
8.51613e-07
4.26687e-07
-7.5746e-07
2.42131e-07
-1.07404e-06
9.30761e-07
-1.05926e-06
-1.44008e-06
1.43492e-06
5.16174e-09
1.29804e-06
-1.04168e-06
1.06235e-06
-3.11861e-09
6.58284e-08
-9.90879e-07
9.25051e-07
-1.60374e-08
-1.42404e-06
1.2869e-06
-1.2869e-06
-5.86923e-07
1.10386e-06
-5.1694e-07
-1.06233e-06
1.06233e-06
1.08724e-06
-9.6053e-07
-1.26706e-07
1.00489e-06
2.41223e-07
1.13175e-06
-9.29359e-07
1.12079e-06
-1.26442e-08
-8.74462e-07
-1.40844e-07
1.01531e-06
-1.42271e-06
1.42771e-06
-4.99734e-09
1.31536e-06
-7.91835e-07
-5.23522e-07
1.91517e-07
9.40234e-07
-1.43761e-06
1.43032e-06
7.28851e-09
-4.14698e-10
-1.07103e-08
1.41855e-06
-1.40784e-06
-1.43237e-06
1.43237e-06
-1.71244e-08
1.07695e-06
1.53821e-06
-1.43319e-06
-1.05019e-07
-1.43859e-06
1.42788e-06
1.4371e-06
-1.42987e-06
-7.22952e-09
-1.04707e-06
-2.3744e-08
1.22551e-06
-1.66289e-08
1.42779e-06
-1.41116e-06
1.4282e-06
-1.43092e-06
2.72318e-09
-1.08089e-06
1.42066e-06
-2.11342e-09
-1.09988e-06
1.09026e-06
9.62696e-09
-1.42041e-06
1.42568e-06
-5.26839e-09
1.08843e-06
-1.05995e-06
-1.43477e-06
1.41814e-06
1.10135e-06
-3.51199e-07
5.2258e-07
6.85176e-07
-7.93841e-07
-6.11688e-07
-1.42979e-06
1.42979e-06
-1.43638e-06
-2.20537e-09
1.32991e-06
-2.45157e-07
-1.08475e-06
-9.34233e-07
6.33921e-07
3.60839e-08
1.42298e-06
-1.42747e-06
4.49046e-09
1.04743e-06
-1.04732e-06
-1.05971e-10
1.46735e-06
-1.42908e-06
-3.82639e-08
1.41536e-06
7.61915e-09
1.41281e-06
1.49749e-08
-3.0418e-09
-1.05929e-06
-1.30509e-06
7.19623e-07
5.85464e-07
-1.05776e-06
1.06472e-06
1.41999e-06
-4.6225e-09
1.48897e-07
9.63032e-07
7.63143e-07
-2.91287e-07
-1.43277e-06
-2.00021e-09
1.16831e-06
6.92404e-07
-1.18124e-06
-1.81293e-07
-1.45865e-06
1.068e-06
-1.07495e-06
6.95576e-09
-4.96812e-08
-1.44564e-06
1.11171e-06
-1.25943e-08
1.23415e-06
-8.43519e-07
-3.9063e-07
-1.06942e-06
1.42221e-06
-1.42221e-06
1.01935e-06
1.50962e-08
-1.03445e-06
1.09682e-06
-1.42524e-06
1.42333e-06
1.90861e-09
1.41491e-06
-1.42879e-06
1.38792e-08
8.9555e-07
-1.18978e-06
-3.92022e-09
-1.41516e-06
1.41908e-06
1.41188e-06
-1.4158e-06
-4.66128e-08
1.50412e-06
-1.12713e-06
1.22343e-06
-1.28176e-06
8.89837e-07
-2.25266e-08
1.45744e-06
1.22239e-07
6.29924e-07
1.47585e-08
1.31515e-06
-3.68904e-09
1.13717e-06
-1.13348e-06
-9.89702e-09
-1.4286e-06
-9.00876e-09
1.17475e-06
-1.18481e-07
-1.05627e-06
-1.41911e-06
1.41911e-06
8.30021e-07
-7.14112e-07
-1.43091e-06
1.42709e-06
3.82444e-09
1.09359e-06
-1.09359e-06
1.06339e-06
-1.5963e-08
1.42107e-06
-1.42336e-06
2.29733e-09
-1.37122e-06
3.74053e-07
2.7967e-10
-1.05604e-06
1.05576e-06
1.14487e-06
-9.6168e-09
1.42387e-06
1.32338e-08
8.64034e-07
1.47149e-07
-1.01118e-06
1.4284e-06
-7.73472e-09
1.11193e-06
-1.11193e-06
1.41934e-06
-1.4143e-06
-5.04859e-09
-1.0868e-06
1.07808e-06
8.71484e-09
1.43009e-06
-1.42579e-06
-4.29763e-09
-1.42154e-06
1.42154e-06
2.13158e-07
9.96473e-07
3.3722e-08
-1.03019e-06
-1.43103e-06
1.42723e-06
3.79849e-09
-5.49435e-09
-1.07265e-06
1.06655e-06
1.44659e-09
1.32953e-06
-2.48969e-07
-1.08056e-06
9.19211e-07
1.41573e-06
-1.41967e-06
3.94709e-09
1.0957e-06
1.16814e-06
1.64493e-08
1.0029e-06
1.45181e-06
-2.79463e-08
1.41092e-06
4.80272e-09
1.0394e-06
-1.0394e-06
-5.47007e-07
1.43578e-06
-1.42441e-06
-4.37773e-09
1.42382e-06
-1.4185e-06
-5.32313e-09
2.82928e-08
-1.45107e-06
1.42278e-06
1.49879e-07
-1.43678e-06
-1.42842e-06
1.42591e-06
2.51373e-09
1.03131e-06
-1.03089e-06
-4.20594e-10
1.08724e-06
-9.59276e-07
9.59276e-07
1.41385e-06
-2.9297e-09
-1.0602e-06
-9.90879e-07
9.96809e-07
1.10114e-06
-1.18099e-08
-3.29099e-09
1.12784e-07
-1.40408e-06
1.42348e-06
-1.42406e-06
5.7098e-10
3.3129e-08
9.98179e-07
3.35039e-08
1.14125e-06
1.07075e-06
-7.35849e-09
-1.42537e-06
1.42361e-06
1.75929e-09
1.41269e-06
-1.41689e-06
4.19551e-09
-1.42385e-06
-7.0561e-09
1.42015e-06
-1.4163e-06
-3.84808e-09
1.07295e-06
2.06333e-08
1.42082e-06
6.26563e-09
-1.88511e-09
1.4178e-06
5.80794e-09
-2.36231e-10
-1.05101e-06
-1.43942e-06
1.53828e-08
-1.06532e-06
1.06532e-06
1.44942e-08
1.31504e-06
-1.08253e-06
2.08066e-07
7.67791e-09
1.42052e-06
5.9238e-08
-1.0273e-06
9.68058e-07
1.02587e-08
1.42211e-06
1.35691e-06
-1.4798e-06
1.07331e-06
3.86198e-08
1.41188e-06
-1.08504e-08
1.00732e-06
-1.03517e-06
4.28571e-09
1.0206e-06
-1.56563e-07
-1.41542e-06
1.41542e-06
-1.42294e-06
-8.09112e-09
9.6053e-07
-9.95351e-07
3.48204e-08
-1.42211e-06
1.04706e-06
-1.04678e-06
1.42009e-06
7.13483e-09
-1.42067e-06
-1.26498e-06
8.81855e-07
-1.42699e-06
1.42457e-06
2.42413e-09
9.68405e-07
9.20925e-08
1.05604e-06
6.29127e-09
-1.41074e-06
1.4206e-06
-9.86571e-09
-1.07429e-06
1.06507e-06
9.22806e-09
-1.41524e-06
4.49677e-09
1.06822e-06
-1.67066e-09
5.79037e-08
-1.10241e-06
1.0445e-06
1.415e-06
-1.42139e-06
6.39235e-09
1.15148e-06
-1.20529e-06
1.41482e-06
-1.41466e-06
-1.53028e-10
-9.02089e-07
9.02089e-07
-1.11366e-06
1.11366e-06
-1.41316e-06
-2.07242e-09
-6.60606e-07
7.82845e-07
-1.4173e-06
1.4152e-06
2.102e-09
1.13335e-08
1.41846e-06
8.83778e-07
-7.82845e-07
-8.83778e-07
9.3223e-07
9.35764e-07
-1.07661e-06
1.2967e-06
-7.66693e-07
-5.30003e-07
-1.4223e-06
-6.11607e-09
-2.0444e-07
-9.3223e-07
1.13667e-06
1.42046e-06
5.44483e-09
-1.07714e-06
9.95002e-07
1.4247e-06
-1.42179e-06
-2.9155e-09
-1.41614e-06
-1.06746e-06
1.07429e-06
-3.48932e-08
-3.86456e-09
1.42385e-06
1.41767e-06
-1.05576e-06
-1.45161e-06
-8.52937e-07
1.08745e-06
-2.34508e-07
-1.40995e-06
-5.2068e-09
1.416e-06
1.80315e-09
8.25744e-07
-8.44453e-07
1.87092e-08
1.65334e-09
9.95351e-07
-1.03535e-06
3.99998e-08
6.57065e-07
6.61962e-07
-1.42167e-06
-5.31713e-09
-1.07843e-06
1.40978e-06
-1.40857e-06
-1.2088e-09
1.41991e-06
4.65563e-09
-1.42413e-06
1.42257e-06
1.56672e-09
1.08992e-06
1.07295e-06
-1.41344e-06
1.41026e-06
3.18245e-09
1.42342e-06
-1.42276e-06
-6.57066e-10
-1.0598e-06
1.07331e-06
1.41276e-06
-1.41276e-06
5.76008e-09
1.42456e-06
-8.91775e-07
-1.90753e-07
1.41564e-06
-6.38285e-10
-1.8123e-07
9.66502e-07
-7.85272e-07
1.41207e-06
-1.41085e-06
-1.21708e-09
4.37753e-09
1.41783e-06
1.40947e-06
-1.41077e-06
1.30478e-09
-1.42608e-06
-1.42086e-06
-8.56389e-07
1.28034e-09
1.42205e-06
-1.64952e-09
-1.41745e-06
1.4191e-06
-1.41284e-06
1.40972e-06
3.1263e-09
-1.42163e-06
-2.50545e-09
-1.07617e-06
-1.04035e-06
5.17788e-09
1.42012e-06
2.44816e-09
-1.41155e-06
1.41095e-06
6.01271e-10
-1.41251e-06
5.4144e-09
1.40709e-06
1.42122e-06
3.48086e-09
-1.41677e-06
-5.01262e-09
-1.0346e-06
-4.79873e-09
1.42054e-06
-1.42139e-06
8.5347e-10
1.41246e-06
-1.41411e-06
-1.41502e-06
1.41306e-06
1.96491e-09
1.41147e-06
-1.41033e-06
-1.14227e-09
1.06454e-06
7.83406e-10
1.42098e-06
2.43803e-09
-1.41896e-06
-3.8028e-09
-1.42411e-06
1.07429e-06
-1.41225e-06
1.4094e-06
2.85326e-09
9.37587e-07
-9.98484e-07
-1.40826e-06
1.41359e-06
-5.32963e-09
1.41269e-06
-1.41483e-06
2.13644e-09
-3.5943e-09
-1.42022e-06
-1.41247e-09
-3.75908e-09
-1.25423e-06
8.90066e-07
-2.47643e-09
1.41246e-06
-2.39226e-09
-1.55319e-09
-1.42145e-06
1.23438e-09
5.45381e-07
1.19365e-06
-1.73903e-06
-2.94451e-07
1.42051e-06
2.87605e-11
-1.41783e-06
2.69969e-09
1.41641e-06
-1.41865e-06
-2.73617e-09
-1.06822e-06
-1.42289e-06
1.43455e-09
5.12809e-09
1.41594e-06
-2.04273e-10
6.83186e-09
-1.39888e-06
1.39205e-06
1.42251e-06
-1.42178e-06
-7.27139e-10
-1.08702e-06
1.95242e-07
1.41977e-06
-1.41729e-06
-2.48372e-09
-1.42066e-06
-1.0537e-06
-5.58847e-08
1.41118e-06
-1.41006e-06
-1.12557e-09
7.50276e-09
-1.40021e-06
1.3927e-06
-1.42215e-06
1.41946e-06
2.69102e-09
-1.07588e-06
1.0666e-06
9.28373e-09
1.20579e-09
-1.42211e-06
-7.72908e-10
-1.08289e-06
2.24554e-07
8.58341e-07
-1.42028e-06
-1.86852e-09
1.42201e-06
4.96569e-10
-1.41966e-06
-2.12032e-09
-5.80356e-09
-1.4222e-06
9.18199e-11
-1.02324e-06
-1.16927e-07
1.14017e-06
8.17564e-07
6.04615e-09
-1.41641e-06
1.06727e-06
-2.2004e-09
-1.41113e-06
1.41113e-06
-2.74684e-09
1.42134e-06
6.72943e-10
-1.13714e-09
2.2649e-09
2.32412e-09
1.42187e-06
-5.32344e-10
8.47262e-10
1.42151e-06
-1.42151e-06
-1.23788e-12
1.02609e-06
-1.02609e-06
-1.4186e-06
1.4155e-06
3.10459e-09
1.41354e-06
-1.4121e-06
-1.43722e-09
-2.04572e-09
1.42099e-06
8.84307e-10
1.42105e-06
4.63204e-10
-5.23242e-10
1.42108e-06
1.41983e-06
-1.42059e-06
7.63955e-10
-1.43352e-06
-1.41527e-06
-3.33396e-09
1.09472e-06
-1.35357e-08
1.41854e-06
1.2873e-09
1.1801e-08
1.41964e-06
-1.41804e-06
-1.60011e-09
-1.01457e-06
1.01457e-06
8.13251e-09
1.41341e-06
-1.41087e-06
1.41317e-06
-2.29458e-09
1.41933e-06
3.1349e-10
7.78933e-09
1.06296e-06
1.41766e-06
-1.41708e-06
-5.80788e-10
-1.40639e-06
-4.48232e-09
1.41379e-06
-1.41494e-06
1.14912e-09
1.41671e-06
9.45351e-10
1.4193e-06
1.74681e-09
-1.39612e-08
-1.40349e-06
-2.01877e-09
-1.2513e-07
-9.5257e-07
1.41143e-06
-1.41281e-06
1.37759e-09
4.22691e-08
9.83817e-07
1.41749e-06
-1.41612e-06
-1.37754e-09
-1.29262e-09
-2.49804e-08
-1.17723e-06
1.20221e-06
-1.02676e-06
1.0386e-06
-1.18407e-08
-1.40474e-06
1.40521e-06
-4.70282e-10
1.41581e-06
1.67926e-09
-1.41154e-06
-8.81061e-07
1.42644e-06
1.41642e-06
-1.41435e-06
-2.07048e-09
-1.41773e-06
1.41776e-06
-3.04906e-11
1.41379e-06
-1.41252e-06
-1.2712e-09
-1.3801e-07
-1.2129e-06
1.35091e-06
1.41492e-06
1.50016e-09
-1.40589e-06
1.14449e-09
1.41663e-06
-1.41482e-06
-1.80656e-09
1.06454e-06
-1.08893e-06
1.08893e-06
1.4161e-06
-1.41336e-06
-2.73614e-09
-2.79238e-09
1.41665e-06
-2.23441e-09
-1.06602e-06
1.41403e-06
2.06977e-09
-1.41758e-06
-2.69683e-09
-1.40366e-06
1.40443e-06
-7.67403e-10
1.41774e-06
7.97049e-10
2.44159e-08
1.40329e-06
-2.94611e-10
1.41653e-06
3.61233e-09
1.06208e-06
5.18303e-09
1.78215e-10
-1.40511e-06
1.45341e-09
1.08238e-07
4.0279e-09
4.54692e-08
1.41249e-06
-1.41381e-06
1.31439e-09
-1.40216e-06
1.40383e-06
-1.66204e-09
2.6074e-08
-1.0641e-06
1.03803e-06
1.90016e-07
-1.10694e-06
9.16925e-07
4.01194e-07
1.0044e-06
-1.0044e-06
1.41143e-06
-1.41143e-06
-1.15587e-06
6.46191e-10
-1.41409e-06
1.08356e-06
1.41609e-06
3.23725e-09
-2.65988e-07
-4.96585e-07
7.62573e-07
-1.40427e-06
2.10847e-09
-1.40487e-06
-4.61967e-08
6.00347e-07
-9.89931e-07
3.89584e-07
-9.89128e-10
9.72143e-09
1.40387e-06
2.47745e-09
1.06574e-06
-1.41821e-06
3.00803e-09
1.41241e-06
9.01067e-07
-1.09965e-06
1.98579e-07
9.16912e-07
-3.16565e-07
-1.78351e-09
-1.41106e-06
1.41849e-06
-1.40877e-06
-1.41429e-06
-1.40031e-06
1.39896e-06
1.35207e-09
3.49073e-10
1.41485e-06
1.40994e-06
1.48806e-09
1.28839e-06
-8.55706e-07
-4.32686e-07
-3.82443e-09
1.07714e-06
1.41443e-06
2.28539e-09
1.2885e-06
-1.42651e-06
9.73078e-09
1.40381e-06
-1.67922e-09
-1.41057e-06
-1.40202e-06
1.70622e-09
-1.02916e-06
2.40143e-09
1.08213e-06
-8.67761e-07
-2.14369e-07
1.4074e-06
-1.4075e-06
9.96168e-11
-1.68775e-09
4.05967e-07
-5.70827e-07
-5.34307e-07
1.10513e-06
1.41011e-06
-1.41225e-06
2.14648e-09
1.11766e-06
-1.10257e-06
-3.22091e-09
1.07617e-06
-9.23688e-07
6.57699e-07
1.40865e-06
-1.41005e-06
1.39714e-09
1.41684e-06
-1.4071e-06
-1.06218e-06
3.60898e-08
-1.0658e-06
1.06379e-06
2.00623e-09
1.03535e-06
-1.06033e-06
2.28841e-08
1.40279e-06
-1.07696e-06
1.04172e-06
-3.80351e-08
1.41455e-06
-1.41284e-06
-1.7178e-09
1.10071e-06
-1.05299e-06
-4.7722e-08
1.40994e-06
-8.59509e-10
-1.41069e-06
-1.04349e-06
3.14001e-09
1.31187e-07
8.0079e-07
-9.31977e-07
-1.39852e-06
1.39697e-06
1.54406e-09
1.40765e-06
5.04176e-09
-8.90976e-07
-1.85631e-07
1.04316e-08
1.40336e-06
1.4121e-06
-1.41548e-06
3.37603e-09
1.41042e-06
-2.58589e-09
-1.40598e-06
-1.09765e-06
-1.85949e-07
1.41282e-06
2.99172e-09
1.50351e-06
-3.09862e-07
-8.79295e-09
1.41157e-06
-1.40278e-06
1.41078e-06
1.32175e-09
-1.40058e-06
2.06585e-09
-1.40435e-06
-1.031e-08
-2.65147e-09
1.39259e-06
-1.38994e-06
1.85654e-09
1.41091e-06
1.41703e-06
-1.4066e-06
-1.41241e-06
-4.13926e-09
1.07843e-06
-1.52499e-09
1.06842e-06
-5.37812e-08
-1.01463e-06
1.46907e-08
1.05373e-06
-1.39463e-06
1.39198e-06
-1.41216e-06
-3.11039e-09
8.96478e-07
1.85652e-07
-5.07111e-09
1.09247e-06
-1.0874e-06
-9.03893e-07
-7.56596e-07
8.87782e-07
-1.17876e-06
1.47606e-07
1.03115e-06
1.41028e-06
1.09809e-09
-1.41195e-06
1.42666e-08
1.40423e-06
1.40821e-06
-1.40843e-06
2.22637e-10
1.41129e-06
-1.40706e-06
-4.22817e-09
-1.41316e-06
1.01261e-09
-2.11031e-09
-1.06684e-06
1.06895e-06
2.2856e-10
1.41283e-06
-9.79582e-07
2.87146e-07
-1.41139e-06
1.41056e-06
8.30484e-10
-1.39655e-06
1.39485e-06
1.70403e-09
1.35158e-08
1.1504e-06
-1.11668e-06
8.46862e-07
-2.11178e-08
-7.52776e-09
1.41237e-06
-1.40484e-06
-1.2582e-06
6.87372e-07
1.40979e-06
1.24987e-09
-1.41158e-06
1.4112e-06
3.71585e-09
-1.31849e-06
1.23217e-08
1.30617e-06
2.27601e-09
-1.39883e-06
1.4085e-06
-1.40702e-06
-1.4783e-09
-4.48535e-08
1.41712e-06
-1.37227e-06
-2.16045e-09
-2.9061e-07
1.32642e-06
-1.03581e-06
-1.06218e-06
-1.16601e-06
1.40938e-06
-7.30459e-10
1.25985e-08
1.40424e-06
1.37539e-06
1.42304e-06
-1.42262e-06
-4.15456e-10
9.90971e-10
-1.07049e-06
1.0695e-06
-1.41023e-06
1.40927e-06
9.66365e-10
2.88681e-08
-1.06347e-06
1.0346e-06
1.41208e-06
-1.41154e-06
-5.36703e-10
-1.09358e-06
1.08851e-06
1.40794e-06
-1.40684e-06
-1.10036e-09
3.97318e-09
1.40731e-06
-1.77621e-08
1.4154e-06
-1.41102e-06
1.23079e-08
-1.03965e-06
1.41106e-06
-1.4108e-06
-2.59787e-10
1.41033e-06
8.19948e-10
-1.41088e-06
1.40308e-06
2.93408e-09
-1.40602e-06
3.43222e-10
1.41122e-06
-1.40725e-06
-3.62346e-09
-1.06908e-06
1.0727e-06
7.58887e-07
-1.1157e-06
3.56812e-07
-2.34371e-07
-1.08412e-06
-1.03827e-06
-2.31043e-07
-9.0963e-07
-1.40951e-06
8.28001e-09
1.40123e-06
-1.07543e-06
1.06908e-06
6.35483e-09
-3.26487e-07
-8.63297e-07
-1.40868e-06
1.25861e-06
-1.40579e-06
1.4083e-06
-2.51376e-09
-1.17359e-06
1.15793e-07
1.0578e-06
1.12462e-06
-8.63407e-07
-2.61212e-07
-1.41082e-06
2.8841e-09
1.40793e-06
1.07085e-06
-1.05709e-06
3.00444e-09
1.40549e-06
-1.41091e-06
1.45914e-09
1.40968e-06
1.40938e-06
4.65214e-09
-2.45093e-10
-1.41052e-06
-4.7112e-09
-1.40668e-06
-1.40723e-06
1.06999e-06
-1.05767e-06
-6.0986e-09
3.01802e-07
9.32347e-07
-9.61472e-07
9.61472e-07
1.24162e-08
1.40461e-06
-1.59924e-06
-1.30218e-06
1.30317e-06
1.41136e-06
1.06874e-06
-1.06041e-06
-1.40928e-06
1.40457e-06
-1.19138e-06
1.22025e-06
1.40824e-06
-1.407e-06
-1.23824e-09
1.75707e-09
1.40967e-06
-1.42619e-06
1.07326e-06
-1.07688e-06
-1.40881e-06
2.41434e-09
5.31741e-07
1.4123e-06
-1.41059e-06
-1.71445e-09
-1.41135e-06
1.40832e-06
-1.40715e-06
-1.17326e-09
-1.40811e-06
-1.40135e-09
1.405e-06
-1.40068e-06
-1.07671e-06
1.29651e-06
1.40709e-06
-1.40665e-06
-4.41053e-10
-2.50102e-09
1.40558e-06
-1.07543e-06
9.32586e-07
-1.00982e-06
7.72328e-08
-1.73637e-06
1.73637e-06
1.4107e-06
1.41097e-06
-3.59167e-09
2.41862e-09
-1.41039e-06
1.41552e-06
-5.12811e-09
1.40789e-06
-1.4067e-06
-1.18873e-09
-1.16831e-06
1.11242e-06
4.45307e-09
1.40712e-06
-1.41076e-06
3.85872e-09
1.4069e-06
-1.40655e-06
1.40957e-06
-1.40769e-06
-1.08024e-06
-1.4096e-06
4.78503e-09
1.40481e-06
-1.08151e-06
-3.11233e-09
1.05599e-06
-1.06361e-06
7.61832e-09
1.40603e-06
-1.40721e-06
1.18147e-09
2.68333e-08
-1.40959e-06
1.40722e-06
2.37018e-09
1.40908e-06
-1.03342e-06
-1.02647e-06
-1.70222e-08
1.4105e-06
-1.4105e-06
-7.25226e-09
1.07179e-06
-1.40968e-06
1.40762e-06
-1.40643e-06
-1.18882e-09
1.41022e-06
-7.94303e-09
-1.40835e-06
-1.04891e-06
-1.28324e-07
-1.07808e-06
8.41771e-07
-9.40703e-07
9.89316e-08
-2.09998e-07
-9.10537e-07
1.12054e-06
1.40497e-06
-1.40121e-06
9.1462e-07
-1.0641e-06
-3.10671e-09
-1.40771e-06
1.40839e-06
-1.40722e-06
-1.17111e-09
1.08223e-06
-1.08798e-06
-2.97159e-07
-1.96971e-07
4.9413e-07
-1.12208e-06
1.13088e-06
1.08648e-06
-1.07179e-06
-4.2578e-09
-1.05352e-06
1.05778e-06
-5.69823e-09
-1.04531e-06
1.05101e-06
3.636e-09
-1.0977e-06
1.09406e-06
1.01231e-08
-1.10154e-06
1.09142e-06
5.35456e-09
-1.07848e-06
1.07313e-06
-1.7697e-09
-1.05613e-06
1.0579e-06
-1.44598e-09
-1.05543e-06
1.05687e-06
6.34016e-07
-4.2725e-07
-2.06766e-07
9.36216e-07
7.03682e-09
1.40533e-06
1.03031e-06
-1.03754e-06
7.22584e-09
3.31084e-09
-1.40782e-06
1.40451e-06
1.41152e-06
-1.41152e-06
1.39282e-06
-8.98181e-11
-1.39273e-06
-4.83736e-09
-1.40444e-06
1.40751e-06
-1.40628e-06
-1.23643e-09
-8.74828e-07
-1.14854e-06
-2.5055e-08
9.23326e-07
1.77387e-07
1.41043e-06
-1.40842e-06
-2.01029e-09
-1.0736e-06
1.11729e-06
4.73362e-09
1.40649e-06
-7.74388e-07
-4.83812e-07
1.11317e-08
1.00964e-06
-1.02077e-06
-7.21473e-07
-1.2298e-07
-2.42007e-07
-1.48631e-07
3.90638e-07
1.06041e-06
1.06058e-06
1.1067e-06
1.10695e-06
1.09933e-06
1.08422e-06
-5.02225e-09
-1.06257e-06
1.06759e-06
1.06367e-06
-1.58961e-09
-4.16799e-07
1.40798e-06
-1.40467e-06
-3.51335e-08
1.13326e-06
-1.41197e-06
-9.63465e-07
1.19397e-06
1.39128e-06
7.50167e-10
-1.39203e-06
1.41339e-06
-2.88794e-09
-1.41033e-06
5.14869e-09
1.40519e-06
-1.06296e-06
-1.06684e-06
1.06673e-06
-1.07175e-06
-9.70467e-07
1.17132e-06
-2.00857e-07
-2.54753e-09
-1.40705e-06
7.35314e-07
-9.16543e-07
2.31967e-09
-1.40934e-06
-1.40765e-06
-3.74306e-07
-5.49382e-07
-1.40514e-06
-2.67672e-09
1.07931e-06
3.36857e-07
8.23767e-07
1.40613e-06
-1.40504e-06
-1.08934e-09
1.07092e-06
-7.08217e-07
-3.62702e-07
-5.10584e-07
2.68577e-07
-5.92335e-07
1.27971e-06
-5.13001e-07
1.06582e-06
-5.52816e-07
5.65331e-10
1.40954e-06
-1.39984e-06
1.40712e-06
-1.40794e-06
8.1926e-10
-7.96794e-07
3.39211e-07
4.57584e-07
-4.6172e-09
-1.0623e-06
1.06691e-06
1.4734e-06
-6.50655e-07
-8.22741e-07
9.62083e-10
1.39186e-06
-3.06693e-07
-4.90101e-07
-1.02855e-06
1.03968e-06
8.78323e-07
5.78933e-08
-1.02366e-06
-2.08571e-09
-1.06336e-06
1.06545e-06
1.0974e-06
-1.06427e-06
-6.52696e-07
-2.4867e-07
9.01366e-07
-1.40501e-06
1.40543e-06
-4.16521e-10
-1.0374e-06
1.04971e-06
1.40646e-06
-1.40739e-06
-9.40065e-07
-2.1407e-08
-1.41707e-06
1.41175e-06
-7.33943e-07
1.05272e-09
1.40725e-06
1.22677e-06
-6.77955e-07
-5.48816e-07
1.03709e-06
-1.9532e-07
1.16137e-06
-1.51734e-07
1.06525e-06
-1.06987e-06
1.40465e-06
-1.40465e-06
3.91662e-12
1.0658e-06
-1.06789e-06
1.29225e-09
-1.40387e-06
1.40257e-06
-5.91811e-07
-1.42132e-07
4.3381e-09
-1.08104e-06
-1.40789e-06
2.00115e-09
9.40065e-07
-9.95166e-07
5.51015e-08
-1.5197e-07
1.15015e-06
-4.62155e-09
-1.04429e-06
1.06009e-06
9.89258e-09
1.40617e-06
-1.40527e-06
-9.02618e-10
1.72418e-09
1.40822e-06
7.13771e-07
-1.06371e-06
1.06805e-06
6.91511e-07
-4.08268e-09
-1.40625e-06
-5.36612e-07
-4.11265e-07
9.47877e-07
-1.01717e-06
-9.30166e-09
9.56063e-07
-8.62075e-07
-9.39881e-08
-1.9328e-07
1.11572e-06
-9.22438e-07
1.40709e-06
-1.40599e-06
-1.09132e-09
1.89321e-09
1.40635e-06
9.05537e-09
1.07196e-06
-1.08101e-06
9.20681e-10
-1.40792e-06
-1.05317e-06
1.05631e-06
1.40658e-06
-1.40814e-06
1.55987e-09
1.41339e-06
-6.05593e-09
-9.81641e-07
-4.29928e-08
1.02463e-06
-1.4163e-06
-5.91258e-10
1.27289e-08
-1.07853e-06
-1.44245e-06
1.40599e-06
-1.4047e-06
-9.01484e-07
1.9499e-09
-3.46272e-09
-1.40548e-06
1.40623e-06
1.65333e-09
-1.46748e-06
2.12455e-10
-1.40691e-06
-6.23799e-08
-7.90492e-07
2.93908e-07
-1.40999e-06
1.40999e-06
-8.88356e-07
1.08564e-06
-1.97287e-07
1.41266e-06
-8.43071e-07
1.0512e-06
-2.08125e-07
-9.0894e-07
1.10034e-06
-1.91395e-07
-1.05534e-06
-1.57352e-08
1.08781e-06
-1.07207e-06
-9.15261e-07
8.91003e-07
-2.33304e-07
1.4081e-06
-1.40996e-06
1.85546e-09
1.40788e-06
-1.40973e-06
1.85506e-09
1.40691e-06
-1.4089e-06
1.99421e-09
-1.55882e-09
-1.40803e-06
-8.46172e-07
1.06837e-06
-2.22201e-07
1.40735e-06
-1.40626e-06
-1.09061e-09
1.40687e-06
1.98086e-07
-1.12745e-06
1.40611e-06
1.50708e-09
-1.40675e-06
3.14691e-10
3.32054e-07
1.4067e-06
-1.40789e-06
1.18631e-09
2.93206e-08
1.05716e-06
-1.08648e-06
-1.03307e-06
-4.33361e-09
1.0374e-06
-1.40974e-06
-1.40666e-06
1.40486e-06
1.80353e-09
1.07178e-06
-1.05905e-06
-1.40776e-06
1.406e-06
1.75955e-09
-1.04214e-06
9.98807e-07
4.33323e-08
-1.40793e-06
1.40622e-06
1.70838e-09
1.41012e-06
-1.40842e-06
-1.69909e-09
-1.05493e-06
1.06398e-06
-1.13565e-06
-6.13589e-07
-1.15675e-06
-2.40821e-07
1.16226e-06
-9.21435e-07
1.40483e-06
-4.00605e-09
-1.40284e-06
-1.06347e-06
1.0482e-09
-1.40832e-06
1.40727e-06
-1.12121e-06
1.06743e-06
2.27806e-09
1.40878e-06
1.40578e-06
1.73595e-09
-1.40663e-06
3.51064e-10
-1.10934e-07
-3.9965e-07
-1.07593e-06
1.0602e-06
-1.11946e-06
1.93224e-07
9.2624e-07
-3.76328e-07
-4.14164e-07
-1.07049e-06
1.11561e-06
1.72781e-07
3.18798e-10
1.40532e-06
-1.40564e-06
1.06033e-06
-1.06495e-06
-1.40908e-06
1.41609e-06
-1.41189e-06
-3.52593e-07
-2.96596e-07
6.49189e-07
-1.00346e-06
-3.61942e-08
-1.41662e-06
2.3288e-09
-3.80709e-08
-1.06418e-06
1.0623e-06
1.88368e-09
1.16403e-06
-1.10304e-07
1.4075e-06
-1.40619e-06
-1.30418e-09
1.40562e-06
5.14211e-10
-1.40645e-06
1.40342e-09
1.40669e-06
-1.40715e-06
4.59004e-10
-9.84831e-10
9.61648e-10
-1.41285e-06
-1.03968e-06
-2.24943e-08
4.07374e-08
-1.15492e-06
-7.41069e-09
1.41206e-06
-1.42504e-06
-4.10589e-10
-1.40346e-06
-1.15148e-06
1.11634e-06
4.4331e-10
1.02987e-06
-1.06436e-06
1.06336e-06
9.99523e-10
-9.16778e-07
-1.90163e-07
1.07616e-06
1.01164e-06
-1.05463e-06
1.40619e-06
-1.40593e-06
-1.08855e-06
1.06413e-06
-9.44569e-07
-4.97883e-07
1.40577e-06
-9.47245e-10
-1.4062e-06
1.2885e-06
-1.07492e-06
1.41889e-07
9.33032e-07
2.21647e-07
-1.07735e-06
1.6953e-07
1.36321e-08
1.82716e-07
-1.11708e-06
9.34361e-07
2.1522e-07
-1.31477e-06
1.09955e-06
1.40586e-06
1.22904e-09
-1.35449e-09
-1.40615e-06
1.74678e-07
-1.10271e-06
9.28029e-07
-1.40639e-06
3.99287e-10
1.41054e-08
1.04969e-06
-1.19203e-06
-1.18021e-06
1.63039e-07
-9.76106e-07
1.06257e-06
-1.06596e-06
3.39446e-09
-4.56923e-09
-1.40548e-06
4.974e-09
1.40301e-06
-8.20187e-07
-7.85436e-07
1.06848e-06
-1.06848e-06
-1.03307e-06
-1.00779e-06
-1.0736e-06
-1.39896e-06
-3.24689e-09
1.40221e-06
-9.77883e-07
-9.90802e-08
2.00039e-07
9.23525e-07
-1.12356e-06
2.11332e-07
8.78859e-07
-1.09019e-06
1.92139e-07
-1.14414e-06
9.52004e-07
1.02889e-06
1.11666e-06
-9.18578e-07
1.11242e-06
1.16927e-06
-1.0286e-06
1.03564e-06
-1.07371e-06
1.4073e-06
-1.40618e-06
-1.12414e-09
-1.3629e-06
-1.06464e-06
1.40565e-06
1.70299e-09
-1.40641e-06
1.56223e-10
1.40559e-06
-6.2652e-08
1.40595e-06
-1.40738e-06
1.43106e-09
1.40835e-06
-1.40248e-06
2.34477e-08
-8.727e-07
8.49252e-07
6.2554e-10
1.0816e-06
9.43802e-09
1.15983e-06
1.19335e-06
-1.0154e-06
-8.52266e-07
-2.22654e-07
7.15451e-08
9.65546e-07
-1.08944e-06
-1.40693e-06
1.40693e-06
2.22842e-12
1.09358e-06
-1.11634e-06
2.27612e-08
-1.11441e-06
1.97629e-07
-1.52428e-06
2.12921e-07
1.31136e-06
1.40755e-06
6.65201e-07
9.26624e-07
1.40863e-06
-1.40863e-06
-4.91422e-07
1.64448e-09
1.05716e-06
-1.07753e-06
4.46498e-09
1.07307e-06
-1.40638e-06
-1.40822e-06
1.40564e-06
1.85731e-09
-1.40622e-06
2.64763e-11
1.40431e-06
-5.84931e-11
-1.40716e-06
-1.09811e-06
9.56258e-09
1.09606e-06
-9.21386e-07
-8.40481e-07
1.03129e-06
-1.40989e-06
1.14245e-06
-9.20804e-07
1.10058e-06
-9.17869e-07
1.13301e-06
-9.17792e-07
-1.62859e-09
1.40651e-06
-1.41216e-06
1.07422e-06
-1.06011e-06
-1.03393e-06
1.03438e-06
-1.40335e-06
-6.7851e-10
1.40403e-06
2.33399e-07
1.06977e-06
-2.94383e-09
-1.40549e-06
1.88788e-08
1.04986e-06
-6.76068e-07
5.1976e-07
1.56308e-07
-1.06418e-06
1.10742e-06
-9.07382e-07
1.11485e-06
-9.03515e-07
1.11502e-06
-9.22878e-07
1.06748e-06
1.24921e-08
-1.1927e-06
1.42651e-06
-1.36629e-06
-1.57982e-07
1.06928e-06
-1.06928e-06
9.44214e-07
-1.43424e-07
-6.55155e-07
5.13022e-07
9.27814e-07
1.87905e-07
1.40591e-06
1.39616e-09
1.41975e-06
-1.41004e-06
-9.70092e-09
-1.40632e-06
1.37716e-10
-1.40737e-06
1.40546e-06
-1.40661e-06
1.14923e-09
-1.06655e-06
1.30279e-08
-1.06582e-06
2.05146e-08
-1.0675e-06
-3.02023e-08
-1.05914e-06
-4.24055e-08
-1.09965e-06
2.11639e-08
-1.08343e-06
2.72989e-08
-1.08032e-06
2.48919e-08
-1.93395e-09
1.40499e-06
-1.40306e-06
-1.40738e-06
2.26671e-09
-3.04294e-09
1.41643e-06
1.40562e-06
-1.40731e-06
1.69307e-09
-1.28175e-06
2.43478e-07
-4.1121e-09
9.00384e-07
3.64583e-08
-1.12929e-06
1.09283e-06
-1.22662e-06
7.80822e-08
1.40804e-06
-1.40688e-06
-9.51608e-07
1.0095e-06
7.61022e-10
-1.40769e-06
1.40394e-06
2.0525e-09
1.06671e-06
-1.06671e-06
-1.02855e-06
6.52239e-07
9.41857e-07
3.11382e-10
-1.40497e-06
-1.06436e-06
-6.37812e-09
-6.86831e-07
2.54703e-06
-1.8602e-06
-8.33374e-07
-1.02624e-06
1.85962e-06
-1.40479e-06
1.40479e-06
2.45781e-12
1.07e-06
-1.06937e-06
1.03753e-06
-1.0281e-06
-1.06545e-06
1.06569e-06
-2.4524e-10
9.81155e-07
-9.57708e-07
3.62013e-07
-3.46643e-07
-1.53702e-08
-1.15158e-06
9.11743e-08
-1.96138e-07
1.04938e-06
-9.33194e-08
1.35568e-11
-1.22663e-06
1.40461e-06
3.63442e-10
-1.40563e-06
1.08315e-06
1.09876e-06
1.06604e-06
-7.58841e-07
6.6194e-07
-9.68093e-07
1.40679e-06
-1.40624e-06
-1.9675e-07
-9.17657e-07
-3.55409e-09
-1.44604e-06
1.65896e-06
8.93545e-07
1.95853e-07
-1.0894e-06
-1.82249e-06
1.40803e-06
1.06501e-06
-1.03558e-06
-1.40385e-06
-1.40504e-06
1.40688e-06
-1.83993e-09
1.11729e-06
9.93458e-07
-1.01458e-06
-9.13836e-07
1.07304e-06
-1.59203e-07
-6.02845e-09
1.39731e-06
1.40539e-06
-1.40652e-06
1.13078e-09
-2.84968e-09
-1.14852e-06
1.15109e-07
-1.05747e-06
-6.13981e-09
-6.69756e-10
-5.63502e-10
-5.14027e-10
-5.15997e-10
-6.67414e-10
-7.76684e-10
-5.57458e-10
-5.72415e-10
-6.78653e-10
1.11411e-09
1.41158e-06
8.16975e-09
-1.09186e-06
1.3774e-08
-1.06596e-06
1.05463e-06
-1.08194e-06
-1.40651e-06
1.40619e-06
-3.37323e-09
1.40599e-06
9.77428e-07
1.84829e-07
-2.57093e-08
1.10315e-06
-8.28636e-07
-1.08851e-06
1.30767e-08
2.22332e-07
-1.33013e-06
1.55871e-07
-9.27309e-07
7.71439e-07
1.63434e-07
-1.08696e-06
9.23521e-07
1.5638e-07
-1.0505e-06
8.94119e-07
2.64261e-07
-1.26398e-06
1.29344e-07
-9.936e-07
8.64256e-07
4.04233e-07
-1.12618e-06
5.81006e-09
-1.08276e-06
1.94408e-07
-2.98582e-10
1.4084e-06
-1.04234e-06
1.99273e-07
-3.98204e-10
1.40827e-06
-1.40661e-06
-1.09984e-06
1.90896e-07
-1.40678e-06
4.76069e-10
1.40643e-06
-1.40605e-06
1.93379e-07
-1.10392e-06
-1.05726e-06
-1.05711e-06
-1.05787e-06
-1.05481e-06
-1.07851e-06
-1.07823e-06
-1.06848e-06
1.21392e-06
-8.57113e-07
1.40702e-06
-1.40623e-06
1.06407e-06
2.76708e-07
-1.14536e-06
1.03519e-06
-1.0393e-06
-1.40378e-06
-2.27273e-07
1.05259e-06
-2.25161e-07
1.17056e-06
-1.18975e-08
-1.385e-08
-1.69811e-08
-1.86748e-08
3.43627e-08
-1.13467e-06
3.04901e-08
-1.13446e-06
4.35351e-08
-1.1525e-06
-1.40297e-06
-1.40278e-06
6.4303e-11
1.40479e-06
1.49854e-09
1.4045e-06
-9.25709e-07
-1.07232e-06
6.30517e-09
-1.08548e-06
1.80208e-08
-1.08997e-06
1.73166e-08
-1.08803e-06
1.86128e-08
-1.09494e-06
1.40496e-08
-1.0909e-06
1.68585e-08
-1.09322e-06
1.04601e-08
1.07492e-06
2.83051e-08
-1.10322e-06
1.4048e-06
-1.40597e-06
2.47716e-09
1.40374e-06
-3.78814e-08
1.78445e-10
-1.08816e-06
-1.04574e-06
-1.40608e-06
1.03942e-09
1.40517e-06
1.71393e-09
3.49866e-09
1.0673e-06
-1.0708e-06
3.81368e-08
-3.73259e-08
1.03613e-06
1.2972e-06
-6.91229e-10
-1.03344e-06
-4.09521e-09
-1.04817e-06
-1.58976e-08
1.06406e-06
1.19289e-06
-2.15628e-08
1.40438e-06
-1.408e-06
3.62294e-09
2.13382e-07
-8.08622e-07
-2.18674e-07
-1.11059e-06
-1.11567e-06
1.95864e-07
-1.03999e-06
1.93818e-07
6.65108e-07
1.5097e-07
-1.20329e-06
-3.78443e-09
9.05113e-07
2.01626e-07
-1.10674e-06
-1.11109e-06
1.51315e-07
9.59778e-07
8.91526e-07
1.94117e-07
9.19331e-07
1.95686e-07
9.20974e-07
1.93872e-07
8.52817e-07
1.98379e-07
9.13e-07
1.94421e-07
9.10538e-07
1.89798e-07
9.03874e-07
1.9219e-07
1.9367e-07
-1.11506e-06
-1.40757e-06
-7.50116e-10
-1.40828e-06
-2.10921e-09
-1.06521e-06
1.66184e-07
8.99025e-07
-8.98006e-07
-8.64287e-07
1.76229e-06
1.40642e-06
-1.25605e-09
-1.46541e-09
-1.40519e-06
1.40632e-06
-1.41529e-06
1.82185e-08
1.39707e-06
-8.82876e-07
-1.28308e-07
1.40704e-06
-1.40564e-06
1.02461e-07
-1.5485e-06
8.80037e-07
1.88336e-07
1.05589e-06
9.97385e-07
1.6245e-07
1.10156e-06
-1.73742e-07
3.30161e-08
-1.00689e-06
9.7387e-07
-1.07685e-06
1.68127e-07
-1.09891e-06
9.30786e-07
-1.42965e-08
1.07026e-06
-1.92502e-08
1.06373e-06
3.03296e-08
1.06394e-06
2.74797e-08
1.04975e-06
2.33776e-08
1.08248e-06
-2.45758e-08
1.08095e-06
-2.40807e-08
1.07175e-06
2.46319e-09
1.04041e-06
-1.80852e-09
-1.06501e-06
7.54064e-09
1.16717e-08
1.40915e-06
-1.40819e-06
-1.0634e-06
8.47346e-09
6.00695e-09
9.02234e-07
-1.0877e-06
1.85462e-07
-9.32983e-07
1.03191e-06
-2.14024e-09
-1.24505e-06
1.67519e-07
9.93846e-07
1.4332e-07
1.40504e-06
-1.4062e-06
1.16093e-09
-1.40592e-06
1.40592e-06
1.10477e-06
-2.11221e-07
-1.07656e-06
1.92977e-08
-1.08175e-06
2.46475e-08
-1.08126e-06
2.33863e-08
-1.06836e-06
1.35528e-08
-1.09653e-06
1.80161e-08
-1.09781e-06
1.95795e-08
-1.08221e-06
1.37361e-08
-1.06871e-06
9.65612e-09
-2.8031e-09
-1.41005e-06
5.9451e-09
1.40476e-06
1.66572e-09
-1.41309e-06
1.0474e-06
-1.02531e-06
7.92005e-07
-1.95962e-07
1.05545e-06
8.53718e-09
-9.63882e-07
9.23315e-07
-1.0463e-06
1.40699e-06
9.81116e-07
-8.0732e-08
6.99868e-07
-9.5381e-07
-1.02189e-06
1.6213e-06
-1.51884e-06
9.19568e-07
-1.10728e-06
1.87709e-07
-1.1016e-06
1.9422e-07
1.40086e-06
-1.40689e-06
-1.09763e-06
1.94112e-07
-1.11954e-06
1.96659e-07
9.14239e-07
1.87316e-07
9.40524e-07
1.92488e-07
9.08442e-07
1.92143e-07
9.46756e-07
1.95695e-07
9.15229e-07
2.05307e-07
-1.55816e-06
1.40735e-06
-1.40564e-06
-1.37756e-07
1.06993e-06
1.40589e-06
-1.40619e-06
-4.57577e-07
2.76411e-09
-2.60236e-07
1.57159e-06
1.40409e-06
-1.40571e-06
1.62359e-09
-7.66757e-07
4.42723e-07
-9.94082e-07
-6.96246e-07
-2.37646e-08
1.42707e-06
1.98289e-07
-1.11595e-06
3.82873e-07
5.65004e-07
1.10029e-06
-1.0448e-06
-1.40423e-06
1.40229e-06
1.40586e-06
-1.4061e-06
-3.30836e-09
-1.40865e-06
1.40766e-06
-1.08571e-06
1.40495e-06
-8.58003e-10
-1.7164e-07
-5.51701e-07
-7.78425e-07
1.02718e-06
-1.0787e-06
-9.55347e-10
-1.00103e-06
1.40593e-06
-1.40233e-06
-1.06371e-06
8.26435e-07
7.51966e-07
-1.03564e-06
9.98313e-07
1.06736e-06
-1.06805e-06
9.99998e-07
-9.98313e-07
-1.68455e-09
-1.03803e-06
1.03393e-06
1.01848e-06
-1.03438e-06
1.06919e-06
-1.06569e-06
-9.8996e-07
1.0281e-06
-1.06919e-06
1.06937e-06
-1.03501e-06
9.57708e-07
7.73063e-08
-1.05292e-06
-1.39775e-07
1.4047e-06
-1.40581e-06
1.11479e-09
9.19069e-07
1.97596e-07
2.83041e-09
-1.2985e-07
5.76149e-07
1.40726e-06
-1.40564e-06
-1.62621e-09
1.69904e-09
-1.40998e-06
-5.00848e-10
1.40821e-06
-1.4077e-06
1.40475e-06
-1.04193e-06
-1.22043e-06
1.22044e-06
-1.40756e-06
3.20852e-09
-1.12024e-06
2.52475e-07
1.08291e-06
-1.09994e-06
1.40575e-06
1.42951e-06
-1.39861e-06
-3.0905e-08
1.40555e-06
-1.40529e-06
-1.15852e-06
-8.65361e-08
-1.40967e-06
-1.02023e-06
-1.02534e-06
3.45039e-09
-1.61078e-07
1.04351e-06
1.49374e-07
1.40256e-06
-1.89184e-07
1.40567e-06
-3.42941e-10
-1.355e-06
-1.68871e-09
1.41344e-06
1.03519e-06
1.06759e-06
1.02718e-06
1.0695e-06
1.03753e-06
1.04971e-06
-1.0393e-06
-9.8996e-07
1.0727e-06
1.07e-06
1.10029e-06
-1.03501e-06
1.06691e-06
1.01164e-06
-1.07371e-06
9.81155e-07
9.83817e-07
9.99998e-07
-1.06495e-06
1.01848e-06
1.06736e-06
8.71501e-07
-8.71501e-07
1.06895e-06
-1.40906e-06
-1.10885e-06
1.11331e-06
-9.18022e-07
1.11631e-06
1.40412e-06
-1.40578e-06
1.65631e-09
-4.31794e-08
-9.7493e-10
-1.08961e-06
3.89902e-09
-1.09004e-07
1.06289e-06
1.22422e-09
-1.3954e-06
1.39418e-06
1.51516e-09
4.46658e-09
-1.39037e-06
5.49837e-10
1.38982e-06
6.31011e-08
-1.44945e-06
1.38635e-06
1.40313e-06
1.87013e-09
-1.405e-06
1.403e-06
1.94703e-09
-1.00783e-06
9.20182e-07
1.84584e-07
-1.3974e-06
-8.04996e-09
1.40545e-06
1.41401e-06
2.98717e-09
1.39487e-06
3.46418e-08
1.40507e-06
-1.4045e-06
-1.40589e-06
1.4038e-06
1.4518e-09
6.66787e-08
-1.28711e-06
-1.39855e-09
1.11146e-06
-9.09839e-07
1.08092e-06
-1.06512e-06
-1.57993e-08
1.28067e-06
-8.62106e-07
-4.18568e-07
1.21262e-06
-1.0613e-06
1.11431e-06
-9.20194e-07
1.11416e-06
-9.19753e-07
1.11509e-06
-9.19401e-07
1.11499e-06
-9.21114e-07
1.09456e-06
-8.96184e-07
1.09568e-06
-8.96406e-07
-1.14051e-07
-1.43445e-06
1.1104e-06
-9.15975e-07
1.10943e-06
-9.19632e-07
1.11138e-06
-9.20483e-07
1.11253e-06
-9.20344e-07
1.11354e-06
-9.19867e-07
-6.05801e-10
8.40833e-10
-1.39617e-06
1.39533e-06
-2.50825e-09
1.46719e-06
-2.76313e-08
-1.43956e-06
1.10022e-06
-8.94913e-07
1.11554e-06
-9.18883e-07
1.40897e-06
1.2801e-06
-8.98033e-07
-3.82065e-07
1.11528e-06
-9.21169e-07
1.11027e-06
-9.16055e-07
1.0853e-06
-9.1912e-07
1.11471e-06
-9.21483e-07
1.09041e-06
1.10916e-06
-9.21845e-07
1.40506e-06
-1.92682e-09
-1.13888e-06
9.71762e-07
1.67117e-07
-1.27735e-06
9.22676e-07
1.3883e-09
1.40405e-06
-1.40517e-06
1.1234e-09
1.6213e-06
-1.93672e-08
1.43094e-06
1.11064e-06
-9.223e-07
-1.38896e-06
1.39647e-06
-2.63546e-09
-7.49823e-09
-1.40875e-06
5.69168e-10
2.27569e-10
-1.42299e-06
1.48609e-06
-1.01525e-06
-1.0448e-06
-1.05799e-06
1.04605e-06
1.06006e-06
-1.30767e-06
1.49155e-07
1.11482e-06
-9.21004e-07
3.41061e-09
-1.88816e-07
-1.40171e-06
-9.26108e-10
1.40264e-06
8.21391e-08
-1.0787e-06
-1.07e-06
1.07443e-06
-4.42979e-09
1.24313e-06
-1.0551e-06
-2.59444e-08
-1.48034e-06
1.12789e-06
-1.24986e-07
1.08525e-06
1.40483e-06
-1.40395e-06
1.40555e-06
1.40476e-06
-1.4044e-06
-1.05741e-06
1.05545e-06
1.95678e-09
-1.00185e-06
-5.94006e-09
1.14055e-06
-9.5509e-07
1.09181e-06
2.55177e-09
-9.1835e-07
1.1425e-06
-9.49119e-07
-9.87755e-07
1.11702e-06
-9.21323e-07
1.11572e-06
-9.23579e-07
1.11009e-06
-9.17599e-07
1.1164e-06
-9.39016e-07
-1.07058e-06
1.0853e-06
-1.47226e-08
6.63912e-09
6.46091e-10
1.02455e-06
-1.72309e-08
1.12657e-06
-9.38857e-07
1.11068e-06
-9.22773e-07
-1.40354e-06
1.40541e-06
-1.412e-06
1.41376e-06
2.35491e-09
1.87955e-06
-1.66154e-06
1.04151e-06
-1.00077e-06
1.15773e-06
-1.17203e-06
1.04471e-06
-1.03168e-06
1.06306e-06
-1.04377e-06
1.14751e-06
-1.16676e-06
1.00679e-06
-9.86278e-07
1.05717e-06
-1.03252e-06
1.11614e-06
-1.08581e-06
1.27119e-06
-1.30139e-06
1.06119e-06
-1.0378e-06
1.11498e-06
-1.0875e-06
1.2628e-06
-1.3052e-06
1.00823e-06
-9.94675e-07
1.02517e-06
-1.00179e-06
1.08538e-06
-1.06421e-06
1.13947e-06
-1.12146e-06
1.2255e-06
-1.25008e-06
1.04844e-06
-1.02114e-06
1.13647e-06
-1.11689e-06
1.2193e-06
-1.24338e-06
1.04447e-06
-1.01958e-06
1.11957e-06
-1.10584e-06
1.13519e-06
-1.13273e-06
1.0983e-06
-1.08663e-06
1.11099e-06
-1.10134e-06
1.12342e-06
-1.12522e-06
1.08578e-06
-1.08338e-06
1.06552e-06
-1.0579e-06
1.06391e-06
-1.05637e-06
-2.00357e-09
1.06331e-06
-1.05478e-06
-1.40416e-06
-1.13516e-10
1.06315e-06
-1.05467e-06
1.40516e-06
-1.40373e-06
1.0632e-06
-1.05331e-06
1.06153e-06
-1.05552e-06
1.46719e-06
1.68491e-09
1.06202e-06
-1.05684e-06
-1.40476e-06
-3.23895e-09
-1.40429e-06
1.40429e-06
-1.41221e-06
7.44072e-09
-1.06668e-06
1.06416e-06
-1.05493e-06
1.4051e-06
-1.24099e-06
-5.45782e-08
1.47773e-09
1.40405e-06
-1.40378e-06
-1.45062e-06
1.4246e-06
-1.41643e-06
-1.39336e-06
-1.88432e-08
1.1339e-06
1.06332e-06
-1.05738e-06
4.01902e-09
-7.78913e-09
-6.8649e-09
1.12132e-06
-9.36493e-07
6.74095e-09
-1.4035e-06
1.40512e-06
1.14263e-06
-9.49142e-07
1.05896e-06
-1.06063e-06
1.40816e-06
-1.4087e-06
-1.42006e-06
-4.02431e-07
-1.4038e-06
1.40376e-06
-1.51884e-06
1.40956e-06
1.01562e-06
1.7773e-07
-1.43371e-06
1.44551e-06
4.17784e-07
6.8735e-07
1.66154e-06
-1.52879e-06
1.4246e-06
1.27275e-09
9.12315e-10
-1.40961e-06
3.41177e-09
1.40618e-06
1.40286e-06
2.12936e-09
-1.44551e-06
1.48332e-06
-4.22061e-10
1.40316e-06
1.8985e-09
1.06504e-06
-1.05808e-06
-9.39964e-08
-1.43371e-06
7.07286e-10
-1.3934e-06
1.39269e-06
1.42855e-06
-1.41317e-06
-1.41798e-06
-1.42855e-06
1.11889e-06
-9.20308e-07
1.41028e-06
-5.238e-09
-2.45482e-09
1.41274e-06
-1.41126e-06
1.8399e-07
-1.40771e-06
1.40751e-06
1.48332e-06
1.52879e-06
1.40771e-06
-1.40982e-06
-1.41598e-06
-4.54457e-09
7.95486e-09
-1.40535e-06
-1.41284e-06
1.40779e-06
1.40751e-06
-1.40786e-06
-1.4148e-06
1.41317e-06
-1.40356e-06
1.40527e-06
1.40356e-06
1.4148e-06
1.40995e-06
-1.40982e-06
-1.41437e-06
-8.36849e-09
1.41937e-06
-1.40439e-06
1.40526e-06
1.29295e-09
-1.40655e-06
1.77276e-09
1.40818e-06
1.41173e-06
-2.946e-09
-1.41937e-06
1.41437e-06
1.40494e-06
3.17857e-10
1.40909e-06
1.40624e-06
-1.40439e-06
-1.41276e-06
2.31138e-09
-1.40537e-06
1.74709e-09
-1.40528e-06
-1.41821e-06
1.40704e-06
-1.77629e-09
1.39659e-06
-1.39481e-06
1.40597e-06
2.66024e-10
1.40449e-06
1.72059e-09
-1.40522e-06
1.40523e-06
-7.42225e-10
1.60283e-09
-9.65698e-10
1.40568e-06
-1.40472e-06
1.40524e-06
-7.17556e-12
-1.40496e-06
1.40312e-06
1.40365e-06
-1.40439e-06
1.9564e-09
-9.84459e-11
1.3945e-06
-1.3944e-06
1.40592e-06
-1.40731e-06
-6.27909e-10
1.40587e-06
-1.40529e-06
1.40463e-06
-2.03426e-09
1.40455e-06
-1.40252e-06
-1.4067e-06
-1.40338e-06
1.40438e-06
-9.96546e-10
1.40609e-06
2.21841e-09
1.21788e-09
1.40676e-06
-6.72092e-10
1.40425e-06
-1.40835e-06
1.40835e-06
-1.40326e-06
1.40438e-06
1.40396e-06
-1.40523e-06
1.84713e-09
1.40377e-06
-1.40368e-06
1.40377e-06
-1.40286e-06
1.40628e-06
1.85734e-09
1.40246e-06
-1.40358e-06
-1.06293e-09
1.40531e-06
-1.40522e-06
1.40607e-06
-8.01754e-10
1.40285e-06
-1.40353e-06
1.40464e-06
-1.40369e-06
1.40369e-06
-1.40372e-06
8.87352e-10
1.4027e-06
-1.40401e-06
1.7189e-09
-5.89912e-10
1.40547e-06
-8.2678e-10
1.40328e-06
-1.40385e-06
1.81886e-09
1.40309e-06
-1.40418e-06
1.40423e-06
-7.31355e-10
1.40346e-06
-1.40402e-06
1.40525e-06
-8.27346e-10
3.12759e-09
1.4032e-06
-1.40429e-06
1.40512e-06
-8.83715e-10
1.40359e-06
-1.40436e-06
1.40609e-06
-7.31478e-10
-7.6221e-10
1.40455e-06
1.40355e-06
-1.40464e-06
-1.40521e-06
1.40448e-06
1.40401e-06
-1.40467e-06
-7.19864e-10
-8.18764e-10
1.26485e-09
1.40373e-06
-1.40499e-06
3.89177e-09
1.40433e-06
-1.40557e-06
1.40535e-06
-7.94672e-10
1.40416e-06
-1.40487e-06
1.40436e-06
2.99386e-09
-1.40518e-06
1.40399e-06
-7.00857e-10
-8.15107e-10
-1.40502e-06
1.40451e-06
-1.40235e-06
1.40235e-06
-1.40277e-06
-1.10081e-11
1.40521e-06
-1.4052e-06
-8.63334e-10
4.00437e-09
-6.30698e-10
-3.44169e-10
1.40369e-06
-2.80626e-11
-6.73091e-10
-8.8103e-10
-1.20944e-09
-3.51514e-09
1.405e-06
-1.40149e-06
-1.41229e-06
-1.40072e-06
1.40072e-06
-1.4014e-06
-1.40455e-06
1.40417e-06
3.77008e-10
4.32447e-09
-2.02227e-10
-1.40626e-06
1.70727e-09
1.3991e-06
-1.40002e-06
1.3991e-06
2.68758e-09
-1.40566e-06
7.78627e-10
2.2235e-09
1.4022e-06
-1.40128e-06
-9.19538e-10
1.4022e-06
-1.40203e-06
1.40262e-06
-5.88751e-10
1.40203e-06
1.69006e-10
-1.40128e-06
-1.40161e-06
3.30273e-10
1.40636e-06
-1.40384e-06
1.40636e-06
-1.8602e-06
1.40774e-06
-1.40392e-06
-1.40381e-06
1.40381e-06
1.41803e-06
-1.40415e-06
1.40774e-06
1.41803e-06
-1.40364e-06
1.40364e-06
1.40372e-06
-1.40372e-06
1.40415e-06
-1.42608e-06
-1.40408e-06
1.4038e-06
-1.4038e-06
-1.40367e-06
1.40367e-06
-1.40002e-06
1.39116e-06
-1.39116e-06
1.40262e-06
1.40207e-06
-1.40207e-06
1.40376e-06
1.40388e-06
-1.40388e-06
-1.4158e-06
-1.4037e-06
1.4037e-06
-1.41276e-06
-1.40372e-06
-1.4014e-06
-1.40277e-06
1.40057e-06
-1.40057e-06
1.40606e-06
-1.40606e-06
-1.40372e-06
1.40372e-06
-1.40366e-06
1.40366e-06
-1.43956e-06
-1.41216e-06
-1.4037e-06
1.4037e-06
-1.40161e-06
-1.40392e-06
1.40384e-06
-1.40623e-06
-1.40368e-06
1.4036e-06
-1.4036e-06
-1.40355e-06
1.40355e-06
1.40768e-06
-1.40536e-06
-1.40768e-06
1.40536e-06
-1.40623e-06
-1.5257e-09
2.46829e-09
-1.40495e-06
-1.40395e-06
1.40581e-06
-1.29705e-09
1.40844e-06
-1.42652e-09
-1.40701e-06
-1.40392e-06
1.40614e-06
1.40691e-06
1.40938e-06
-1.40573e-06
1.78101e-09
1.40816e-06
1.88691e-09
-1.40217e-06
1.40416e-06
1.40935e-06
3.97586e-09
1.40805e-06
1.12446e-09
-1.08582e-09
-1.40024e-06
1.40102e-06
1.40917e-06
1.40803e-06
-1.39985e-06
1.40156e-06
3.92113e-09
1.409e-06
1.40791e-06
-1.16447e-09
1.39599e-06
-1.39482e-06
1.40758e-06
3.32942e-10
2.1904e-09
-1.40907e-06
1.40645e-06
-1.40131e-06
1.404e-06
-1.99512e-10
2.46311e-10
1.40864e-06
-1.39985e-06
1.40418e-06
1.40844e-06
-1.40312e-06
1.40427e-06
4.14749e-09
1.79537e-09
1.40926e-06
-1.05864e-09
1.39815e-06
-1.39709e-06
1.41057e-06
1.41236e-06
-1.40438e-06
1.40371e-06
1.40703e-06
-4.11031e-09
1.40798e-06
-1.40427e-06
1.40407e-06
1.40859e-06
-4.53529e-12
5.53548e-10
-1.4003e-06
1.40431e-06
1.40448e-06
-1.40316e-06
1.40447e-06
3.76916e-09
1.40504e-06
-1.14938e-09
1.40007e-06
-1.39892e-06
-1.40457e-06
1.40336e-06
1.40682e-06
-1.78259e-09
-3.7069e-09
1.40751e-06
1.37294e-09
1.40801e-06
1.40657e-06
-1.40422e-06
1.40419e-06
1.40794e-06
2.50627e-10
1.40423e-06
-1.40064e-06
1.40453e-06
-1.40458e-06
1.40395e-06
1.40469e-06
-1.40289e-06
1.40504e-06
3.55447e-09
1.39925e-09
-1.63633e-09
1.40243e-06
-1.40079e-06
1.40612e-06
-1.4267e-09
1.40752e-06
-2.65784e-09
1.40625e-06
-1.40477e-06
1.40407e-06
-1.3643e-09
-1.40306e-06
1.40605e-06
1.40768e-06
1.98561e-09
1.25288e-09
1.40502e-06
-1.40464e-06
1.40678e-06
1.79617e-09
1.69808e-09
-1.40453e-06
1.40627e-06
-1.40407e-09
1.40438e-06
-1.40297e-06
1.40377e-06
-1.40496e-06
1.40424e-06
-1.40394e-06
-1.40577e-06
1.40266e-06
1.40492e-06
5.70283e-10
1.01274e-09
1.40299e-06
1.93287e-09
-1.401e-06
1.40413e-06
-1.40233e-06
1.40413e-06
1.40356e-06
-1.65147e-09
1.40503e-06
-1.40338e-06
1.40526e-06
-1.4026e-06
1.40441e-06
-1.40509e-06
1.40436e-06
1.8061e-09
1.04823e-09
1.40639e-06
1.40529e-06
1.53422e-09
1.40634e-06
-1.40268e-06
1.40444e-06
1.40497e-06
-1.39227e-09
1.40592e-06
-1.40439e-06
1.40613e-06
-1.40518e-06
1.40445e-06
1.73857e-09
-1.40308e-06
1.4048e-06
1.11311e-09
1.40496e-06
-1.40349e-06
1.4052e-06
-1.32025e-09
1.35395e-09
1.40555e-06
-1.40419e-06
1.40607e-06
1.40468e-06
1.31322e-09
-1.40311e-06
1.404e-06
-1.40497e-06
1.05579e-09
1.4058e-06
-1.40556e-06
-1.40254e-06
1.40439e-06
1.40462e-06
2.08676e-09
1.40568e-06
1.40436e-06
-1.40748e-06
1.4082e-06
-7.13851e-10
3.47734e-10
1.40371e-06
1.45335e-09
1.40501e-06
-1.40356e-06
1.40548e-06
-1.39816e-06
1.40219e-06
-4.03519e-09
1.40458e-06
-1.40254e-06
1.4044e-06
-5.74216e-10
1.85224e-09
1.4031e-06
-1.40492e-06
1.81814e-09
1.40493e-06
-1.40277e-06
1.40498e-06
-1.40408e-06
1.40165e-06
2.43647e-09
1.40435e-06
-1.40368e-06
1.40538e-06
-1.41269e-06
1.41259e-06
1.62902e-09
-2.11178e-09
-1.39605e-06
1.40524e-06
-8.8357e-10
-1.30017e-09
-1.4031e-06
1.33133e-09
1.40313e-06
-1.40446e-06
1.4048e-06
-4.38285e-09
1.40481e-06
-1.94949e-09
1.40662e-06
-1.81976e-09
3.25599e-10
-1.40441e-06
1.40394e-06
-2.06387e-09
1.40657e-06
-1.40294e-06
-2.01809e-09
-1.40375e-06
1.40497e-06
-1.40796e-06
1.40281e-06
5.15794e-09
1.40527e-06
-1.40579e-06
1.40243e-06
3.36498e-09
-1.98215e-09
1.40363e-06
-1.40434e-06
1.40288e-06
1.45616e-09
-1.40376e-06
1.40571e-06
1.40321e-06
-1.21606e-09
1.40434e-06
-2.50815e-09
1.40508e-06
-1.21082e-09
1.40353e-06
-1.40402e-06
1.40567e-06
-1.28289e-09
1.40367e-06
-1.37404e-10
1.40169e-06
1.40128e-06
1.39857e-06
2.70895e-09
-1.40454e-06
1.40614e-06
1.39606e-06
-1.40442e-06
1.40614e-06
-1.71989e-09
-1.40427e-06
1.40461e-06
-3.37151e-10
-1.13582e-09
-1.40877e-06
1.40643e-06
2.34014e-09
1.40033e-06
-4.26644e-09
5.75778e-09
1.38694e-06
-1.3927e-06
-1.40494e-06
1.40666e-06
-1.4035e-06
1.40142e-06
2.07446e-09
-1.40577e-06
1.83861e-09
1.40482e-06
-1.40952e-06
4.70476e-09
1.39831e-06
-2.04347e-09
-1.40223e-06
1.40427e-06
1.41846e-06
1.20261e-09
-7.17059e-10
-1.40263e-06
1.40335e-06
1.40407e-06
-1.40364e-06
1.40275e-06
8.8978e-10
1.40285e-06
-1.4069e-06
1.40513e-06
-1.40494e-06
1.40673e-06
-1.78399e-09
1.40357e-06
-7.23995e-10
-1.62673e-09
-1.40155e-06
1.40318e-06
1.40307e-06
5.07097e-10
-1.4055e-06
1.40725e-06
-1.40544e-06
1.40738e-06
-1.93693e-09
-1.40378e-06
1.40174e-06
2.03408e-09
1.40144e-06
1.39197e-06
-5.02839e-09
-1.22411e-09
-4.39673e-09
1.40072e-06
1.40351e-06
-1.43526e-09
-1.40593e-06
1.40824e-06
1.39124e-06
1.39825e-06
2.47553e-09
-1.03098e-08
-1.40059e-06
-1.02454e-09
-1.40059e-06
-1.39486e-06
1.39486e-06
-3.69961e-09
1.39651e-06
1.74087e-09
1.4527e-09
5.40044e-09
1.38853e-06
-1.39393e-06
-1.40362e-06
1.40184e-06
1.77402e-09
-1.40576e-06
1.40789e-06
-1.40238e-06
-1.26107e-09
-9.48743e-10
1.40344e-06
-1.40249e-06
1.05469e-06
-1.40362e-06
1.40165e-06
1.96887e-09
-1.40385e-06
1.40194e-06
1.90914e-09
1.40054e-06
-4.03264e-09
1.3985e-06
-1.40869e-06
1.4039e-06
-1.40265e-06
1.40326e-06
-6.06064e-10
3.15383e-10
-1.30478e-09
1.40406e-06
1.40268e-06
1.21204e-09
-1.40078e-06
1.40078e-06
1.22603e-09
-1.40414e-06
1.40292e-06
-1.40392e-06
1.40405e-06
-1.36228e-09
5.23157e-09
1.42063e-06
-1.40851e-06
1.41064e-06
-2.13322e-09
1.4031e-06
-1.40332e-06
1.40171e-06
1.60871e-09
-1.40571e-06
1.7941e-09
1.40432e-06
1.40884e-06
1.05947e-09
1.40387e-06
-1.4025e-06
-1.36542e-09
1.4054e-06
-1.40695e-06
1.55543e-09
-5.92161e-09
1.95646e-10
1.40306e-06
-5.24655e-09
1.39672e-06
-8.18544e-09
-1.40864e-06
1.41181e-06
-3.16869e-09
-1.40188e-06
1.40081e-06
1.07266e-09
1.39536e-06
1.40423e-06
-1.16649e-09
1.25906e-09
-1.40416e-06
1.4029e-06
-8.7863e-09
1.40241e-06
1.45356e-09
-1.40309e-06
1.40189e-06
1.20344e-09
1.40293e-06
1.40355e-06
-1.40235e-06
1.40329e-06
-9.45869e-10
1.40417e-06
-1.25215e-09
-1.40173e-06
1.40335e-06
-1.62136e-09
-9.46129e-09
1.4276e-06
-1.40083e-06
-1.71472e-08
1.40418e-06
1.40281e-06
1.22277e-09
-1.40403e-06
1.403e-06
-1.40211e-06
1.39838e-06
3.73149e-09
1.55569e-09
3.88998e-07
1.03872e-06
-1.42772e-06
-1.40018e-06
-1.92945e-09
-1.15511e-09
1.40282e-06
-1.18648e-06
-1.42818e-09
1.40384e-06
1.40391e-06
-1.09502e-09
-1.4029e-06
1.40297e-06
-6.82562e-11
-9.19927e-07
1.40404e-06
1.22452e-09
1.40268e-06
-1.40903e-06
1.41199e-06
-2.95731e-09
1.8632e-12
-5.74026e-09
-1.28508e-06
-1.70953e-07
1.40261e-06
-1.40979e-06
1.41526e-06
-5.47555e-09
-1.40962e-06
1.41146e-06
-1.8418e-09
-1.40822e-06
1.40384e-06
1.40583e-06
1.40583e-06
1.40975e-06
-1.40975e-06
-1.40693e-06
-1.13453e-09
1.40968e-06
-1.4035e-06
1.76454e-09
1.40292e-06
-1.39871e-06
-4.21667e-09
2.61311e-09
-1.40859e-06
1.15502e-09
-1.40312e-06
1.40196e-06
1.40227e-06
1.57022e-09
-2.08682e-09
-1.40271e-06
1.40451e-06
-1.79977e-09
-1.40156e-06
1.40578e-06
-4.22137e-09
1.40193e-06
1.91448e-09
-5.16455e-08
1.40351e-06
-1.24207e-09
5.64567e-09
1.40521e-06
-1.40521e-06
1.40436e-06
-1.4035e-06
3.17195e-09
-1.40716e-06
1.41258e-06
-5.41562e-09
-1.10983e-06
-1.40154e-06
1.41053e-06
-8.99259e-09
1.40134e-06
9.55438e-10
-1.40229e-06
1.40189e-06
-1.40853e-06
8.21095e-10
1.40095e-06
3.83651e-10
1.40356e-06
-8.79387e-10
-2.63164e-09
1.40101e-06
1.40304e-06
-1.40232e-06
-7.98001e-10
1.40394e-06
-1.40394e-06
-1.40954e-06
1.4175e-06
1.41187e-06
5.21249e-09
-1.41357e-06
1.40111e-06
1.06347e-06
-1.0607e-06
1.40573e-06
-1.4049e-06
1.41341e-06
1.41421e-06
-1.44066e-09
-1.41277e-06
1.06756e-06
-3.03382e-09
1.40432e-06
-1.4056e-06
1.28697e-09
4.55069e-10
1.4005e-06
1.06946e-06
-4.23833e-07
-5.01876e-07
-1.49602e-08
4.24636e-09
1.40207e-06
-1.41116e-06
1.40521e-06
-1.41027e-06
1.42394e-06
-1.36704e-08
1.40421e-06
1.78545e-07
-1.46362e-06
-3.30093e-10
1.39944e-06
-2.76516e-09
1.39366e-06
-1.39089e-06
-1.40256e-06
-3.62504e-08
-6.39765e-07
6.76016e-07
8.80919e-07
-1.02434e-06
1.39989e-06
1.39763e-06
2.2614e-09
1.07422e-06
1.40308e-06
-1.40359e-06
1.39051e-06
-1.38967e-06
1.30083e-10
-1.64025e-09
-1.39571e-06
1.39735e-06
1.39719e-06
4.40164e-10
1.92887e-07
1.71084e-07
2.1555e-07
3.5051e-07
1.94384e-07
1.93967e-07
1.95334e-07
1.94182e-07
3.8919e-08
1.76694e-07
1.99495e-07
2.13991e-07
-1.40973e-06
1.96142e-07
1.91637e-07
1.91747e-07
1.92052e-07
1.94167e-07
1.93192e-07
-1.40358e-06
-5.01266e-09
1.94299e-07
1.9484e-07
1.39536e-06
1.83177e-09
2.27108e-07
-1.39599e-06
1.41331e-06
-1.73203e-08
1.87271e-07
2.22959e-09
-1.40891e-06
1.90042e-07
-1.40276e-06
2.0195e-10
1.39878e-06
1.71411e-09
-1.38697e-06
1.39381e-06
1.39372e-06
1.40324e-06
-1.40324e-06
-1.43924e-06
1.28126e-06
2.47585e-07
-1.39748e-06
1.42689e-06
-2.94135e-08
1.98135e-07
1.94553e-07
1.94032e-07
1.94921e-07
1.88198e-07
-1.4038e-06
1.39922e-06
1.10599e-06
-9.21409e-07
-1.58352e-08
1.39095e-06
-1.40811e-06
-1.87573e-09
-3.33797e-07
3.51203e-09
1.40555e-06
-1.34668e-09
1.37649e-06
-3.88752e-09
-1.3726e-06
1.92521e-07
-1.39755e-06
1.88832e-07
-1.40767e-06
-2.00635e-09
-1.06724e-09
-1.40608e-06
1.17465e-09
-1.3538e-06
-4.55504e-09
1.35836e-06
1.40334e-06
-1.39648e-06
-7.97382e-09
-1.40345e-06
-7.80886e-09
-1.38093e-06
1.38874e-06
-1.40144e-06
3.88964e-09
1.38706e-06
3.89748e-09
-1.40907e-06
-1.40881e-06
1.11914e-09
-1.28437e-06
3.16272e-07
1.38372e-06
3.34134e-09
1.41214e-06
-1.41332e-06
1.37591e-06
1.38357e-06
1.0081e-08
-2.39081e-07
2.19548e-07
-1.37354e-06
1.45014e-06
-7.65996e-08
1.40342e-06
2.2688e-08
1.38863e-06
1.40371e-06
-1.40283e-06
-1.40385e-06
-1.28184e-06
5.52127e-08
1.37202e-06
1.43567e-06
-4.70455e-08
-1.40388e-06
-1.40423e-06
1.40249e-06
-1.40529e-06
1.38981e-06
7.54051e-09
-1.38692e-06
1.43122e-08
-2.3727e-08
-1.34068e-06
1.3644e-06
1.00785e-06
-1.39805e-06
1.39805e-06
-1.41061e-06
1.07288e-06
1.05546e-06
-1.06282e-06
1.89941e-07
-1.09957e-06
1.0966e-06
-1.0966e-06
-1.0677e-07
-1.28258e-06
1.38935e-06
-6.21345e-08
1.39371e-06
1.56961e-07
-1.27317e-07
3.13812e-08
1.03738e-07
-1.59963e-07
7.08931e-08
8.36188e-08
-2.40199e-07
7.71793e-08
-2.96976e-07
3.04936e-08
7.52581e-08
-2.01637e-07
1.15335e-07
-1.98912e-07
9.99968e-08
-5.10856e-09
-1.282e-06
2.43658e-08
-1.786e-08
1.35803e-06
1.39921e-08
6.01009e-09
1.40509e-06
-1.67156e-09
6.94096e-09
8.3722e-09
8.52318e-09
-1.40519e-06
-9.55967e-11
1.27803e-08
8.22186e-09
1.40347e-06
-1.40241e-06
1.40241e-06
-2.38904e-07
6.49863e-09
-1.3983e-06
-1.05982e-06
-1.28695e-06
-1.40796e-06
7.325e-09
1.3976e-06
-1.39689e-06
9.70479e-07
-9.70479e-07
-3.83557e-09
-1.40661e-06
1.40815e-06
-1.54464e-09
1.35347e-06
1.40192e-06
1.36543e-06
2.33104e-08
1.32519e-06
3.31682e-08
-1.34776e-06
8.38832e-09
-1.32471e-06
3.77549e-08
1.40235e-06
1.34512e-06
-1.40356e-06
1.01021e-06
-2.76341e-07
1.32974e-06
5.03689e-09
-1.24269e-06
1.79724e-07
1.40413e-06
-1.40378e-06
1.5861e-09
1.40418e-06
-2.25324e-09
1.18503e-07
-1.40108e-06
-1.66696e-07
1.37942e-06
1.18715e-06
-1.44739e-06
3.87424e-08
-1.16916e-06
-1.41291e-06
4.18494e-08
1.40314e-06
-1.41293e-06
1.40923e-06
7.40774e-08
-1.48331e-06
-1.33023e-06
4.823e-08
1.24471e-06
-1.33927e-06
9.45571e-08
1.39247e-06
-1.39247e-06
-1.14528e-06
4.40533e-09
-1.40225e-06
-1.29953e-06
-1.16461e-06
1.40323e-06
1.4034e-06
-1.4034e-06
4.57272e-09
1.29993e-06
1.30152e-06
6.28864e-08
1.35322e-07
7.65184e-08
-3.09014e-07
1.39469e-06
4.89374e-09
-1.39959e-06
1.06063e-06
-1.06073e-06
1.39652e-06
1.08924e-06
1.41108e-06
-1.40943e-06
1.01609e-06
-1.01609e-06
-1.40691e-06
1.40475e-06
-1.40394e-06
5.38469e-09
-1.37128e-06
7.17507e-08
-1.21839e-06
1.36755e-06
-1.0264e-06
1.0264e-06
-8.34894e-07
8.34894e-07
1.0759e-06
-1.05929e-06
-8.85389e-07
8.85389e-07
1.13519e-06
-1.13519e-06
-9.64146e-07
-1.02995e-06
1.02995e-06
1.11344e-06
-1.01121e-06
1.01121e-06
-9.94006e-07
9.94006e-07
-9.80869e-07
9.80869e-07
1.16907e-06
-1.16907e-06
9.25051e-07
1.0902e-06
-1.0902e-06
1.09365e-06
1.12695e-06
-1.12695e-06
1.11076e-06
1.09106e-06
-1.00375e-06
1.00375e-06
-1.1605e-06
-1.04202e-06
-9.95166e-07
1.13416e-06
-1.13416e-06
1.02108e-06
-1.02108e-06
1.11912e-06
1.08741e-06
1.1017e-06
1.12841e-06
1.40235e-06
-1.40154e-06
1.10218e-06
-9.06331e-07
1.4053e-06
-2.07181e-09
-1.43499e-06
2.93546e-08
1.40563e-06
1.40234e-06
1.40665e-06
-1.2729e-09
1.32933e-06
-1.40593e-06
1.40728e-06
-1.10464e-06
-1.40799e-06
-1.40954e-06
1.40099e-06
-1.40099e-06
1.84558e-07
1.38898e-06
-1.38776e-06
-4.25012e-09
-1.04006e-06
1.04431e-06
1.40243e-06
1.38987e-06
-1.38987e-06
1.40834e-06
-1.40862e-06
-1.40499e-06
-1.40138e-06
1.39333e-06
-1.40676e-06
1.56552e-09
-1.03252e-06
9.38533e-07
1.40273e-06
-1.40273e-06
-1.11346e-06
1.95114e-07
-1.14363e-06
-1.11532e-06
1.94e-07
-1.12029e-06
1.96714e-07
-1.11027e-06
1.92672e-07
-1.13669e-06
1.97672e-07
1.40488e-06
-2.53269e-09
-1.40608e-06
4.93078e-07
-1.33811e-06
-1.1117e-06
1.88928e-07
-1.08173e-06
-5.24218e-09
1.3994e-06
9.20521e-07
2.83286e-07
-1.20381e-06
-1.02472e-06
9.4188e-07
3.62089e-07
-1.28747e-06
9.25385e-07
1.07914e-06
-1.12027e-06
-1.39988e-06
1.41121e-06
-1.13291e-08
1.40349e-06
-1.40267e-06
-1.40975e-06
-8.66773e-10
1.41136e-06
-1.41299e-06
1.29679e-06
-6.71409e-07
-6.2538e-07
-9.14145e-07
1.11228e-06
-9.12925e-07
1.10696e-06
-1.99715e-07
1.40266e-06
-3.25936e-09
-1.11774e-06
-1.40155e-06
-1.0559e-06
1.80775e-07
-6.2462e-08
-9.47356e-07
-1.41411e-06
1.40082e-06
-2.5429e-07
-1.40338e-06
2.61706e-07
1.40546e-06
-4.64388e-09
-9.20997e-07
9.92542e-07
1.40198e-06
-1.40198e-06
-1.10052e-06
-1.75674e-07
-8.39724e-07
-1.55871e-09
1.41079e-06
1.40005e-06
1.40335e-06
-1.40676e-06
-1.35938e-06
-4.6551e-08
-2.4687e-08
-1.09543e-06
1.09501e-06
-9.20578e-07
1.0109e-06
-7.95349e-07
-9.49248e-07
-8.46628e-07
1.04196e-06
-9.21141e-07
-1.27348e-06
7.58704e-07
5.1478e-07
-9.43599e-07
-8.52073e-07
1.06606e-06
-9.18634e-07
1.0801e-06
-8.88045e-07
1.11364e-06
-9.18805e-07
-9.09581e-07
-3.68654e-09
-1.39811e-06
1.40179e-06
1.05263e-06
-1.06013e-06
-8.64725e-07
1.05477e-06
1.21851e-06
-8.85976e-07
1.08053e-06
1.39732e-06
-1.36091e-06
1.40286e-06
-1.4021e-06
-1.40642e-06
-2.19328e-09
-9.23503e-07
1.06848e-06
2.57946e-07
9.18572e-07
1.55698e-07
-1.07427e-06
9.32096e-07
1.09761e-07
-1.04186e-06
9.23045e-07
8.08445e-08
-1.00389e-06
9.22623e-07
3.40396e-07
-1.26302e-06
9.24255e-07
1.78877e-07
-1.10313e-06
1.4014e-06
1.33743e-06
5.63344e-09
1.00921e-06
-1.07167e-06
-2.40569e-07
1.40456e-06
-1.39178e-06
-1.27836e-08
-1.92038e-07
1.27118e-06
1.40048e-06
-1.40048e-06
-1.40765e-06
-8.90116e-07
9.21497e-07
1.14129e-06
-1.0704e-06
-1.08004e-06
-1.13297e-06
1.09979e-06
1.10489e-06
5.30777e-09
-1.41018e-06
1.39667e-06
-1.39757e-06
8.95533e-10
-1.11247e-06
4.89324e-10
-1.40848e-06
1.38724e-06
1.06294e-06
-1.056e-06
-1.34521e-06
1.06694e-06
-1.05842e-06
9.25785e-07
1.38363e-06
-1.40247e-06
1.4083e-06
-1.40718e-06
-1.39649e-06
1.40229e-06
1.0678e-06
-1.06047e-06
1.40221e-06
-1.40214e-06
1.40214e-06
-1.37692e-06
-2.94992e-08
1.7328e-07
-1.10977e-06
1.40125e-06
-1.40634e-06
-1.38467e-06
1.11704e-06
1.11124e-06
1.12977e-06
1.41123e-06
-1.41165e-06
1.50155e-07
1.08642e-06
-8.36415e-07
1.1197e-06
-7.78302e-07
1.14039e-06
1.11318e-06
1.12041e-06
-9.23697e-07
1.40095e-06
9.42732e-07
1.09023e-07
-1.05175e-06
1.06877e-06
-1.06437e-06
1.40229e-06
-1.40146e-06
4.88089e-09
1.50475e-09
-1.42631e-06
1.33231e-06
1.40282e-06
-1.58093e-09
-6.91405e-07
1.42298e-06
1.4025e-06
-1.40841e-06
-1.13171e-09
-8.63411e-07
-1.00169e-06
7.26727e-08
-1.02418e-06
-9.41394e-07
-1.39816e-06
1.40148e-06
-1.40148e-06
1.40083e-06
1.40061e-06
-1.40061e-06
-2.02899e-07
1.14478e-06
-1.98318e-07
1.1237e-06
-1.0911e-06
2.16273e-07
1.40928e-06
-3.64388e-09
-1.36042e-06
-6.58854e-08
-1.36198e-06
-5.11272e-09
-1.38828e-06
1.40229e-06
1.4064e-06
4.80663e-09
-1.39148e-06
1.40171e-06
-1.40091e-06
9.01943e-07
-8.09919e-09
-9.25215e-07
2.34435e-07
-9.91501e-07
1.40003e-06
-1.4065e-06
1.37559e-06
-9.21145e-07
1.10998e-06
-1.06462e-06
1.02673e-06
1.06797e-06
-1.07016e-06
4.04973e-07
-4.04973e-07
-1.05259e-06
1.24873e-06
1.10918e-07
-8.45599e-07
1.03977e-06
-8.82985e-07
1.07728e-06
-9.18629e-07
1.08971e-06
-8.84929e-07
1.07668e-06
-8.90893e-07
1.08409e-06
1.03241e-06
-8.45139e-07
-1.90988e-08
1.10876e-06
-9.1624e-07
-1.39582e-06
-2.33643e-09
1.39745e-06
-4.99891e-11
-1.40791e-06
1.40195e-06
1.40144e-06
-1.40318e-06
6.67148e-07
-6.67148e-07
1.03799e-06
-1.05955e-06
-1.37716e-06
-1.13188e-09
-1.40748e-06
-1.415e-06
1.39987e-06
-1.39877e-06
1.40164e-06
-7.62378e-07
1.00182e-07
-1.00182e-07
-1.40271e-06
6.94246e-10
-1.20989e-06
1.39911e-06
1.40831e-06
-1.40782e-06
1.07342e-06
-1.06741e-06
-1.40276e-07
1.07971e-06
-9.39431e-07
-1.38394e-06
-2.25572e-08
1.38618e-06
-1.39897e-06
-1.72412e-07
1.07257e-06
-9.00156e-07
-1.39565e-06
1.39979e-06
2.76512e-09
1.40228e-06
1.07874e-06
-9.10883e-07
-1.6786e-07
-2.73679e-07
-1.40602e-06
1.40602e-06
5.9692e-08
2.23973e-07
1.39902e-06
-1.40611e-06
1.39626e-06
-1.40129e-06
1.40275e-06
-1.51603e-07
1.31806e-09
-1.40861e-06
2.3493e-07
2.45252e-07
4.02102e-07
1.18624e-07
9.22696e-08
1.69136e-07
2.22751e-07
1.95167e-07
1.58043e-07
1.96041e-07
4.36188e-07
1.22829e-07
2.09628e-07
-5.30459e-09
1.41421e-06
1.85258e-07
4.21195e-07
-2.21434e-08
-8.85265e-07
-9.16227e-07
-9.19028e-07
-1.09388e-06
-9.17875e-07
-1.40853e-06
1.6682e-09
-1.39204e-06
6.84626e-07
-1.39709e-06
1.4369e-09
-8.52937e-07
-1.26316e-07
-9.25439e-07
1.40617e-06
-1.40798e-06
1.13667e-06
-1.42034e-07
-1.40353e-06
-9.16514e-08
1.14103e-06
7.50272e-07
-9.25946e-07
-6.79396e-09
-1.01687e-06
1.56152e-07
9.38296e-07
-1.40109e-06
1.05153e-06
-8.70756e-07
6.54837e-07
6.41952e-07
-1.18133e-07
1.12246e-06
-1.00432e-06
-1.39801e-06
1.03901e-06
-1.00475e-07
1.40408e-06
-1.40408e-06
1.40824e-06
-1.4098e-06
-7.71703e-07
9.96257e-07
3.28169e-08
-1.08605e-06
1.05323e-06
-1.61138e-07
1.03407e-06
-8.72935e-07
-5.54096e-08
1.07202e-06
-9.30132e-07
-1.41125e-06
-1.83089e-08
-1.39698e-06
-1.3963e-06
-1.70942e-09
-1.39752e-06
1.38853e-06
1.41187e-06
1.40583e-06
-1.40684e-06
6.7646e-07
2.42751e-07
1.40418e-06
-3.94072e-08
-8.5918e-08
-7.21271e-07
-2.10706e-07
1.0549e-06
-1.39089e-06
-6.63026e-09
2.01811e-07
-1.39597e-06
1.40284e-06
-1.40284e-06
-9.94254e-07
-1.40294e-06
6.0436e-09
-3.59129e-07
-2.57713e-07
9.67965e-07
5.40253e-08
-1.02199e-06
5.9659e-10
-1.07847e-06
1.01033e-06
-1.25595e-08
1.39411e-06
-3.29848e-08
-1.36113e-06
-1.39511e-06
-1.39673e-06
7.59559e-10
-1.0693e-07
1.40454e-06
-1.40653e-06
-9.86156e-07
-8.55118e-08
1.49575e-07
-7.97453e-07
-2.26889e-07
1.2739e-07
-1.06682e-06
-9.02089e-08
1.33917e-07
-8.87967e-07
-1.39775e-06
-1.08663e-06
1.39745e-06
1.40224e-06
-1.40224e-06
-1.3955e-06
1.39202e-06
-1.39382e-06
-1.58406e-07
-2.10335e-07
1.39877e-06
-3.09622e-09
1.66129e-07
-1.37602e-06
1.01032e-06
-1.20092e-06
-1.395e-06
-2.75581e-09
-1.39952e-06
1.02758e-06
-1.39267e-06
-1.14517e-09
1.03695e-06
1.09535e-06
1.39467e-06
-9.55903e-07
-8.27022e-09
-1.39274e-06
-1.0626e-06
-1.40895e-06
1.42402e-06
-1.50785e-08
8.80411e-07
1.61552e-07
-1.07438e-06
-1.3948e-06
-1.16703e-06
1.40177e-06
1.38944e-06
3.03436e-09
-1.01032e-06
-8.62801e-08
-1.40134e-06
7.59085e-10
1.36048e-08
1.38051e-06
-1.00816e-06
-1.39287e-06
1.31808e-10
-1.38667e-06
-8.13415e-09
1.40141e-06
-1.40141e-06
-1.08114e-06
-1.39372e-06
-1.3918e-06
1.2964e-09
8.8649e-07
-1.11338e-06
9.19047e-07
1.38839e-06
1.48402e-09
-7.81614e-07
1.39585e-06
-1.3951e-06
-1.3976e-06
-1.39264e-06
8.44557e-10
-1.11397e-06
-1.39144e-06
6.80551e-07
5.80882e-07
-1.05939e-06
1.05102e-06
9.13514e-07
-9.31276e-07
1.40021e-06
1.40715e-06
1.46529e-09
-1.40929e-06
-1.39255e-06
1.11065e-09
1.41421e-06
-1.39094e-06
-1.39832e-06
1.39321e-06
-1.28146e-06
-1.04951e-09
1.39985e-06
-1.39985e-06
-1.39231e-06
1.36947e-09
-1.41771e-06
1.06454e-06
-1.39443e-06
-1.41513e-06
-1.39579e-06
-1.39054e-06
-8.67532e-07
-1.2655e-07
-2.68922e-10
1.39832e-06
1.43426e-07
-1.14775e-06
-1.09481e-06
9.43204e-07
-1.39207e-06
1.53359e-09
1.39826e-06
-1.09157e-06
2.18635e-07
1.01169e-06
7.1226e-08
-9.41996e-07
-1.3901e-06
-1.66112e-07
-9.12283e-07
1.06072e-06
-1.39832e-06
-1.3991e-06
-1.39164e-06
1.53927e-09
-1.53359e-07
1.16369e-06
1.02926e-06
-9.52742e-07
-1.38973e-06
8.40457e-07
-8.95859e-07
-2.15032e-09
-1.39267e-06
1.40477e-06
7.63025e-08
-1.48107e-06
-1.05961e-06
-1.40958e-06
-1.39135e-06
1.62374e-09
-1.3335e-06
-2.08317e-07
-1.38932e-06
-7.33579e-08
-9.48632e-07
-5.14709e-07
-1.39225e-06
2.93106e-09
1.08662e-06
-1.06648e-06
-1.38839e-06
-1.39018e-06
-1.39504e-06
4.86555e-09
1.38839e-06
1.38944e-06
-2.63587e-09
-1.3913e-06
1.3255e-06
-1.39139e-06
1.05837e-06
7.48424e-08
9.76106e-07
-1.46342e-08
9.82788e-07
1.08788e-09
6.01376e-07
-1.3937e-06
1.39408e-06
-1.05131e-06
1.39722e-06
1.96022e-09
-1.06125e-06
-1.35265e-06
-1.20529e-06
-2.8659e-07
8.69509e-07
-8.76303e-07
-1.39597e-06
1.05722e-06
-2.78669e-09
-1.38991e-06
-1.39332e-06
1.39298e-06
-1.40202e-06
-1.39269e-06
-1.39429e-06
9.68078e-10
-1.39205e-06
-9.72822e-07
-1.06658e-07
-1.39283e-06
-1.36874e-06
-1.08369e-06
-1.3913e-06
1.04496e-06
-1.39541e-06
2.58034e-09
-1.39529e-06
1.06454e-06
5.60013e-07
-4.69902e-08
-1.37852e-06
8.78124e-07
-1.11398e-06
6.65501e-07
6.49856e-07
1.05621e-06
-1.39061e-06
7.79641e-10
-1.37783e-06
-3.53247e-07
-1.38175e-07
-2.03606e-07
-1.39108e-06
-1.39151e-06
-1.39383e-06
-1.38354e-06
4.0469e-07
-1.2411e-06
-1.39017e-06
-1.39303e-06
1.39231e-06
-1.40021e-06
-1.04813e-06
-1.38841e-06
1.028e-06
-1.028e-06
-1.39566e-06
2.63208e-09
-1.39384e-06
-1.38666e-06
-1.39553e-06
1.68785e-09
1.39956e-06
-2.49105e-09
8.16992e-07
-1.38975e-06
-1.38804e-06
-1.77262e-07
6.23398e-08
9.65664e-07
-5.94229e-07
-4.72306e-07
-5.61347e-07
-5.36339e-07
1.12354e-06
-1.37627e-06
-1.05826e-06
-1.38918e-06
1.05269e-06
-1.3916e-06
1.28155e-08
8.89641e-07
-1.39164e-06
1.32275e-07
-1.3888e-06
1.39436e-06
-5.42516e-07
-5.66341e-07
-4.59643e-07
-6.15475e-07
-1.39851e-06
1.3839e-06
-1.38867e-06
-5.57391e-07
-5.50276e-07
-5.99245e-07
-4.94963e-07
-5.88564e-07
-5.16981e-07
-5.57887e-07
-4.871e-07
-5.51156e-07
-5.49506e-07
-4.2479e-07
-6.60334e-07
1.06125e-06
-1.389e-06
-1.38815e-06
-1.00444e-06
3.39569e-08
-1.38895e-06
6.96198e-07
-2.59692e-07
-8.9725e-07
1.15694e-06
-7.60361e-07
-1.38784e-06
1.00444e-06
-3.14917e-07
-1.38872e-06
-1.04127e-06
-9.55274e-07
3.93069e-07
9.21439e-07
-1.38735e-06
-1.38875e-06
-1.38976e-06
-1.17337e-09
1.39061e-06
-1.38845e-06
-3.12298e-09
1.39151e-06
-1.39655e-06
-1.06371e-06
-1.40269e-07
-1.38786e-06
-1.38691e-06
-1.04337e-06
-1.38388e-06
-1.38805e-06
-1.10742e-06
-1.38651e-06
1.85431e-07
-1.38622e-06
-1.38766e-06
1.09878e-06
-1.38433e-06
-1.38604e-06
1.0514e-06
-1.38729e-06
-1.05744e-06
-1.38289e-06
-1.45739e-07
-1.38436e-06
-1.39315e-06
-1.38111e-06
-1.38828e-06
1.06402e-06
-1.38282e-06
9.9566e-07
4.33797e-09
1.04811e-07
9.36914e-07
9.90736e-07
-1.38098e-06
7.84323e-07
5.03508e-07
-1.39362e-06
-1.38022e-06
-1.82787e-09
-9.04366e-07
1.30906e-06
1.39825e-06
9.4845e-09
-1.37843e-06
-1.38118e-06
8.59553e-07
-1.00584e-06
-1.38105e-06
1.38202e-06
-1.37963e-06
-2.09087e-09
-1.39136e-06
1.03034e-06
-1.03034e-06
-1.15497e-06
5.68043e-07
-1.38878e-06
-1.38776e-06
6.84418e-08
-1.06503e-06
-1.10075e-06
-3.11961e-07
1.09356e-08
-1.39364e-06
-1.03974e-06
-1.11201e-06
1.11201e-06
-9.34038e-07
-1.05953e-06
-1.37628e-06
1.37891e-06
1.05953e-06
9.73286e-07
-3.42991e-09
-1.37384e-06
-6.84864e-07
-5.96897e-07
-1.37216e-06
1.37344e-06
-1.37593e-06
1.12322e-06
7.19153e-08
-1.04851e-06
-9.9566e-07
1.07841e-06
4.34204e-08
-3.30107e-08
1.06262e-06
-1.02961e-06
1.39998e-06
-1.05428e-06
1.25391e-06
-1.37627e-06
-1.09321e-06
7.89103e-07
-1.29373e-06
5.04625e-07
1.40152e-06
-1.31152e-08
-9.65664e-07
8.02746e-08
2.48434e-07
-1.01701e-06
4.39698e-08
1.02537e-06
-1.08642e-06
-1.03589e-06
-1.1175e-06
-1.04027e-06
8.11577e-07
-1.3915e-06
3.85049e-07
-1.14596e-06
-1.15713e-06
-1.06185e-06
3.81761e-09
-1.12037e-06
1.07941e-06
-1.04616e-06
1.04188e-06
-1.38985e-06
-1.06554e-06
-2.61182e-07
-7.95014e-07
1.04027e-06
-4.4263e-09
1.35706e-06
-1.35706e-06
1.35303e-06
-1.35303e-06
1.04178e-06
-1.04178e-06
-1.08642e-06
-9.56116e-07
-2.71073e-07
-9.70031e-07
-9.76239e-07
1.19487e-06
-1.19029e-06
9.81976e-07
-7.50138e-07
-5.14839e-07
6.48366e-07
1.14207e-07
9.90736e-07
-1.06924e-06
-9.78631e-07
-1.09321e-06
-1.00902e-06
9.78631e-07
-2.48416e-07
-2.03198e-07
-4.44192e-07
-7.41191e-07
-5.13038e-07
-1.36312e-07
-7.16625e-07
-1.10232e-06
-1.10075e-06
6.45333e-07
6.51363e-07
7.14501e-07
-1.34529e-07
-1.55742e-08
-8.65681e-08
1.02486e-06
-8.66396e-07
7.30084e-07
2.35845e-07
-1.10742e-06
9.08161e-07
1.85244e-07
1.0441e-06
-8.7624e-07
9.71235e-07
-1.65775e-07
1.17015e-06
-1.04848e-06
8.89282e-07
-7.94855e-07
6.48526e-07
-3.54618e-07
-2.94571e-07
-5.24192e-07
-5.75519e-07
-5.33492e-07
-5.30526e-07
-1.11398e-06
-9.70485e-07
1.07447e-06
-6.52115e-07
-4.22353e-07
2.88626e-08
9.25092e-07
-9.99874e-07
3.44767e-07
-8.59951e-08
1.71359e-07
8.01927e-07
6.84626e-07
-9.4488e-07
5.41233e-07
-1.01354e-06
5.24219e-07
-1.06056e-06
-1.02846e-06
1.06846e-06
-2.60714e-08
1.64726e-07
-8.61407e-07
1.24646e-06
-5.33593e-07
-5.77093e-07
9.02903e-07
-1.1024e-06
1.08813e-06
6.38681e-08
9.17287e-07
-9.17287e-07
1.02288e-06
8.4566e-07
1.23477e-06
9.6601e-07
1.24551e-06
4.76162e-07
9.9109e-07
-3.21135e-07
-1.11226e-06
-1.05662e-06
7.83465e-07
-7.08584e-07
-8.4171e-07
-3.92288e-08
1.02833e-06
2.47553e-07
4.00972e-07
-9.62638e-08
-8.31045e-07
-1.05199e-06
-3.4001e-08
-9.11714e-07
8.94301e-07
-1.02289e-06
-6.7213e-07
-1.06185e-06
8.8617e-07
1.0199e-06
8.55512e-07
8.47395e-07
2.4562e-07
7.94646e-07
-1.58839e-06
7.16625e-07
-1.01483e-06
-5.2347e-07
-6.64559e-07
4.45096e-07
-4.92087e-07
2.3237e-08
-1.11031e-06
8.53224e-07
3.5391e-07
7.63754e-07
-7.24654e-07
-5.48829e-07
1.10102e-06
-2.50861e-07
-1.2608e-07
9.76156e-08
9.38517e-07
-7.09964e-07
-9.00425e-07
-1.08592e-07
1.07828e-06
4.56758e-08
-4.09142e-07
5.44591e-08
-1.02582e-06
-8.46155e-08
-1.04898e-06
8.63688e-07
-5.59895e-07
-6.25659e-07
-1.11704e-06
-1.0825e-07
-9.50262e-07
-8.61478e-07
6.7213e-07
4.63405e-07
6.3771e-07
8.7038e-07
-7.88241e-07
-1.1248e-06
2.0258e-08
-4.14658e-07
-4.2285e-07
-8.04813e-07
1.02901e-06
3.73959e-07
7.76446e-07
9.72054e-07
1.01014e-07
-8.39127e-07
-9.44385e-07
1.00825e-06
-1.06051e-06
-9.10706e-07
1.14341e-06
-3.11077e-07
-8.34281e-07
-7.61953e-07
-9.29549e-07
-8.43379e-07
1.14029e-06
-8.41518e-07
8.67422e-07
1.79048e-07
8.27261e-07
-8.47009e-07
1.18594e-06
4.86101e-07
1.19632e-06
4.75248e-07
-8.47273e-07
1.18594e-06
1.19632e-06
-9.0214e-07
-8.97083e-07
-9.54644e-07
9.88601e-07
8.56157e-07
7.71227e-07
-7.71897e-08
5.22286e-07
1.15659e-06
2.50583e-07
8.75036e-07
-8.10796e-07
-9.41264e-07
8.57973e-08
8.39254e-07
7.39863e-07
-1.00994e-06
-8.83733e-08
9.77655e-07
8.67942e-07
9.43904e-07
-8.46289e-07
2.28884e-07
8.46509e-07
8.62442e-07
3.73666e-07
-7.78902e-07
9.25758e-07
-7.65122e-07
1.1326e-06
-9.04366e-07
-1.27533e-07
-8.93546e-07
7.28814e-07
-9.30721e-07
1.15366e-06
2.06245e-07
2.87884e-07
8.88506e-07
-4.96677e-08
8.21106e-07
2.6627e-07
8.25026e-07
-8.25026e-07
-9.07369e-07
8.38185e-07
-1.57683e-07
-7.15017e-07
-6.85627e-07
-6.3006e-07
6.85627e-07
-9.093e-07
2.18336e-07
7.47211e-07
-1.16249e-09
-9.4747e-07
6.32049e-08
-8.58554e-07
9.49058e-07
-7.81883e-07
-8.9401e-07
-3.20933e-07
-7.18368e-07
1.34812e-07
-1.04709e-06
3.85756e-07
7.41191e-07
-8.61407e-07
9.03806e-07
-8.65214e-07
-1.27249e-06
6.20376e-07
6.64559e-07
8.90066e-07
3.84025e-07
7.50138e-07
8.89837e-07
8.81855e-07
-8.53907e-07
8.53907e-07
-9.08876e-07
-2.79832e-07
-8.20104e-07
1.5003e-07
6.84864e-07
7.43145e-07
2.56676e-07
8.84617e-07
-8.28628e-07
-9.10222e-07
-7.59307e-07
-2.93134e-07
-8.02294e-07
-3.49112e-08
1.34183e-07
3.54571e-08
4.3449e-08
-9.28714e-07
9.04212e-07
-1.00427e-06
-1.97839e-07
6.52757e-07
5.04186e-07
9.36834e-07
9.57979e-07
5.00019e-07
6.94854e-07
4.6438e-07
-7.54473e-10
8.53978e-07
5.07674e-07
8.17896e-07
2.86625e-07
7.57689e-07
6.55669e-08
-1.0199e-06
9.2718e-07
7.94314e-07
-7.94314e-07
7.69402e-07
-7.69402e-07
1.07265e-07
7.78148e-07
-7.78148e-07
7.92659e-07
-7.92659e-07
-1.01483e-06
-9.93028e-08
-7.77e-07
7.65122e-07
1.09152e-06
-2.6649e-07
-1.32482e-07
-2.08385e-07
-9.08681e-07
-8.41077e-07
-6.38768e-07
-6.5496e-07
2.37608e-07
-9.39567e-07
-9.06365e-07
-2.86061e-07
-8.43232e-07
-8.69983e-07
-1.59571e-07
7.35132e-07
-8.61837e-07
8.55705e-07
7.52496e-07
5.5656e-07
5.37359e-07
-8.11023e-07
-8.06901e-07
9.68453e-07
5.50993e-07
-9.47919e-07
5.61342e-07
9.00227e-07
-3.215e-07
-3.3487e-07
-8.64712e-07
8.57418e-07
-8.63673e-07
9.53422e-07
-9.36833e-07
8.85123e-07
9.24682e-07
-8.9289e-07
-3.37779e-07
-3.27244e-07
-3.25003e-07
-7.96211e-07
8.23497e-07
1.09018e-06
8.49348e-07
7.83465e-07
-8.27718e-07
9.5776e-07
7.46311e-07
-8.19874e-07
-4.48372e-08
-3.27111e-07
-9.95418e-08
6.61111e-07
5.77987e-07
8.94301e-07
8.88738e-07
-1.59244e-08
-9.87517e-07
-8.43e-07
-6.33645e-08
9.93165e-07
-2.99404e-07
8.12443e-07
-3.06168e-07
-9.06587e-07
7.93841e-07
9.1548e-08
5.98515e-07
8.17159e-07
-8.06833e-07
-3.0232e-07
9.24371e-07
-7.5023e-08
4.66348e-07
6.67896e-07
1.05648e-06
-8.27402e-07
8.25242e-07
8.85344e-07
-2.88446e-07
2.99314e-07
8.33764e-07
-7.3029e-08
-6.8282e-07
7.61301e-07
-9.36309e-07
-2.78782e-07
7.78902e-07
7.67808e-07
7.18368e-07
5.28087e-07
8.7554e-07
-6.30561e-07
8.93546e-07
2.57335e-07
-1.58834e-08
-8.16656e-07
-8.4409e-07
1.89874e-07
2.92922e-07
-8.72628e-07
-8.63449e-07
7.31153e-07
-8.53557e-07
9.3079e-07
-8.75979e-08
-6.84933e-07
7.72531e-07
-5.62107e-07
5.90961e-07
4.99216e-07
-8.98201e-07
-9.56968e-07
1.1778e-07
-7.95651e-07
-7.52496e-07
-1.19005e-07
1.02407e-06
-9.43876e-08
8.62195e-07
3.21001e-07
1.23941e-07
2.87476e-07
6.52226e-07
-7.39824e-07
8.98881e-07
8.00517e-07
3.35459e-08
-8.61064e-07
8.27518e-07
-3.11834e-08
6.73408e-08
-2.02458e-07
7.92761e-07
-7.59215e-07
-4.40689e-07
1.82128e-07
-1.05141e-06
1.88109e-07
-7.40269e-07
-2.76741e-08
3.08904e-07
1.65294e-07
5.1518e-07
-7.07489e-07
-8.37493e-07
2.82145e-07
-8.95294e-07
1.14112e-07
7.73979e-07
8.55619e-07
5.49454e-07
-7.57254e-07
1.87637e-07
-1.60732e-07
-1.67091e-07
-8.03633e-07
-5.24557e-07
-5.8674e-07
-1.13713e-07
1.41273e-06
-5.0882e-07
1.41711e-06
-8.28772e-07
7.61231e-07
2.74876e-08
-8.5592e-07
-8.55006e-07
-2.12471e-07
6.37592e-07
-6.93784e-07
7.8605e-07
1.45992e-07
-4.71454e-08
8.90471e-07
7.28509e-07
8.5777e-07
9.13298e-07
-2.96581e-07
-7.38621e-07
-7.86814e-07
-7.19474e-07
-2.25705e-07
8.55094e-07
9.11963e-07
8.6578e-08
2.49961e-07
5.53858e-07
-8.65464e-07
8.33186e-07
8.89218e-07
-3.70434e-08
)
;

boundaryField
{
    front
    {
        type            empty;
    }
    back
    {
        type            empty;
    }
    wall
    {
        type            calculated;
        value           uniform 0;
    }
    inlet
    {
        type            calculated;
        value           nonuniform List<scalar> 
12
(
-1.59183e-06
-1.5941e-06
-1.59787e-06
-1.5784e-06
-1.65356e-06
-1.60239e-06
-1.64972e-06
-1.67204e-06
-1.67157e-06
-1.6915e-06
-1.69039e-06
-1.68879e-06
)
;
    }
    outletLeft
    {
        type            calculated;
        value           nonuniform List<scalar> 9(1.09769e-06 1.10886e-06 1.10767e-06 1.10555e-06 1.10066e-06 1.09971e-06 1.10131e-06 1.12753e-06 1.13209e-06);
    }
    aneurysm
    {
        type            calculated;
        value           uniform 0;
    }
    outletRight
    {
        type            calculated;
        value           nonuniform List<scalar> 9(1.06653e-06 1.07512e-06 1.09421e-06 1.04499e-06 1.08512e-06 1.06402e-06 1.07483e-06 1.09965e-06 1.09665e-06);
    }
}


// ************************************************************************* //
