/*--------------------------------*- C++ -*----------------------------------*\
  =========                 |
  \\      /  F ield         | OpenFOAM: The Open Source CFD Toolbox
   \\    /   O peration     | Website:  https://openfoam.org
    \\  /    A nd           | Version:  12
     \\/     M anipulation  |
\*---------------------------------------------------------------------------*/
FoamFile
{
    format      ascii;
    class       surfaceScalarField;
    location    "0.13";
    object      phi;
}
// * * * * * * * * * * * * * * * * * * * * * * * * * * * * * * * * * * * * * //

dimensions      [0 3 -1 0 0 0 0];

internalField   nonuniform List<scalar> 
6438
(
-2.12338e-08
2.63782e-06
-2.61659e-06
-2.32667e-08
3.06427e-06
-3.041e-06
-2.87292e-06
-4.85375e-07
3.3583e-06
2.72616e-06
-2.99094e-06
2.64786e-07
4.19121e-06
-3.27344e-06
-9.17768e-07
9.54717e-07
3.23649e-06
-3.26272e-06
3.89799e-07
-2.83182e-06
2.80855e-06
3.05739e-06
-3.65158e-06
5.94194e-07
2.84449e-06
-3.33416e-06
4.89675e-07
-2.75148e-06
3.34324e-06
-5.91763e-07
6.61022e-07
-3.01706e-06
2.35604e-06
-3.40224e-06
6.50764e-07
2.61428e-06
1.20053e-06
-3.81481e-06
2.45515e-06
-2.47638e-06
-1.38604e-07
2.87735e-06
-2.73875e-06
-3.62535e-06
3.515e-06
1.10346e-07
-2.74538e-06
3.3316e-06
-5.86217e-07
-3.39888e-06
6.53492e-07
1.07939e-06
2.28414e-06
-3.36353e-06
-7.87013e-07
-5.15155e-07
1.30217e-06
-1.6803e-07
3.01456e-06
-2.84653e-06
-2.79442e-06
-4.52914e-07
3.24733e-06
-3.41894e-06
1.50103e-06
1.91791e-06
-2.97016e-06
2.80213e-06
-2.63785e-06
3.20683e-06
-5.68975e-07
-3.22096e-06
4.2654e-07
3.05636e-06
-2.39534e-06
-2.77563e-06
-5.17481e-07
3.29311e-06
-3.35478e-06
7.1693e-07
2.5749e-06
-3.23067e-06
6.55771e-07
1.45153e-08
-3.1478e-06
3.13328e-06
3.07983e-06
-3.09659e-06
1.67611e-08
-3.05121e-06
5.14071e-07
2.53713e-06
-4.12257e-06
6.66382e-07
3.45619e-06
2.89796e-06
-2.88344e-06
2.92295e-06
-1.96789e-07
1.89695e-06
2.65573e-06
-4.55268e-06
-9.34446e-07
3.54873e-06
-2.72143e-06
2.98934e-06
-2.67908e-07
-3.15369e-06
3.12427e-06
2.94224e-08
-1.31176e-06
2.39115e-06
2.81992e-06
2.45688e-08
-3.38926e-06
3.32062e-06
6.86412e-08
3.03951e-06
-4.64613e-07
-2.27576e-06
2.13716e-06
-3.93871e-06
6.6527e-07
2.99293e-06
2.88809e-07
-3.28174e-06
-2.32923e-06
-7.21972e-07
-4.26006e-07
-2.80086e-06
3.17806e-06
-3.77207e-07
-2.09067e-06
3.01419e-06
-9.23514e-07
3.02315e-06
-3.02315e-06
9.4884e-07
2.29292e-06
3.0181e-07
-2.59473e-06
1.34556e-06
6.52241e-07
-1.9978e-06
2.56127e-06
5.34338e-07
-3.09561e-06
2.47186e-06
-9.70833e-07
-1.43351e-06
-2.5052e-06
-2.96776e-08
2.66486e-06
-2.63519e-06
-3.28761e-06
3.28761e-06
-3.4042e-06
3.43803e-06
-3.38212e-08
1.36692e-07
2.53334e-06
-2.67003e-06
9.62341e-09
-3.10297e-06
3.09335e-06
2.87909e-06
-2.86947e-06
-3.13904e-06
3.63405e-07
-3.14749e-06
-2.41767e-07
-2.7065e-06
2.97326e-06
-2.66758e-07
2.99298e-07
2.59143e-06
-2.89073e-06
-3.18231e-06
3.06078e-06
1.21522e-07
3.1027e-06
-3.1027e-06
2.88497e-06
1.72418e-07
-1.89492e-06
-1.43925e-06
2.70126e-06
5.69988e-07
-3.27125e-06
-2.65112e-06
-5.02577e-07
2.35436e-06
1.82063e-06
-4.17499e-06
-3.64797e-06
2.3362e-06
-2.33047e-06
-1.3175e-06
3.20846e-06
-5.07201e-07
1.91423e-06
-5.6867e-07
2.6018e-06
2.95324e-07
-2.89712e-06
-3.2074e-06
-1.96807e-07
-4.55788e-07
-7.80239e-07
-2.50737e-06
3.47641e-06
-3.47641e-06
-2.30036e-06
-8.81943e-07
-2.08879e-07
-3.91369e-06
-2.99948e-06
2.98773e-06
1.17509e-08
1.08006e-07
-3.03979e-06
2.93178e-06
-3.34287e-07
2.93608e-06
3.00335e-06
7.64772e-08
-3.13719e-06
-4.88154e-07
-3.16664e-06
3.24629e-06
-7.96537e-08
3.30979e-06
-1.85185e-06
-1.45794e-06
2.96712e-06
-2.85911e-06
6.13034e-08
3.33054e-06
-1.69494e-06
-1.6356e-06
1.89337e-06
1.41642e-06
3.05397e-06
-3.05397e-06
-2.34288e-06
3.35984e-06
-1.01697e-06
-2.94327e-06
1.42413e-07
-4.03119e-07
-2.38309e-06
2.78621e-06
-2.75929e-06
1.0817e-07
-2.95602e-06
6.13143e-07
2.54938e-06
5.59725e-07
-3.10911e-06
-1.82018e-07
2.7314e-06
-2.66355e-06
3.07712e-06
-4.13574e-07
-2.82895e-06
1.07512e-07
1.95667e-06
1.37387e-06
2.94908e-06
-5.93046e-07
1.26829e-07
2.89632e-06
-2.54474e-06
-2.14551e-07
2.65954e-06
5.66557e-07
-3.22609e-06
-1.47104e-06
-1.26881e-06
2.73985e-06
1.93672e-06
-2.46439e-07
-1.69029e-06
-3.1478e-06
6.39927e-07
3.15221e-06
-3.79214e-06
-1.4628e-06
6.75785e-07
3.1469e-06
5.99262e-08
3.41616e-06
-1.76723e-06
-1.64893e-06
1.14439e-06
2.27176e-06
3.18215e-06
-5.2261e-07
3.886e-06
-1.98905e-06
-2.87919e-06
9.31697e-09
2.86987e-06
-4.11871e-06
4.18535e-07
3.70017e-06
-4.77121e-08
-2.85983e-06
2.90754e-06
3.14439e-06
1.76225e-07
-2.42649e-06
2.39681e-06
-2.89449e-06
2.95242e-06
-5.79228e-08
2.93116e-06
-2.97887e-06
3.02518e-06
-3.02518e-06
2.97739e-06
8.68834e-08
2.98331e-06
-6.9039e-07
2.94263e-06
-2.80594e-06
-2.59264e-06
2.18952e-06
2.69874e-08
2.85764e-06
-2.88463e-06
3.36567e-06
-2.35725e-06
-1.00842e-06
-3.10297e-06
-4.50949e-08
3.50916e-08
-2.86691e-06
-2.8717e-06
1.65197e-07
3.26988e-08
2.86526e-06
2.7729e-06
-2.4736e-06
-2.85949e-06
1.95944e-07
2.90044e-06
-8.05226e-08
-1.04114e-07
2.5249e-06
-2.42079e-06
1.98927e-06
1.3764e-06
-2.97268e-06
6.39633e-07
2.33305e-06
3.0312e-06
-1.70111e-08
-4.00864e-06
3.63095e-07
3.64554e-06
-4.09094e-08
-2.84486e-06
2.88576e-06
1.89071e-06
4.60165e-08
1.81545e-07
2.84965e-06
2.81958e-06
2.36782e-07
2.91427e-06
-2.95518e-06
-3.03665e-06
-1.00537e-07
3.09859e-06
-3.33119e-06
2.32604e-07
-2.76896e-06
-1.10233e-07
-3.37064e-06
1.46111e-06
1.90953e-06
-5.92929e-10
2.9133e-06
1.01255e-07
-2.74317e-06
3.1902e-06
-4.47033e-07
-3.01992e-06
2.60321e-06
4.16707e-07
-4.08897e-07
1.05648e-06
-6.47586e-07
-9.47828e-07
-2.40695e-06
-3.03979e-06
-2.40486e-08
2.90314e-06
8.92252e-07
2.46759e-06
-4.90054e-08
-2.95602e-06
-1.41356e-08
-6.30051e-08
-3.23072e-06
2.72925e-06
5.01469e-07
-1.89249e-07
2.40989e-06
4.75076e-07
4.7237e-06
-2.06797e-06
-9.98763e-07
-2.40011e-06
2.96231e-06
4.1045e-08
-2.5415e-06
1.07046e-06
-1.14342e-06
-1.80211e-06
2.94554e-06
-1.01968e-06
-2.38256e-06
-1.6567e-06
4.01106e-06
-3.05686e-06
1.00837e-07
-2.88537e-06
2.89633e-06
-1.09595e-08
-2.38133e-06
2.27722e-06
-3.49204e-08
-2.82772e-06
2.86264e-06
-3.11002e-06
5.3158e-08
2.59245e-06
-3.08473e-06
4.92276e-07
2.88888e-06
-2.9238e-06
2.5811e-06
-9.76613e-07
-1.60448e-06
-3.90553e-06
1.38448e-06
2.52105e-06
2.64607e-06
2.54376e-07
2.18498e-06
1.33002e-06
6.3789e-07
2.83852e-06
-7.59442e-07
-2.71697e-06
-3.14896e-06
3.12037e-06
2.85876e-08
-3.14013e-06
-8.83632e-09
-3.12466e-06
-1.54648e-08
1.03548e-08
8.13626e-07
-4.5469e-06
3.73327e-06
-3.37411e-06
4.01404e-06
2.66452e-06
-2.63753e-06
2.84821e-06
1.18907e-07
2.32203e-07
2.34889e-06
-2.85983e-06
-2.59283e-06
2.58104e-06
3.20843e-07
-2.90188e-06
-1.46031e-08
-6.16907e-07
4.53761e-06
-3.9207e-06
4.30373e-06
-3.10321e-06
-1.3069e-06
1.95914e-06
-8.29142e-07
-2.5415e-06
-2.25623e-06
-1.6493e-06
-2.8587e-06
-1.77959e-07
-2.87954e-06
2.87904e-06
4.98538e-10
-4.53632e-07
2.70165e-06
-2.24802e-06
-3.09342e-06
3.1151e-06
-2.16856e-08
-3.06094e-06
-3.24735e-08
-3.93197e-06
2.46474e-07
3.6855e-06
-2.74591e-06
-1.78134e-07
2.92405e-06
3.08263e-06
3.24671e-08
-5.47607e-07
-3.3674e-06
1.22977e-06
2.13762e-06
1.88067e-08
-1.78193e-06
-1.58547e-06
-4.20268e-08
-3.16356e-08
-2.81104e-06
2.84268e-06
-2.8899e-06
1.43984e-07
2.61183e-06
3.5048e-07
3.00988e-06
-2.88305e-06
2.86092e-06
-2.89255e-06
2.84944e-06
8.17267e-08
1.4017e-06
2.90203e-06
2.96575e-06
-5.55862e-07
-2.33694e-07
-3.88501e-06
-1.68678e-07
2.34812e-06
-2.17945e-06
-3.04633e-06
-1.46107e-08
-3.04582e-06
-5.09719e-10
3.06976e-06
-3.04769e-06
-2.20675e-08
3.03699e-06
3.27646e-08
-2.84486e-06
7.03078e-07
-9.65117e-07
2.62039e-07
-3.44041e-06
2.01527e-06
1.42514e-06
1.53811e-06
-3.08474e-06
1.54663e-06
-2.693e-06
-2.50266e-07
-2.86986e-06
2.85559e-06
1.42718e-08
-2.98416e-06
2.8782e-06
1.05966e-07
-2.38417e-07
3.05401e-06
-2.81559e-06
-2.96276e-06
7.28609e-08
-3.29019e-06
4.10382e-06
-3.03713e-07
-2.66897e-06
-3.09324e-06
2.85483e-06
-2.42336e-06
-2.22449e-07
2.64581e-06
-2.2671e-06
3.01766e-06
1.93295e-08
-2.06359e-06
-5.52995e-07
6.13078e-07
-6.00832e-08
-2.81579e-08
1.11337e-07
-3.92524e-06
3.81391e-06
-2.19743e-06
-1.06529e-06
-3.05868e-06
2.99717e-06
6.15153e-08
-3.01194e-06
-4.67452e-08
-1.08197e-06
6.73075e-07
2.84413e-06
7.01405e-08
3.03432e-06
-5.00975e-07
3.00968e-06
-3.00673e-06
-2.95402e-09
-7.95185e-09
-2.78928e-06
2.79724e-06
3.15213e-06
-2.25988e-06
-3.80094e-08
3.1196e-06
1.76493e-06
-4.88453e-06
3.09059e-06
-3.09059e-06
4.80348e-07
2.80727e-06
-1.09094e-06
-1.93221e-06
-2.46509e-06
2.97172e-06
-5.06631e-07
-3.26404e-07
-2.65776e-06
2.84656e-06
-2.85451e-06
-2.72588e-06
4.50849e-08
2.6808e-06
5.23225e-07
-2.76336e-06
2.24014e-06
-2.86138e-06
2.83132e-06
3.00606e-08
1.82907e-06
1.32307e-06
-8.93349e-08
-4.6366e-07
-1.72183e-06
-1.71858e-06
-6.62593e-07
-3.05555e-06
3.12384e-07
-2.82772e-06
2.56257e-06
5.3602e-07
-2.37647e-06
-2.67209e-06
2.48725e-07
-2.72637e-06
1.58294e-06
3.09352e-06
-2.5146e-06
-5.78915e-07
5.2776e-07
2.48212e-06
-2.18518e-06
-1.03578e-06
-3.02505e-06
3.02505e-06
3.02767e-06
-2.91211e-06
-1.1556e-07
1.73731e-07
-2.86674e-06
-2.42246e-06
2.739e-06
-3.16538e-07
-9.58544e-07
4.43389e-07
2.81985e-06
-2.8337e-06
1.38513e-08
2.96537e-06
3.17951e-08
2.99413e-06
3.35422e-08
4.5213e-06
-2.88512e-06
-7.76365e-08
-2.53185e-06
2.07822e-06
2.83982e-06
4.90589e-08
2.98564e-06
-2.96945e-06
-1.61823e-08
-2.63018e-08
-4.13523e-08
3.12646e-07
-2.56066e-06
2.24802e-06
-8.89529e-08
-3.91968e-06
9.37619e-07
2.08988e-07
-2.63145e-06
-2.85454e-06
2.81087e-06
4.36723e-08
2.8474e-06
-2.54947e-07
-1.32822e-06
-1.76837e-06
-3.99102e-06
2.95515e-07
-1.60242e-06
-4.74516e-07
1.31202e-08
2.93277e-06
-2.61193e-06
-2.81104e-06
-2.81534e-06
7.35032e-08
2.74183e-06
3.9737e-06
5.6391e-07
2.29203e-06
1.14599e-06
2.77244e-06
-1.23434e-06
2.89362e-06
-1.6437e-07
6.64671e-06
-4.88178e-06
-4.5469e-06
-1.45785e-06
-1.56207e-06
-3.71559e-08
3.08693e-06
-2.89237e-06
-1.94566e-07
2.92746e-06
6.66628e-08
3.38419e-07
-2.80351e-06
-2.08031e-06
2.39296e-06
2.83602e-06
2.48922e-08
2.22412e-06
9.84338e-07
2.97586e-06
1.11074e-07
2.97388e-06
-2.93132e-06
-4.25543e-08
-1.3413e-06
-1.88937e-06
-1.34299e-07
2.73751e-06
5.08868e-08
-3.15359e-06
2.46565e-06
-1.94242e-06
-4.19916e-08
6.17671e-08
2.40821e-06
-2.6126e-06
2.04391e-07
4.40666e-07
2.53106e-06
4.03316e-06
-3.92183e-06
1.40362e-06
1.77444e-06
-2.84667e-06
2.81392e-06
3.27466e-08
-6.52689e-08
-1.65673e-06
9.09449e-07
7.47283e-07
-3.01008e-08
3.09229e-06
-3.09229e-06
3.50103e-06
-2.03152e-06
-1.46951e-06
-2.55746e-06
-4.33487e-07
2.15927e-06
1.02288e-06
2.95969e-06
1.61723e-08
-2.78928e-06
2.76735e-06
1.77783e-08
-2.78513e-06
2.26437e-06
3.15359e-06
-3.13328e-06
7.93165e-08
3.68102e-06
-3.26249e-06
2.84882e-06
-3.03066e-06
2.83144e-06
-6.40938e-08
2.55556e-06
-2.76642e-06
2.75211e-06
1.43051e-08
1.28111e-07
2.22114e-06
-2.34925e-06
-2.51535e-06
2.07874e-06
-1.88028e-07
2.62948e-06
3.59857e-07
-2.57274e-08
-2.43506e-06
-4.24428e-07
-3.6494e-06
2.3081e-06
5.37213e-09
-2.77433e-06
-2.95309e-06
-1.40151e-07
3.95327e-06
-2.13264e-06
2.83667e-08
-5.11783e-07
3.1443e-06
-2.63252e-06
-1.34327e-06
-3.13461e-07
2.75511e-06
-2.78432e-06
2.92058e-08
-2.84882e-06
2.82824e-06
1.22677e-06
1.7503e-06
-2.97707e-06
2.96041e-06
-5.52203e-07
2.44754e-07
2.6326e-06
2.90485e-06
2.85349e-07
3.17097e-07
3.85981e-07
-3.09335e-06
6.81647e-08
-2.4539e-06
2.79232e-06
-1.42219e-06
1.71771e-06
2.6213e-07
-2.57842e-06
2.31628e-06
-2.15596e-08
5.22643e-08
-2.57066e-06
-2.92718e-06
2.87314e-06
5.40391e-08
-2.80616e-06
2.9156e-07
1.83429e-06
1.66674e-06
-1.57946e-06
3.23693e-06
-1.65747e-06
3.24636e-06
-3.03035e-06
-2.16011e-07
8.20653e-08
1.99667e-06
-2.78571e-06
-2.96232e-08
2.8274e-06
4.04327e-09
1.39624e-06
-4.86791e-07
3.59866e-06
-3.23556e-06
2.57469e-06
3.98576e-07
1.61641e-07
-2.87027e-06
4.35211e-07
4.30843e-08
-2.49698e-06
3.20447e-06
-2.59133e-06
2.61249e-06
-1.58905e-07
-2.48753e-06
2.64643e-06
-2.81397e-06
2.93112e-06
-3.47962e-08
-4.26294e-06
3.42244e-07
-1.85167e-08
2.76051e-06
5.34151e-08
-2.60438e-06
-2.86079e-06
2.8492e-06
1.15848e-08
3.42845e-06
-1.99362e-06
-1.43483e-06
-2.39985e-06
-2.1597e-07
2.61582e-06
-6.3036e-09
-2.82586e-06
6.0846e-08
-3.06664e-07
3.02118e-06
-2.71452e-06
-2.76943e-06
2.78328e-06
-4.02092e-06
-5.86132e-07
-3.88815e-06
3.79046e-06
9.76835e-08
2.2174e-06
1.12584e-06
2.5951e-06
2.33528e-07
-2.82863e-06
2.75903e-06
-1.12966e-07
2.22286e-06
1.10874e-06
-1.97139e-06
6.28121e-07
-2.79047e-06
2.42266e-06
-2.75695e-06
-3.74531e-06
3.73178e-06
1.35294e-08
3.38032e-06
-2.71394e-06
2.7605e-06
-8.39038e-09
1.69976e-07
-2.5746e-06
2.40463e-06
-4.16174e-08
-3.7037e-06
3.34477e-06
-3.34477e-06
-1.52382e-06
2.87008e-06
-1.34626e-06
-2.76184e-06
2.76184e-06
2.82548e-06
-2.49757e-06
-3.27908e-07
2.6225e-06
6.23785e-07
2.94301e-06
-2.41525e-06
2.91162e-06
-3.25851e-08
-2.27691e-06
-3.64829e-07
2.64174e-06
-3.69985e-06
3.71255e-06
-1.27032e-08
3.41866e-06
-2.05857e-06
-1.36009e-06
4.98621e-07
2.44438e-06
-3.73857e-06
3.71979e-06
1.87792e-08
-1.05091e-09
-2.73955e-08
3.68922e-06
-3.66183e-06
-3.72458e-06
3.72458e-06
-4.42677e-08
2.79938e-06
3.99786e-06
-3.72621e-06
-2.71645e-07
-3.74097e-06
3.71357e-06
3.73752e-06
-3.71858e-06
-1.89409e-08
-2.72282e-06
-6.14972e-08
3.18605e-06
-4.27259e-08
3.71293e-06
-3.67021e-06
3.71406e-06
-3.72109e-06
7.02432e-09
-2.80827e-06
3.69464e-06
-5.41286e-09
-2.85769e-06
2.8323e-06
2.53829e-08
-3.69397e-06
3.70741e-06
-1.34403e-08
2.82939e-06
-2.75589e-06
-3.73108e-06
3.68835e-06
2.86218e-06
-9.10834e-07
1.36283e-06
1.78147e-06
-2.06758e-06
-1.58182e-06
-3.71816e-06
3.71816e-06
-3.73519e-06
-5.77837e-09
3.45752e-06
-6.34197e-07
-2.82332e-06
-2.43487e-06
1.65463e-06
9.30859e-08
3.70064e-06
-3.71216e-06
1.15229e-08
2.72358e-06
-2.72206e-06
-1.51642e-09
3.81592e-06
-3.71671e-06
-9.9212e-08
3.68122e-06
1.94118e-08
3.67447e-06
3.84668e-08
-7.68096e-09
-2.75416e-06
-3.40593e-06
1.8743e-06
1.53163e-06
-2.75027e-06
2.76805e-06
3.693e-06
-1.17712e-08
3.87318e-07
2.5063e-06
1.98649e-06
-7.59726e-07
-3.72577e-06
-5.30798e-09
3.03811e-06
1.80225e-06
-3.07107e-06
-4.68873e-07
-3.79407e-06
2.77355e-06
-2.79043e-06
1.68782e-08
-1.28709e-07
-3.75944e-06
2.88791e-06
-3.23188e-08
3.20933e-06
-2.19473e-06
-1.0146e-06
-2.77906e-06
3.69868e-06
-3.69868e-06
2.64882e-06
3.62604e-08
-2.68508e-06
2.8497e-06
-3.70648e-06
3.70158e-06
4.89428e-09
3.68006e-06
-3.7157e-06
3.56416e-08
2.33902e-06
-3.09846e-06
-9.95092e-09
-3.68037e-06
3.69032e-06
3.67186e-06
-3.68181e-06
-1.22254e-07
3.91272e-06
-2.93642e-06
3.18289e-06
-3.3301e-06
2.31042e-06
-5.85059e-08
3.79029e-06
3.18347e-07
1.6408e-06
3.37861e-08
3.42373e-06
-1.02788e-08
2.96274e-06
-2.95247e-06
-2.53801e-08
-3.71528e-06
-2.32904e-08
3.05166e-06
-3.06423e-07
-2.74524e-06
-3.69062e-06
3.69062e-06
2.1646e-06
-1.86279e-06
-3.72119e-06
3.71139e-06
9.80368e-09
2.84239e-06
-2.84239e-06
2.76588e-06
-4.23049e-08
3.69567e-06
-3.70161e-06
5.94402e-09
-3.56879e-06
9.75963e-07
2.95124e-09
-2.74529e-06
2.74234e-06
2.97725e-06
-2.48355e-08
3.70326e-06
3.42591e-08
2.24687e-06
3.83141e-07
-2.63001e-06
3.71472e-06
-2.00887e-08
2.88742e-06
-2.88742e-06
3.69116e-06
-3.67825e-06
-1.29078e-08
-2.82353e-06
2.8019e-06
2.16325e-08
3.71927e-06
-3.70804e-06
-1.1235e-08
-3.6968e-06
3.6968e-06
5.52991e-07
2.58953e-06
8.76123e-08
-2.67715e-06
-3.72149e-06
3.71176e-06
9.73349e-09
-1.39058e-08
-2.78755e-06
2.77125e-06
2.29738e-09
3.45839e-06
-6.51438e-07
-2.80695e-06
2.38993e-06
3.68177e-06
-3.69197e-06
1.01957e-08
2.84658e-06
3.03862e-06
4.28339e-08
2.60598e-06
3.77539e-06
-7.21323e-08
3.66955e-06
1.22173e-08
2.70133e-06
-2.70133e-06
-1.42219e-06
3.73378e-06
-3.70435e-06
-1.13494e-08
3.70257e-06
-3.68866e-06
-1.39072e-08
7.27452e-08
-3.77293e-06
3.70018e-06
3.88499e-07
-3.73327e-06
-3.71476e-06
3.70832e-06
6.43778e-09
2.68211e-06
-2.68039e-06
-1.719e-09
2.82548e-06
-2.4935e-06
2.4935e-06
3.67706e-06
-7.50369e-09
-2.75664e-06
-2.5746e-06
2.5951e-06
2.86136e-06
-3.00369e-08
-8.4388e-09
2.93269e-07
-3.65184e-06
3.70186e-06
-3.70313e-06
1.27236e-09
8.7759e-08
2.59435e-06
8.57759e-08
2.96588e-06
2.78651e-06
-2.06281e-08
-3.70659e-06
3.7022e-06
4.3935e-09
3.67384e-06
-3.68431e-06
1.04639e-08
-3.70308e-06
-1.81127e-08
3.69314e-06
-3.68336e-06
-9.78583e-09
2.78898e-06
5.34094e-08
3.69528e-06
1.61117e-08
-4.72824e-09
3.68714e-06
1.5053e-08
-5.67708e-10
-2.73234e-06
-3.74331e-06
3.96113e-08
-2.77027e-06
2.77027e-06
3.56237e-08
3.42276e-06
-2.8153e-06
5.38388e-07
1.95629e-08
3.6945e-06
1.54591e-07
-2.66593e-06
2.51134e-06
2.59899e-08
3.69859e-06
3.52899e-06
-3.84847e-06
2.78738e-06
1.00039e-07
3.67186e-06
-2.81802e-08
2.61771e-06
-2.69306e-06
1.26712e-08
2.65441e-06
-4.07544e-07
-3.68105e-06
3.68105e-06
-3.7007e-06
-2.07974e-08
2.49757e-06
-2.5872e-06
8.96322e-08
-3.69859e-06
2.72515e-06
-2.7222e-06
3.69346e-06
1.8305e-08
-3.6951e-06
-3.28845e-06
2.28969e-06
-3.71106e-06
3.70485e-06
6.21776e-09
2.52105e-06
2.37985e-07
2.74529e-06
1.65511e-08
-3.66902e-06
3.69435e-06
-2.53251e-08
-2.78934e-06
2.76476e-06
2.45787e-08
-3.68076e-06
1.17344e-08
2.77631e-06
-5.05829e-09
1.52475e-07
-2.86913e-06
2.71666e-06
3.67998e-06
-3.69637e-06
1.63898e-08
2.99353e-06
-3.13368e-06
3.67955e-06
-3.67915e-06
-4.08561e-10
-2.34949e-06
2.34949e-06
-2.89481e-06
2.89481e-06
-3.67529e-06
-5.4636e-09
-1.71771e-06
2.03605e-06
-3.6859e-06
3.68046e-06
5.43698e-09
2.89677e-08
3.68919e-06
2.29818e-06
-2.03605e-06
-2.29818e-06
2.4263e-06
2.43828e-06
-2.80311e-06
3.37073e-06
-1.99585e-06
-1.37488e-06
-3.69904e-06
-1.57219e-08
-5.31711e-07
-2.4263e-06
2.95801e-06
3.69437e-06
1.39548e-08
-2.79956e-06
2.59287e-06
3.70507e-06
-3.69756e-06
-7.51115e-09
-3.68319e-06
-2.77447e-06
2.78882e-06
-8.74867e-08
-9.91967e-09
3.70292e-06
3.68722e-06
-2.74234e-06
-3.77522e-06
-2.2167e-06
2.82863e-06
-6.11928e-07
-3.66703e-06
-1.33456e-08
3.6826e-06
4.54495e-09
2.14731e-06
-2.19454e-06
4.72303e-08
4.2607e-09
2.5872e-06
-2.69163e-06
1.0443e-07
1.70434e-06
1.72411e-06
-3.69738e-06
-1.36819e-08
-2.80164e-06
3.6664e-06
-3.66331e-06
-3.09131e-09
3.69291e-06
1.1936e-08
-3.70368e-06
3.69968e-06
4.00357e-09
2.83196e-06
2.78898e-06
-3.67584e-06
3.66773e-06
8.11826e-09
3.70178e-06
-3.70012e-06
-1.65576e-09
-2.75371e-06
2.78738e-06
3.67411e-06
-3.67411e-06
1.47284e-08
3.70506e-06
-2.31972e-06
-4.95582e-07
3.68174e-06
-1.75626e-09
-4.71997e-07
2.51412e-06
-2.04212e-06
3.67234e-06
-3.66916e-06
-3.17583e-09
1.12859e-08
3.6874e-06
3.66563e-06
-3.66894e-06
3.30408e-09
-3.7086e-06
-3.69519e-06
-2.22665e-06
3.22744e-09
3.69836e-06
-3.98766e-09
-3.68555e-06
3.68954e-06
-3.67433e-06
3.66628e-06
8.0576e-09
-3.69723e-06
-6.44616e-09
-2.79845e-06
-2.7035e-06
1.04359e-08
3.69341e-06
6.26363e-09
-3.67099e-06
3.66944e-06
1.5536e-09
-3.6735e-06
1.38897e-08
3.65961e-06
3.69614e-06
8.92551e-09
-3.68468e-06
-1.28818e-08
-2.68861e-06
-1.27174e-08
3.69434e-06
-3.6966e-06
2.25467e-09
3.67273e-06
-3.67671e-06
-3.67999e-06
3.67491e-06
5.08648e-09
3.6708e-06
-3.66783e-06
-2.97204e-09
2.76796e-06
2.30853e-09
3.69554e-06
6.24073e-09
-3.69035e-06
-9.77218e-09
-3.70385e-06
2.78882e-06
-3.67279e-06
3.66543e-06
7.35582e-09
2.43801e-06
-2.59692e-06
-3.66243e-06
3.67621e-06
-1.37788e-08
3.67383e-06
-3.67933e-06
5.50613e-09
-9.07517e-09
-3.69366e-06
-3.57667e-09
-9.62467e-09
-3.26156e-06
2.31373e-06
-6.33103e-09
3.67273e-06
-6.1252e-09
-3.97068e-09
-3.69678e-06
3.12392e-09
1.41539e-06
3.10475e-06
-4.52013e-06
-7.64876e-07
3.69432e-06
1.93354e-11
-3.6874e-06
6.87211e-09
3.68375e-06
-3.68956e-06
-7.03315e-09
-2.77711e-06
-3.70047e-06
3.68518e-09
1.30484e-08
3.68262e-06
-5.54843e-10
1.75818e-08
-3.63793e-06
3.62035e-06
3.69946e-06
-3.69759e-06
-1.87335e-09
-2.82669e-06
5.06969e-07
3.69234e-06
-3.68588e-06
-6.45887e-09
-3.69474e-06
-2.74006e-06
-1.44576e-07
3.67004e-06
-3.66713e-06
-2.90929e-09
1.93598e-08
-3.64138e-06
3.62202e-06
-3.69852e-06
3.69162e-06
6.90108e-09
-2.79656e-06
2.77313e-06
2.3428e-08
3.20653e-09
-3.69847e-06
-1.99919e-09
-2.81373e-06
5.83904e-07
2.22983e-06
-3.69367e-06
-4.8558e-09
3.69821e-06
1.24837e-09
-3.69215e-06
-5.44328e-09
-1.48142e-08
-3.69873e-06
2.61062e-10
-2.66023e-06
-3.07591e-07
2.96782e-06
2.12689e-06
1.55709e-08
-3.68375e-06
2.77415e-06
-9.39112e-09
-3.66988e-06
3.66988e-06
-7.10487e-09
3.69645e-06
1.75948e-09
-2.93733e-09
5.79346e-09
5.97475e-09
3.69785e-06
-1.39183e-09
2.17559e-09
3.69688e-06
-3.69691e-06
3.36767e-11
2.66818e-06
-2.66818e-06
-3.68926e-06
3.6813e-06
7.95524e-09
3.67604e-06
-3.67228e-06
-3.75752e-09
-5.21559e-09
3.69554e-06
2.30589e-09
3.69571e-06
1.17166e-09
-1.37088e-09
3.69598e-06
3.69248e-06
-3.6945e-06
2.02503e-09
-3.72812e-06
-3.68066e-06
-8.59585e-09
2.84575e-06
-3.48775e-08
3.68918e-06
3.29264e-09
3.08515e-08
3.69198e-06
-3.68792e-06
-4.05512e-09
-2.63721e-06
2.63721e-06
2.08163e-08
3.67598e-06
-3.66923e-06
3.67515e-06
-5.91766e-09
3.6912e-06
7.79514e-10
2.56036e-08
2.76091e-06
3.68683e-06
-3.68541e-06
-1.42351e-09
-3.6577e-06
-1.15293e-08
3.67654e-06
-3.67954e-06
3.00461e-09
3.68443e-06
2.39554e-09
3.69123e-06
4.47413e-09
-3.65396e-08
-3.64901e-06
-5.50755e-09
-3.25334e-07
-2.47818e-06
3.67066e-06
-3.67422e-06
3.5632e-09
1.09431e-07
2.55875e-06
3.68637e-06
-3.68289e-06
-3.48135e-09
-3.26981e-09
-6.3706e-08
-3.06346e-06
3.12717e-06
-2.67004e-06
2.70065e-06
-3.06088e-08
-3.65338e-06
3.65457e-06
-1.18951e-09
3.68209e-06
4.27963e-09
-3.67115e-06
-2.29355e-06
3.70894e-06
3.68357e-06
-3.67831e-06
-5.25605e-09
-3.68711e-06
3.6872e-06
-8.80295e-11
3.67662e-06
-3.6733e-06
-3.32206e-09
-3.58083e-07
-3.15361e-06
3.51169e-06
3.67975e-06
3.81223e-09
-3.65623e-06
2.84985e-09
3.6841e-06
-3.67939e-06
-4.7105e-09
2.76796e-06
-2.8345e-06
2.8345e-06
3.68272e-06
-3.67576e-06
-6.96331e-09
-7.15528e-09
3.68421e-06
-5.80909e-09
-2.77167e-06
3.67749e-06
5.23568e-09
-3.68676e-06
-6.90892e-09
-3.65057e-06
3.65253e-06
-1.96738e-09
3.68718e-06
2.00655e-09
6.26233e-08
3.64993e-06
-7.43271e-10
3.68378e-06
9.36092e-09
2.75973e-06
1.44219e-08
4.38858e-10
-3.65422e-06
3.65709e-09
2.81125e-07
1.02863e-08
1.1865e-07
3.6732e-06
-3.67664e-06
3.43719e-09
-3.64669e-06
3.65096e-06
-4.26833e-09
6.61886e-08
-2.76392e-06
2.69773e-06
4.93973e-07
-2.87833e-06
2.38435e-06
1.05235e-06
2.61077e-06
-2.61077e-06
3.67061e-06
-3.67061e-06
-3.01676e-06
1.68046e-09
-3.67753e-06
2.81681e-06
3.68288e-06
8.31156e-09
-6.93589e-07
-1.29191e-06
1.9855e-06
-3.65206e-06
5.37062e-09
-3.65397e-06
-1.18958e-07
1.56153e-06
-2.57592e-06
1.01439e-06
-2.52105e-09
2.50603e-08
3.65115e-06
8.25788e-09
2.76805e-06
-3.6882e-06
7.77908e-09
3.67327e-06
2.34326e-06
-2.85931e-06
5.16048e-07
2.38388e-06
-8.22352e-07
-4.60901e-09
-3.66972e-06
3.68879e-06
-3.66373e-06
-3.67812e-06
-3.64188e-06
3.63841e-06
3.46812e-09
8.42755e-10
3.67962e-06
3.66678e-06
3.82637e-09
3.35065e-06
-2.22459e-06
-1.12605e-06
-1.21753e-08
2.79956e-06
3.67859e-06
5.84857e-09
3.34969e-06
-3.70777e-06
2.50111e-08
3.65103e-06
-4.34929e-09
-3.66844e-06
-3.64619e-06
4.3126e-09
-2.6775e-06
7.46283e-09
2.8142e-06
-2.25669e-06
-5.57516e-07
3.66021e-06
-3.66051e-06
3.00779e-10
-4.30318e-09
1.05648e-06
-1.4847e-06
-1.39014e-06
2.87483e-06
3.66709e-06
-3.67271e-06
5.62577e-09
2.91717e-06
-2.88091e-06
-9.46712e-09
2.79845e-06
-2.40284e-06
1.70925e-06
3.66336e-06
-3.66703e-06
3.6658e-09
3.68449e-06
-3.65947e-06
-2.76041e-06
9.22298e-08
-2.77092e-06
2.76704e-06
3.8808e-09
2.69163e-06
-2.75534e-06
5.87155e-08
3.64869e-06
-2.79772e-06
2.7106e-06
-9.87791e-08
3.6787e-06
-3.67424e-06
-4.46195e-09
2.86373e-06
-2.73519e-06
-1.28544e-07
3.66678e-06
-2.22129e-09
-3.66877e-06
-2.71229e-06
8.79396e-09
3.40305e-07
2.08324e-06
-2.42355e-06
-3.63722e-06
3.63326e-06
3.95935e-09
3.66092e-06
1.29066e-08
-2.31799e-06
-4.85117e-07
2.67944e-08
3.64983e-06
3.67252e-06
-3.68116e-06
8.63516e-09
3.66808e-06
-6.75936e-09
-3.65655e-06
-2.86388e-06
-4.83425e-07
3.67443e-06
7.65897e-09
3.90789e-06
-8.03146e-07
-2.24339e-08
3.6709e-06
-3.64846e-06
3.66913e-06
3.39524e-09
-3.64246e-06
5.23502e-09
-3.65279e-06
-2.63557e-08
-6.97304e-09
3.62175e-06
-3.61478e-06
4.78395e-09
3.66932e-06
3.68498e-06
-3.65818e-06
-3.67327e-06
-1.28252e-08
2.80164e-06
-3.87813e-09
2.77806e-06
-1.42028e-07
-2.63603e-06
3.7632e-08
2.74042e-06
-3.62695e-06
3.61998e-06
-3.67268e-06
-7.97767e-09
2.33143e-06
4.82773e-07
-1.37667e-08
2.84038e-06
-2.82661e-06
-2.35359e-06
-1.96818e-06
2.30848e-06
-3.06895e-06
3.80589e-07
2.68836e-06
3.66773e-06
2.81647e-09
-3.67198e-06
3.66438e-08
3.65215e-06
3.66226e-06
-3.66282e-06
5.50578e-10
3.67027e-06
-3.65932e-06
-1.0947e-08
-3.67521e-06
2.46622e-09
-5.28163e-09
-2.77362e-06
2.77891e-06
5.54032e-10
3.67435e-06
-2.54867e-06
7.4656e-07
-3.67047e-06
3.66837e-06
2.09538e-09
-3.63211e-06
3.62776e-06
4.35086e-09
3.61646e-08
2.99834e-06
-2.91072e-06
2.20074e-06
-5.34338e-08
-1.92175e-08
3.67296e-06
-3.65374e-06
-3.27409e-06
1.7894e-06
3.66645e-06
3.24796e-09
-3.67108e-06
3.67024e-06
9.50939e-09
-3.42952e-06
3.38898e-08
3.39563e-06
5.79305e-09
-3.6379e-06
3.66304e-06
-3.65919e-06
-3.84656e-09
-1.16743e-07
3.68477e-06
-3.56803e-06
-5.51636e-09
-7.54286e-07
3.44862e-06
-2.69433e-06
-2.76041e-06
-3.05155e-06
3.66535e-06
-1.98236e-09
3.23516e-08
3.65213e-06
3.57455e-06
3.70023e-06
-3.6978e-06
-2.42969e-09
7.60665e-10
-2.77942e-06
2.77866e-06
-3.66749e-06
3.66499e-06
2.49762e-09
7.43209e-08
-2.76294e-06
2.68861e-06
3.67232e-06
-3.67083e-06
-1.49478e-09
-2.84335e-06
2.82958e-06
3.66153e-06
-3.6587e-06
-2.8297e-09
1.02936e-08
3.65998e-06
-4.21094e-08
3.68099e-06
-3.66977e-06
3.59344e-08
-2.70597e-06
3.66966e-06
-3.66901e-06
-6.51166e-10
3.66781e-06
2.13965e-09
-3.66927e-06
3.64902e-06
7.71422e-09
-3.65673e-06
8.81283e-10
3.6701e-06
-3.65981e-06
-8.87264e-09
-2.77911e-06
2.78799e-06
1.97144e-06
-2.89992e-06
9.28474e-07
-6.14445e-07
-2.81508e-06
-2.69725e-06
-6.04478e-07
-2.36534e-06
-3.66561e-06
2.12477e-08
3.64436e-06
-2.79593e-06
2.77911e-06
1.68119e-08
-8.50673e-07
-2.24779e-06
-3.66364e-06
3.27066e-06
-3.65608e-06
3.66255e-06
-6.4727e-09
-3.05492e-06
3.02978e-07
2.75194e-06
2.91975e-06
-2.24314e-06
-6.76609e-07
-3.66896e-06
7.39992e-09
3.66156e-06
2.78398e-06
-2.74889e-06
7.71496e-09
3.65533e-06
-3.66932e-06
3.74516e-09
3.66613e-06
3.66552e-06
1.19659e-08
-6.17212e-10
-3.66832e-06
-1.19866e-08
-3.65848e-06
-3.65977e-06
2.78088e-06
-2.74699e-06
-1.56375e-08
7.8423e-07
2.4251e-06
-2.50712e-06
2.50712e-06
3.19653e-08
3.65301e-06
-4.15894e-06
-3.38351e-06
3.38427e-06
3.67054e-06
2.7787e-06
-2.75806e-06
-3.66498e-06
3.65299e-06
-3.09856e-06
3.17288e-06
3.66237e-06
-3.65917e-06
-3.20517e-09
4.47428e-09
3.66618e-06
-3.70905e-06
2.79052e-06
-2.7994e-06
-3.66388e-06
6.1784e-09
1.3808e-06
3.67288e-06
-3.66841e-06
-4.46309e-09
-3.67048e-06
3.66256e-06
-3.6595e-06
-3.05465e-09
-3.66196e-06
-3.65406e-09
3.6541e-06
-3.6429e-06
-2.80136e-06
3.36792e-06
3.65938e-06
-3.6582e-06
-1.18166e-09
-6.47384e-09
3.65549e-06
-2.79593e-06
2.42371e-06
-2.62631e-06
2.02596e-07
-4.51092e-06
4.51092e-06
3.66882e-06
3.66952e-06
-9.30707e-09
6.18907e-09
-3.66834e-06
3.68125e-06
-1.2908e-08
3.66144e-06
-3.65837e-06
-3.07362e-09
-3.03811e-06
2.89353e-06
1.13919e-08
3.65951e-06
-3.66889e-06
9.94405e-09
3.65894e-06
-3.65809e-06
3.66599e-06
-3.66109e-06
-2.80975e-06
-3.66585e-06
1.22969e-08
3.65355e-06
-2.81352e-06
-7.965e-09
2.74563e-06
-2.76602e-06
2.03955e-08
3.65663e-06
-3.65972e-06
3.08169e-09
6.81248e-08
-3.6658e-06
3.6597e-06
6.10063e-09
3.66369e-06
-2.68661e-06
-2.66804e-06
-4.42578e-08
3.66819e-06
-3.66819e-06
-1.86094e-08
2.78657e-06
-3.66613e-06
3.66076e-06
-3.65769e-06
-3.06833e-09
3.66757e-06
-2.05016e-08
-3.66286e-06
-2.72741e-06
-3.36057e-07
-2.79869e-06
2.19054e-06
-2.44695e-06
2.56408e-07
-5.47835e-07
-2.36687e-06
2.9147e-06
3.65398e-06
-3.64428e-06
2.37191e-06
-2.76392e-06
-7.94539e-09
-3.66101e-06
3.66274e-06
-3.6597e-06
-3.04029e-09
2.81405e-06
-2.82819e-06
-7.7288e-07
-5.11908e-07
1.28479e-06
-2.91856e-06
2.94313e-06
2.8242e-06
-2.78657e-06
-1.09951e-08
-2.73885e-06
2.74984e-06
-1.37708e-08
-2.71757e-06
2.73134e-06
9.18355e-09
-2.84958e-06
2.84039e-06
2.60898e-08
-2.86085e-06
2.83476e-06
1.33118e-08
-2.80251e-06
2.7892e-06
-5.10239e-09
-2.74328e-06
2.74839e-06
-5.51898e-09
-2.74106e-06
2.74658e-06
1.64871e-06
-1.11108e-06
-5.37633e-07
2.43295e-06
1.79831e-08
3.65498e-06
2.68092e-06
-2.69762e-06
1.66925e-08
8.61058e-09
-3.66128e-06
3.65267e-06
3.67081e-06
-3.67081e-06
3.62218e-06
-6.87866e-10
-3.62149e-06
-1.23162e-08
-3.65266e-06
3.66049e-06
-3.65729e-06
-3.19295e-09
-2.27534e-06
-2.98719e-06
-6.77299e-08
2.39899e-06
4.64739e-07
3.66791e-06
-3.66288e-06
-5.02096e-09
-2.79195e-06
2.90229e-06
1.2199e-08
3.65791e-06
-2.01319e-06
-1.2609e-06
2.79341e-08
2.62729e-06
-2.65522e-06
-1.87618e-06
-3.18366e-07
-6.29502e-07
-3.89125e-07
1.01863e-06
2.75499e-06
2.7554e-06
2.87549e-06
2.87579e-06
2.85576e-06
2.81818e-06
-1.29154e-08
-2.76157e-06
2.77448e-06
2.76363e-06
-3.90156e-09
-1.08756e-06
3.66168e-06
-3.65306e-06
-9.07746e-08
2.9456e-06
-3.67257e-06
-2.50674e-06
3.10093e-06
3.61759e-06
2.80859e-09
-3.6204e-06
3.67565e-06
-7.45682e-09
-3.66771e-06
1.32202e-08
3.65449e-06
-2.76597e-06
-2.77362e-06
2.77289e-06
-2.78581e-06
-2.52361e-06
3.04685e-06
-5.23236e-07
-6.57189e-09
-3.65928e-06
1.91335e-06
-2.38535e-06
6.04342e-09
-3.66524e-06
-3.66089e-06
-9.7358e-07
-1.42926e-06
-3.65435e-06
-6.93129e-09
2.80581e-06
8.75829e-07
2.13579e-06
3.65693e-06
-3.6541e-06
-2.82355e-09
2.78676e-06
-1.84489e-06
-9.41867e-07
-1.32752e-06
6.98016e-07
-1.53915e-06
3.32854e-06
-1.33389e-06
2.77252e-06
-1.43862e-06
1.23113e-09
3.66585e-06
-3.64075e-06
3.65948e-06
-3.66161e-06
2.13409e-09
-2.07238e-06
8.83335e-07
1.18904e-06
-1.21979e-08
-2.76081e-06
2.77301e-06
3.83269e-06
-1.69573e-06
-2.13696e-06
2.65756e-09
3.61952e-06
-7.96841e-07
-1.27554e-06
-2.6743e-06
2.70224e-06
2.28219e-06
1.50759e-07
-2.66195e-06
-5.60877e-09
-2.76436e-06
2.76997e-06
2.85483e-06
-2.76707e-06
-1.69946e-06
-6.44955e-07
2.34442e-06
-3.65393e-06
3.65498e-06
-1.0555e-09
-2.70122e-06
2.73716e-06
3.65791e-06
-3.66029e-06
-2.44575e-06
-6.13679e-08
-3.6852e-06
3.6713e-06
-1.90792e-06
2.75609e-09
3.65979e-06
3.19144e-06
-1.76376e-06
-1.42767e-06
2.7006e-06
-5.1006e-07
3.01857e-06
-3.91282e-07
2.76868e-06
-2.78088e-06
3.65299e-06
-3.65311e-06
1.20917e-10
2.77121e-06
-2.77681e-06
3.35815e-09
-3.65106e-06
3.6477e-06
-1.53985e-06
-3.68066e-07
8.1403e-09
-2.8095e-06
-3.66142e-06
5.18449e-09
2.44575e-06
-2.58786e-06
1.42106e-07
-3.9716e-07
2.99151e-06
-1.35144e-08
-2.71389e-06
2.75314e-06
2.77413e-08
3.65701e-06
-3.65464e-06
-2.36919e-09
4.43969e-09
3.66234e-06
1.85754e-06
-2.7651e-06
2.77324e-06
1.79894e-06
-1.05152e-08
-3.6572e-06
-1.39662e-06
-1.06888e-06
2.4655e-06
-2.64401e-06
-2.4025e-08
2.48949e-06
-2.24419e-06
-2.453e-07
-4.98843e-07
2.89768e-06
-2.39883e-06
3.65938e-06
-3.65655e-06
-2.82975e-09
4.90245e-09
3.65747e-06
2.40978e-08
2.7882e-06
-2.81229e-06
2.39297e-09
-3.66156e-06
-2.73801e-06
2.74681e-06
3.65804e-06
-3.66211e-06
4.07025e-09
3.67565e-06
-1.55194e-08
-2.55588e-06
-1.1223e-07
2.66811e-06
-3.68288e-06
-1.43078e-09
3.54359e-08
-2.80636e-06
-3.75282e-06
3.65654e-06
-3.65319e-06
-2.34689e-06
5.03578e-09
-8.88505e-09
-3.65532e-06
3.65718e-06
4.26445e-09
-3.81455e-06
5.81944e-10
-3.65895e-06
-1.64756e-07
-2.05676e-06
7.6485e-07
-3.66685e-06
3.66685e-06
-2.31092e-06
2.82159e-06
-5.10672e-07
3.67385e-06
-2.19148e-06
2.73218e-06
-5.40698e-07
-2.36297e-06
2.86006e-06
-4.9709e-07
-2.74432e-06
-4.05023e-08
2.82786e-06
-2.78735e-06
-2.38434e-06
2.31572e-06
-6.06472e-07
3.66203e-06
-3.66685e-06
4.82184e-09
3.66142e-06
-3.66625e-06
4.82139e-09
3.65891e-06
-3.6641e-06
5.18176e-09
-4.00978e-09
-3.66179e-06
-2.19974e-06
2.7767e-06
-5.76957e-07
3.66005e-06
-3.65723e-06
-2.82094e-09
3.65898e-06
5.16669e-07
-2.93191e-06
3.65687e-06
3.89483e-09
-3.65854e-06
8.46047e-10
8.60032e-07
3.65839e-06
-3.66145e-06
3.06315e-09
7.57435e-08
2.74846e-06
-2.8242e-06
-2.68802e-06
-1.32024e-08
2.70122e-06
-3.66628e-06
-3.65829e-06
3.65358e-06
4.71648e-09
2.78779e-06
-2.75235e-06
-3.66105e-06
3.65649e-06
4.56294e-09
-2.70969e-06
2.59771e-06
1.11981e-07
-3.66148e-06
3.65704e-06
4.43897e-09
3.66722e-06
-3.66277e-06
-4.44719e-09
-2.7432e-06
2.7673e-06
-2.95736e-06
-1.59532e-06
-3.00558e-06
-6.24436e-07
3.0207e-06
-2.39626e-06
3.65359e-06
-1.02513e-08
-3.64845e-06
-2.76294e-06
2.89289e-09
-3.66271e-06
3.65981e-06
-2.92302e-06
2.78099e-06
5.85279e-09
3.6638e-06
3.65598e-06
4.50129e-09
-3.65823e-06
9.34092e-10
-2.89195e-07
-1.03832e-06
-2.79704e-06
2.75654e-06
-2.91175e-06
5.05058e-07
2.4067e-06
-9.78427e-07
-1.07834e-06
-2.77942e-06
2.90149e-06
4.49156e-07
8.9069e-10
3.65479e-06
-3.65568e-06
2.75534e-06
-2.76885e-06
-3.66457e-06
3.68221e-06
-3.67174e-06
-9.1669e-07
-7.72107e-07
1.6888e-06
-2.6085e-06
-9.74639e-08
-3.68417e-06
5.91934e-09
-9.71986e-08
-2.76567e-06
2.76081e-06
4.86061e-09
3.02831e-06
-2.87884e-07
3.66043e-06
-3.65707e-06
-3.35448e-09
3.65557e-06
1.35398e-09
-3.65774e-06
3.63279e-09
3.65834e-06
-3.65955e-06
1.20593e-09
-2.9985e-09
1.95922e-09
-3.6737e-06
-2.70224e-06
-5.81762e-08
1.05035e-07
-3.0214e-06
-1.92076e-08
3.67219e-06
-3.70892e-06
-1.08173e-09
-3.64998e-06
-2.99353e-06
2.90275e-06
4.53665e-10
2.68047e-06
-2.76673e-06
2.76436e-06
2.37588e-09
-2.38394e-06
-4.94382e-07
2.79782e-06
2.62815e-06
-2.74038e-06
3.65716e-06
-3.65648e-06
-2.83119e-06
2.76819e-06
-2.45795e-06
-1.29487e-06
3.65598e-06
-2.38429e-09
-3.65712e-06
3.34969e-06
-2.79061e-06
3.69743e-07
2.42087e-06
5.75333e-07
-2.79993e-06
4.39545e-07
3.5758e-08
4.75995e-07
-2.90462e-06
2.42862e-06
5.5558e-07
-3.41598e-06
2.8604e-06
3.6562e-06
3.17528e-09
-3.52313e-09
-3.65698e-06
4.54373e-07
-2.86777e-06
2.4134e-06
-3.6576e-06
1.0502e-09
3.81704e-08
2.72887e-06
-3.10579e-06
-3.07039e-06
4.2638e-07
-2.53151e-06
2.76157e-06
-2.77067e-06
9.10068e-09
-1.17817e-08
-3.65525e-06
1.28373e-08
3.64884e-06
-2.13434e-06
-2.04065e-06
2.77812e-06
-2.77812e-06
-2.68802e-06
-2.62171e-06
-2.79195e-06
-3.63813e-06
-8.35882e-09
3.64649e-06
-2.5445e-06
-2.53218e-07
5.17814e-07
2.40619e-06
-2.924e-06
5.47603e-07
2.28859e-06
-2.8362e-06
5.01265e-07
-2.97797e-06
2.4767e-06
2.6767e-06
2.90353e-06
-2.38686e-06
2.89353e-06
3.03885e-06
-2.67544e-06
2.69223e-06
-2.78943e-06
3.65991e-06
-3.65703e-06
-2.87552e-09
-3.543e-06
-2.76834e-06
3.65565e-06
4.39915e-09
-3.65766e-06
4.25938e-10
3.65559e-06
-1.61914e-07
3.65643e-06
-3.66017e-06
3.73811e-09
3.66268e-06
-3.64752e-06
6.02445e-08
-2.26893e-06
2.20869e-06
2.43957e-09
2.81161e-06
2.6053e-08
3.01279e-06
3.10405e-06
-2.64133e-06
-2.216e-06
-5.7461e-07
1.8586e-07
2.51474e-06
-2.83244e-06
-3.65899e-06
3.65928e-06
-2.90607e-10
2.84335e-06
-2.90275e-06
5.94021e-08
-2.89794e-06
5.13994e-07
-3.96361e-06
5.52257e-07
3.41135e-06
3.66073e-06
1.74283e-06
2.43014e-06
3.66332e-06
-3.66332e-06
-1.27678e-06
4.49695e-09
2.74846e-06
-2.80111e-06
1.2148e-08
2.78897e-06
-3.65734e-06
-3.66234e-06
3.65564e-06
4.78658e-09
-3.65715e-06
8.3601e-11
3.65222e-06
-1.03124e-10
-3.6596e-06
-2.85684e-06
2.56461e-08
2.84946e-06
-2.39509e-06
-2.18481e-06
2.68154e-06
-3.66705e-06
2.96939e-06
-2.39406e-06
2.86148e-06
-2.38548e-06
2.94213e-06
-2.38655e-06
-3.98581e-09
3.65792e-06
-3.67256e-06
2.79406e-06
-2.75589e-06
-2.68906e-06
2.68952e-06
-3.64961e-06
-1.70394e-09
3.65131e-06
6.02793e-07
2.78148e-06
-7.51302e-09
-3.6553e-06
4.87774e-08
2.72992e-06
-1.75916e-06
1.34859e-06
4.10574e-07
-2.76567e-06
2.87657e-06
-2.35875e-06
2.89745e-06
-2.34985e-06
2.89954e-06
-2.39827e-06
2.77434e-06
3.30546e-08
-3.10345e-06
3.70777e-06
-3.5536e-06
-4.10009e-07
2.78055e-06
-2.78055e-06
2.45617e-06
-3.72924e-07
-1.70324e-06
1.33517e-06
2.41275e-06
4.84932e-07
3.65631e-06
3.59126e-09
3.69218e-06
-3.66703e-06
-2.51489e-08
-3.65741e-06
3.77487e-10
-3.65999e-06
3.65518e-06
-3.65816e-06
2.98384e-09
-2.77293e-06
3.40851e-08
-2.76925e-06
5.16871e-08
-2.77413e-06
-7.54437e-08
-2.75153e-06
-1.0932e-07
-2.85714e-06
5.4636e-08
-2.81568e-06
7.23972e-08
-2.80905e-06
6.79904e-08
-5.0337e-09
3.65397e-06
-3.64894e-06
-3.66007e-06
5.8491e-09
-7.92713e-09
3.68358e-06
3.65551e-06
-3.65992e-06
4.40832e-09
-3.33071e-06
6.33457e-07
-4.64573e-09
2.34085e-06
9.51203e-08
-2.94256e-06
2.84744e-06
-3.19017e-06
2.0298e-07
3.66187e-06
-3.65885e-06
-2.47328e-06
2.62404e-06
2.40068e-09
-3.66139e-06
3.65123e-06
5.30966e-09
2.77236e-06
-2.77236e-06
-2.6743e-06
1.70933e-06
2.46897e-06
7.14603e-10
-3.65382e-06
-2.76673e-06
-1.6343e-08
-1.78211e-06
6.61487e-06
-4.83276e-06
-2.16581e-06
-2.68076e-06
4.84658e-06
-3.65342e-06
3.65341e-06
1.33926e-11
2.78171e-06
-2.77927e-06
2.69689e-06
-2.67084e-06
-2.76997e-06
2.77044e-06
-4.71247e-10
2.5485e-06
-2.48826e-06
9.41686e-07
-9.0172e-07
-3.99659e-08
-2.99425e-06
2.36186e-07
-5.12764e-07
2.73091e-06
-2.4142e-07
4.54833e-10
-3.19062e-06
3.653e-06
1.00963e-09
-3.65565e-06
2.82692e-06
2.85733e-06
2.76994e-06
-1.97019e-06
1.72375e-06
-2.51933e-06
3.65863e-06
-3.65721e-06
-5.12029e-07
-2.38591e-06
-9.11029e-09
-3.7607e-06
4.31295e-06
2.32497e-06
5.07982e-07
-2.83296e-06
-4.73947e-06
3.66182e-06
2.76817e-06
-2.69421e-06
-3.65107e-06
-3.65406e-06
3.65884e-06
-4.78361e-09
2.90229e-06
2.58041e-06
-2.63384e-06
-2.37587e-06
2.79038e-06
-4.14507e-07
-1.64012e-08
3.63399e-06
3.65498e-06
-3.6579e-06
2.92372e-09
-7.33212e-09
-2.98774e-06
3.01126e-07
-2.7496e-06
-1.64248e-08
-1.76761e-09
-1.48242e-09
-1.3583e-09
-1.36216e-09
-1.75037e-09
-2.02425e-09
-1.45764e-09
-1.5005e-09
-1.76904e-09
2.89458e-09
3.671e-06
2.11756e-08
-2.83427e-06
3.55746e-08
-2.77067e-06
2.74038e-06
-2.81289e-06
-3.65792e-06
3.65708e-06
-8.76587e-09
3.65659e-06
2.53999e-06
4.80709e-07
-6.55236e-08
2.86765e-06
-2.15621e-06
-2.82958e-06
3.36569e-08
5.76635e-07
-3.45968e-06
4.04206e-07
-2.411e-06
2.0068e-06
4.25084e-07
-2.82718e-06
2.4021e-06
4.05977e-07
-2.73554e-06
2.32956e-06
6.88893e-07
-3.29327e-06
3.39147e-07
-2.58774e-06
2.24859e-06
1.04891e-06
-2.93828e-06
1.76113e-08
-2.81569e-06
5.04772e-07
-8.19151e-10
3.66285e-06
-2.71045e-06
5.18969e-07
-1.08222e-09
3.66251e-06
-3.65819e-06
-2.85891e-06
4.95937e-07
-3.65873e-06
1.19362e-09
3.65772e-06
-3.65674e-06
5.03116e-07
-2.86998e-06
-2.74951e-06
-2.74762e-06
-2.74875e-06
-2.73995e-06
-2.80311e-06
-2.80137e-06
-2.7763e-06
3.15688e-06
-2.2284e-06
3.65923e-06
-3.65719e-06
2.76749e-06
7.17533e-07
-2.98463e-06
2.6968e-06
-2.70145e-06
-3.65089e-06
-5.88263e-07
2.74753e-06
-5.81713e-07
3.0493e-06
-3.11965e-08
-3.58928e-08
-4.35591e-08
-4.77509e-08
8.91984e-08
-2.94831e-06
7.95178e-08
-2.94899e-06
1.1396e-07
-2.9974e-06
-3.64875e-06
-3.64826e-06
1.01225e-10
3.65348e-06
3.75053e-09
3.65274e-06
-2.40768e-06
-2.78699e-06
1.53188e-08
-2.81987e-06
4.53986e-08
-2.83223e-06
4.46831e-08
-2.82774e-06
4.8682e-08
-2.8446e-06
3.63271e-08
-2.8345e-06
4.40377e-08
-2.84283e-06
2.88619e-08
2.79461e-06
7.40421e-08
-2.86865e-06
3.65354e-06
-3.65651e-06
6.28287e-09
3.65076e-06
-9.98949e-08
2.87406e-10
-2.82847e-06
-2.72078e-06
-3.6568e-06
2.73794e-09
3.65439e-06
4.45497e-09
8.54023e-09
2.77532e-06
-2.78386e-06
9.7455e-08
-9.64747e-08
2.69418e-06
3.36855e-06
-6.31039e-10
-2.68895e-06
-8.66897e-09
-2.73273e-06
-4.00264e-08
2.77276e-06
3.10324e-06
-5.63995e-08
3.65161e-06
-3.66262e-06
1.10111e-08
5.52561e-07
-2.10171e-06
-5.64222e-07
-2.8879e-06
-2.90625e-06
5.10913e-07
-2.7032e-06
5.03456e-07
1.7292e-06
3.89061e-07
-3.12781e-06
-7.06783e-09
2.35528e-06
5.25355e-07
-2.88063e-06
-2.89148e-06
3.93027e-07
2.49846e-06
2.31781e-06
5.03779e-07
2.39061e-06
5.0893e-07
2.39395e-06
5.03504e-07
2.21572e-06
5.16454e-07
2.3713e-06
5.05266e-07
2.36707e-06
4.92988e-07
2.34983e-06
4.99633e-07
5.04901e-07
-2.89999e-06
-3.6605e-06
-2.20572e-09
-3.66278e-06
-5.56513e-09
-2.76812e-06
4.31171e-07
2.33695e-06
-2.34415e-06
-2.24896e-06
4.59312e-06
3.65766e-06
-3.27701e-09
-3.71821e-09
-3.65448e-06
3.65748e-06
-3.68057e-06
4.72211e-08
3.63335e-06
-2.296e-06
-3.34009e-07
3.65928e-06
-3.65566e-06
2.6551e-07
-4.02621e-06
2.28805e-06
4.88651e-07
2.74609e-06
2.59746e-06
4.15335e-07
2.86094e-06
-4.48199e-07
8.43041e-08
-2.61879e-06
2.53449e-06
-2.79983e-06
4.36491e-07
-2.85806e-06
2.42157e-06
-3.75101e-08
2.78224e-06
-5.09071e-08
2.76407e-06
7.63167e-08
2.76553e-06
6.9232e-08
2.72855e-06
6.06454e-08
2.81199e-06
-6.36091e-08
2.80757e-06
-6.09956e-08
2.78572e-06
8.34098e-09
2.70457e-06
-3.91949e-09
-2.76989e-06
2.02952e-08
3.18942e-08
3.66433e-06
-3.66237e-06
-2.76691e-06
2.37073e-08
1.66387e-08
2.34541e-06
-2.82763e-06
4.82217e-07
-2.42541e-06
2.68181e-06
-5.56128e-09
-3.23839e-06
4.37278e-07
2.5868e-06
3.75942e-07
3.65407e-06
-3.65708e-06
3.01042e-09
-3.6563e-06
3.6563e-06
2.8711e-06
-5.46124e-07
-2.79756e-06
4.80578e-08
-2.80947e-06
6.1852e-08
-2.81021e-06
6.14651e-08
-2.77723e-06
3.72857e-08
-2.84832e-06
4.52164e-08
-2.85161e-06
5.02349e-08
-2.81458e-06
3.82832e-08
-2.77861e-06
2.62586e-08
-6.66146e-09
-3.66704e-06
1.43407e-08
3.65334e-06
4.32385e-09
-3.67495e-06
2.72202e-06
-2.66682e-06
2.06035e-06
-5.09077e-07
2.74425e-06
2.30477e-08
-2.50716e-06
2.40124e-06
-2.7196e-06
3.65918e-06
2.54841e-06
-2.07566e-07
1.83795e-06
-2.48045e-06
-2.65464e-06
4.21464e-06
-3.94913e-06
2.39114e-06
-2.87944e-06
4.883e-07
-2.86322e-06
5.04465e-07
3.64304e-06
-3.65944e-06
-2.85415e-06
5.04304e-07
-2.90992e-06
5.11648e-07
2.37906e-06
4.81883e-07
2.44259e-06
4.99537e-07
2.36183e-06
4.9965e-07
2.46076e-06
5.08627e-07
2.38057e-06
5.34132e-07
-4.05326e-06
3.66006e-06
-3.65566e-06
-3.57791e-07
2.78029e-06
3.65629e-06
-3.65708e-06
-1.19092e-06
4.26631e-09
-6.7569e-07
4.08704e-06
3.65159e-06
-3.65582e-06
4.23109e-09
-1.99503e-06
1.15195e-06
-2.59119e-06
-1.81043e-06
-6.39279e-08
3.70947e-06
5.15727e-07
-2.90164e-06
9.96202e-07
1.4693e-06
2.86042e-06
-2.718e-06
-3.65196e-06
3.64693e-06
3.65623e-06
-3.65681e-06
-1.37687e-08
-3.66361e-06
3.66061e-06
-2.81898e-06
3.65383e-06
-2.2377e-09
-4.46946e-07
-1.43452e-06
-2.02517e-06
2.67189e-06
-2.80619e-06
-2.48213e-09
-2.60368e-06
3.65641e-06
-3.64709e-06
-2.7651e-06
2.16639e-06
1.97301e-06
-2.69223e-06
2.59576e-06
2.77261e-06
-2.77324e-06
2.59997e-06
-2.59576e-06
-4.21422e-09
-2.69773e-06
2.68906e-06
2.64949e-06
-2.68952e-06
2.77898e-06
-2.77044e-06
-2.57338e-06
2.67084e-06
-2.77898e-06
2.77927e-06
-2.68658e-06
2.48826e-06
1.98324e-07
-2.73745e-06
-3.66e-07
3.65315e-06
-3.65605e-06
2.89213e-09
2.38928e-06
5.14249e-07
7.15322e-09
-3.39448e-07
1.51421e-06
3.65982e-06
-3.65557e-06
-4.24173e-09
4.93088e-09
-3.66771e-06
-7.13473e-10
3.66207e-06
-3.66136e-06
3.65345e-06
-2.70824e-06
-3.17414e-06
3.17459e-06
-3.66105e-06
8.26045e-09
-2.91454e-06
6.5785e-07
2.82093e-06
-2.86518e-06
3.65598e-06
3.71749e-06
-3.63734e-06
-8.01572e-08
3.65541e-06
-3.65473e-06
-3.01348e-06
-2.24913e-07
-3.66662e-06
-2.65273e-06
-2.66922e-06
1.45789e-08
-4.20627e-07
2.71336e-06
3.89881e-07
3.64797e-06
-4.92327e-07
3.65571e-06
-9.1232e-10
-3.52327e-06
-4.596e-09
3.67589e-06
2.6968e-06
2.77448e-06
2.67189e-06
2.77866e-06
2.69689e-06
2.73716e-06
-2.70145e-06
-2.57338e-06
2.78799e-06
2.78171e-06
2.86042e-06
-2.68658e-06
2.77301e-06
2.62815e-06
-2.78943e-06
2.5485e-06
2.55875e-06
2.59997e-06
-2.76885e-06
2.64949e-06
2.77261e-06
2.26927e-06
-2.26927e-06
2.77891e-06
-3.66459e-06
-2.88195e-06
2.8941e-06
-2.38701e-06
2.90274e-06
3.65166e-06
-3.65598e-06
4.32131e-09
-1.14374e-07
-3.34636e-09
-2.82715e-06
8.17694e-09
-2.8329e-07
2.76541e-06
3.33311e-09
-3.62909e-06
3.62575e-06
3.58634e-09
8.87126e-09
-3.61602e-06
1.54146e-09
3.61448e-06
1.63684e-07
-3.76922e-06
3.60554e-06
3.64911e-06
4.86815e-09
-3.65398e-06
3.64878e-06
5.04761e-09
-2.61877e-06
2.39105e-06
4.80051e-07
-3.63424e-06
-2.09344e-08
3.65517e-06
3.67717e-06
7.72436e-09
3.62764e-06
8.9856e-08
3.65415e-06
-3.65268e-06
-3.65629e-06
3.65086e-06
3.68249e-09
1.73848e-07
-3.34799e-06
-3.9724e-09
2.88855e-06
-2.3632e-06
2.80812e-06
-2.76614e-06
-4.19836e-08
3.32551e-06
-2.2392e-06
-1.08631e-06
3.15124e-06
-2.75822e-06
2.89661e-06
-2.39283e-06
2.89598e-06
-2.39121e-06
2.89869e-06
-2.38976e-06
2.89827e-06
-2.39477e-06
2.84523e-06
-2.32878e-06
2.84804e-06
-2.32907e-06
-2.9583e-07
-3.73038e-06
2.88533e-06
-2.38006e-06
2.88336e-06
-2.39037e-06
2.88833e-06
-2.3924e-06
2.89141e-06
-2.39177e-06
2.89424e-06
-2.38934e-06
-1.60754e-09
2.28869e-09
-3.63105e-06
3.62876e-06
-7.83051e-09
3.81522e-06
-7.1668e-08
-3.74355e-06
2.86045e-06
-2.32632e-06
2.89995e-06
-2.3883e-06
3.66447e-06
3.326e-06
-2.32976e-06
-9.96236e-07
2.89922e-06
-2.39491e-06
2.88495e-06
-2.38049e-06
2.81736e-06
-2.38619e-06
2.8986e-06
-2.39354e-06
2.83197e-06
2.87839e-06
-2.3965e-06
3.6541e-06
-4.99333e-09
-2.96039e-06
2.52914e-06
4.31249e-07
-3.33077e-06
2.39633e-06
3.6134e-09
3.65146e-06
-3.65439e-06
2.92872e-09
4.21464e-06
-5.02131e-08
3.72121e-06
2.88527e-06
-2.39662e-06
-3.61229e-06
3.63165e-06
-6.84711e-09
-1.89778e-08
-3.66308e-06
7.0727e-10
-1.88349e-09
-3.70061e-06
3.86429e-06
-2.63682e-06
-2.718e-06
-2.75176e-06
2.71794e-06
2.75574e-06
-3.40132e-06
3.8784e-07
2.89706e-06
-2.3936e-06
8.81215e-09
-4.93297e-07
-3.64535e-06
-2.33909e-09
3.64768e-06
2.11972e-07
-2.80619e-06
-2.7796e-06
2.79214e-06
-1.25456e-08
3.23067e-06
-2.74373e-06
-6.57737e-08
-3.84943e-06
2.93433e-06
-3.28349e-07
2.82666e-06
3.65353e-06
-3.65126e-06
3.6555e-06
3.65337e-06
-3.65245e-06
-2.74968e-06
2.74439e-06
5.28586e-09
-2.60633e-06
-1.5375e-08
2.96417e-06
-2.48195e-06
2.83655e-06
6.276e-09
-2.38739e-06
2.96987e-06
-2.46676e-06
-2.57092e-06
2.90456e-06
-2.39594e-06
2.90074e-06
-2.40109e-06
2.88422e-06
-2.38468e-06
2.90327e-06
-2.43854e-06
-2.78054e-06
2.82059e-06
-4.00549e-08
2.25021e-08
2.49986e-10
2.66691e-06
-4.91927e-08
2.92898e-06
-2.44069e-06
2.88433e-06
-2.3994e-06
-3.65015e-06
3.65502e-06
-3.67214e-06
3.67654e-06
6.09148e-09
4.88178e-06
-4.31787e-06
2.70632e-06
-2.60128e-06
3.01149e-06
-3.049e-06
2.71731e-06
-2.68323e-06
2.76266e-06
-2.7146e-06
2.98348e-06
-3.03438e-06
2.61655e-06
-2.56486e-06
2.74592e-06
-2.68407e-06
2.89673e-06
-2.82041e-06
3.30579e-06
-3.38123e-06
2.75685e-06
-2.69538e-06
2.90015e-06
-2.83091e-06
3.28383e-06
-3.39315e-06
2.61866e-06
-2.58137e-06
2.66479e-06
-2.60414e-06
2.82011e-06
-2.76547e-06
2.96185e-06
-2.91663e-06
3.18454e-06
-3.24815e-06
2.72476e-06
-2.65236e-06
2.95287e-06
-2.90264e-06
3.16939e-06
-3.23039e-06
2.7156e-06
-2.6476e-06
2.91133e-06
-2.87304e-06
2.9527e-06
-2.94436e-06
2.85747e-06
-2.82558e-06
2.88933e-06
-2.86307e-06
2.921e-06
-2.92492e-06
2.82366e-06
-2.8162e-06
2.77106e-06
-2.75066e-06
2.76695e-06
-2.74666e-06
-5.19563e-09
2.76536e-06
-2.74231e-06
-3.65176e-06
-3.07458e-10
2.76466e-06
-2.74095e-06
3.6544e-06
-3.65067e-06
2.76431e-06
-2.73657e-06
2.75894e-06
-2.7423e-06
3.81522e-06
4.41101e-09
2.75978e-06
-2.74536e-06
-3.65015e-06
-1.24756e-08
-3.65211e-06
3.65211e-06
-3.67098e-06
2.08356e-08
-2.77307e-06
2.76504e-06
-2.74046e-06
3.65412e-06
-3.22747e-06
-1.41585e-07
3.87624e-09
3.65148e-06
-3.6508e-06
-3.77228e-06
3.70475e-06
-3.68358e-06
-3.62157e-06
-4.94158e-08
2.94968e-06
2.76211e-06
-2.74777e-06
1.02555e-08
-2.0394e-08
-1.75882e-08
2.9152e-06
-2.43449e-06
1.7318e-08
-3.65006e-06
3.65429e-06
2.97375e-06
-2.47228e-06
2.75086e-06
-2.75592e-06
3.66209e-06
-3.66359e-06
-3.69483e-06
-1.04463e-06
-3.65086e-06
3.65072e-06
-3.94913e-06
3.66576e-06
2.63917e-06
4.64886e-07
-3.72844e-06
3.75929e-06
1.08659e-06
1.78824e-06
4.31787e-06
-3.97563e-06
3.70475e-06
3.22758e-09
2.25878e-09
-3.66584e-06
8.77346e-09
3.65708e-06
3.64841e-06
5.56482e-09
-3.75929e-06
3.85698e-06
-1.92284e-09
3.64916e-06
4.94067e-09
2.76679e-06
-2.74991e-06
-2.43892e-07
-3.72844e-06
1.74482e-09
-3.62377e-06
3.62203e-06
3.71491e-06
-3.6753e-06
-3.68755e-06
-3.71491e-06
2.90858e-06
-2.39254e-06
3.66775e-06
-1.38092e-08
-6.15569e-09
3.67391e-06
-3.67039e-06
4.78882e-07
-3.66106e-06
3.66051e-06
3.85698e-06
3.97563e-06
3.66106e-06
-3.66647e-06
-3.68242e-06
-1.19009e-08
2.06325e-08
-3.65487e-06
-3.67421e-06
3.6613e-06
3.66051e-06
-3.66132e-06
-3.67929e-06
3.6753e-06
-3.65023e-06
3.65468e-06
3.65035e-06
3.67929e-06
3.66674e-06
-3.66647e-06
-3.67837e-06
-2.15167e-08
3.69108e-06
-3.65261e-06
3.65467e-06
3.30433e-09
-3.65798e-06
4.55736e-09
3.66218e-06
3.67139e-06
-7.58947e-09
-3.69108e-06
3.67837e-06
3.65382e-06
8.49951e-10
3.66454e-06
3.6572e-06
-3.65261e-06
-3.67413e-06
5.97549e-09
-3.65491e-06
4.54755e-09
-3.6547e-06
-3.6882e-06
3.65925e-06
-4.67654e-09
3.63209e-06
-3.62741e-06
3.6565e-06
7.05136e-10
3.65265e-06
4.47123e-09
-3.65453e-06
3.6546e-06
-1.95329e-09
4.16855e-09
-2.52038e-09
3.65574e-06
-3.65322e-06
3.65463e-06
-2.4134e-11
-3.65386e-06
3.64908e-06
3.65049e-06
-3.65244e-06
5.07518e-09
-3.12123e-10
3.62669e-06
-3.62638e-06
3.65628e-06
-3.65995e-06
-1.57262e-09
3.6562e-06
-3.65471e-06
3.65305e-06
-5.33313e-09
3.65285e-06
-3.64751e-06
-3.6584e-06
-3.64973e-06
3.65235e-06
-2.61606e-09
3.65675e-06
5.76157e-09
3.18114e-09
3.65852e-06
-1.76881e-09
3.65205e-06
-3.66257e-06
3.6627e-06
-3.64944e-06
3.65233e-06
3.65128e-06
-3.65454e-06
4.80623e-09
3.65075e-06
-3.65049e-06
3.65075e-06
-3.64844e-06
3.65726e-06
4.83658e-09
3.64743e-06
-3.6503e-06
-2.75017e-09
3.6548e-06
-3.65451e-06
3.65676e-06
-2.01209e-09
3.64837e-06
-3.65013e-06
3.65303e-06
-3.6505e-06
3.6505e-06
-3.65058e-06
2.31964e-09
3.64804e-06
-3.65139e-06
4.47475e-09
-1.48873e-09
3.6552e-06
-2.16719e-09
3.64945e-06
-3.65095e-06
4.72302e-09
3.64902e-06
-3.65184e-06
3.65199e-06
-1.93684e-09
3.64993e-06
-3.65138e-06
3.6546e-06
-2.09509e-09
8.04958e-09
3.6493e-06
-3.65213e-06
3.65425e-06
-2.25403e-09
3.65029e-06
-3.65231e-06
3.65677e-06
-1.94209e-09
-1.9318e-09
3.65276e-06
3.6502e-06
-3.65302e-06
-3.65452e-06
3.65264e-06
3.65136e-06
-3.65311e-06
-1.91439e-09
-2.08178e-09
3.20572e-09
3.6508e-06
-3.65401e-06
1.00582e-08
3.65225e-06
-3.65544e-06
3.65487e-06
-2.10521e-09
3.6518e-06
-3.65364e-06
3.65228e-06
7.76747e-09
-3.65444e-06
3.65137e-06
-1.84611e-09
-2.11065e-09
-3.65403e-06
3.65267e-06
-3.64704e-06
3.64704e-06
-3.6481e-06
-3.10089e-11
3.65464e-06
-3.65461e-06
-2.23388e-09
1.03536e-08
-1.66823e-09
-8.54361e-10
3.65054e-06
-2.98288e-11
-1.7685e-09
-2.2708e-09
-3.16386e-09
-9.23834e-09
3.65413e-06
-3.64489e-06
-3.67297e-06
-3.64284e-06
3.64284e-06
-3.64454e-06
-3.65279e-06
3.65184e-06
9.43282e-10
1.12355e-08
-5.04587e-10
-3.65722e-06
4.42999e-09
3.63863e-06
-3.64096e-06
3.63863e-06
6.9515e-09
-3.65566e-06
2.0555e-09
5.76658e-09
3.64667e-06
-3.64428e-06
-2.39339e-09
3.64667e-06
-3.64621e-06
3.64771e-06
-1.49529e-09
3.64621e-06
4.64262e-10
-3.64428e-06
-3.64514e-06
8.53846e-10
3.65742e-06
-3.65098e-06
3.65742e-06
-4.83276e-06
3.661e-06
-3.6512e-06
-3.65089e-06
3.65089e-06
3.68757e-06
-3.65193e-06
3.661e-06
3.68757e-06
-3.65036e-06
3.65036e-06
3.65061e-06
-3.65061e-06
3.65193e-06
-3.7086e-06
-3.65184e-06
3.65086e-06
-3.65086e-06
-3.65045e-06
3.65045e-06
-3.64096e-06
3.61802e-06
-3.61802e-06
3.64771e-06
3.64635e-06
-3.64635e-06
3.65072e-06
3.65109e-06
-3.65109e-06
-3.68181e-06
-3.65054e-06
3.65054e-06
-3.67413e-06
-3.65058e-06
-3.64454e-06
-3.6481e-06
3.64247e-06
-3.64247e-06
3.65648e-06
-3.65648e-06
-3.65058e-06
3.65058e-06
-3.65043e-06
3.65043e-06
-3.74355e-06
-3.67256e-06
-3.65052e-06
3.65052e-06
-3.64514e-06
-3.6512e-06
3.65098e-06
-3.65711e-06
-3.65049e-06
3.65034e-06
-3.65034e-06
-3.65008e-06
3.65008e-06
3.66082e-06
-3.65486e-06
-3.66082e-06
3.65486e-06
-3.65711e-06
-3.90176e-09
6.35886e-09
-3.65388e-06
-3.65126e-06
3.65609e-06
-3.34779e-09
3.6629e-06
-3.68894e-09
-3.65921e-06
-3.65112e-06
3.65688e-06
3.659e-06
3.66535e-06
-3.65587e-06
4.60412e-09
3.66218e-06
4.96856e-09
-3.6466e-06
3.65178e-06
3.66526e-06
1.02845e-08
3.66191e-06
2.90761e-09
-2.81206e-09
-3.64163e-06
3.64368e-06
3.66482e-06
3.66185e-06
-3.64061e-06
3.64504e-06
1.01538e-08
3.66435e-06
3.66153e-06
-3.07634e-09
3.63053e-06
-3.62745e-06
3.6607e-06
8.34722e-10
5.64437e-09
-3.6645e-06
3.65779e-06
-3.64435e-06
3.6513e-06
-5.0619e-10
6.84075e-10
3.66343e-06
-3.64064e-06
3.65187e-06
3.66293e-06
-3.64906e-06
3.65206e-06
1.0666e-08
4.65758e-09
3.66506e-06
-2.818e-09
3.63617e-06
-3.63335e-06
3.66837e-06
3.67302e-06
-3.65237e-06
3.6506e-06
3.65925e-06
-1.0619e-08
3.66176e-06
-3.65203e-06
3.65152e-06
3.66332e-06
3.19795e-11
1.44118e-09
-3.64184e-06
3.6522e-06
3.6527e-06
-3.64915e-06
3.65259e-06
9.67945e-09
3.65414e-06
-3.0468e-09
3.64115e-06
-3.6381e-06
-3.65284e-06
3.64968e-06
3.65869e-06
-4.55707e-09
-9.54966e-09
3.66058e-06
3.57658e-09
3.66176e-06
3.658e-06
-3.65188e-06
3.65185e-06
3.66158e-06
7.09895e-10
3.65203e-06
-3.64272e-06
3.65278e-06
-3.65285e-06
3.65118e-06
3.65323e-06
-3.64848e-06
3.6541e-06
9.13031e-09
3.61397e-09
-4.29784e-09
3.64731e-06
-3.64301e-06
3.65689e-06
-3.6545e-09
3.6605e-06
-6.90442e-09
3.65718e-06
-3.65333e-06
3.65148e-06
-3.53091e-09
-3.6489e-06
3.65667e-06
3.66092e-06
5.20274e-09
3.25232e-09
3.65401e-06
-3.65305e-06
3.65855e-06
4.66013e-09
4.32107e-09
-3.65277e-06
3.65727e-06
-3.62182e-09
3.65239e-06
-3.64877e-06
3.65079e-06
-3.65383e-06
3.65191e-06
-3.65121e-06
-3.65588e-06
3.64792e-06
3.65378e-06
1.50004e-09
2.67086e-09
3.64879e-06
4.98766e-09
-3.64368e-06
3.65173e-06
-3.64699e-06
3.65171e-06
3.65029e-06
-4.24229e-09
3.65408e-06
-3.64983e-06
3.65461e-06
-3.64771e-06
3.65243e-06
-3.65416e-06
3.65222e-06
4.7323e-09
2.72909e-09
3.65753e-06
3.6547e-06
4.00223e-09
3.65743e-06
-3.64791e-06
3.65248e-06
3.6539e-06
-3.61126e-09
3.65635e-06
-3.65235e-06
3.65691e-06
-3.65437e-06
3.65244e-06
4.5151e-09
-3.649e-06
3.65347e-06
2.8903e-09
3.65386e-06
-3.65e-06
3.65444e-06
-3.42489e-09
3.48096e-09
3.65529e-06
-3.65181e-06
3.65675e-06
3.65314e-06
3.47277e-09
-3.64903e-06
3.65135e-06
-3.65394e-06
2.73022e-09
3.65603e-06
-3.65543e-06
-3.64761e-06
3.65241e-06
3.65299e-06
5.40933e-09
3.65572e-06
3.65229e-06
-3.66039e-06
3.66227e-06
-1.88013e-09
9.49696e-10
3.65053e-06
3.74181e-09
3.65395e-06
-3.6502e-06
3.65522e-06
-3.63622e-06
3.64667e-06
-1.04557e-08
3.65285e-06
-3.64754e-06
3.65238e-06
-1.48541e-09
4.86969e-09
3.64908e-06
-3.6537e-06
4.61666e-09
3.6538e-06
-3.64817e-06
3.65393e-06
-3.65152e-06
3.64515e-06
6.37495e-09
3.65232e-06
-3.65055e-06
3.65495e-06
-3.67379e-06
3.67348e-06
4.21369e-09
-5.08703e-09
-3.63113e-06
3.65459e-06
-2.27691e-09
-3.38194e-09
-3.64907e-06
3.48666e-09
3.64898e-06
-3.65246e-06
3.65341e-06
-1.13086e-08
3.65345e-06
-5.04455e-09
3.65813e-06
-4.71383e-09
8.42616e-10
-3.65237e-06
3.65119e-06
-5.37593e-09
3.65805e-06
-3.64859e-06
-5.26981e-09
-3.65071e-06
3.65389e-06
-3.66171e-06
3.64837e-06
1.33373e-08
3.65468e-06
-3.6561e-06
3.64733e-06
8.76975e-09
-5.09737e-09
3.65025e-06
-3.65222e-06
3.64847e-06
3.74658e-09
-3.65075e-06
3.65583e-06
3.64931e-06
-3.16494e-09
3.65224e-06
-6.44591e-09
3.65415e-06
-3.14054e-09
3.65015e-06
-3.65138e-06
3.6557e-06
-3.39032e-09
3.65045e-06
-3.04933e-10
3.64536e-06
3.64427e-06
3.63735e-06
6.92841e-09
-3.65276e-06
3.65693e-06
3.6309e-06
-3.65247e-06
3.65694e-06
-4.47622e-09
-3.65209e-06
3.65298e-06
-8.88828e-10
-2.93909e-09
-3.6637e-06
3.6576e-06
6.10615e-09
3.64184e-06
-1.09438e-08
1.48895e-08
3.60711e-06
-3.622e-06
-3.65381e-06
3.65829e-06
-3.65009e-06
3.64473e-06
5.36932e-09
-3.65601e-06
4.80549e-09
3.65351e-06
-3.66572e-06
1.2208e-08
3.63657e-06
-5.33001e-09
-3.64673e-06
3.65206e-06
3.68919e-06
3.13034e-09
-1.85761e-09
-3.64784e-06
3.64969e-06
3.65146e-06
-3.65043e-06
3.64811e-06
2.31867e-09
3.6483e-06
-3.65892e-06
3.65424e-06
-3.65382e-06
3.65846e-06
-4.63715e-09
3.65021e-06
-1.91063e-09
-4.14789e-09
-3.64476e-06
3.64891e-06
3.64885e-06
1.3549e-09
-3.65528e-06
3.65983e-06
-3.65511e-06
3.66016e-06
-5.0464e-09
-3.65082e-06
3.64552e-06
5.29594e-09
3.64471e-06
3.62022e-06
-1.31049e-08
-3.18301e-09
-1.14728e-08
3.64285e-06
3.65013e-06
-3.74378e-09
-3.65639e-06
3.66236e-06
3.61831e-06
3.6365e-06
6.34736e-09
-2.64546e-08
-3.64245e-06
-2.68877e-09
-3.64245e-06
-3.62763e-06
3.62763e-06
-9.60342e-09
3.63203e-06
4.47456e-09
3.77392e-09
1.39888e-08
3.61128e-06
-3.62527e-06
-3.65036e-06
3.64574e-06
4.6232e-09
-3.6559e-06
3.66147e-06
-3.64716e-06
-3.26768e-09
-2.4821e-09
3.64991e-06
-3.64743e-06
2.7436e-06
-3.6504e-06
3.64527e-06
5.12293e-09
-3.65096e-06
3.64598e-06
4.97348e-09
3.64238e-06
-1.03517e-08
3.63705e-06
-3.66356e-06
3.65104e-06
-3.64796e-06
3.64951e-06
-1.555e-09
8.7391e-10
-3.39382e-09
3.6515e-06
3.64788e-06
3.16141e-09
-3.64292e-06
3.64292e-06
3.199e-09
-3.65162e-06
3.64842e-06
-3.65119e-06
3.65148e-06
-3.60384e-09
1.3513e-08
3.6945e-06
-3.66305e-06
3.66864e-06
-5.58697e-09
3.649e-06
-3.64961e-06
3.64542e-06
4.19394e-09
-3.65584e-06
4.64365e-09
3.6522e-06
3.66394e-06
2.75159e-09
3.65103e-06
-3.64746e-06
-3.56525e-09
3.65496e-06
-3.65888e-06
3.91965e-09
-1.52969e-08
4.7746e-10
3.64893e-06
-1.35419e-08
3.63251e-06
-2.12265e-08
-3.66333e-06
3.67157e-06
-8.23876e-09
-3.64589e-06
3.64309e-06
2.80213e-09
3.62891e-06
3.65196e-06
-3.03545e-09
3.27654e-09
-3.65177e-06
3.64849e-06
-2.27158e-08
3.64722e-06
3.80127e-09
-3.64898e-06
3.64585e-06
3.13377e-09
3.64857e-06
3.65021e-06
-3.64721e-06
3.64968e-06
-2.46191e-09
3.65179e-06
-3.36614e-09
-3.64545e-06
3.64967e-06
-4.22419e-09
-2.43561e-08
3.71271e-06
-3.6431e-06
-4.44515e-08
3.65185e-06
3.64826e-06
3.18781e-09
-3.65145e-06
3.64875e-06
-3.64647e-06
3.63677e-06
9.70054e-09
4.04322e-09
1.01085e-06
2.70241e-06
-3.71327e-06
-3.64143e-06
-5.0389e-09
-3.01749e-09
3.64828e-06
-3.08173e-06
-3.71779e-09
3.65094e-06
3.65113e-06
-2.86401e-09
-3.64849e-06
3.64864e-06
-1.46951e-10
-2.3911e-06
3.65147e-06
3.19928e-09
3.64793e-06
-3.66443e-06
3.67215e-06
-7.71804e-09
-4.00308e-11
-1.47576e-08
-3.3447e-06
-4.47444e-07
3.64775e-06
-3.66637e-06
3.68054e-06
-1.4168e-08
-3.66599e-06
3.67085e-06
-4.86184e-09
-3.6623e-06
3.65095e-06
3.65591e-06
3.65591e-06
3.66624e-06
-3.66624e-06
-3.659e-06
-2.95641e-09
3.66614e-06
-3.65006e-06
4.61116e-09
3.6486e-06
-3.63782e-06
-1.07749e-08
6.7335e-09
-3.66328e-06
3.01765e-09
-3.64907e-06
3.64605e-06
3.64686e-06
4.09475e-09
-5.40276e-09
-3.64798e-06
3.65262e-06
-4.63876e-09
-3.64503e-06
3.65596e-06
-1.09313e-08
3.64597e-06
4.97476e-09
-1.33916e-07
3.65009e-06
-3.23547e-09
1.45502e-08
3.65443e-06
-3.65443e-06
3.6523e-06
-3.65006e-06
8.24331e-09
-3.65962e-06
3.67367e-06
-1.40545e-08
-2.8935e-06
-3.64495e-06
3.66825e-06
-2.32988e-08
3.64443e-06
2.50172e-09
-3.64693e-06
3.64587e-06
-3.66275e-06
1.38643e-09
3.64346e-06
9.69648e-10
3.65022e-06
-2.2914e-09
-6.83495e-09
3.6436e-06
3.64889e-06
-3.64698e-06
-2.08857e-09
3.65119e-06
-3.65119e-06
-3.6658e-06
3.68643e-06
3.6713e-06
1.35322e-08
-3.67639e-06
3.64385e-06
2.76251e-06
-2.75824e-06
3.65588e-06
-3.65379e-06
3.67598e-06
3.67797e-06
-3.66443e-09
-3.67431e-06
2.77444e-06
-7.87063e-09
3.65226e-06
-3.65563e-06
3.36928e-09
1.20953e-09
3.64225e-06
2.77875e-06
-1.10271e-06
-1.30497e-06
-3.87932e-08
1.10175e-08
3.64635e-06
-3.66997e-06
3.65489e-06
-3.66749e-06
3.70299e-06
-3.54999e-08
3.6519e-06
4.62035e-07
-3.80673e-06
-8.77208e-10
3.63951e-06
-7.22709e-09
3.62453e-06
-3.6173e-06
-3.64761e-06
-9.67348e-08
-1.66906e-06
1.7658e-06
2.2912e-06
-2.66412e-06
3.64072e-06
3.63482e-06
5.90192e-09
2.79166e-06
3.64896e-06
-3.65032e-06
3.61624e-06
-3.61395e-06
2.4998e-10
-4.21868e-09
-3.62985e-06
3.63407e-06
3.63371e-06
1.1058e-09
5.01689e-07
4.44925e-07
5.59372e-07
9.12044e-07
5.05511e-07
5.03151e-07
5.07481e-07
5.04216e-07
1.02238e-07
4.59749e-07
5.19263e-07
5.56257e-07
-3.66642e-06
5.10189e-07
4.96815e-07
4.97957e-07
4.99011e-07
5.0445e-07
5.02469e-07
-3.65047e-06
-1.28123e-08
5.0489e-07
5.09261e-07
3.62891e-06
4.80182e-09
5.90814e-07
-3.63086e-06
3.67587e-06
-4.50074e-08
4.87599e-07
5.65919e-09
-3.66414e-06
4.92193e-07
-3.64813e-06
5.26174e-10
3.63783e-06
4.41884e-09
-3.60716e-06
3.62474e-06
3.62469e-06
3.64935e-06
-3.64935e-06
-3.7428e-06
3.33279e-06
6.43552e-07
-3.63443e-06
3.71077e-06
-7.63449e-08
5.1626e-07
5.05827e-07
5.03734e-07
5.09731e-07
4.86437e-07
-3.65089e-06
3.63894e-06
2.87585e-06
-2.39579e-06
-4.14422e-08
3.61747e-06
-3.66244e-06
-5.26954e-09
-8.67884e-07
9.08577e-09
3.65543e-06
-3.52813e-09
3.58005e-06
-1.02006e-08
-3.56985e-06
5.00439e-07
-3.6346e-06
4.87825e-07
-3.66145e-06
-5.16207e-09
-2.80269e-09
-3.65682e-06
3.03457e-09
-3.52104e-06
-1.20049e-08
3.53305e-06
3.64965e-06
-3.63196e-06
-2.05016e-08
-3.65022e-06
-2.01835e-08
-3.59149e-06
3.61167e-06
-3.64472e-06
1.01174e-08
3.60742e-06
1.00511e-08
-3.66465e-06
-3.66381e-06
2.41618e-09
-3.34019e-06
8.20859e-07
3.59867e-06
8.74409e-09
3.67251e-06
-3.67554e-06
3.57849e-06
3.59833e-06
2.62007e-08
-6.21601e-07
5.70566e-07
-3.57239e-06
3.77095e-06
-1.98554e-07
3.64984e-06
5.90082e-08
3.61156e-06
3.65064e-06
-3.64837e-06
-3.65116e-06
-3.33379e-06
1.43165e-07
3.56829e-06
3.73365e-06
-1.22088e-07
-3.65107e-06
-3.65193e-06
3.64746e-06
-3.65483e-06
3.61456e-06
1.95137e-08
-3.60707e-06
3.7227e-08
-6.14222e-08
-3.48698e-06
3.5484e-06
2.62137e-06
-3.63595e-06
3.63595e-06
-3.67027e-06
2.78607e-06
2.74282e-06
-2.76345e-06
4.93877e-07
-2.85922e-06
2.85483e-06
-2.85483e-06
-2.78577e-07
-3.33711e-06
3.61569e-06
-1.61253e-07
3.62461e-06
4.1021e-07
-3.31688e-07
7.94323e-08
2.68872e-07
-4.17837e-07
1.81062e-07
2.12662e-07
-6.24384e-07
2.04763e-07
-7.74494e-07
8.34163e-08
1.96373e-07
-5.23387e-07
3.00509e-07
-5.14794e-07
2.63723e-07
-1.36999e-08
-3.33429e-06
6.37527e-08
-4.51377e-08
3.53209e-06
3.61983e-08
1.62886e-08
3.65421e-06
-4.36847e-09
1.87027e-08
2.23469e-08
2.33556e-08
-3.65473e-06
-9.1529e-11
3.31167e-08
2.23708e-08
3.64997e-06
-3.64725e-06
3.64725e-06
-6.1812e-07
1.74798e-08
-3.63667e-06
-2.75527e-06
-3.34749e-06
-3.66204e-06
1.96782e-08
3.63479e-06
-3.63305e-06
2.52413e-06
-2.52413e-06
-9.9273e-09
-3.65873e-06
3.66253e-06
-3.80147e-09
3.52008e-06
3.64597e-06
3.55125e-06
6.04198e-08
3.44669e-06
8.63577e-08
-3.50605e-06
2.16533e-08
-3.44528e-06
9.77933e-08
3.64707e-06
3.4993e-06
-3.65023e-06
2.63661e-06
-7.187e-07
3.45866e-06
1.33827e-08
-3.23187e-06
4.65892e-07
3.6517e-06
-3.65085e-06
3.09433e-09
3.65182e-06
-5.84742e-09
3.07428e-07
-3.64454e-06
-4.32454e-07
3.58745e-06
3.0885e-06
-3.76419e-06
1.0047e-07
-3.04241e-06
-3.67458e-06
1.07129e-07
3.64909e-06
-3.67472e-06
3.66806e-06
1.92714e-07
-3.86077e-06
-3.46007e-06
1.25783e-07
3.23755e-06
-3.48305e-06
2.45499e-07
3.62104e-06
-3.62104e-06
-2.98504e-06
1.08684e-08
-3.64685e-06
-3.38027e-06
-3.02889e-06
3.64935e-06
3.6498e-06
-3.6498e-06
1.17591e-08
3.38071e-06
3.38525e-06
1.63151e-07
3.51827e-07
1.98631e-07
-8.06895e-07
3.6272e-06
1.27191e-08
-3.63992e-06
2.75715e-06
-2.75866e-06
3.632e-06
2.83148e-06
3.66976e-06
-3.66545e-06
2.64431e-06
-2.64431e-06
-3.65897e-06
3.65336e-06
-3.6512e-06
1.25974e-08
-3.56679e-06
1.86527e-07
-3.16825e-06
3.55609e-06
-2.66883e-06
2.66883e-06
-2.17261e-06
2.17261e-06
2.79724e-06
-2.75416e-06
-2.3049e-06
2.3049e-06
2.96387e-06
-2.96387e-06
-2.50737e-06
-2.69347e-06
2.69347e-06
2.89632e-06
-2.63572e-06
2.63572e-06
-2.58336e-06
2.58336e-06
-2.55232e-06
2.55232e-06
3.0367e-06
-3.0367e-06
2.40463e-06
2.8378e-06
-2.8378e-06
2.84268e-06
2.94318e-06
-2.94318e-06
2.88576e-06
2.83852e-06
-2.61109e-06
2.61109e-06
-3.03066e-06
-2.71697e-06
-2.58786e-06
2.96119e-06
-2.96119e-06
2.65206e-06
-2.65206e-06
2.90754e-06
2.82824e-06
2.86264e-06
2.93178e-06
3.64713e-06
-3.64502e-06
2.86509e-06
-2.35711e-06
3.65474e-06
-5.38916e-09
-3.73493e-06
7.76793e-08
3.65725e-06
3.64703e-06
3.65831e-06
-3.21662e-09
3.45801e-06
-3.65657e-06
3.65996e-06
-2.8743e-06
-3.66242e-06
-3.66672e-06
3.64359e-06
-3.64359e-06
4.79584e-07
3.61226e-06
-3.60892e-06
-9.44457e-09
-2.7091e-06
2.71854e-06
3.64731e-06
3.61344e-06
-3.61344e-06
3.66267e-06
-3.6639e-06
-3.65396e-06
-3.64458e-06
3.62364e-06
-3.65866e-06
3.92215e-09
-2.68537e-06
2.44007e-06
3.64806e-06
-3.64806e-06
-2.89403e-06
5.06644e-07
-2.97339e-06
-2.89828e-06
5.02342e-07
-2.91195e-06
5.10857e-07
-2.88408e-06
4.99396e-07
-2.95292e-06
5.14385e-07
3.65363e-06
-6.6064e-09
-3.65699e-06
1.28117e-06
-3.48044e-06
-2.88695e-06
4.87555e-07
-2.81357e-06
-1.54229e-08
3.63946e-06
2.39493e-06
7.40729e-07
-3.13566e-06
-2.66571e-06
2.45116e-06
9.40877e-07
-3.34797e-06
2.40709e-06
2.80629e-06
-2.91652e-06
-3.6426e-06
3.67036e-06
-2.77653e-08
3.65006e-06
-3.64798e-06
-3.66752e-06
-2.74513e-09
3.6708e-06
-3.68e-06
3.3693e-06
-1.73907e-06
-1.63023e-06
-2.37858e-06
2.89484e-06
-2.37239e-06
2.87612e-06
-5.19608e-07
3.64796e-06
-8.49531e-09
-2.90662e-06
-3.64503e-06
-2.74435e-06
4.69295e-07
-1.63057e-07
-2.46325e-06
-3.67671e-06
3.6431e-06
-6.59255e-07
-3.64976e-06
6.82226e-07
3.65513e-06
-1.203e-08
-2.39453e-06
2.58039e-06
3.64615e-06
-3.64615e-06
-2.86219e-06
-4.53501e-07
-2.18783e-06
-1.30718e-09
3.66936e-06
3.64107e-06
3.64968e-06
-3.65895e-06
-3.53567e-06
-1.20899e-07
-6.37307e-08
-2.85539e-06
2.85347e-06
-2.39234e-06
2.62787e-06
-2.0685e-06
-2.46788e-06
-2.20202e-06
2.7095e-06
-2.39406e-06
-3.31341e-06
1.97577e-06
1.33764e-06
-2.4522e-06
-2.21468e-06
2.77094e-06
-2.38726e-06
2.80669e-06
-2.30767e-06
2.89077e-06
-2.38151e-06
-2.36211e-06
-9.58871e-09
-3.63606e-06
3.64565e-06
2.73687e-06
-2.75585e-06
-2.24704e-06
2.73923e-06
3.17461e-06
-2.30322e-06
2.80904e-06
3.63402e-06
-3.54222e-06
3.64843e-06
-3.6465e-06
-3.65776e-06
-6.30166e-09
-2.40051e-06
2.7787e-06
6.69915e-07
2.38727e-06
4.05337e-07
-2.79261e-06
2.42248e-06
2.85982e-07
-2.70846e-06
2.40186e-06
2.10563e-07
-2.61242e-06
2.39997e-06
8.81679e-07
-3.28165e-06
2.40438e-06
4.66348e-07
-2.87072e-06
3.64464e-06
3.47542e-06
1.46965e-08
2.62393e-06
-2.78699e-06
-6.24771e-07
3.65288e-06
-3.61967e-06
-3.3207e-08
-4.97505e-07
3.3038e-06
3.64096e-06
-3.64096e-06
-3.66103e-06
-2.31787e-06
2.3973e-06
2.9761e-06
-2.79504e-06
-2.82182e-06
-2.95967e-06
2.8752e-06
2.88623e-06
1.39989e-08
-3.66797e-06
3.63237e-06
-3.63465e-06
2.28632e-09
-2.89166e-06
3.59478e-10
-3.66278e-06
3.60787e-06
2.76418e-06
-2.74548e-06
-3.49907e-06
2.774e-06
-2.75064e-06
2.40598e-06
3.60232e-06
-3.65173e-06
3.66275e-06
-3.66033e-06
-3.63186e-06
3.64696e-06
2.77525e-06
-2.75557e-06
3.64669e-06
-3.64655e-06
3.64655e-06
-3.58114e-06
-7.66163e-08
4.51071e-07
-2.88556e-06
3.64413e-06
-3.65749e-06
-3.60134e-06
2.9042e-06
2.88667e-06
2.93686e-06
3.66934e-06
-3.67177e-06
3.90564e-07
2.82531e-06
-2.17369e-06
2.91442e-06
-2.03687e-06
2.97774e-06
2.89193e-06
2.91412e-06
-2.40326e-06
3.64343e-06
2.45081e-06
2.83028e-07
-2.73384e-06
2.77742e-06
-2.76655e-06
3.64696e-06
-3.64487e-06
8.58582e-09
2.91808e-09
-3.70914e-06
3.46525e-06
3.64842e-06
-4.05227e-09
-1.79997e-06
3.69953e-06
3.64747e-06
-3.66399e-06
-2.73466e-09
-2.25398e-06
-2.60475e-06
1.89984e-07
-2.66358e-06
-2.45018e-06
-3.63615e-06
3.64485e-06
-3.64485e-06
3.6431e-06
3.64263e-06
-3.64263e-06
-5.25626e-07
2.97679e-06
-5.1428e-07
2.92137e-06
-2.83664e-06
5.61295e-07
3.66673e-06
-9.48134e-09
-3.5382e-06
-1.70943e-07
-3.54233e-06
-1.29553e-08
-3.61082e-06
3.6469e-06
3.65783e-06
1.25334e-08
-3.61894e-06
3.64547e-06
-3.64346e-06
2.34522e-06
-2.17896e-08
-2.40598e-06
6.10903e-07
-2.57917e-06
3.64106e-06
-3.65773e-06
3.57757e-06
-2.39443e-06
2.88225e-06
-2.76886e-06
2.66897e-06
2.77615e-06
-2.78245e-06
1.05647e-06
-1.05647e-06
-2.73653e-06
3.24672e-06
2.8728e-07
-2.19848e-06
2.70293e-06
-2.29592e-06
2.80081e-06
-2.38681e-06
2.83174e-06
-2.3e-06
2.79796e-06
-2.315e-06
2.81747e-06
2.68336e-06
-2.19577e-06
-4.96174e-08
2.87901e-06
-2.37857e-06
-3.6302e-06
-5.95231e-09
3.63444e-06
-1.28951e-09
-3.66075e-06
3.64603e-06
3.64483e-06
-3.64934e-06
1.73463e-06
-1.73463e-06
2.69805e-06
-2.75445e-06
-3.58172e-06
-2.68288e-09
-3.66121e-06
-3.67978e-06
3.64064e-06
-3.63784e-06
3.64525e-06
-1.98252e-06
2.61604e-07
-2.61604e-07
-3.64798e-06
1.79343e-09
-3.14724e-06
3.63865e-06
3.66302e-06
-3.66266e-06
2.79083e-06
-2.77454e-06
-3.64392e-07
2.80665e-06
-2.44226e-06
-3.59925e-06
-5.84857e-08
3.60513e-06
-3.63834e-06
-4.47559e-07
2.78778e-06
-2.34022e-06
-3.62973e-06
3.64038e-06
7.58934e-09
3.64689e-06
2.80467e-06
-2.36844e-06
-4.36228e-07
-7.13855e-07
-3.65652e-06
3.65652e-06
1.58307e-07
5.80198e-07
3.63839e-06
-3.65682e-06
3.63133e-06
-3.64436e-06
3.6481e-06
-3.94173e-07
3.32782e-09
-3.66395e-06
6.10559e-07
6.35213e-07
1.0447e-06
3.0887e-07
2.41062e-07
4.39392e-07
5.75762e-07
5.06686e-07
4.10693e-07
5.09799e-07
1.13381e-06
3.21257e-07
5.43466e-07
-1.37949e-08
3.67778e-06
4.78495e-07
1.09685e-06
-5.77972e-08
-2.30356e-06
-2.38192e-06
-2.3872e-06
-2.84226e-06
-2.39223e-06
-3.66407e-06
4.18255e-09
-3.62021e-06
1.78065e-06
-3.63336e-06
3.62263e-09
-2.2167e-06
-3.28509e-07
-2.40533e-06
3.65693e-06
-3.66166e-06
2.95801e-06
-3.65725e-07
-3.65016e-06
-2.38025e-07
2.96894e-06
1.95221e-06
-2.40571e-06
-1.42126e-08
-2.64774e-06
4.07629e-07
2.43977e-06
-3.6437e-06
2.73449e-06
-2.26519e-06
1.70313e-06
1.66618e-06
-3.06978e-07
2.91882e-06
-2.61184e-06
-3.63575e-06
2.70128e-06
-2.61208e-07
3.65153e-06
-3.65153e-06
3.66676e-06
-3.66807e-06
-2.00883e-06
2.59273e-06
8.54842e-08
-2.82385e-06
2.73836e-06
-4.18781e-07
2.68822e-06
-2.26944e-06
-1.44936e-07
2.78722e-06
-2.41748e-06
-3.67032e-06
-4.73853e-08
-3.63318e-06
-3.63139e-06
-4.35396e-09
-3.63445e-06
3.61115e-06
3.6713e-06
3.65605e-06
-3.65872e-06
1.75796e-06
6.31973e-07
3.65184e-06
-1.0221e-07
-2.24562e-07
-1.87622e-06
-5.47327e-07
2.74197e-06
-3.61728e-06
-1.71684e-08
5.22589e-07
-3.63054e-06
3.64832e-06
-3.64832e-06
-2.58683e-06
-3.64847e-06
1.54269e-08
-9.36443e-07
-6.65974e-07
2.51779e-06
1.41308e-07
-2.6591e-06
1.1582e-09
-2.80582e-06
2.62786e-06
-3.25462e-08
3.62456e-06
-8.61687e-08
-3.53839e-06
-3.62821e-06
-3.6324e-06
1.86419e-09
-2.77546e-07
3.65268e-06
-3.65788e-06
-2.56423e-06
-2.22751e-07
3.89175e-07
-2.07445e-06
-5.89675e-07
3.30389e-07
-2.77265e-06
-2.32594e-07
3.47998e-07
-2.30867e-06
-3.63509e-06
-2.82544e-06
3.63444e-06
3.64674e-06
-3.64674e-06
-3.62918e-06
3.62021e-06
-3.62485e-06
-4.16124e-07
-5.48993e-07
3.63784e-06
-8.00631e-09
4.314e-07
-3.57864e-06
2.62777e-06
-3.12257e-06
-3.62795e-06
-7.14605e-09
-3.63978e-06
2.6697e-06
-3.6219e-06
-2.94372e-09
2.69607e-06
2.84818e-06
3.62748e-06
-2.48537e-06
-2.09975e-08
-3.62205e-06
-2.76155e-06
-3.66385e-06
3.70287e-06
-3.90131e-08
2.29006e-06
4.19436e-07
-2.79321e-06
-3.62747e-06
-3.03573e-06
3.64546e-06
3.61342e-06
7.62511e-09
-2.62777e-06
-2.27065e-07
-3.64441e-06
1.9568e-09
3.5681e-08
3.58888e-06
-2.62177e-06
-3.62242e-06
3.70532e-10
-3.60646e-06
-2.10148e-08
3.64463e-06
-3.64463e-06
-2.81044e-06
-3.6246e-06
-3.61962e-06
3.27006e-09
2.3057e-06
-2.89537e-06
2.38926e-06
3.6101e-06
3.34574e-09
-2.03257e-06
3.62978e-06
-3.62698e-06
-3.63477e-06
-3.62182e-06
2.20551e-09
-2.89899e-06
-3.61869e-06
1.78188e-06
1.51124e-06
-2.75432e-06
2.73197e-06
2.38142e-06
-2.42353e-06
3.64141e-06
3.65988e-06
4.06639e-09
-3.66672e-06
-3.62159e-06
2.90077e-09
3.67778e-06
-3.6174e-06
-3.63623e-06
3.62327e-06
-3.33314e-06
4.09931e-11
3.64058e-06
-3.64058e-06
-3.62096e-06
3.56937e-09
-3.68733e-06
2.76761e-06
-3.62643e-06
-3.68059e-06
-3.63008e-06
-3.61634e-06
-2.25713e-06
-3.27675e-07
-6.66919e-10
3.63661e-06
3.72565e-07
-2.98441e-06
-2.84705e-06
2.45288e-06
-3.62034e-06
3.99449e-09
3.63632e-06
-2.83735e-06
5.67913e-07
2.6373e-06
1.83623e-07
-2.44818e-06
-3.61521e-06
-4.32772e-07
-2.37339e-06
2.75669e-06
-3.63661e-06
-3.63857e-06
-3.61923e-06
4.01847e-09
-3.99999e-07
3.02786e-06
2.67538e-06
-2.47675e-06
-3.61426e-06
2.18525e-06
-2.32967e-06
-5.55822e-09
-3.62189e-06
3.6515e-06
1.95253e-07
-3.84675e-06
-2.75401e-06
-3.66403e-06
-3.61849e-06
4.23649e-09
-3.47282e-06
-5.41351e-07
-3.6132e-06
-1.90015e-07
-2.46908e-06
-1.33942e-06
-3.62082e-06
7.62435e-09
2.82567e-06
-2.77233e-06
-3.61069e-06
-3.61545e-06
-3.62813e-06
1.26771e-08
3.6101e-06
3.61342e-06
-6.86317e-09
-3.61841e-06
3.44754e-06
-3.61848e-06
2.75104e-06
1.92942e-07
2.53151e-06
-2.43894e-08
2.55589e-06
2.91332e-09
1.56364e-06
-3.6247e-06
3.6233e-06
-2.73273e-06
3.6333e-06
5.01714e-09
-2.75917e-06
-3.51801e-06
-3.13368e-06
-7.45029e-07
2.26106e-06
-2.27528e-06
-3.63065e-06
2.74709e-06
-7.19247e-09
-3.61481e-06
-3.62361e-06
3.62272e-06
-3.64617e-06
-3.62216e-06
-3.62609e-06
2.48814e-09
-3.62022e-06
-2.52819e-06
-2.77745e-07
-3.62235e-06
-3.5598e-06
-2.81739e-06
-3.61829e-06
2.71592e-06
-3.62912e-06
6.77459e-09
-3.6286e-06
2.76761e-06
1.4532e-06
-1.18033e-07
-3.58517e-06
2.28407e-06
-2.89463e-06
1.72637e-06
1.69229e-06
2.74491e-06
-3.61648e-06
2.09121e-09
-3.58391e-06
-9.15571e-07
-3.61213e-07
-5.29503e-07
-3.61771e-06
-3.61839e-06
-3.62509e-06
-3.5982e-06
1.05154e-06
-3.22523e-06
-3.61537e-06
-3.62288e-06
3.621e-06
-3.64144e-06
-2.7228e-06
-3.60939e-06
2.67415e-06
-2.67415e-06
-3.62967e-06
6.793e-09
-3.62505e-06
-3.60628e-06
-3.62941e-06
4.35398e-09
3.63986e-06
-6.51884e-09
2.12491e-06
-3.61429e-06
-3.60987e-06
-4.6192e-07
1.6164e-07
2.51251e-06
-1.54504e-06
-1.23163e-06
-1.45884e-06
-1.39977e-06
2.92205e-06
-3.57776e-06
-2.74996e-06
-3.61281e-06
2.73606e-06
-3.61916e-06
3.29683e-08
2.31592e-06
-3.61942e-06
3.47237e-07
-3.61185e-06
3.62621e-06
-1.41125e-06
-1.47378e-06
-1.19481e-06
-1.60365e-06
-3.637e-06
3.5991e-06
-3.61147e-06
-1.45115e-06
-1.43267e-06
-1.55656e-06
-1.2879e-06
-1.53341e-06
-1.34314e-06
-1.4599e-06
-1.27135e-06
-1.43627e-06
-1.4293e-06
-1.10463e-06
-1.71196e-06
2.75917e-06
-3.61235e-06
-3.61015e-06
-2.61303e-06
8.89011e-08
-3.61224e-06
1.81087e-06
-6.73859e-07
-2.33915e-06
3.01301e-06
-1.97516e-06
-3.60933e-06
2.61303e-06
-8.16839e-07
-3.61163e-06
-2.70503e-06
-2.48275e-06
1.0249e-06
2.39579e-06
-3.60806e-06
-3.61174e-06
-3.61435e-06
-3.06349e-09
3.61648e-06
-3.61092e-06
-8.29023e-09
3.61839e-06
-3.63182e-06
-2.76457e-06
-3.64899e-07
-3.60945e-06
-3.60693e-06
-2.71277e-06
-3.59917e-06
-3.60988e-06
-2.87744e-06
-3.60586e-06
4.81339e-07
-3.60512e-06
-3.60888e-06
2.85771e-06
-3.60015e-06
-3.60464e-06
2.73416e-06
-3.60801e-06
-2.74891e-06
-3.59653e-06
-3.75761e-07
-3.60039e-06
-3.6231e-06
-3.59192e-06
-3.61043e-06
2.76673e-06
-3.59628e-06
2.58723e-06
1.27417e-08
2.72522e-07
2.43808e-06
2.58091e-06
-3.59147e-06
2.04905e-06
1.30925e-06
-3.62363e-06
-3.58961e-06
-4.69617e-09
-2.35125e-06
3.40279e-06
3.63633e-06
2.42079e-08
-3.58497e-06
-3.59211e-06
2.24009e-06
-2.61849e-06
-3.59195e-06
3.59444e-06
-3.58819e-06
-5.37821e-09
-3.61841e-06
2.67726e-06
-2.67726e-06
-3.0031e-06
1.47928e-06
-3.61163e-06
-3.60921e-06
1.76691e-07
-2.76802e-06
-2.86004e-06
-8.10909e-07
2.80879e-08
-3.62438e-06
-2.70115e-06
-2.89248e-06
2.89248e-06
-2.42857e-06
-2.75728e-06
-3.57942e-06
3.58621e-06
2.75728e-06
2.52963e-06
-9.07609e-09
-3.57305e-06
-1.78267e-06
-1.54743e-06
-3.56869e-06
3.57208e-06
-3.5786e-06
2.9209e-06
1.88072e-07
-2.72957e-06
-2.58723e-06
2.80727e-06
1.12997e-07
-8.3876e-08
2.76511e-06
-2.68123e-06
3.64089e-06
-2.73916e-06
3.26004e-06
-3.57776e-06
-2.84108e-06
2.05109e-06
-3.36475e-06
1.31365e-06
3.64414e-06
-3.47501e-08
-2.51251e-06
2.07612e-07
6.47075e-07
-2.64643e-06
1.14215e-07
2.66794e-06
-2.82416e-06
-2.69244e-06
-2.91005e-06
-2.70829e-06
2.11114e-06
-3.61865e-06
9.9745e-07
-2.98455e-06
-3.01645e-06
-2.76001e-06
9.90008e-09
-2.92188e-06
2.81384e-06
-2.71874e-06
2.70893e-06
-3.6143e-06
-2.7707e-06
-6.78152e-07
-2.06655e-06
2.70176e-06
-8.32805e-09
3.52796e-06
-3.52796e-06
3.51749e-06
-3.51749e-06
2.70987e-06
-2.70987e-06
-2.82416e-06
-2.48753e-06
-7.06432e-07
-2.5188e-06
-2.53971e-06
3.10762e-06
-3.09501e-06
2.55366e-06
-1.95274e-06
-1.33571e-06
1.68638e-06
2.99126e-07
2.58091e-06
-2.78333e-06
-2.54427e-06
-2.84108e-06
-2.62566e-06
2.54427e-06
-6.47586e-07
-5.32288e-07
-1.158e-06
-1.92983e-06
-1.33173e-06
-3.53988e-07
-1.86272e-06
-2.87267e-06
-2.86004e-06
1.67316e-06
1.69757e-06
1.85766e-06
-3.51107e-07
-3.68234e-08
-2.27562e-07
2.66733e-06
-2.25408e-06
1.90009e-06
6.13078e-07
-2.87744e-06
2.36562e-06
4.84032e-07
2.71619e-06
-2.27997e-06
2.5249e-06
-4.30743e-07
3.0425e-06
-2.72738e-06
2.31287e-06
-2.0719e-06
1.68887e-06
-9.24016e-07
-7.64781e-07
-1.36093e-06
-1.50716e-06
-1.38611e-06
-1.38936e-06
-2.89463e-06
-2.52545e-06
2.7936e-06
-1.69439e-06
-1.09921e-06
7.59236e-08
2.40515e-06
-2.60231e-06
8.92401e-07
-2.25127e-07
4.43467e-07
2.08616e-06
1.78065e-06
-2.45623e-06
1.40442e-06
-2.63605e-06
1.36173e-06
-2.7615e-06
-2.67401e-06
2.77774e-06
-6.92521e-08
4.30808e-07
-2.23618e-06
3.23363e-06
-1.39902e-06
-1.50999e-06
2.34651e-06
-2.86577e-06
2.8293e-06
1.65103e-07
2.3834e-06
-2.3834e-06
2.65955e-06
2.20116e-06
3.22232e-06
2.52105e-06
3.23834e-06
1.23725e-06
2.58171e-06
-8.33796e-07
-2.89175e-06
-2.74713e-06
2.04035e-06
-1.84461e-06
-2.18933e-06
-1.01631e-07
2.67462e-06
6.42509e-07
1.04636e-06
-2.47058e-07
-2.16395e-06
-2.73524e-06
-8.93349e-08
-2.37046e-06
2.32476e-06
-2.65966e-06
-1.74694e-06
-2.76001e-06
2.30391e-06
2.65184e-06
2.23104e-06
2.20456e-06
6.35575e-07
2.06619e-06
-4.13071e-06
1.86272e-06
-2.63787e-06
-1.36731e-06
-1.72498e-06
1.16097e-06
-1.279e-06
6.0266e-08
-2.88646e-06
2.22038e-06
9.31839e-07
1.98534e-06
-1.8837e-06
-1.42971e-06
2.86795e-06
-6.51148e-07
-3.26406e-07
2.5474e-07
2.43944e-06
-1.84882e-06
-2.34395e-06
-2.81709e-07
2.80496e-06
1.19087e-07
-1.06315e-06
1.38042e-07
-2.66808e-06
-2.18256e-07
-2.73043e-06
2.25297e-06
-1.45968e-06
-1.63593e-06
-2.91273e-06
-2.82993e-07
-2.47421e-06
-2.24925e-06
1.74694e-06
1.21113e-06
1.65874e-06
2.26305e-06
-2.05108e-06
-2.93443e-06
5.13732e-08
-1.07912e-06
-1.10326e-06
-2.09327e-06
2.67602e-06
9.82336e-07
2.016e-06
2.52754e-06
2.61431e-07
-2.18358e-06
-2.45741e-06
2.62252e-06
-2.7571e-06
-2.36758e-06
2.9713e-06
-8.16362e-07
-2.16827e-06
-1.96432e-06
-2.39948e-06
-2.17685e-06
2.96291e-06
-2.17568e-06
2.2609e-06
4.68844e-07
2.15117e-06
-2.18298e-06
3.06845e-06
1.25447e-06
3.09399e-06
1.22749e-06
-2.18593e-06
3.06845e-06
3.09399e-06
-2.34645e-06
-2.32979e-06
-2.48241e-06
2.57131e-06
2.22978e-06
2.00908e-06
-2.05324e-07
1.3663e-06
3.01861e-06
6.50855e-07
2.27684e-06
-2.10551e-06
-2.45427e-06
2.25183e-07
2.17945e-06
1.92864e-06
-2.62839e-06
-2.29925e-07
2.5428e-06
2.26171e-06
2.45524e-06
-2.2005e-06
5.95493e-07
2.20205e-06
2.24464e-06
9.79137e-07
-2.02334e-06
2.41543e-06
-1.98786e-06
2.94458e-06
-2.35125e-06
-3.29848e-07
-2.32222e-06
1.89712e-06
-2.42079e-06
2.99799e-06
5.37364e-07
7.47424e-07
2.3081e-06
-1.29492e-07
2.13629e-06
6.90367e-07
2.13761e-06
-2.13761e-06
-2.35962e-06
2.17934e-06
-4.11871e-07
-1.85706e-06
-1.78129e-06
-1.63864e-06
1.78129e-06
-2.36024e-06
5.74196e-07
1.94054e-06
-4.00703e-09
-2.46507e-06
1.6661e-07
-2.23511e-06
2.47325e-06
-2.03651e-06
-2.32754e-06
-8.36695e-07
-1.86476e-06
3.49525e-07
-2.72291e-06
1.01335e-06
1.92983e-06
-2.23618e-06
2.34812e-06
-2.25623e-06
-3.30497e-06
1.61058e-06
1.72498e-06
2.31373e-06
1.00844e-06
1.95274e-06
2.31042e-06
2.28969e-06
-2.21097e-06
2.21097e-06
-2.36362e-06
-7.34465e-07
-2.13072e-06
3.89938e-07
1.78267e-06
1.93221e-06
6.7456e-07
2.30154e-06
-2.15764e-06
-2.36799e-06
-1.98054e-06
-7.72021e-07
-2.08337e-06
-8.89006e-08
3.50939e-07
9.24969e-08
1.10808e-07
-2.41436e-06
2.35222e-06
-2.60965e-06
-5.11795e-07
1.70539e-06
1.30762e-06
2.43734e-06
2.49111e-06
1.30143e-06
1.80619e-06
1.21044e-06
-2.54089e-09
2.22293e-06
1.31829e-06
2.12592e-06
7.52405e-07
1.96614e-06
1.69777e-07
-2.65184e-06
2.4147e-06
2.05896e-06
-2.05896e-06
1.99409e-06
-1.99409e-06
2.76967e-07
2.02059e-06
-2.02059e-06
2.05501e-06
-2.05501e-06
-2.64153e-06
-2.57366e-07
-2.01791e-06
1.98786e-06
2.8276e-06
-6.8999e-07
-3.43699e-07
-5.47314e-07
-2.36557e-06
-2.19242e-06
-1.65699e-06
-1.70776e-06
6.16628e-07
-2.44838e-06
-2.35932e-06
-7.51314e-07
-2.19125e-06
-2.25988e-06
-4.16876e-07
1.91466e-06
-2.24256e-06
2.22382e-06
1.96112e-06
1.44167e-06
1.39031e-06
-2.11228e-06
-2.10049e-06
2.51992e-06
1.43792e-06
-2.46566e-06
1.4587e-06
2.34139e-06
-8.27482e-07
-8.6275e-07
-2.25136e-06
2.24109e-06
-2.24739e-06
2.47831e-06
-2.43523e-06
2.30176e-06
2.40753e-06
-2.32424e-06
-8.69937e-07
-8.42621e-07
-8.54017e-07
-2.06901e-06
2.14772e-06
2.83574e-06
2.20879e-06
2.04035e-06
-2.15298e-06
2.49105e-06
1.94807e-06
-2.13664e-06
-1.14721e-07
-8.51849e-07
-2.57405e-07
1.73043e-06
1.50606e-06
2.32476e-06
2.31998e-06
-4.10644e-08
-2.57049e-06
-2.19721e-06
-1.62111e-07
2.59046e-06
-7.90356e-07
2.12209e-06
-7.9605e-07
-2.36041e-06
2.06758e-06
2.37319e-07
1.55725e-06
2.13429e-06
-2.09821e-06
-7.98576e-07
2.40415e-06
-1.95362e-07
1.21298e-06
1.73256e-06
2.74523e-06
-2.15419e-06
2.14566e-06
2.30329e-06
-7.55861e-07
7.85318e-07
2.17755e-06
-1.90304e-07
-1.777e-06
1.98821e-06
-2.43468e-06
-7.33717e-07
2.02334e-06
1.9966e-06
1.86476e-06
1.36888e-06
2.27766e-06
-1.63783e-06
2.32222e-06
6.70936e-07
-4.17459e-08
-2.13211e-06
-2.20397e-06
4.99414e-07
7.66517e-07
-2.27213e-06
-2.24507e-06
1.89761e-06
-2.21851e-06
2.4211e-06
-2.25248e-07
-1.77967e-06
2.00492e-06
-1.46104e-06
1.53294e-06
1.30281e-06
-2.33768e-06
-2.487e-06
3.07043e-07
-2.06987e-06
-1.96112e-06
-3.08151e-07
2.66511e-06
-2.44986e-07
2.24159e-06
8.39797e-07
3.28894e-07
7.50434e-07
1.6928e-06
-1.91805e-06
2.33765e-06
2.0823e-06
8.76192e-08
-2.24676e-06
2.15914e-06
-8.1023e-08
1.76032e-07
-5.33329e-07
2.05443e-06
-1.96681e-06
-1.14888e-06
4.79865e-07
-2.75379e-06
5.06001e-07
-1.92489e-06
-7.32258e-08
8.08906e-07
4.34544e-07
1.34548e-06
-1.83765e-06
-2.18614e-06
7.29941e-07
-2.32822e-06
2.98241e-07
2.0172e-06
2.2244e-06
1.43077e-06
-1.97123e-06
4.9385e-07
-4.3397e-07
-4.49047e-07
-2.087e-06
-1.36593e-06
-1.53119e-06
-2.96638e-07
3.68461e-06
-1.32416e-06
3.69646e-06
-2.15419e-06
1.97942e-06
6.97561e-08
-2.22056e-06
-2.22889e-06
-5.58503e-07
1.66841e-06
-1.8038e-06
2.04208e-06
3.79495e-07
-1.24711e-07
2.31554e-06
1.89345e-06
2.23198e-06
2.3771e-06
-7.77338e-07
-1.91852e-06
-2.04625e-06
-1.87022e-06
-5.88958e-07
2.2265e-06
2.37274e-06
2.30055e-07
6.52319e-07
1.4407e-06
-2.25057e-06
2.16686e-06
2.31289e-06
-9.50856e-08
)
;

boundaryField
{
    front
    {
        type            empty;
    }
    back
    {
        type            empty;
    }
    wall
    {
        type            calculated;
        value           uniform 0;
    }
    inlet
    {
        type            calculated;
        value           nonuniform List<scalar> 
12
(
-4.17298e-06
-4.1783e-06
-4.1821e-06
-4.1394e-06
-4.30016e-06
-4.19498e-06
-4.28961e-06
-4.32291e-06
-4.32148e-06
-4.36379e-06
-4.35983e-06
-4.36161e-06
)
;
    }
    outletLeft
    {
        type            calculated;
        value           nonuniform List<scalar> 9(2.85861e-06 2.88503e-06 2.88381e-06 2.87654e-06 2.86557e-06 2.86809e-06 2.87172e-06 2.91776e-06 2.9289e-06);
    }
    aneurysm
    {
        type            calculated;
        value           uniform 0;
    }
    outletRight
    {
        type            calculated;
        value           nonuniform List<scalar> 9(2.77667e-06 2.79846e-06 2.84445e-06 2.73124e-06 2.81659e-06 2.77547e-06 2.80343e-06 2.84808e-06 2.83671e-06);
    }
}


// ************************************************************************* //
