/*--------------------------------*- C++ -*----------------------------------*\
  =========                 |
  \\      /  F ield         | OpenFOAM: The Open Source CFD Toolbox
   \\    /   O peration     | Website:  https://openfoam.org
    \\  /    A nd           | Version:  12
     \\/     M anipulation  |
\*---------------------------------------------------------------------------*/
FoamFile
{
    format      ascii;
    class       surfaceScalarField;
    location    "0.02";
    object      phi;
}
// * * * * * * * * * * * * * * * * * * * * * * * * * * * * * * * * * * * * * //

dimensions      [0 3 -1 0 0 0 0];

internalField   nonuniform List<scalar> 
6438
(
-3.32291e-09
4.05707e-07
-4.02384e-07
-3.57806e-09
4.71157e-07
-4.67579e-07
-4.40034e-07
-7.40648e-08
5.14099e-07
4.16581e-07
-4.57838e-07
4.12565e-08
6.43903e-07
-5.02555e-07
-1.41348e-07
1.50055e-07
4.93848e-07
-4.96405e-07
5.63706e-08
-4.35425e-07
4.31846e-07
4.69409e-07
-5.62156e-07
9.27471e-08
4.36687e-07
-5.10575e-07
7.38889e-08
-4.22852e-07
5.12414e-07
-8.95618e-08
1.02628e-07
-4.65284e-07
3.62657e-07
-5.19194e-07
9.63418e-08
4.00378e-07
1.85525e-07
-5.85904e-07
3.77426e-07
-3.80749e-07
-2.01382e-08
4.40739e-07
-4.20601e-07
-5.57016e-07
5.39056e-07
1.79602e-08
-4.2143e-07
5.10514e-07
-8.90838e-08
-5.17996e-07
9.6566e-08
1.65656e-07
3.5188e-07
-5.17536e-07
-1.21439e-07
-7.90478e-08
2.00487e-07
-2.62016e-08
4.63994e-07
-4.37792e-07
-4.27684e-07
-7.05724e-08
4.98256e-07
-5.23515e-07
2.30772e-07
2.92743e-07
-4.56999e-07
4.30798e-07
-4.05189e-07
4.94405e-07
-8.92163e-08
-4.91501e-07
6.3817e-08
4.70074e-07
-3.67447e-07
-4.25957e-07
-7.69062e-08
5.02863e-07
-5.12396e-07
1.07207e-07
3.96658e-07
-4.94244e-07
9.75866e-08
1.96962e-09
-4.84161e-07
4.82191e-07
4.72209e-07
-4.74088e-07
1.87903e-09
-4.68349e-07
7.98011e-08
3.88548e-07
-6.35248e-07
1.02463e-07
5.32785e-07
4.45497e-07
-4.43528e-07
4.47753e-07
-3.11715e-08
2.91677e-07
4.07598e-07
-6.99275e-07
-1.40965e-07
5.41343e-07
-4.16264e-07
4.5852e-07
-4.22557e-08
-4.85872e-07
4.81017e-07
4.8546e-09
-2.02148e-07
3.67804e-07
4.33469e-07
3.21739e-09
-5.20678e-07
5.10252e-07
1.04259e-08
4.67573e-07
-7.09149e-08
-3.43168e-07
3.23029e-07
-6.04758e-07
1.02202e-07
4.58397e-07
4.43147e-08
-5.02711e-07
-3.59477e-07
-1.08872e-07
-6.51185e-08
-4.30189e-07
4.88798e-07
-5.8609e-08
-3.2279e-07
4.62121e-07
-1.39331e-07
4.64373e-07
-4.64373e-07
1.44783e-07
3.53573e-07
4.61632e-08
-3.99736e-07
2.05908e-07
9.90606e-08
-3.04969e-07
3.93146e-07
7.94652e-08
-4.72611e-07
3.80389e-07
-1.49617e-07
-2.20285e-07
-3.84472e-07
-3.91375e-09
4.08969e-07
-4.05055e-07
-5.0576e-07
5.0576e-07
-5.22506e-07
5.27021e-07
-4.51424e-09
2.10655e-08
3.89807e-07
-4.10873e-07
1.35716e-09
-4.77759e-07
4.76402e-07
4.43068e-07
-4.41711e-07
-4.82588e-07
5.66318e-08
-4.83811e-07
-3.6867e-08
-4.13519e-07
4.54825e-07
-4.13059e-08
4.61626e-08
3.98326e-07
-4.44489e-07
-4.89022e-07
4.70528e-07
1.84936e-08
4.76958e-07
-4.76958e-07
4.43994e-07
2.54147e-08
-2.90686e-07
-2.1989e-07
4.13983e-07
8.88363e-08
-5.02819e-07
-4.0746e-07
-7.84118e-08
3.61694e-07
2.80485e-07
-6.42179e-07
-5.5972e-07
3.57572e-07
-3.56942e-07
-2.02778e-07
4.88632e-07
-7.46491e-08
2.93971e-07
-8.80627e-08
3.99732e-07
4.37093e-08
-4.43441e-07
-4.92467e-07
-3.00394e-08
-7.21388e-08
-1.20418e-07
-3.85342e-07
5.34285e-07
-5.34285e-07
-3.53679e-07
-1.35343e-07
-3.34967e-08
-6.01751e-07
-4.60649e-07
4.59498e-07
1.15109e-09
1.65956e-08
-4.68143e-07
4.51548e-07
-5.13731e-08
4.51105e-07
4.61183e-07
1.10257e-08
-4.82017e-07
-7.49997e-08
-4.86496e-07
4.97952e-07
-1.1456e-08
5.07769e-07
-2.83788e-07
-2.23981e-07
4.56891e-07
-4.40295e-07
9.879e-09
5.12014e-07
-2.60234e-07
-2.51779e-07
2.89892e-07
2.17877e-07
4.69969e-07
-4.69969e-07
-3.60277e-07
5.15948e-07
-1.55671e-07
-4.52452e-07
2.22633e-08
-6.20465e-08
-3.65943e-07
4.27989e-07
-4.24294e-07
1.68338e-08
-4.55006e-07
9.47292e-08
3.90146e-07
8.48194e-08
-4.74966e-07
-3.08805e-08
4.21027e-07
-4.10011e-07
4.73453e-07
-6.34415e-08
-4.33352e-07
1.70883e-08
3.00833e-07
2.11181e-07
4.52036e-07
-8.93795e-08
1.91747e-08
4.45198e-07
-3.91138e-07
-3.31553e-08
4.07775e-07
8.8706e-08
-4.96481e-07
-2.25553e-07
-1.95951e-07
4.21504e-07
2.97312e-07
-3.92814e-08
-2.5803e-07
-4.84161e-07
9.91816e-08
4.8252e-07
-5.81701e-07
-2.25474e-07
1.04035e-07
4.83262e-07
1.1143e-08
5.2583e-07
-2.73397e-07
-2.52433e-07
1.7816e-07
3.4767e-07
4.84963e-07
-7.71876e-08
5.97345e-07
-3.05668e-07
-4.41707e-07
2.13724e-09
4.39569e-07
-6.33087e-07
6.3277e-08
5.6981e-07
-7.55428e-09
-4.40295e-07
4.4785e-07
4.82707e-07
2.75442e-08
-3.73031e-07
3.69117e-07
-4.45194e-07
4.53985e-07
-8.79077e-09
4.5153e-07
-4.59084e-07
4.65867e-07
-4.65867e-07
4.57142e-07
1.4015e-08
4.59209e-07
-1.05636e-07
4.52971e-07
-4.31905e-07
-3.98444e-07
3.36397e-07
4.4181e-09
4.39401e-07
-4.43819e-07
5.17694e-07
-3.60503e-07
-1.57191e-07
-4.77759e-07
-7.20282e-09
5.58024e-09
-4.41005e-07
-4.3992e-07
2.64016e-08
4.6325e-09
4.40865e-07
4.26731e-07
-3.80569e-07
-4.39816e-07
2.98042e-08
4.4575e-07
-1.22807e-08
-1.62097e-08
3.8836e-07
-3.7215e-07
3.07696e-07
2.09998e-07
-4.57724e-07
9.92104e-08
3.58514e-07
4.64141e-07
-2.01973e-09
-6.16702e-07
5.52817e-08
5.6142e-07
-6.465e-09
-4.38052e-07
4.44517e-07
2.90474e-07
6.8378e-09
2.78803e-08
4.3626e-07
4.33153e-07
3.6921e-08
4.48998e-07
-4.55463e-07
-4.66644e-07
-1.5373e-08
4.78241e-07
-5.15005e-07
3.67647e-08
-4.25745e-07
-1.59612e-08
-5.18778e-07
2.25549e-07
2.93229e-07
-5.48292e-10
4.48109e-07
1.58848e-08
-4.22659e-07
4.91019e-07
-6.83607e-08
-4.62811e-07
4.00172e-07
6.26394e-08
-6.30541e-08
1.62161e-07
-9.91068e-08
-1.45559e-07
-3.66837e-07
-4.68143e-07
-3.98044e-09
4.47048e-07
1.38862e-07
3.77086e-07
-7.78952e-09
-4.54649e-07
-2.35056e-09
-9.75974e-09
-4.96781e-07
4.19327e-07
7.74541e-08
-2.93544e-08
3.70461e-07
7.35332e-08
7.26544e-07
-3.18945e-07
-1.52862e-07
-3.65134e-07
4.5518e-07
6.0036e-09
-3.89072e-07
1.63518e-07
-1.77187e-07
-2.76886e-07
4.54073e-07
-1.56494e-07
-3.627e-07
-2.53557e-07
6.15251e-07
-4.70294e-07
1.56456e-08
-4.44237e-07
4.46017e-07
-1.78009e-09
-3.64859e-07
3.4865e-07
-5.4552e-09
-4.35426e-07
4.40881e-07
-4.78659e-07
8.3651e-09
3.98652e-07
-4.74007e-07
7.53555e-08
4.45112e-07
-4.50567e-07
3.9623e-07
-1.49454e-07
-2.46776e-07
-6.0032e-07
2.15301e-07
3.85019e-07
4.06594e-07
3.91563e-08
3.35101e-07
2.03955e-07
9.81239e-08
4.36161e-07
-1.18359e-07
-4.15927e-07
-4.84839e-07
4.80521e-07
4.31755e-09
-4.83524e-07
-1.31476e-09
-4.81239e-07
-2.2847e-09
1.86191e-09
1.25394e-07
-7.00382e-07
5.74988e-07
-5.18468e-07
6.17649e-07
4.09699e-07
-4.05281e-07
4.38463e-07
1.84285e-08
3.56376e-08
3.60592e-07
-4.40295e-07
-3.98657e-07
3.97039e-07
4.93176e-08
-4.46357e-07
-2.27594e-09
-9.58268e-08
6.98541e-07
-6.02714e-07
6.62454e-07
-4.76929e-07
-2.014e-07
3.0046e-07
-1.28367e-07
-3.90411e-07
-3.45353e-07
-2.54966e-07
-4.39533e-07
-2.71106e-08
-4.43469e-07
4.43449e-07
1.9724e-11
-6.98555e-08
4.15496e-07
-3.45641e-07
-4.76561e-07
4.79672e-07
-3.11106e-09
-4.71435e-07
-5.12667e-09
-6.0535e-07
3.86799e-08
5.6667e-07
-4.21999e-07
-2.73447e-08
4.49343e-07
4.74985e-07
4.68761e-09
-8.42623e-08
-5.17042e-07
1.90751e-07
3.26291e-07
2.9147e-09
-2.74062e-07
-2.4298e-07
-6.25454e-09
-4.92099e-09
-4.32684e-07
4.37605e-07
-4.44129e-07
2.21302e-08
4.01171e-07
5.40091e-08
4.62076e-07
-4.42902e-07
4.40541e-07
-4.45462e-07
4.38795e-07
1.27349e-08
2.15776e-07
4.46678e-07
4.50008e-07
-7.95467e-08
-3.59727e-08
-5.97115e-07
-2.61095e-08
3.6195e-07
-3.3584e-07
-4.69328e-07
-2.10712e-09
-4.69218e-07
-1.09845e-10
4.72864e-07
-4.69296e-07
-3.56825e-09
4.67909e-07
4.95566e-09
-4.38052e-07
1.07215e-07
-1.46378e-07
3.91631e-08
-5.27838e-07
3.09393e-07
2.18445e-07
2.37012e-07
-4.7507e-07
2.38058e-07
-4.1413e-07
-3.83223e-08
-4.41997e-07
4.39856e-07
2.14178e-09
-4.58894e-07
4.42111e-07
1.67832e-08
-3.65589e-08
4.69679e-07
-4.3312e-07
-4.55924e-07
1.17952e-08
-5.06258e-07
6.31652e-07
-4.65937e-08
-4.1113e-07
-4.75912e-07
4.39353e-07
-3.73064e-07
-3.4028e-08
4.07092e-07
-3.46855e-07
4.65039e-07
2.86953e-09
-3.16795e-07
-8.47962e-08
9.42521e-08
-9.45592e-09
-4.17859e-09
1.7261e-08
-6.0333e-07
5.86069e-07
-3.33979e-07
-1.62425e-07
-4.70876e-07
4.61683e-07
9.19309e-09
-4.63626e-07
-7.24986e-09
-1.66085e-07
1.03031e-07
4.38019e-07
1.09787e-08
4.64134e-07
-7.43272e-08
4.63528e-07
-4.63312e-07
-2.16058e-10
-1.21609e-09
-4.29246e-07
4.30462e-07
4.8484e-07
-3.45978e-07
-5.7683e-09
4.79209e-07
2.72596e-07
-7.51805e-07
4.74049e-07
-4.74049e-07
7.47386e-08
4.31022e-07
-1.6726e-07
-2.97113e-07
-3.78634e-07
4.56354e-07
-7.77202e-08
-4.90706e-08
-4.09823e-07
4.38178e-07
-4.39394e-07
-4.18244e-07
6.22122e-09
4.12023e-07
8.09467e-08
-4.25392e-07
3.44445e-07
-4.40645e-07
4.35873e-07
4.77264e-09
2.8237e-07
2.02469e-07
-1.34748e-08
-7.13214e-08
-2.64274e-07
-2.63564e-07
-1.03384e-07
-4.69974e-07
4.73158e-08
-4.35426e-07
3.94204e-07
8.40363e-08
-3.6495e-07
-4.10948e-07
3.78841e-08
-4.19613e-07
2.42427e-07
4.76505e-07
-3.87181e-07
-8.93245e-08
8.08047e-08
3.81272e-07
-3.32997e-07
-1.58504e-07
-4.64727e-07
4.64727e-07
4.65928e-07
-4.48168e-07
-1.77599e-08
2.63785e-08
-4.40509e-07
-3.71658e-07
4.19924e-07
-4.82658e-08
-1.46407e-07
6.73591e-08
4.33758e-07
-4.35909e-07
2.1511e-09
4.56806e-07
4.87668e-09
4.60859e-07
5.06895e-09
6.94985e-07
-4.43768e-07
-1.21557e-08
-3.8903e-07
3.19175e-07
4.37262e-07
7.85053e-09
4.59516e-07
-4.57268e-07
-2.24827e-09
-4.11031e-09
-6.50541e-09
4.83747e-08
-3.93783e-07
3.45408e-07
-1.30813e-08
-6.0362e-07
1.44517e-07
3.21116e-08
-4.0377e-07
-4.39386e-07
4.32551e-07
6.83503e-09
4.3755e-07
-3.88981e-08
-2.02671e-07
-2.71417e-07
-6.14295e-07
4.54534e-08
-2.46853e-07
-7.29354e-08
1.6804e-09
4.5109e-07
-4.01772e-07
-4.32684e-07
-4.33299e-07
1.14678e-08
4.21831e-07
6.11085e-07
8.7456e-08
3.51645e-07
1.75376e-07
4.26496e-07
-1.89485e-07
4.44482e-07
-2.51554e-08
1.02485e-06
-7.52258e-07
-7.00382e-07
-2.25265e-07
-2.37546e-07
-5.77462e-09
4.75012e-07
-4.45033e-07
-2.99788e-08
4.50528e-07
1.03308e-08
5.23018e-08
-4.30935e-07
-3.19081e-07
3.67456e-07
4.36504e-07
4.03661e-09
3.37922e-07
1.5071e-07
4.57994e-07
1.70181e-08
4.57643e-07
-4.51161e-07
-6.48235e-09
-2.0688e-07
-2.87364e-07
-2.04842e-08
4.20656e-07
7.64094e-09
-4.84599e-07
3.79217e-07
-2.9827e-07
-6.7397e-09
9.47544e-09
3.70086e-07
-4.02333e-07
3.22466e-08
6.86992e-08
3.87655e-07
6.19228e-07
-6.01967e-07
2.16596e-07
2.72202e-07
-4.37876e-07
4.33383e-07
4.49227e-09
-1.00101e-08
-2.55225e-07
1.40328e-07
1.14897e-07
-4.67334e-09
4.7472e-07
-4.7472e-07
5.37407e-07
-3.12222e-07
-2.25184e-07
-3.90677e-07
-6.71613e-08
3.28225e-07
1.56738e-07
4.55439e-07
2.55467e-09
-4.29246e-07
4.25806e-07
2.8059e-09
-4.28612e-07
3.48138e-07
4.84599e-07
-4.82191e-07
1.22221e-08
5.664e-07
-5.03123e-07
4.37182e-07
-4.62906e-07
4.35759e-07
-9.95342e-09
3.92481e-07
-4.25876e-07
4.23895e-07
1.9814e-09
1.9377e-08
3.41458e-07
-3.60835e-07
-3.86307e-07
3.19312e-07
-2.88386e-08
4.0319e-07
5.53298e-08
-3.97811e-09
-3.74525e-07
-6.52904e-08
-5.62271e-07
3.55391e-07
1.45986e-09
-4.27205e-07
-4.54432e-07
-2.148e-08
6.07096e-07
-3.26611e-07
4.27876e-09
-7.94714e-08
4.82401e-07
-4.02929e-07
-2.05652e-07
-4.95732e-08
4.24033e-07
-4.28383e-07
4.34994e-09
-4.37182e-07
4.34687e-07
1.88652e-07
2.68503e-07
-4.57154e-07
4.52517e-07
-8.24311e-08
3.61794e-08
4.0456e-07
4.47778e-07
4.32411e-08
4.81083e-08
5.91069e-08
-4.76402e-07
1.05348e-08
-3.77159e-07
4.2946e-07
-2.18731e-07
2.64185e-07
4.03661e-08
-3.9613e-07
3.55764e-07
-3.38365e-09
6.63602e-09
-3.95269e-07
-4.50985e-07
4.42437e-07
8.54808e-09
-4.31146e-07
4.39646e-08
2.81931e-07
2.55475e-07
-2.41791e-07
4.96205e-07
-2.54414e-07
4.99507e-07
-4.66211e-07
-3.32956e-08
1.28459e-08
3.06466e-07
-4.28745e-07
-4.5545e-09
4.35161e-07
5.98198e-10
2.132e-07
-7.28728e-08
5.53945e-07
-4.98663e-07
3.92342e-07
6.24831e-08
2.46453e-08
-4.41999e-07
6.74733e-08
6.71655e-09
-3.83875e-07
4.93267e-07
-3.98538e-07
4.01546e-07
-2.42787e-08
-3.82249e-07
4.06527e-07
-4.33243e-07
4.51495e-07
-5.47766e-09
-6.56088e-07
5.33734e-08
-2.88156e-09
4.24755e-07
8.6289e-09
-3.99269e-07
-4.40629e-07
4.38919e-07
1.70951e-09
5.26727e-07
-3.06244e-07
-2.20483e-07
-3.68087e-07
-3.3566e-08
4.01653e-07
-7.48136e-10
-4.33206e-07
9.43327e-09
-4.76129e-08
4.64807e-07
-4.17194e-07
-4.26138e-07
4.28289e-07
-6.18431e-07
-9.01188e-08
-5.98067e-07
5.82874e-07
1.51935e-08
3.38714e-07
1.737e-07
3.98562e-07
3.6616e-08
-4.35178e-07
4.24067e-07
-1.74733e-08
3.39336e-07
1.71178e-07
-3.02608e-07
9.69562e-08
-4.29857e-07
3.71946e-07
-4.23319e-07
-5.75881e-07
5.73825e-07
2.05547e-09
5.18733e-07
-4.1627e-07
4.25103e-07
-1.20842e-09
2.64977e-08
-3.96475e-07
3.69977e-07
-6.42931e-09
-5.69451e-07
5.14933e-07
-5.14933e-07
-2.34949e-07
4.41532e-07
-2.06583e-07
-4.25005e-07
4.25005e-07
4.35106e-07
-3.84123e-07
-5.09827e-08
4.01031e-07
9.69211e-08
4.52631e-07
-3.71826e-07
4.48573e-07
-5.1244e-09
-3.4956e-07
-5.66587e-08
4.06219e-07
-5.68963e-07
5.70992e-07
-2.02874e-09
5.2528e-07
-3.15931e-07
-2.09349e-07
7.65624e-08
3.76068e-07
-5.74924e-07
5.71987e-07
2.93687e-09
-1.32489e-10
-4.34026e-09
5.67274e-07
-5.62934e-07
-5.72864e-07
5.72864e-07
-6.89879e-09
4.30932e-07
6.1539e-07
-5.73227e-07
-4.21627e-08
-5.7533e-07
5.7099e-07
5.74695e-07
-5.71813e-07
-2.88217e-09
-4.18851e-07
-9.53219e-09
4.90305e-07
-6.70815e-09
5.71002e-07
-5.64294e-07
5.71163e-07
-5.72255e-07
1.09166e-09
-4.32557e-07
5.68132e-07
-8.57926e-10
-4.40185e-07
4.36375e-07
3.80972e-09
-5.68026e-07
5.70161e-07
-2.13508e-09
4.35511e-07
-4.24043e-07
-5.73798e-07
5.6709e-07
4.40657e-07
-1.4072e-07
2.08322e-07
2.74078e-07
-3.17203e-07
-2.45068e-07
-5.71802e-07
5.71802e-07
-5.74453e-07
-8.77428e-10
5.32122e-07
-9.85805e-08
-4.33542e-07
-3.72981e-07
2.52563e-07
1.45687e-08
5.69058e-07
-5.70872e-07
1.81371e-09
4.18988e-07
-4.19008e-07
2.00754e-11
5.86819e-07
-5.71477e-07
-1.53422e-08
5.65964e-07
3.0944e-09
5.64965e-07
6.0367e-09
-1.23675e-09
-4.23768e-07
-5.20799e-07
2.87688e-07
2.33112e-07
-4.23166e-07
4.25972e-07
5.67844e-07
-1.87953e-09
5.95435e-08
3.84939e-07
3.04795e-07
-1.16143e-07
-5.73008e-07
-7.89827e-10
4.6732e-07
2.76746e-07
-4.72697e-07
-7.28109e-08
-5.83277e-07
4.27555e-07
-4.30414e-07
2.85837e-09
-1.99266e-08
-5.78141e-07
4.44968e-07
-5.11231e-09
4.93585e-07
-3.37288e-07
-1.56296e-07
-4.27894e-07
5.68743e-07
-5.68743e-07
4.07741e-07
6.23414e-09
-4.13975e-07
4.38939e-07
-5.69966e-07
5.69195e-07
7.7057e-10
5.65786e-07
-5.71389e-07
5.60282e-09
3.56969e-07
-4.75328e-07
-1.60141e-09
-5.65919e-07
5.67521e-07
5.64607e-07
-5.66208e-07
-1.85622e-08
6.01436e-07
-4.50585e-07
4.89265e-07
-5.12417e-07
3.55922e-07
-9.02214e-09
5.82847e-07
4.8847e-08
2.51613e-07
6.26679e-09
5.25855e-07
-1.34165e-09
4.5438e-07
-4.53038e-07
-3.99812e-09
-5.71305e-07
-3.61875e-09
4.70029e-07
-4.74371e-08
-4.22592e-07
-5.67506e-07
5.67506e-07
3.31303e-07
-2.8514e-07
-5.72238e-07
5.70692e-07
1.5464e-09
4.37593e-07
-4.37593e-07
4.2533e-07
-6.34214e-09
5.68291e-07
-5.69214e-07
9.23367e-10
-5.4772e-07
1.49063e-07
-8.66257e-11
-4.22515e-07
4.22602e-07
4.57878e-07
-3.89297e-09
5.6938e-07
5.31489e-09
3.45475e-07
5.88559e-08
-4.04331e-07
5.71226e-07
-3.09448e-09
4.45146e-07
-4.45146e-07
5.67609e-07
-5.65561e-07
-2.04759e-09
-4.34973e-07
4.31432e-07
3.54097e-09
5.71882e-07
-5.70167e-07
-1.7147e-09
-5.68493e-07
5.68494e-07
8.51622e-08
3.9865e-07
1.3536e-08
-4.12186e-07
-5.72286e-07
5.70749e-07
1.53717e-09
-2.23994e-09
-4.29206e-07
4.26827e-07
7.2876e-10
5.31756e-07
-9.94391e-08
-4.32317e-07
3.67713e-07
5.66158e-07
-5.67743e-07
1.58498e-09
4.38517e-07
4.67139e-07
6.6125e-09
4.01129e-07
5.80614e-07
-1.12336e-08
5.64206e-07
1.95216e-09
4.159e-07
-4.159e-07
-2.18731e-07
5.74184e-07
-5.69633e-07
-1.7562e-09
5.69435e-07
-5.67319e-07
-2.1161e-09
1.14084e-08
-5.80388e-07
5.68979e-07
6.00552e-08
-5.74988e-07
-5.71236e-07
5.70218e-07
1.01819e-09
4.12362e-07
-4.12401e-07
3.86004e-11
4.35106e-07
-3.83703e-07
3.83703e-07
5.65391e-07
-1.18435e-09
-4.24147e-07
-3.96475e-07
3.98562e-07
4.40686e-07
-4.81351e-09
-1.33473e-09
4.50751e-08
-5.61456e-07
5.69287e-07
-5.69542e-07
2.55498e-10
1.30159e-08
3.99346e-07
1.35929e-08
4.56436e-07
4.28177e-07
-2.84684e-09
-5.70058e-07
5.6933e-07
7.27899e-10
5.64961e-07
-5.66692e-07
1.73029e-09
-5.69387e-07
-2.85146e-09
5.67945e-07
-5.66374e-07
-1.57083e-09
4.29311e-07
8.28125e-09
5.68163e-07
2.52863e-09
-7.70819e-10
5.66994e-07
2.33559e-09
-1.07237e-10
-4.2035e-07
-5.75648e-07
6.19664e-09
-4.2614e-07
4.2614e-07
5.93243e-09
5.25823e-07
-4.33009e-07
8.34489e-08
3.1196e-09
5.68043e-07
2.32849e-08
-4.11163e-07
3.87878e-07
4.18236e-09
5.68682e-07
5.42579e-07
-5.9179e-07
4.29674e-07
1.54723e-08
5.64607e-07
-4.37198e-09
4.03022e-07
-4.13926e-07
1.52479e-09
4.08012e-07
-6.25362e-08
-5.66025e-07
5.66025e-07
-5.69019e-07
-3.26732e-09
3.84123e-07
-3.98256e-07
1.4133e-08
-5.68682e-07
4.18536e-07
-4.18623e-07
5.67864e-07
2.88481e-09
-5.68072e-07
-5.05642e-07
3.52779e-07
-5.70662e-07
5.69682e-07
9.79813e-10
3.87089e-07
3.69778e-08
4.22515e-07
2.48949e-09
-5.64143e-07
5.68121e-07
-3.97781e-09
-4.30104e-07
4.26514e-07
3.58942e-09
-5.65932e-07
1.78951e-09
4.27453e-07
-6.26684e-10
2.2981e-08
-4.40666e-07
4.17685e-07
5.65858e-07
-5.68442e-07
2.58347e-09
4.60675e-07
-4.82155e-07
5.65774e-07
-5.65723e-07
-5.12356e-11
-3.6039e-07
3.6039e-07
-4.45583e-07
4.45583e-07
-5.65117e-07
-8.15532e-10
-2.64185e-07
3.13032e-07
-5.66782e-07
5.65939e-07
8.43238e-10
4.59093e-09
5.67211e-07
3.53398e-07
-3.13032e-07
-3.53398e-07
3.72775e-07
3.73761e-07
-4.3042e-07
5.17552e-07
-3.05817e-07
-2.11736e-07
-5.68766e-07
-2.46932e-09
-8.20625e-08
-3.72775e-07
4.54838e-07
5.68014e-07
2.20401e-09
-4.3098e-07
3.97046e-07
5.69757e-07
-5.68583e-07
-1.17443e-09
-5.66281e-07
-4.27122e-07
4.3009e-07
-1.41907e-08
-1.56197e-09
5.69406e-07
5.66893e-07
-4.22602e-07
-5.80499e-07
-3.41125e-07
4.35178e-07
-9.40537e-08
-5.63813e-07
-2.10619e-09
5.66255e-07
7.39229e-10
3.30324e-07
-3.37902e-07
7.5772e-09
6.57111e-10
3.98256e-07
-4.14204e-07
1.5948e-08
2.62332e-07
2.64395e-07
-5.68516e-07
-2.14514e-09
-4.31554e-07
5.63765e-07
-5.63278e-07
-4.8763e-10
5.67798e-07
1.88424e-09
-5.69513e-07
5.68878e-07
6.34442e-10
4.36204e-07
4.29311e-07
-5.65243e-07
5.63953e-07
1.29013e-09
5.69235e-07
-5.68965e-07
-2.69735e-10
-4.24171e-07
4.29674e-07
5.64966e-07
-5.64966e-07
2.33302e-09
5.69654e-07
-3.56615e-07
-7.63938e-08
5.661e-07
-2.41544e-10
-7.25727e-08
3.86449e-07
-3.13876e-07
5.64684e-07
-5.64199e-07
-4.85351e-10
1.76134e-09
5.66982e-07
5.63638e-07
-5.6417e-07
5.31711e-10
-5.70305e-07
-5.68204e-07
-3.42297e-07
5.24083e-10
5.68671e-07
-7.21371e-10
-5.66928e-07
5.67649e-07
-5.64998e-07
5.6374e-07
1.258e-09
-5.68504e-07
-1.0091e-09
-4.30512e-07
-4.16268e-07
2.34282e-09
5.67887e-07
9.918e-10
-5.6448e-07
5.64238e-07
2.4261e-10
-5.64859e-07
2.18858e-09
5.62671e-07
5.68349e-07
1.40803e-09
-5.66557e-07
-2.02586e-09
-4.14002e-07
-1.89742e-09
5.68077e-07
-5.68414e-07
3.37514e-10
5.64923e-07
-5.65645e-07
-5.65868e-07
5.6508e-07
7.88285e-10
5.64446e-07
-5.63989e-07
-4.57327e-10
4.25843e-07
2.96931e-10
5.68248e-07
9.86904e-10
-5.67431e-07
-1.53453e-09
-5.6948e-07
4.3009e-07
-5.6476e-07
5.63612e-07
1.14827e-09
3.74959e-07
-3.99238e-07
-5.63162e-07
5.65302e-07
-2.13971e-09
5.64949e-07
-5.65809e-07
8.59414e-10
-1.46955e-09
-5.67931e-07
-5.72577e-10
-1.52212e-09
-5.01258e-07
3.55699e-07
-1.00531e-09
5.64923e-07
-9.6872e-10
-6.29787e-10
-5.6843e-07
4.98924e-10
2.18348e-07
4.77374e-07
-6.95722e-07
-1.17977e-07
5.6806e-07
1.60991e-11
-5.66982e-07
1.09743e-09
5.66409e-07
-5.67311e-07
-1.10275e-09
-4.27375e-07
-5.69009e-07
5.79099e-10
2.08482e-09
5.66206e-07
-7.88773e-11
2.75138e-09
-5.59423e-07
5.56672e-07
5.68866e-07
-5.6857e-07
-2.95785e-10
-4.34807e-07
7.81915e-08
5.67772e-07
-5.66778e-07
-9.93959e-10
-5.68117e-07
-4.21358e-07
-2.24602e-08
5.64333e-07
-5.63881e-07
-4.52281e-10
3.01505e-09
-5.59954e-07
5.56938e-07
-5.68722e-07
5.6763e-07
1.09132e-09
-4.30514e-07
4.26733e-07
3.78052e-09
4.75756e-10
-5.68703e-07
-3.0642e-10
-4.3329e-07
8.98312e-08
3.43458e-07
-5.67973e-07
-7.48456e-10
5.68663e-07
2.0276e-10
-5.67716e-07
-8.54123e-10
-2.35765e-09
-5.68733e-07
3.06031e-11
-4.09243e-07
-4.6538e-08
4.55781e-07
3.26508e-07
2.4414e-09
-5.66409e-07
4.26985e-07
-4.703e-10
-5.64314e-07
5.64314e-07
-1.10304e-09
5.68393e-07
2.69776e-10
-4.56736e-10
9.18118e-10
9.36971e-10
5.68606e-07
-2.12907e-10
3.44361e-10
5.68467e-07
-5.68462e-07
-5.45607e-12
4.10404e-07
-4.10404e-07
-5.6731e-07
5.66052e-07
1.25854e-09
5.65286e-07
-5.64713e-07
-5.73043e-10
-8.33322e-10
5.68252e-07
3.54423e-10
5.68277e-07
1.89725e-10
-2.09861e-10
5.68263e-07
5.67795e-07
-5.68099e-07
3.04674e-10
-5.73262e-07
-5.65965e-07
-1.34545e-09
4.38029e-07
-5.47797e-09
5.6727e-07
5.24326e-10
4.70668e-09
5.67724e-07
-5.6707e-07
-6.54634e-10
-4.05862e-07
4.05862e-07
3.29038e-09
5.65203e-07
-5.64209e-07
5.65133e-07
-9.2328e-10
5.67593e-07
1.30796e-10
2.689e-09
4.25488e-07
5.66931e-07
-5.66687e-07
-2.44037e-10
-5.624e-07
-1.80936e-09
5.65409e-07
-5.65866e-07
4.56813e-10
5.66543e-07
3.88029e-10
5.67573e-07
7.04934e-10
-5.50219e-09
-5.61425e-07
-8.39067e-10
-5.00367e-08
-3.80899e-07
5.64432e-07
-5.64986e-07
5.54242e-10
1.70254e-08
3.93379e-07
5.66869e-07
-5.66303e-07
-5.65653e-10
-5.26902e-10
-1.01397e-08
-4.71068e-07
4.81208e-07
-4.10667e-07
4.15393e-07
-4.72578e-09
-5.61746e-07
5.61937e-07
-1.90501e-10
5.66185e-07
6.8438e-10
-5.64453e-07
-3.52186e-07
5.70534e-07
5.6644e-07
-5.65592e-07
-8.47518e-10
-5.66943e-07
5.66954e-07
-1.11933e-11
5.65394e-07
-5.64888e-07
-5.0649e-10
-5.52469e-08
-4.85164e-07
5.40411e-07
5.65827e-07
6.13188e-10
-5.62219e-07
4.72749e-10
5.6652e-07
-5.65799e-07
-7.2096e-10
4.25843e-07
-4.3504e-07
4.3504e-07
5.66314e-07
-5.65197e-07
-1.11714e-09
-1.13007e-09
5.66521e-07
-8.91376e-10
-4.26477e-07
5.65465e-07
8.48554e-10
-5.66879e-07
-1.09362e-09
-5.61312e-07
5.61621e-07
-3.0889e-10
5.66946e-07
3.24255e-10
9.86378e-09
5.61128e-07
-1.2341e-10
5.66496e-07
1.44933e-09
4.25039e-07
1.94558e-09
7.49527e-11
-5.61908e-07
5.95937e-10
4.34491e-08
1.63638e-09
1.81592e-08
5.64883e-07
-5.65406e-07
5.2349e-10
-5.60711e-07
5.61381e-07
-6.70215e-10
1.05748e-08
-4.26009e-07
4.15434e-07
7.60509e-08
-4.42757e-07
3.66706e-07
1.59757e-07
4.01687e-07
-4.01687e-07
5.64438e-07
-5.64438e-07
-4.6128e-07
2.60563e-10
-5.65504e-07
4.33568e-07
5.66283e-07
1.31048e-09
-1.06208e-07
-1.98443e-07
3.04651e-07
-5.61567e-07
8.55723e-10
-5.61769e-07
-1.86191e-08
2.40055e-07
-3.95747e-07
1.55692e-07
-4.04006e-10
3.91044e-09
5.61392e-07
8.31188e-10
4.26622e-07
-5.67155e-07
1.20722e-09
5.64818e-07
3.60367e-07
-4.39851e-07
7.94843e-08
3.66836e-07
-1.26781e-07
-7.15641e-10
-5.64282e-07
5.67284e-07
-5.63373e-07
-5.65575e-07
-5.59969e-07
5.59421e-07
5.47879e-10
1.47375e-10
5.65791e-07
5.63838e-07
6.0036e-10
5.1526e-07
-3.42218e-07
-1.73043e-07
-1.30591e-09
4.3098e-07
5.65616e-07
9.26667e-10
5.1545e-07
-5.70697e-07
3.92177e-09
5.61364e-07
-6.73221e-10
-5.64087e-07
-5.60665e-07
6.96291e-10
-4.11524e-07
8.57141e-10
4.32781e-07
-3.46989e-07
-8.57923e-08
5.6282e-07
-5.62854e-07
3.4685e-11
-6.87015e-10
1.62161e-07
-2.28208e-07
-2.13692e-07
4.419e-07
5.63919e-07
-5.64772e-07
8.53122e-10
4.45816e-07
-4.39582e-07
-1.2009e-09
4.30512e-07
-3.69361e-07
2.63153e-07
5.63327e-07
-5.63883e-07
5.55808e-10
5.6662e-07
-5.62698e-07
-4.25016e-07
1.46116e-08
-4.26314e-07
4.25345e-07
9.68741e-10
4.14204e-07
-4.24344e-07
9.23843e-09
5.60923e-07
-4.30853e-07
4.16468e-07
-1.52978e-08
5.65692e-07
-5.65005e-07
-6.87186e-10
4.40034e-07
-4.21832e-07
-1.82014e-08
5.63838e-07
-3.45173e-10
-5.64135e-07
-4.17393e-07
1.12452e-09
5.25433e-08
3.20146e-07
-3.72689e-07
-5.5925e-07
5.58624e-07
6.25641e-10
5.62911e-07
2.03816e-09
-3.56253e-07
-7.41668e-08
4.20694e-09
5.61187e-07
5.64692e-07
-5.66057e-07
1.36517e-09
5.64026e-07
-1.03114e-09
-5.62247e-07
-4.38114e-07
-7.44398e-08
5.6497e-07
1.21434e-09
6.01483e-07
-1.24109e-07
-3.56397e-09
5.64499e-07
-5.60935e-07
5.64156e-07
5.36017e-10
-5.60092e-07
8.41993e-10
-5.6154e-07
-4.18252e-09
-1.04989e-09
5.56886e-07
-5.55836e-07
7.47585e-10
5.64218e-07
5.66699e-07
-5.62492e-07
-5.64818e-07
-1.46323e-09
4.31554e-07
-6.22153e-10
4.27372e-07
-2.14285e-08
-4.05944e-07
5.96039e-09
4.21412e-07
-5.57716e-07
5.56666e-07
-5.64705e-07
-1.2597e-09
3.58515e-07
7.42661e-08
-1.98523e-09
4.37082e-07
-4.35096e-07
-3.61043e-07
-3.02478e-07
3.55021e-07
-4.7093e-07
5.9519e-08
4.11411e-07
5.63968e-07
4.43615e-10
-5.64642e-07
5.75575e-09
5.61528e-07
5.63146e-07
-5.63239e-07
9.25611e-11
5.64377e-07
-5.62682e-07
-1.69547e-09
-5.65121e-07
4.27625e-10
-8.84682e-10
-4.2672e-07
4.27605e-07
9.59865e-11
5.64984e-07
-3.91684e-07
1.14798e-07
-5.64426e-07
5.6409e-07
3.35482e-10
-5.58465e-07
5.57772e-07
6.92462e-10
5.21265e-09
4.59608e-07
-4.46072e-07
3.38914e-07
-8.58913e-09
-3.04861e-09
5.64823e-07
-5.61775e-07
-5.02981e-07
2.74773e-07
5.63773e-07
5.00598e-10
-5.64489e-07
5.64318e-07
1.50846e-09
-5.27399e-07
4.70603e-09
5.22693e-07
9.25053e-10
-5.5939e-07
5.63261e-07
-5.62669e-07
-5.91873e-10
-1.76969e-08
5.66799e-07
-5.49102e-07
-8.78569e-10
-1.16318e-07
5.30556e-07
-4.14238e-07
-4.25016e-07
-4.64573e-07
5.63611e-07
-2.83738e-10
5.08375e-09
5.61536e-07
5.5036e-07
5.69102e-07
-5.69181e-07
7.9104e-11
5.77036e-10
-4.28563e-07
4.27986e-07
-5.6396e-07
5.63571e-07
3.88488e-10
1.15224e-08
-4.25525e-07
4.14002e-07
5.64693e-07
-5.64493e-07
-2.00375e-10
-4.37508e-07
4.35522e-07
5.63044e-07
-5.62599e-07
-4.44311e-10
1.59328e-09
5.62784e-07
-7.29951e-09
5.66016e-07
-5.6425e-07
4.58746e-09
-4.1546e-07
5.64286e-07
-5.64182e-07
-1.04323e-10
5.63988e-07
3.27553e-10
-5.64208e-07
5.61087e-07
1.16445e-09
-5.62252e-07
1.37876e-10
5.64352e-07
-5.62759e-07
-1.51943e-09
-4.27759e-07
4.29278e-07
3.03782e-07
-4.4647e-07
1.42688e-07
-9.35713e-08
-4.33828e-07
-4.15281e-07
-9.19653e-08
-3.638e-07
-5.63675e-07
3.34401e-09
5.60331e-07
-4.30274e-07
4.27759e-07
2.51539e-09
-1.30498e-07
-3.4483e-07
-5.63315e-07
5.03842e-07
-5.62168e-07
5.6318e-07
-1.01169e-09
-4.68956e-07
4.60789e-08
4.22877e-07
4.50185e-07
-3.45416e-07
-1.04769e-07
-5.64199e-07
1.16425e-09
5.63035e-07
4.28331e-07
-4.22751e-07
1.2129e-09
5.62048e-07
-5.64218e-07
5.8954e-10
5.63725e-07
5.6359e-07
1.87577e-09
-1.00185e-10
-5.64069e-07
-1.91024e-09
-5.62516e-07
-5.62747e-07
4.28107e-07
-4.23401e-07
-2.46737e-09
1.20705e-07
3.7288e-07
-3.8411e-07
3.8411e-07
5.00084e-09
5.61698e-07
-6.39303e-07
-5.21253e-07
5.2183e-07
5.64397e-07
4.27447e-07
-4.24055e-07
-5.63574e-07
5.61664e-07
-4.76235e-07
4.87758e-07
5.63155e-07
-5.62658e-07
-4.96971e-10
7.13446e-10
5.63718e-07
-5.70333e-07
4.29415e-07
-4.30934e-07
-5.63377e-07
9.76554e-10
2.12872e-07
5.6479e-07
-5.64105e-07
-6.84394e-10
-5.64397e-07
5.6319e-07
-5.62722e-07
-4.68509e-10
-5.63116e-07
-5.58872e-10
5.61845e-07
-5.6011e-07
-4.30417e-07
5.19123e-07
5.62699e-07
-5.62525e-07
-1.73778e-10
-1.00282e-09
5.6209e-07
-4.30274e-07
3.7311e-07
-4.03861e-07
3.07506e-08
-6.94806e-07
6.94806e-07
5.64137e-07
5.64241e-07
-1.43997e-09
9.77887e-10
-5.63977e-07
5.66082e-07
-2.10458e-09
5.63015e-07
-5.62538e-07
-4.77158e-10
-4.6732e-07
4.44859e-07
1.79822e-09
5.62701e-07
-5.64169e-07
1.55225e-09
5.62617e-07
-5.62465e-07
5.63669e-07
-5.62915e-07
-4.31921e-07
-5.63705e-07
1.9308e-09
5.61774e-07
-4.32417e-07
-1.25769e-09
4.22482e-07
-4.25495e-07
3.0127e-09
5.62272e-07
-5.62743e-07
4.7091e-10
1.09579e-08
-5.63703e-07
5.62748e-07
9.55298e-10
5.63599e-07
-4.13387e-07
-4.10685e-07
-6.70805e-09
5.64061e-07
-5.64061e-07
-2.95828e-09
4.28802e-07
-5.63725e-07
5.62908e-07
-5.6243e-07
-4.77582e-10
5.63939e-07
-3.18886e-09
-5.63185e-07
-4.19476e-07
-5.15922e-08
-4.31486e-07
3.36518e-07
-3.762e-07
3.96819e-08
-8.38761e-08
-3.64265e-07
4.48141e-07
5.61834e-07
-5.60323e-07
3.66309e-07
-4.26009e-07
-1.25791e-09
-5.62941e-07
5.63221e-07
-5.62752e-07
-4.68763e-10
4.32856e-07
-4.35206e-07
-1.18983e-07
-7.8662e-08
1.97645e-07
-4.48781e-07
4.51999e-07
4.34762e-07
-4.28802e-07
-1.72034e-09
-4.21495e-07
4.23215e-07
-2.33679e-09
-4.18244e-07
4.2058e-07
1.51735e-09
-4.39557e-07
4.3804e-07
4.0941e-09
-4.40927e-07
4.36833e-07
2.24019e-09
-4.31549e-07
4.29309e-07
-6.8847e-10
-4.22715e-07
4.23403e-07
-3.91601e-10
-4.22509e-07
4.22901e-07
2.53663e-07
-1.70931e-07
-8.27319e-08
3.74551e-07
2.84682e-09
5.61976e-07
4.12016e-07
-4.14985e-07
2.96971e-09
1.32495e-09
-5.62989e-07
5.61664e-07
5.64481e-07
-5.64481e-07
5.57002e-07
2.43051e-11
-5.57026e-07
-1.96133e-09
-5.61613e-07
5.62866e-07
-5.62369e-07
-4.96795e-10
-3.49841e-07
-4.59268e-07
-9.68785e-09
3.696e-07
7.04339e-08
5.64045e-07
-5.63218e-07
-8.26946e-10
-4.29354e-07
4.47314e-07
1.9041e-09
5.62448e-07
-3.09633e-07
-1.93348e-07
4.66135e-09
4.03554e-07
-4.08215e-07
-2.8865e-07
-4.92512e-08
-9.67844e-08
-5.90784e-08
1.55863e-07
4.24363e-07
4.24415e-07
4.42897e-07
4.43033e-07
4.40034e-07
4.33867e-07
-2.01527e-09
-4.25216e-07
4.27231e-07
4.25673e-07
-6.34277e-10
-1.66135e-07
5.63054e-07
-5.6173e-07
-1.40735e-08
4.53427e-07
-5.64589e-07
-3.85196e-07
4.77944e-07
5.5645e-07
2.01439e-10
-5.56652e-07
5.6522e-07
-1.15901e-09
-5.64005e-07
2.07835e-09
5.61927e-07
-4.24851e-07
-4.2672e-07
4.26841e-07
-4.28856e-07
-3.88092e-07
4.68819e-07
-8.07266e-08
-1.02489e-09
-5.6268e-07
2.93556e-07
-3.66129e-07
9.26719e-10
-5.63596e-07
-5.62914e-07
-1.49707e-07
-2.19654e-07
-5.61915e-07
-1.07413e-09
4.31848e-07
1.3468e-07
3.30048e-07
5.62309e-07
-5.61873e-07
-4.36449e-10
4.28161e-07
-2.82916e-07
-1.45244e-07
-2.04204e-07
1.0742e-07
-2.36959e-07
5.11732e-07
-2.05215e-07
4.26225e-07
-2.2101e-07
2.54104e-10
5.63664e-07
-5.59771e-07
5.62703e-07
-5.63031e-07
3.27608e-10
-3.18678e-07
1.35565e-07
1.83113e-07
-1.8126e-09
-4.25088e-07
4.26901e-07
5.89145e-07
-2.59833e-07
-3.29312e-07
3.66321e-10
5.56635e-07
-1.2277e-07
-1.95908e-07
-4.11302e-07
4.15964e-07
3.51389e-07
2.3162e-08
-4.09205e-07
-8.09266e-10
-4.25427e-07
4.26236e-07
4.38823e-07
-4.25807e-07
-2.60805e-07
-9.9696e-08
3.60501e-07
-5.6187e-07
5.62043e-07
-1.73361e-10
-4.14472e-07
4.19059e-07
5.62425e-07
-5.62801e-07
-3.75723e-07
-8.38736e-09
-5.66693e-07
5.64577e-07
-2.93701e-07
4.19357e-10
5.62761e-07
4.90552e-07
-2.71095e-07
-2.19457e-07
4.14611e-07
-7.80928e-08
4.64766e-07
-6.12126e-08
4.26256e-07
-4.28069e-07
5.61729e-07
-5.61713e-07
-1.50925e-11
4.26372e-07
-4.27182e-07
5.17489e-10
-5.61402e-07
5.60885e-07
-2.3658e-07
-5.71203e-08
2.00787e-09
-4.32425e-07
-5.6302e-07
8.01585e-10
3.75723e-07
-3.98003e-07
2.22804e-08
-6.05123e-08
4.59859e-07
-1.73807e-09
-4.17738e-07
4.244e-07
3.70717e-09
5.62327e-07
-5.61968e-07
-3.58755e-10
6.94748e-10
5.63143e-07
2.85337e-07
-4.25558e-07
4.27566e-07
2.76518e-07
-1.64395e-09
-5.62361e-07
-2.14468e-07
-1.64593e-07
3.79061e-07
-4.06849e-07
-3.83612e-09
3.81996e-07
-3.44645e-07
-3.73516e-08
-7.77286e-08
4.46616e-07
-3.68887e-07
5.62694e-07
-5.62257e-07
-4.3718e-10
7.59134e-10
5.62395e-07
3.5248e-09
4.28665e-07
-4.32189e-07
3.69044e-10
-5.63027e-07
-4.21372e-07
4.22497e-07
5.6249e-07
-5.63112e-07
6.21798e-10
5.6522e-07
-2.44869e-09
-3.9246e-07
-1.72492e-08
4.09709e-07
-5.66435e-07
-2.56253e-10
4.84468e-09
-4.31158e-07
-5.76764e-07
5.62256e-07
-5.61738e-07
-3.60349e-07
7.84453e-10
-1.39952e-09
-5.62041e-07
5.6235e-07
6.64992e-10
-5.86878e-07
8.1717e-11
-5.62619e-07
-2.48105e-08
-3.1608e-07
1.17638e-07
-5.63863e-07
5.63863e-07
-3.55173e-07
4.34297e-07
-7.9125e-08
5.64932e-07
-3.37368e-07
4.20602e-07
-8.32339e-08
-3.63526e-07
4.40223e-07
-7.66974e-08
-4.22121e-07
-6.34089e-09
4.35265e-07
-4.28925e-07
-3.65673e-07
3.56461e-07
-9.33084e-08
5.631e-07
-5.63842e-07
7.42419e-10
5.63011e-07
-5.63753e-07
7.42108e-10
5.62624e-07
-5.63423e-07
7.98433e-10
-6.29136e-10
-5.63074e-07
-3.38467e-07
4.27517e-07
-8.90507e-08
5.628e-07
-5.62362e-07
-4.3743e-10
5.62587e-07
7.9104e-08
-4.5093e-07
5.62303e-07
6.05225e-10
-5.62553e-07
1.22828e-10
1.33165e-07
5.62539e-07
-5.63016e-07
4.76728e-10
1.17828e-08
4.22979e-07
-4.34762e-07
-4.13041e-07
-1.43108e-09
4.14472e-07
-5.63754e-07
-5.6252e-07
5.61802e-07
7.18092e-10
4.28564e-07
-4.2372e-07
-5.62971e-07
5.62266e-07
7.04886e-10
-4.16814e-07
3.99473e-07
1.73408e-08
-5.63041e-07
5.62358e-07
6.82859e-10
5.63911e-07
-5.63234e-07
-6.77039e-10
-4.21968e-07
4.25492e-07
-4.53828e-07
-2.45447e-07
-4.62925e-07
-9.64039e-08
4.65003e-07
-3.68599e-07
5.61786e-07
-1.61871e-09
-5.60981e-07
-4.25525e-07
4.05589e-10
-5.63169e-07
5.62763e-07
-4.4797e-07
4.26542e-07
9.17626e-10
5.63369e-07
5.6217e-07
6.9564e-10
-5.62507e-07
1.3827e-10
-4.41369e-08
-1.60067e-07
-4.30483e-07
4.24142e-07
-4.47496e-07
7.692e-08
3.70576e-07
-1.5057e-07
-1.6551e-07
-4.28563e-07
4.46193e-07
6.90674e-08
1.2043e-10
5.61989e-07
-5.62109e-07
4.24344e-07
-4.26082e-07
-5.63487e-07
5.66353e-07
-5.64623e-07
-1.41102e-07
-1.18535e-07
2.59637e-07
-4.01378e-07
-1.4082e-08
-5.6651e-07
9.48998e-10
-1.52681e-08
-4.25816e-07
4.25088e-07
7.27997e-10
4.65829e-07
-4.44174e-08
5.62859e-07
-5.62335e-07
-5.24951e-10
5.62105e-07
2.03875e-10
-5.62436e-07
5.6309e-10
5.62537e-07
-5.62719e-07
1.81952e-10
-3.40326e-10
4.49988e-10
-5.65073e-07
-4.15964e-07
-9.05239e-09
1.64144e-08
-4.60409e-07
-2.9689e-09
5.64697e-07
-5.69466e-07
-1.64368e-10
-5.61238e-07
-4.60675e-07
4.46601e-07
2.11125e-10
4.11805e-07
-4.25846e-07
4.25427e-07
4.1916e-10
-3.66653e-07
-7.6104e-08
4.30599e-07
4.04818e-07
-4.22067e-07
5.62321e-07
-5.62221e-07
-4.35342e-07
4.25583e-07
-3.77626e-07
-1.99137e-07
5.62165e-07
-3.88942e-10
-5.62333e-07
5.15451e-07
-4.30462e-07
5.66526e-08
3.7381e-07
8.88214e-08
-4.31039e-07
6.78106e-08
5.37307e-09
7.29041e-08
-4.46707e-07
3.73802e-07
8.66362e-08
-5.26273e-07
4.39637e-07
5.622e-07
4.93871e-10
-5.41937e-10
-5.62312e-07
6.98709e-08
-4.4095e-07
3.71079e-07
-5.62415e-07
1.58469e-10
5.48993e-09
4.19855e-07
-4.76265e-07
-4.72286e-07
6.54368e-08
-3.91271e-07
4.25216e-07
-4.26515e-07
1.29899e-09
-1.84123e-09
-5.62042e-07
1.99918e-09
5.61055e-07
-3.27995e-07
-3.14183e-07
4.27347e-07
-4.27347e-07
-4.13041e-07
-4.02809e-07
-4.29354e-07
-5.59461e-07
-1.30742e-09
5.60768e-07
-3.90863e-07
-3.99896e-08
8.01291e-08
3.69067e-07
-4.49196e-07
8.46634e-08
3.51171e-07
-4.35834e-07
7.66306e-08
-4.57219e-07
3.80588e-07
4.11478e-07
4.46641e-07
-3.67537e-07
4.44859e-07
4.67962e-07
-4.1133e-07
4.14368e-07
-4.29636e-07
5.62785e-07
-5.62331e-07
-4.54387e-10
-5.45185e-07
-4.25957e-07
5.62116e-07
6.84103e-10
-5.62422e-07
6.02462e-11
5.62083e-07
-2.52476e-08
5.62237e-07
-5.62808e-07
5.7095e-10
5.63199e-07
-5.60839e-07
9.51028e-09
-3.49115e-07
3.39605e-07
1.82041e-10
4.32674e-07
3.62705e-09
4.64335e-07
4.77612e-07
-4.06049e-07
-3.40876e-07
-8.95864e-08
2.86407e-08
3.8597e-07
-4.3591e-07
-5.6261e-07
5.62594e-07
1.55398e-11
4.37508e-07
-4.46601e-07
9.09389e-09
-4.45728e-07
7.90754e-08
-6.0961e-07
8.52715e-08
5.24339e-07
5.62862e-07
2.65242e-07
3.69146e-07
5.63316e-07
-5.63316e-07
-1.96639e-07
6.27171e-10
4.22979e-07
-4.31141e-07
1.7482e-09
4.29392e-07
-5.6243e-07
-5.63143e-07
5.62112e-07
7.47263e-10
-5.62343e-07
8.98518e-12
5.61577e-07
-2.97121e-11
-5.62723e-07
-4.39091e-07
3.74811e-09
4.38427e-07
-3.68556e-07
-3.36276e-07
4.12487e-07
-5.6377e-07
4.57117e-07
-3.68296e-07
4.4019e-07
-3.67286e-07
4.53806e-07
-3.6717e-07
-6.78861e-10
5.62455e-07
-5.64723e-07
4.29544e-07
-4.24054e-07
-4.13635e-07
4.13846e-07
-5.61203e-07
-2.82843e-10
5.61486e-07
9.40473e-08
4.27783e-07
-1.19315e-09
-5.62046e-07
7.55994e-09
4.19887e-07
-2.70245e-07
2.08224e-07
6.20215e-08
-4.25816e-07
4.43388e-07
-3.63259e-07
4.45953e-07
-3.6129e-07
4.45942e-07
-3.69312e-07
4.27166e-07
4.97809e-09
-4.77264e-07
5.70697e-07
-5.46354e-07
-6.32562e-08
4.27706e-07
-4.27706e-07
3.77398e-07
-5.72524e-08
-2.62189e-07
2.05069e-07
3.71046e-07
7.55695e-08
5.62223e-07
5.61902e-10
5.67764e-07
-5.63878e-07
-3.88577e-09
-5.62383e-07
5.23272e-11
-5.62812e-07
5.62043e-07
-5.62503e-07
4.60069e-10
-4.26735e-07
5.2404e-09
-4.26535e-07
8.29117e-09
-4.27132e-07
-1.24251e-08
-4.2388e-07
-1.70473e-08
-4.4002e-07
8.47096e-09
-4.33505e-07
1.07901e-08
-4.32095e-07
9.58601e-09
-7.72475e-10
5.61852e-07
-5.6108e-07
-5.62819e-07
9.10786e-10
-1.21546e-09
5.66435e-07
5.6211e-07
-5.62787e-07
6.76704e-10
-5.13165e-07
9.78835e-08
-2.27642e-09
3.59848e-07
1.45723e-08
-4.51083e-07
4.3651e-07
-4.90495e-07
3.12271e-08
5.63072e-07
-5.62611e-07
-3.80704e-07
4.03866e-07
2.75292e-10
-5.62885e-07
5.61432e-07
8.23434e-10
4.26848e-07
-4.26848e-07
-4.11302e-07
2.59931e-07
3.75553e-07
1.34458e-10
-5.61848e-07
-4.25846e-07
-2.57892e-09
-2.75053e-07
1.01933e-06
-7.44274e-07
-3.32939e-07
-4.09942e-07
7.42881e-07
-5.61776e-07
5.61776e-07
-8.35623e-13
4.27983e-07
-4.27801e-07
4.15141e-07
-4.11513e-07
-4.26236e-07
4.26366e-07
-1.29518e-10
3.92791e-07
-3.83281e-07
1.44711e-07
-1.38754e-07
-5.95779e-09
-4.6065e-07
3.65955e-08
-7.78965e-08
4.19802e-07
-3.78059e-08
-3.59394e-11
-4.90459e-07
5.61698e-07
1.38137e-10
-5.62106e-07
4.31969e-07
4.39406e-07
4.26625e-07
-3.03829e-07
2.64548e-07
-3.86951e-07
5.62572e-07
-5.62353e-07
-7.86861e-08
-3.67042e-07
-1.43708e-09
-5.78274e-07
6.63546e-07
3.5719e-07
7.84273e-08
-4.35617e-07
-7.28881e-07
5.63069e-07
4.26147e-07
-4.14012e-07
-5.61389e-07
-5.61876e-07
5.62611e-07
-7.35032e-10
4.47314e-07
3.97595e-07
-4.06185e-07
-3.65513e-07
4.29161e-07
-6.36472e-08
-2.3313e-09
5.58782e-07
5.62015e-07
-5.62469e-07
4.54219e-10
-1.14748e-09
-4.59548e-07
4.61607e-08
-4.22968e-07
-2.527e-09
-2.65882e-10
-2.23847e-10
-2.03423e-10
-2.04395e-10
-2.65622e-10
-3.10054e-10
-2.22445e-10
-2.27879e-10
-2.71035e-10
4.47787e-10
5.64491e-07
3.27278e-09
-4.37022e-07
5.53682e-09
-4.26515e-07
4.22067e-07
-4.32738e-07
-5.62455e-07
5.62329e-07
-1.36536e-09
5.62249e-07
3.91129e-07
7.38737e-08
-1.04399e-08
4.41238e-07
-3.31317e-07
-4.35522e-07
5.24837e-09
8.91414e-08
-5.32043e-07
6.24748e-08
-3.7091e-07
3.08435e-07
6.53205e-08
-4.34597e-07
3.69276e-07
6.27352e-08
-4.19767e-07
3.57031e-07
1.05282e-07
-5.0455e-07
5.12898e-08
-3.96947e-07
3.45657e-07
1.62187e-07
-4.4955e-07
2.18137e-09
-4.33017e-07
7.78447e-08
-1.14271e-10
5.63214e-07
-4.16943e-07
7.95746e-08
-1.54131e-10
5.63165e-07
-5.62495e-07
-4.40013e-07
7.64869e-08
-5.62552e-07
1.95762e-10
5.62429e-07
-5.62274e-07
7.72897e-08
-4.41554e-07
-4.22955e-07
-4.22994e-07
-4.23322e-07
-4.2217e-07
-4.31472e-07
-4.31523e-07
-4.27603e-07
4.85528e-07
-3.4284e-07
5.62662e-07
-5.62351e-07
4.25562e-07
1.10928e-07
-4.57784e-07
4.13698e-07
-4.15975e-07
-5.61356e-07
-9.14665e-08
4.19691e-07
-9.06553e-08
4.67742e-07
-4.77565e-09
-5.59953e-09
-6.8899e-09
-7.58954e-09
1.38031e-08
-4.54099e-07
1.22156e-08
-4.53926e-07
1.73773e-08
-4.60905e-07
-5.61041e-07
-5.60962e-07
3.3548e-11
5.61769e-07
6.17306e-10
5.61649e-07
-3.70224e-07
-4.29092e-07
2.61444e-09
-4.34434e-07
7.31233e-09
-4.36143e-07
6.93755e-09
-4.35308e-07
7.41346e-09
-4.38218e-07
5.66145e-09
-4.36579e-07
6.72167e-09
-4.37232e-07
3.98888e-09
4.30007e-07
1.12259e-08
-4.41233e-07
5.61765e-07
-5.62242e-07
1.00898e-09
5.61349e-07
-1.49819e-08
1.08251e-10
-4.35314e-07
-4.18107e-07
-5.62288e-07
4.11674e-10
5.61926e-07
6.85637e-10
1.32655e-09
4.26949e-07
-4.28276e-07
1.54015e-08
-1.50618e-08
4.14535e-07
5.1947e-07
-3.46859e-10
-4.13187e-07
-1.79872e-09
-4.18441e-07
-6.4419e-09
4.24882e-07
4.77444e-07
-8.62545e-09
5.6168e-07
-5.62967e-07
1.28742e-09
8.5633e-08
-3.23322e-07
-8.78408e-08
-4.44199e-07
-4.45774e-07
7.83273e-08
-4.16106e-07
7.76391e-08
2.66071e-07
6.09083e-08
-4.81509e-07
-1.71519e-09
3.61789e-07
8.02813e-08
-4.4207e-07
-4.44427e-07
6.08144e-08
3.83613e-07
3.56539e-07
7.77585e-08
3.67697e-07
7.82456e-08
3.68304e-07
7.76495e-08
3.41425e-07
7.91771e-08
3.65653e-07
7.77354e-08
3.64087e-07
7.61363e-08
3.61508e-07
7.69192e-08
7.73236e-08
-4.4588e-07
-5.62888e-07
-2.80719e-10
-5.63152e-07
-8.25395e-10
-4.2649e-07
6.67494e-08
3.59741e-07
-3.58704e-07
-3.45439e-07
7.04143e-07
5.62427e-07
-5.00898e-10
-5.9659e-10
-5.61929e-07
5.62378e-07
-5.65988e-07
7.2971e-09
5.58691e-07
-3.53056e-07
-5.12749e-08
5.62675e-07
-5.62113e-07
4.10494e-08
-6.19323e-07
3.51997e-07
7.55208e-08
4.22234e-07
3.98497e-07
6.58373e-08
4.41013e-07
-6.99673e-08
1.33487e-08
-4.02656e-07
3.89307e-07
-4.30778e-07
6.72935e-08
-4.39447e-07
3.72153e-07
-5.70944e-09
4.28238e-07
-7.65749e-09
4.25683e-07
1.23569e-08
4.2568e-07
1.11532e-08
4.20004e-07
9.30522e-09
4.3324e-07
-9.83691e-09
4.32697e-07
-9.79609e-09
4.28747e-07
7.96259e-10
4.16201e-07
-8.08224e-10
-4.25928e-07
2.96027e-09
4.51074e-09
5.63533e-07
-5.63083e-07
-4.2514e-07
3.17193e-09
2.27184e-09
3.60955e-07
-4.35118e-07
7.41627e-08
-3.73206e-07
4.12888e-07
-8.56025e-10
-4.9788e-07
6.67393e-08
3.97205e-07
5.71747e-08
5.61875e-07
-5.6234e-07
4.64864e-10
-5.62229e-07
5.62229e-07
4.4193e-07
-8.47405e-08
-4.30852e-07
7.89772e-09
-4.32995e-07
1.00013e-08
-4.32617e-07
9.29493e-09
-4.27417e-07
5.24712e-09
-4.38902e-07
7.4293e-09
-4.39419e-07
7.89515e-09
-4.32736e-07
5.13307e-09
-4.27427e-07
3.70699e-09
-1.21369e-09
-5.63859e-07
2.45061e-09
5.6176e-07
6.66541e-10
-5.65094e-07
4.19014e-07
-4.1007e-07
3.16762e-07
-7.85047e-08
4.2218e-07
3.31241e-09
-3.85359e-07
3.6942e-07
-4.18671e-07
5.62646e-07
3.9247e-07
-3.26218e-08
2.78862e-07
-3.81407e-07
-4.08902e-07
6.485e-07
-6.07451e-07
3.67824e-07
-4.42837e-07
7.50129e-08
-4.4098e-07
7.77206e-08
5.60227e-07
-5.62558e-07
-4.38967e-07
7.76774e-08
-4.47898e-07
7.85868e-08
3.65582e-07
7.54316e-08
3.76671e-07
7.7135e-08
3.6338e-07
7.68101e-08
3.78831e-07
7.82859e-08
3.661e-07
8.20406e-08
-6.23073e-07
5.62801e-07
-5.62113e-07
-5.51507e-08
4.28004e-07
5.62213e-07
-5.62329e-07
-1.8289e-07
1.34135e-09
-1.04178e-07
6.28517e-07
5.61494e-07
-5.62142e-07
6.48281e-10
-3.06613e-07
1.77098e-07
-3.96988e-07
-2.78602e-07
-9.32054e-09
5.7074e-07
7.93422e-08
-4.46384e-07
1.53056e-07
2.26005e-07
4.40008e-07
-4.17745e-07
-5.61549e-07
5.60777e-07
5.62201e-07
-5.62299e-07
-7.3929e-10
-5.63275e-07
5.62934e-07
-4.34462e-07
5.61837e-07
-3.42571e-10
-6.85955e-08
-2.20855e-07
-3.11188e-07
4.10854e-07
-4.31339e-07
-3.82362e-10
-4.0029e-07
5.62231e-07
-5.60788e-07
-4.25558e-07
3.29749e-07
2.99935e-07
-4.14368e-07
3.99306e-07
4.27219e-07
-4.27566e-07
4.00036e-07
-3.99306e-07
-7.30158e-10
-4.15434e-07
4.13635e-07
4.07404e-07
-4.13846e-07
4.27692e-07
-4.26366e-07
-3.96112e-07
4.11513e-07
-4.27692e-07
4.27801e-07
-4.14451e-07
3.83281e-07
3.11709e-08
-4.21097e-07
-5.61669e-08
5.6174e-07
-5.62186e-07
4.46289e-10
3.67637e-07
7.9004e-08
1.14988e-09
-5.17084e-08
2.29347e-07
5.62766e-07
-5.62117e-07
-6.48647e-10
6.19933e-10
-5.63772e-07
-2.58637e-10
5.6314e-07
-5.62882e-07
5.61744e-07
-4.16747e-07
-4.88013e-07
4.87977e-07
-5.62845e-07
1.30524e-09
-4.47931e-07
1.00942e-07
4.32967e-07
-4.39675e-07
5.62152e-07
5.71677e-07
-5.593e-07
-1.23768e-08
5.62075e-07
-5.61975e-07
-4.6325e-07
-3.46297e-08
-5.63671e-07
-4.07976e-07
-4.09928e-07
1.02588e-09
-6.43087e-08
4.17279e-07
6.01653e-08
5.60847e-07
-7.55871e-08
5.62124e-07
-1.35174e-10
-5.41977e-07
-6.49549e-10
5.65227e-07
4.13698e-07
4.27231e-07
4.10854e-07
4.27986e-07
4.15141e-07
4.19059e-07
-4.15975e-07
-3.96112e-07
4.29278e-07
4.27983e-07
4.40008e-07
-4.14451e-07
4.26901e-07
4.04818e-07
-4.29636e-07
3.92791e-07
3.93379e-07
4.00036e-07
-4.26082e-07
4.07404e-07
4.27219e-07
3.48339e-07
-3.48339e-07
4.27605e-07
-5.63462e-07
-4.4366e-07
4.45408e-07
-3.67173e-07
4.46515e-07
5.6151e-07
-5.62171e-07
6.61191e-10
-1.70673e-08
-2.5966e-10
-4.36269e-07
1.80698e-09
-4.36501e-08
4.24922e-07
4.72021e-10
-5.58011e-07
5.57539e-07
6.35341e-10
2.09965e-09
-5.55995e-07
2.05405e-10
5.5579e-07
2.52699e-08
-5.7966e-07
5.5439e-07
5.61112e-07
7.47359e-10
-5.6186e-07
5.61057e-07
7.7975e-10
-4.03166e-07
3.68087e-07
7.3843e-08
-5.58814e-07
-3.22431e-09
5.62039e-07
5.65482e-07
1.20105e-09
5.57803e-07
1.38731e-08
5.61884e-07
-5.61656e-07
-5.62213e-07
5.61375e-07
5.92937e-10
2.66368e-08
-5.1465e-07
-5.27529e-10
4.44569e-07
-3.64288e-07
4.32524e-07
-4.2684e-07
-5.68388e-09
5.13277e-07
-3.45176e-07
-1.68101e-07
4.85811e-07
-4.24997e-07
4.45719e-07
-3.67961e-07
4.45715e-07
-3.6787e-07
4.46112e-07
-3.67866e-07
4.46048e-07
-3.68399e-07
4.37869e-07
-3.58692e-07
4.38408e-07
-3.58833e-07
-4.56749e-08
-5.73649e-07
4.44453e-07
-3.66718e-07
4.44041e-07
-3.67905e-07
4.44735e-07
-3.68248e-07
4.45146e-07
-3.68227e-07
4.45509e-07
-3.68185e-07
-2.38271e-10
3.23869e-10
-5.58323e-07
5.57999e-07
-8.7821e-10
5.86766e-07
-1.10657e-08
-5.757e-07
4.40137e-07
-3.58096e-07
4.46263e-07
-3.67676e-07
5.63415e-07
5.12605e-07
-3.59665e-07
-1.5294e-07
4.46132e-07
-3.68454e-07
4.44448e-07
-3.66727e-07
4.34644e-07
-3.67895e-07
4.45806e-07
-3.68886e-07
4.36294e-07
4.44188e-07
-3.68757e-07
5.61884e-07
-7.7175e-10
-4.55714e-07
3.88343e-07
6.73713e-08
-5.10225e-07
3.6926e-07
5.5446e-10
5.61483e-07
-5.61931e-07
4.48181e-10
6.485e-07
-7.75727e-09
5.72248e-07
4.44578e-07
-3.69057e-07
-5.55443e-07
5.58458e-07
-1.05395e-09
-3.07136e-09
-5.63388e-07
3.05045e-10
2.80355e-10
-5.69064e-07
5.94334e-07
-4.06015e-07
-4.17745e-07
-4.23056e-07
4.18541e-07
4.24088e-07
-5.2288e-07
5.963e-08
4.46214e-07
-3.68575e-07
1.41504e-09
-7.53037e-08
-5.60548e-07
-3.83305e-10
5.60931e-07
3.27535e-08
-4.31339e-07
-4.28063e-07
4.29739e-07
-1.67587e-09
4.97692e-07
-4.21933e-07
-1.04917e-08
-5.92029e-07
4.51267e-07
-5.0138e-08
4.33477e-07
5.61792e-07
-5.61439e-07
5.62065e-07
5.61757e-07
-5.61618e-07
-4.22869e-07
4.22124e-07
7.45341e-10
-4.00597e-07
-2.21228e-09
4.56402e-07
-3.82239e-07
4.3674e-07
1.05493e-09
-3.6738e-07
4.56951e-07
-3.79661e-07
-3.94866e-07
4.46757e-07
-3.68471e-07
4.4631e-07
-3.695e-07
4.44409e-07
-3.67274e-07
4.46457e-07
-3.76024e-07
-4.28375e-07
4.34132e-07
-5.75709e-09
2.39626e-09
3.71354e-10
4.09631e-07
-6.60884e-09
4.506e-07
-3.75587e-07
4.44628e-07
-3.69059e-07
-5.61275e-07
5.62022e-07
-5.64655e-07
5.65383e-07
9.46e-10
7.52258e-07
-6.64802e-07
4.16626e-07
-4.00212e-07
4.63288e-07
-4.68998e-07
4.17799e-07
-4.12558e-07
4.25309e-07
-4.17412e-07
4.5927e-07
-4.66928e-07
4.02682e-07
-3.94391e-07
4.23022e-07
-4.1302e-07
4.46857e-07
-4.345e-07
5.08564e-07
-5.2099e-07
4.24514e-07
-4.15219e-07
4.45751e-07
-4.34598e-07
5.0517e-07
-5.22217e-07
4.03386e-07
-3.98139e-07
4.09984e-07
-4.00679e-07
4.34245e-07
-4.25774e-07
4.5579e-07
-4.48361e-07
4.90616e-07
-5.00453e-07
4.1939e-07
-4.086e-07
4.54613e-07
-4.46718e-07
4.88024e-07
-4.9782e-07
4.17728e-07
-4.08142e-07
4.47572e-07
-4.42439e-07
4.53895e-07
-4.53099e-07
4.39084e-07
-4.34573e-07
4.44274e-07
-4.40567e-07
4.49358e-07
-4.50166e-07
4.34282e-07
-4.33424e-07
4.26183e-07
-4.2317e-07
4.25533e-07
-4.22572e-07
-8.02806e-10
4.25272e-07
-4.2196e-07
-5.61524e-07
-4.27696e-11
4.25229e-07
-4.22057e-07
5.61922e-07
-5.61348e-07
4.25251e-07
-4.21543e-07
4.24721e-07
-4.22449e-07
5.86766e-07
6.70713e-10
4.24976e-07
-4.2303e-07
-5.61986e-07
-9.80904e-10
-5.61578e-07
5.61578e-07
-5.64781e-07
2.7951e-09
-4.26776e-07
4.25859e-07
-4.22269e-07
5.61911e-07
-4.96243e-07
-2.18562e-08
5.87638e-10
5.61482e-07
-5.61369e-07
-5.8013e-07
5.69708e-07
-5.66435e-07
-5.5735e-07
-7.43201e-09
4.53347e-07
4.25587e-07
-4.23137e-07
1.62944e-09
-3.10267e-09
-2.77568e-09
4.48522e-07
-3.74649e-07
2.76367e-09
-5.61258e-07
5.61906e-07
4.5671e-07
-3.79256e-07
4.23854e-07
-4.24481e-07
5.63135e-07
-5.63335e-07
-5.67772e-07
-1.61109e-07
-5.61375e-07
5.61365e-07
-6.07451e-07
5.6369e-07
4.06268e-07
7.13437e-08
-5.73369e-07
5.78076e-07
1.67034e-07
2.74866e-07
6.64802e-07
-6.11428e-07
5.69708e-07
5.19396e-10
3.7768e-10
-5.63713e-07
1.37797e-09
5.62313e-07
5.61003e-07
8.48889e-10
-5.78076e-07
5.93269e-07
-1.20889e-10
5.61126e-07
7.58693e-10
4.26268e-07
-4.2341e-07
-3.76392e-08
-5.73369e-07
2.96705e-10
-5.57223e-07
5.56926e-07
5.71314e-07
-5.65117e-07
-5.67057e-07
-5.71314e-07
4.47632e-07
-3.68147e-07
5.63965e-07
-2.04659e-09
-1.01077e-09
5.64976e-07
-5.64346e-07
7.3598e-08
-5.62938e-07
5.62859e-07
5.93269e-07
6.11428e-07
5.62938e-07
-5.63796e-07
-5.66257e-07
-1.80536e-09
3.18867e-09
-5.62003e-07
-5.6501e-07
5.62963e-07
5.62859e-07
-5.63008e-07
-5.65796e-07
5.65117e-07
-5.61281e-07
5.61967e-07
5.61267e-07
5.65796e-07
5.63851e-07
-5.63796e-07
-5.65601e-07
-3.37097e-09
5.6763e-07
-5.61593e-07
5.61956e-07
5.23552e-10
-5.6248e-07
7.14952e-10
5.63136e-07
5.64553e-07
-1.18395e-09
-5.6763e-07
5.65601e-07
5.61831e-07
1.25618e-10
5.63499e-07
5.62351e-07
-5.61593e-07
-5.64964e-07
9.27397e-10
-5.62007e-07
6.98202e-10
-5.61973e-07
-5.67155e-07
5.62679e-07
-7.03814e-10
5.58495e-07
-5.57792e-07
5.62246e-07
1.04868e-10
5.61654e-07
6.88076e-10
-5.61946e-07
5.61949e-07
-2.94418e-10
6.40569e-10
-3.85975e-10
5.62131e-07
-5.61745e-07
5.61951e-07
-2.06534e-12
-5.61844e-07
5.61109e-07
5.61315e-07
-5.61609e-07
7.83514e-10
-3.2708e-11
5.57658e-07
-5.57625e-07
5.62233e-07
-5.62784e-07
-2.58378e-10
5.62209e-07
-5.61975e-07
5.61705e-07
-8.10259e-10
5.61676e-07
-5.60866e-07
-5.6254e-07
-5.61212e-07
5.61608e-07
-3.96227e-10
5.62302e-07
8.88381e-10
4.85411e-10
5.62567e-07
-2.64906e-10
5.61555e-07
-5.63208e-07
5.63193e-07
-5.61164e-07
5.61612e-07
5.6144e-07
-5.61951e-07
7.38847e-10
5.61369e-07
-5.61338e-07
5.61369e-07
-5.60995e-07
5.62377e-07
7.41995e-10
5.60835e-07
-5.6129e-07
-4.27299e-10
5.61982e-07
-5.6195e-07
5.62287e-07
-3.28711e-10
5.61002e-07
-5.61273e-07
5.61716e-07
-5.6134e-07
5.6134e-07
-5.61351e-07
3.53575e-10
5.60936e-07
-5.61461e-07
6.86937e-10
-2.36148e-10
5.62046e-07
-3.29362e-10
5.61173e-07
-5.61401e-07
7.28301e-10
5.6109e-07
-5.61528e-07
5.61549e-07
-2.88175e-10
5.61245e-07
-5.61467e-07
5.61958e-07
-3.37002e-10
1.26058e-09
5.61134e-07
-5.61571e-07
5.61907e-07
-3.58002e-10
5.61294e-07
-5.61604e-07
5.62302e-07
-2.87689e-10
-3.10624e-10
5.61683e-07
5.61277e-07
-5.61714e-07
-5.61944e-07
5.61648e-07
5.61464e-07
-5.6173e-07
-2.82939e-10
-3.32991e-10
5.15306e-10
5.61334e-07
-5.61849e-07
1.56302e-09
5.61588e-07
-5.62085e-07
5.61998e-07
-3.14827e-10
5.6152e-07
-5.61806e-07
5.61602e-07
1.19954e-09
-5.61931e-07
5.61453e-07
-2.77619e-10
-3.26597e-10
-5.61866e-07
5.61663e-07
-5.60799e-07
5.60799e-07
-5.60972e-07
-2.66529e-12
5.61931e-07
-5.61928e-07
-3.45961e-10
1.60792e-09
-2.4947e-10
-1.41485e-10
5.61334e-07
-1.49946e-11
-2.67531e-10
-3.53493e-10
-4.82995e-10
-1.39615e-09
5.61842e-07
-5.60445e-07
-5.6477e-07
-5.60143e-07
5.60143e-07
-5.60425e-07
-5.61679e-07
5.61523e-07
1.5649e-10
1.73164e-09
-8.2985e-11
-5.62363e-07
6.83703e-10
5.59491e-07
-5.59875e-07
5.59491e-07
1.07751e-09
-5.6212e-07
3.08084e-10
8.90708e-10
5.60739e-07
-5.60371e-07
-3.67457e-10
5.60739e-07
-5.60674e-07
5.60914e-07
-2.40402e-10
5.60674e-07
6.48937e-11
-5.60371e-07
-5.60504e-07
1.33408e-10
5.62409e-07
-5.61391e-07
5.62409e-07
-7.44274e-07
5.62966e-07
-5.61419e-07
-5.6138e-07
5.6138e-07
5.67099e-07
-5.61496e-07
5.62966e-07
5.67099e-07
-5.61322e-07
5.61322e-07
5.61353e-07
-5.61352e-07
5.61496e-07
-5.70305e-07
-5.61456e-07
5.61375e-07
-5.61375e-07
-5.61334e-07
5.61334e-07
-5.59875e-07
5.5632e-07
-5.5632e-07
5.60914e-07
5.60688e-07
-5.60688e-07
5.61365e-07
5.61404e-07
-5.61404e-07
-5.66208e-07
-5.61342e-07
5.61342e-07
-5.64964e-07
-5.61351e-07
-5.60425e-07
-5.60972e-07
5.60086e-07
-5.60086e-07
5.62309e-07
-5.6231e-07
-5.6135e-07
5.6135e-07
-5.61331e-07
5.61331e-07
-5.757e-07
-5.64723e-07
-5.61345e-07
5.61345e-07
-5.60504e-07
-5.61419e-07
5.61391e-07
-5.6236e-07
-5.61338e-07
5.61299e-07
-5.61299e-07
-5.61292e-07
5.61292e-07
5.62941e-07
-5.6201e-07
-5.62941e-07
5.6201e-07
-5.6236e-07
-6.16449e-10
9.92969e-10
-5.61832e-07
-5.61436e-07
5.62178e-07
-5.20986e-10
5.63234e-07
-5.7166e-10
-5.62662e-07
-5.6143e-07
5.62321e-07
5.62618e-07
5.63611e-07
-5.62151e-07
7.15476e-10
5.63125e-07
7.47791e-10
-5.60725e-07
5.61523e-07
5.63596e-07
1.59583e-09
5.63075e-07
4.51967e-10
-4.35384e-10
-5.59949e-07
5.60257e-07
5.63527e-07
5.6307e-07
-5.59797e-07
5.60481e-07
1.57426e-09
5.63458e-07
5.63023e-07
-4.60305e-10
5.58253e-07
-5.57793e-07
5.62886e-07
1.3675e-10
8.81543e-10
-5.63493e-07
5.62434e-07
-5.60389e-07
5.61466e-07
-8.1552e-11
9.16867e-11
5.63315e-07
-5.59794e-07
5.61526e-07
5.63234e-07
-5.61109e-07
5.61566e-07
1.67223e-09
7.1926e-10
5.63562e-07
-4.16679e-10
5.59114e-07
-5.58697e-07
5.64093e-07
5.64813e-07
-5.61612e-07
5.61344e-07
5.62673e-07
-1.65026e-09
5.63042e-07
-5.61575e-07
5.61492e-07
5.63295e-07
-9.48909e-12
2.21327e-10
-5.59969e-07
5.61577e-07
5.61644e-07
-5.61124e-07
5.61648e-07
1.52291e-09
5.61866e-07
-4.53247e-10
5.59883e-07
-5.5943e-07
-5.6169e-07
5.61207e-07
5.62586e-07
-7.203e-10
-1.49085e-09
5.62855e-07
5.48655e-10
5.63063e-07
5.6249e-07
-5.61555e-07
5.61539e-07
5.63038e-07
9.29955e-11
5.61548e-07
-5.60104e-07
5.61667e-07
-5.61695e-07
5.61445e-07
5.6173e-07
-5.61018e-07
5.61871e-07
1.43546e-09
5.621e-10
-6.48769e-10
5.60827e-07
-5.60178e-07
5.62305e-07
-5.75805e-10
5.62867e-07
-1.06432e-09
5.62361e-07
-5.61774e-07
5.61497e-07
-5.47117e-10
-5.61081e-07
5.6228e-07
5.62932e-07
7.90437e-10
5.01821e-10
5.61868e-07
-5.61716e-07
5.62576e-07
7.19229e-10
6.89348e-10
-5.6167e-07
5.62369e-07
-5.64188e-10
5.616e-07
-5.61036e-07
5.61367e-07
-5.61846e-07
5.61563e-07
-5.61432e-07
-5.62175e-07
5.60917e-07
5.61827e-07
2.26085e-10
4.00722e-10
5.61049e-07
7.77212e-10
-5.6025e-07
5.6151e-07
-5.60792e-07
5.6151e-07
5.61276e-07
-6.67566e-10
5.61865e-07
-5.61198e-07
5.61965e-07
-5.60898e-07
5.61626e-07
-5.61901e-07
5.61614e-07
7.1853e-10
4.18921e-10
5.62419e-07
5.61975e-07
6.11947e-10
5.62394e-07
-5.6093e-07
5.61635e-07
5.61847e-07
-5.57305e-10
5.62228e-07
-5.61616e-07
5.62312e-07
-5.61938e-07
5.6165e-07
6.96384e-10
-5.61088e-07
5.61775e-07
4.45531e-10
5.61843e-07
-5.61257e-07
5.6194e-07
-5.28754e-10
5.46573e-10
5.6209e-07
-5.61543e-07
5.62289e-07
5.61731e-07
5.18054e-10
-5.61104e-07
5.61458e-07
-5.61843e-07
4.23251e-10
5.62178e-07
-5.62079e-07
-5.60872e-07
5.61611e-07
5.61709e-07
8.35568e-10
5.62132e-07
5.61603e-07
-5.62853e-07
5.63136e-07
-2.83504e-10
1.33592e-10
5.61348e-07
5.85902e-10
5.61867e-07
-5.61281e-07
5.62051e-07
-5.59122e-07
5.6074e-07
-1.61829e-09
5.61693e-07
-5.60876e-07
5.61618e-07
-2.31105e-10
7.35316e-10
5.61091e-07
-5.61832e-07
7.41454e-10
5.61826e-07
-5.60965e-07
5.61853e-07
-5.615e-07
5.6053e-07
9.69874e-10
5.61595e-07
-5.61332e-07
5.62009e-07
-5.6495e-07
5.64917e-07
6.53005e-10
-9.0727e-10
-5.58215e-07
5.61953e-07
-3.57744e-10
-5.20694e-10
-5.61098e-07
5.30291e-10
5.61126e-07
-5.61656e-07
5.61779e-07
-1.76219e-09
5.61786e-07
-7.82208e-10
5.62512e-07
-7.32447e-10
1.31e-10
-5.61631e-07
5.61437e-07
-8.25292e-10
5.62489e-07
-5.61039e-07
-8.0415e-10
-5.6136e-07
5.61846e-07
-5.63038e-07
5.60969e-07
2.06927e-09
5.61968e-07
-5.6217e-07
5.60825e-07
1.34479e-09
-8.00055e-10
5.6133e-07
-5.61595e-07
5.61009e-07
5.86255e-10
-5.61361e-07
5.62144e-07
5.61142e-07
-4.85107e-10
5.61594e-07
-1.01097e-09
5.61896e-07
-4.84765e-10
5.61273e-07
-5.61467e-07
5.62129e-07
-5.04996e-10
5.61336e-07
-6.2178e-11
5.60536e-07
5.60371e-07
5.59275e-07
1.09634e-09
-5.61673e-07
5.62313e-07
5.58264e-07
-5.61629e-07
5.62316e-07
-6.87167e-10
-5.61564e-07
5.61697e-07
-1.3356e-10
-4.55803e-10
-5.6337e-07
5.62436e-07
9.33873e-10
5.59988e-07
-1.7243e-09
2.31048e-09
5.54625e-07
-5.56935e-07
-5.61836e-07
5.62524e-07
-5.61252e-07
5.6042e-07
8.31651e-10
-5.62164e-07
7.32279e-10
5.61785e-07
-5.6367e-07
1.88464e-09
5.59184e-07
-8.15274e-10
-5.60753e-07
5.61569e-07
5.67211e-07
4.80639e-10
-2.89064e-10
-5.60908e-07
5.61197e-07
5.61494e-07
-5.61316e-07
5.6096e-07
3.55909e-10
5.61009e-07
-5.6262e-07
5.61917e-07
-5.61836e-07
5.6255e-07
-7.13404e-10
5.61294e-07
-2.84683e-10
-6.6052e-10
-5.60511e-07
5.61171e-07
5.61096e-07
1.97889e-10
-5.6206e-07
5.62759e-07
-5.62038e-07
5.62811e-07
-7.73428e-10
-5.61366e-07
5.60553e-07
8.1309e-10
5.60435e-07
5.56631e-07
-2.00584e-09
-4.89505e-10
-1.75307e-09
5.60146e-07
5.61259e-07
-5.73285e-10
-5.6223e-07
5.63158e-07
5.56346e-07
5.59148e-07
9.98716e-10
-4.16457e-09
-5.60096e-07
-4.08684e-10
-5.60096e-07
-5.57802e-07
5.57802e-07
-1.48131e-09
5.58446e-07
7.0154e-10
5.80854e-10
2.16444e-09
5.5526e-07
-5.57425e-07
-5.61306e-07
5.60597e-07
7.08859e-10
-5.62164e-07
5.63012e-07
-5.6081e-07
-5.05892e-10
-3.78095e-10
5.61234e-07
-5.60856e-07
4.21763e-07
-5.61305e-07
5.60518e-07
7.87123e-10
-5.61397e-07
5.60634e-07
7.62678e-10
5.60075e-07
-1.62931e-09
5.5926e-07
-5.63332e-07
5.61425e-07
-5.60911e-07
5.61156e-07
-2.45008e-10
1.18236e-10
-5.2235e-10
5.61482e-07
5.60942e-07
4.82914e-10
-5.60183e-07
5.60183e-07
4.89807e-10
-5.6153e-07
5.6104e-07
-5.61422e-07
5.61478e-07
-5.36017e-10
2.10121e-09
5.68117e-07
-5.63264e-07
5.64113e-07
-8.49258e-10
5.611e-07
-5.61185e-07
5.60542e-07
6.42853e-10
-5.62142e-07
7.20198e-10
5.61589e-07
5.63394e-07
4.24343e-10
5.61405e-07
-5.60859e-07
-5.45578e-10
5.62024e-07
-5.62663e-07
6.39042e-10
-2.3813e-09
8.72494e-11
5.61083e-07
-2.10746e-09
5.58538e-07
-3.27747e-09
-5.63323e-07
5.64591e-07
-1.26793e-09
-5.60608e-07
5.6018e-07
4.28234e-10
5.58002e-07
5.61551e-07
-4.67785e-10
5.03917e-10
-5.61523e-07
5.61019e-07
-3.52809e-09
5.60825e-07
5.80194e-10
-5.61096e-07
5.60615e-07
4.81319e-10
5.61029e-07
5.6128e-07
-5.60784e-07
5.61162e-07
-3.78478e-10
5.6153e-07
-4.89845e-10
-5.60552e-07
5.61201e-07
-6.48844e-10
-3.80748e-09
5.70898e-07
-5.60189e-07
-6.86811e-09
5.61533e-07
5.60984e-07
4.88882e-10
-5.61473e-07
5.61062e-07
-5.60702e-07
5.59208e-07
1.49397e-09
6.22832e-10
1.55665e-07
4.15288e-07
-5.70953e-07
-5.59931e-07
-7.71284e-10
-4.61081e-10
5.60987e-07
-4.74841e-07
-5.71406e-10
5.61396e-07
5.61421e-07
-4.36993e-10
-5.61018e-07
5.61047e-07
-2.8908e-11
-3.67956e-07
5.61476e-07
4.89216e-10
5.60931e-07
-5.63473e-07
5.64654e-07
-1.18123e-09
6.55648e-12
-2.31051e-09
-5.13552e-07
-6.81491e-08
5.60905e-07
-5.63776e-07
5.65974e-07
-2.19793e-09
-5.63702e-07
5.64433e-07
-7.30418e-10
-5.6315e-07
5.61394e-07
5.62202e-07
5.62202e-07
5.63767e-07
-5.63767e-07
-5.62627e-07
-4.53612e-10
5.63725e-07
-5.61257e-07
7.04918e-10
5.61026e-07
-5.59311e-07
-1.715e-09
1.05381e-09
-5.633e-07
4.61774e-10
-5.61105e-07
5.60643e-07
5.60766e-07
6.27878e-10
-8.38022e-10
-5.60943e-07
5.61665e-07
-7.22134e-10
-5.60481e-07
5.62172e-07
-1.69127e-09
5.60629e-07
7.66586e-10
-2.06854e-08
5.61263e-07
-4.97028e-10
2.27193e-09
5.61948e-07
-5.61948e-07
5.61603e-07
-5.61257e-07
1.27017e-09
-5.62718e-07
5.64889e-07
-2.17076e-09
-4.43486e-07
-5.60472e-07
5.64075e-07
-3.60231e-09
5.60392e-07
3.81997e-10
-5.60774e-07
5.60614e-07
-5.63262e-07
3.80399e-10
5.60238e-07
1.54778e-10
5.61283e-07
-3.51945e-10
-1.05473e-09
5.60263e-07
5.61076e-07
-5.60786e-07
-3.18836e-10
5.61431e-07
-5.61431e-07
-5.63673e-07
5.66861e-07
5.64667e-07
2.08337e-09
-5.65269e-07
5.60305e-07
4.25664e-07
-4.24323e-07
5.62145e-07
-5.6181e-07
5.65203e-07
5.65536e-07
-5.77356e-10
-5.64959e-07
4.27202e-07
-1.21633e-09
5.61573e-07
-5.62087e-07
5.14346e-10
1.81593e-10
5.60056e-07
4.2804e-07
-1.69471e-07
-2.00753e-07
-5.99182e-09
1.69976e-09
5.60687e-07
-5.64325e-07
5.61899e-07
-5.63979e-07
5.69457e-07
-5.47774e-09
5.61541e-07
7.17152e-08
-5.85267e-07
-1.31085e-10
5.59632e-07
-1.10717e-09
5.57317e-07
-5.5621e-07
-5.60882e-07
-1.40261e-08
-2.55175e-07
2.69201e-07
3.52349e-07
-4.09601e-07
5.59814e-07
5.58908e-07
9.05276e-10
4.2993e-07
5.61093e-07
-5.61291e-07
5.56071e-07
-5.55747e-07
5.80536e-11
-6.56767e-10
-5.5814e-07
5.58796e-07
5.58732e-07
1.76584e-10
7.70318e-08
6.82367e-08
8.64366e-08
1.40635e-07
7.77632e-08
7.77538e-08
7.82414e-08
7.77526e-08
1.51396e-08
7.05825e-08
7.97161e-08
8.56201e-08
-5.63648e-07
7.83972e-08
7.68713e-08
7.68303e-08
7.68982e-08
7.7733e-08
7.72814e-08
-5.61266e-07
-2.03463e-09
7.77304e-08
7.76208e-08
5.57999e-07
7.33113e-10
9.07729e-08
-5.58223e-07
5.65162e-07
-6.93851e-09
7.49788e-08
9.01215e-10
-5.63417e-07
7.62938e-08
-5.6096e-07
7.80749e-11
5.59369e-07
6.86783e-10
-5.54642e-07
5.57394e-07
5.57342e-07
5.61155e-07
-5.61155e-07
-5.75571e-07
5.12314e-07
9.88548e-08
-5.58847e-07
5.70631e-07
-1.17843e-08
7.90808e-08
7.78557e-08
7.76816e-08
7.75716e-08
7.56911e-08
-5.61373e-07
5.59546e-07
4.4242e-07
-3.68577e-07
-6.31454e-09
5.56235e-07
-5.63078e-07
-6.93771e-10
-1.33552e-07
1.40627e-09
5.62077e-07
-5.36693e-10
5.50438e-07
-1.55328e-09
-5.48884e-07
7.7157e-08
-5.58877e-07
7.58713e-08
-5.62883e-07
-7.8774e-10
-4.23806e-10
-5.62275e-07
4.64759e-10
-5.41356e-07
-1.81523e-09
5.43171e-07
5.61193e-07
-5.58432e-07
-3.22439e-09
-5.61208e-07
-3.12915e-09
-5.52219e-07
5.55348e-07
-5.60427e-07
1.55036e-09
5.54673e-07
1.56199e-09
-5.63479e-07
-5.63361e-07
4.76229e-10
-5.1364e-07
1.26689e-07
5.53336e-07
1.33699e-09
5.64721e-07
-5.65186e-07
5.50207e-07
5.53278e-07
4.03864e-09
-9.56056e-08
8.78265e-08
-5.49243e-07
5.79949e-07
-3.07062e-08
5.61228e-07
9.08165e-09
5.55289e-07
5.61339e-07
-5.60985e-07
-5.61373e-07
-5.12576e-07
2.21174e-08
5.48653e-07
5.7414e-07
-1.88509e-08
-5.61404e-07
-5.61556e-07
5.60855e-07
-5.61951e-07
5.55776e-07
3.02074e-09
-5.54615e-07
5.73092e-09
-9.50884e-09
-5.36103e-07
5.45612e-07
4.02954e-07
-5.59068e-07
5.59069e-07
-5.63956e-07
4.29499e-07
4.22332e-07
-4.25178e-07
7.59973e-08
-4.39798e-07
4.38666e-07
-4.38666e-07
-4.26419e-08
-5.12747e-07
5.55389e-07
-2.48971e-08
5.57338e-07
6.30766e-08
-5.11988e-08
1.27509e-08
4.18585e-08
-6.42457e-08
2.86309e-08
3.38362e-08
-9.64753e-08
3.05314e-08
-1.18831e-07
1.18455e-08
3.00159e-08
-8.10635e-08
4.60134e-08
-8.00916e-08
3.94301e-08
-2.01818e-09
-5.12632e-07
9.70109e-09
-7.24156e-09
5.43046e-07
5.60737e-09
2.36233e-09
5.61895e-07
-6.67144e-10
2.69992e-09
3.26874e-09
3.19385e-09
-5.61905e-07
-4.62039e-11
5.11861e-09
3.17704e-09
5.61248e-07
-5.60818e-07
5.60818e-07
-9.57737e-08
2.52695e-09
-5.59164e-07
-4.23958e-07
-5.14594e-07
-5.62957e-07
2.82842e-09
5.58895e-07
-5.58599e-07
3.8798e-07
-3.8798e-07
-1.53184e-09
-5.6245e-07
5.63073e-07
-6.22562e-10
5.41231e-07
5.60627e-07
5.46012e-07
9.33631e-09
5.29904e-07
1.32671e-08
-5.38885e-07
3.31817e-09
-5.29724e-07
1.51291e-08
5.60797e-07
5.37787e-07
-5.6128e-07
4.03039e-07
-1.10295e-07
5.31722e-07
1.99828e-09
-4.96895e-07
7.2044e-08
5.61512e-07
-5.6137e-07
7.17454e-10
5.6153e-07
-9.02467e-10
4.74808e-08
-5.60228e-07
-6.6769e-08
5.51619e-07
4.74642e-07
-5.78821e-07
1.55159e-08
-4.67408e-07
-5.65011e-07
1.68911e-08
5.61119e-07
-5.6501e-07
5.62915e-07
2.9642e-08
-5.92557e-07
-5.31902e-07
1.92707e-08
4.97702e-07
-5.35559e-07
3.78569e-08
5.56892e-07
-5.56892e-07
-4.57153e-07
1.78758e-09
-5.60751e-07
-5.19615e-07
-4.65668e-07
5.61151e-07
5.61219e-07
-5.61219e-07
1.8457e-09
5.19819e-07
5.2043e-07
2.51828e-08
5.41515e-08
3.06601e-08
-1.22788e-07
5.57731e-07
1.96105e-09
-5.59692e-07
4.24336e-07
-4.24316e-07
5.58464e-07
4.35848e-07
5.64294e-07
-5.63635e-07
4.06084e-07
-4.06084e-07
-5.62617e-07
5.61755e-07
-5.61435e-07
2.25376e-09
-5.4833e-07
2.87157e-08
-4.8724e-07
5.4687e-07
-4.10594e-07
4.10594e-07
-3.33681e-07
3.33681e-07
4.30462e-07
-4.23768e-07
-3.53848e-07
3.53848e-07
4.52977e-07
-4.52977e-07
-3.85342e-07
-4.10434e-07
4.10434e-07
4.45198e-07
-4.03756e-07
4.03756e-07
-3.9754e-07
3.9754e-07
-3.92123e-07
3.92123e-07
4.68065e-07
-4.68065e-07
3.69977e-07
4.35838e-07
-4.35838e-07
4.37605e-07
4.49345e-07
-4.49345e-07
4.44517e-07
4.36161e-07
-4.013e-07
4.013e-07
-4.62906e-07
-4.15927e-07
-3.98003e-07
4.52264e-07
-4.52264e-07
4.08715e-07
-4.08715e-07
4.47849e-07
4.34687e-07
4.40881e-07
4.51548e-07
5.6079e-07
-5.60464e-07
4.40951e-07
-3.62524e-07
5.6198e-07
-8.29259e-10
-5.73475e-07
1.14097e-08
5.62065e-07
5.60799e-07
5.62515e-07
-5.18837e-10
5.31512e-07
-5.62218e-07
5.62764e-07
-4.41596e-07
-5.62981e-07
-5.63577e-07
5.60247e-07
-5.60247e-07
7.3821e-08
5.55459e-07
-5.54987e-07
-1.86104e-09
-4.15685e-07
4.17546e-07
5.60829e-07
5.55947e-07
-5.55947e-07
5.63194e-07
-5.63238e-07
-5.61854e-07
-5.60413e-07
5.57189e-07
-5.62537e-07
6.32156e-10
-4.12895e-07
3.75543e-07
5.60946e-07
-5.60946e-07
-4.45539e-07
7.81592e-08
-4.57381e-07
-4.46262e-07
7.77906e-08
-4.4818e-07
7.86806e-08
-4.44494e-07
7.72194e-08
-4.54975e-07
7.89515e-08
5.61812e-07
-1.01244e-09
-5.62267e-07
1.97366e-07
-5.35063e-07
-4.44962e-07
7.59031e-08
-4.32647e-07
-1.99098e-09
5.59614e-07
3.68036e-07
1.12964e-07
-4.81001e-07
-4.09709e-07
3.76554e-07
1.45172e-07
-5.15189e-07
3.70016e-07
4.3171e-07
-4.47672e-07
-5.59459e-07
5.64168e-07
-4.70914e-09
5.61253e-07
-5.6092e-07
-5.6368e-07
-2.76083e-10
5.64378e-07
-5.64661e-07
5.17846e-07
-2.68274e-07
-2.49572e-07
-3.65451e-07
4.44531e-07
-3.65433e-07
4.43115e-07
-7.98946e-08
5.60917e-07
-1.30346e-09
-4.47067e-07
-5.60472e-07
-4.22494e-07
7.23742e-08
-2.48189e-08
-3.79042e-07
-5.65645e-07
5.60187e-07
-1.01909e-07
-5.61207e-07
1.04984e-07
5.62049e-07
-1.86244e-09
-3.68398e-07
3.97039e-07
5.60647e-07
-5.60647e-07
-4.40094e-07
-7.07183e-08
-3.35331e-07
-1.06817e-09
5.63983e-07
5.59878e-07
5.61201e-07
-5.62521e-07
-5.43575e-07
-1.86433e-08
-1.00233e-08
-4.37473e-07
4.37352e-07
-3.68507e-07
4.04537e-07
-3.18101e-07
-3.79618e-07
-3.38506e-07
4.16748e-07
-3.68509e-07
-5.08087e-07
3.0277e-07
2.05317e-07
-3.77598e-07
-3.40994e-07
4.26614e-07
-3.67622e-07
4.32227e-07
-3.55329e-07
4.45986e-07
-3.68365e-07
-3.64202e-07
-1.47663e-09
-5.591e-07
5.60576e-07
4.21137e-07
-4.24208e-07
-3.45957e-07
4.22251e-07
4.86509e-07
-3.54414e-07
4.3227e-07
5.58787e-07
-5.43833e-07
5.60998e-07
-5.60687e-07
-5.62426e-07
-8.42765e-10
-3.69271e-07
4.27362e-07
1.03194e-07
3.67656e-07
6.22182e-08
-4.29875e-07
3.73011e-07
4.3797e-08
-4.16808e-07
3.69046e-07
3.22838e-08
-4.0133e-07
3.68908e-07
1.36722e-07
-5.0563e-07
3.69604e-07
7.14508e-08
-4.41055e-07
5.60419e-07
5.35605e-07
2.25428e-09
4.03811e-07
-4.2863e-07
-9.63102e-08
5.61682e-07
-5.56561e-07
-5.12153e-09
-7.69562e-08
5.08667e-07
5.60272e-07
-5.60272e-07
-5.62897e-07
-3.5553e-07
3.68281e-07
4.55733e-07
-4.27102e-07
-4.30455e-07
-4.51828e-07
4.38355e-07
4.40461e-07
2.0952e-09
-5.63864e-07
5.5852e-07
-5.58884e-07
3.63771e-10
-4.45033e-07
2.4287e-10
-5.63224e-07
5.54744e-07
4.25164e-07
-4.22464e-07
-5.37906e-07
4.26764e-07
-4.2357e-07
3.70335e-07
5.53252e-07
-5.60684e-07
5.63144e-07
-5.62668e-07
-5.58452e-07
5.60775e-07
4.27263e-07
-4.24435e-07
5.60744e-07
-5.60709e-07
5.60709e-07
-5.5061e-07
-1.18159e-08
6.92487e-08
-4.43897e-07
5.60366e-07
-5.62394e-07
-5.53706e-07
4.46837e-07
4.44876e-07
4.51962e-07
5.64371e-07
-5.64292e-07
5.97686e-08
4.34512e-07
-3.347e-07
4.47665e-07
-3.09806e-07
4.54979e-07
4.45507e-07
4.48063e-07
-3.69382e-07
5.60238e-07
3.77108e-07
4.3739e-08
-4.20847e-07
4.27717e-07
-4.2593e-07
5.60766e-07
-5.60429e-07
2.32886e-09
7.23415e-10
-5.70396e-07
5.32757e-07
5.6097e-07
-6.38447e-10
-2.76215e-07
5.69002e-07
5.60861e-07
-5.63141e-07
-4.35803e-10
-3.44278e-07
-4.00692e-07
2.9137e-08
-4.09706e-07
-3.76221e-07
-5.59124e-07
5.60444e-07
-5.60444e-07
5.60194e-07
5.60093e-07
-5.60093e-07
-8.13864e-08
4.57941e-07
-7.94429e-08
4.49459e-07
-4.36499e-07
8.66579e-08
5.63417e-07
-1.3521e-09
-5.44013e-07
-2.6383e-08
-5.44625e-07
-2.08342e-09
-5.55139e-07
5.60774e-07
5.62268e-07
1.89963e-09
-5.56441e-07
5.60532e-07
-5.60204e-07
3.60722e-07
-3.17905e-09
-3.70076e-07
9.36487e-08
-3.96355e-07
5.59872e-07
-5.62465e-07
5.50088e-07
-3.68551e-07
4.44422e-07
-4.25861e-07
4.10879e-07
4.27324e-07
-4.28167e-07
1.61611e-07
-1.61611e-07
-4.21131e-07
4.99528e-07
4.44897e-08
-3.38149e-07
4.15882e-07
-3.53382e-07
4.31113e-07
-3.67871e-07
4.36108e-07
-3.54053e-07
4.30884e-07
-3.565e-07
4.33781e-07
4.13175e-07
-3.38196e-07
-7.6502e-09
4.43917e-07
-3.6676e-07
-5.58174e-07
-9.50432e-10
5.58825e-07
3.48203e-11
-5.62992e-07
5.60638e-07
5.60419e-07
-5.61115e-07
2.66828e-07
-2.66828e-07
4.1534e-07
-4.23965e-07
-5.5071e-07
-4.58271e-10
-5.6278e-07
-5.65869e-07
5.59809e-07
-5.59361e-07
5.60514e-07
-3.04748e-07
3.99999e-08
-3.99999e-08
-5.60947e-07
2.81636e-10
-4.83755e-07
5.59501e-07
5.63126e-07
-5.62883e-07
4.29388e-07
-4.27026e-07
-5.61632e-08
4.31968e-07
-3.75805e-07
-5.53431e-07
-9.03421e-09
5.54321e-07
-5.59443e-07
-6.89855e-08
4.29207e-07
-3.60222e-07
-5.58109e-07
5.5979e-07
1.05643e-09
5.60772e-07
4.31509e-07
-3.64445e-07
-6.70641e-08
-1.09247e-07
-5.62276e-07
5.62276e-07
2.34005e-08
8.97323e-08
5.59468e-07
-5.62308e-07
5.5836e-07
-5.60371e-07
5.60962e-07
-6.05462e-08
5.39223e-10
-5.63216e-07
9.41205e-08
9.84652e-08
1.61021e-07
4.73728e-08
3.6666e-08
6.76005e-08
8.94864e-08
7.81737e-08
6.32613e-08
7.84523e-08
1.74444e-07
4.89731e-08
8.40543e-08
-2.12444e-09
5.65556e-07
7.46466e-08
1.68844e-07
-8.86817e-09
-3.53957e-07
-3.66613e-07
-3.67835e-07
-4.3803e-07
-3.66408e-07
-5.63189e-07
6.89256e-10
-5.56684e-07
2.73666e-07
-5.58699e-07
5.90419e-10
-3.41125e-07
-5.04968e-08
-3.7035e-07
5.62338e-07
-5.63056e-07
4.54838e-07
-5.71203e-08
-5.61262e-07
-3.66113e-08
4.56414e-07
2.99969e-07
-3.70687e-07
-2.73615e-09
-4.06468e-07
6.22636e-08
3.75286e-07
-5.60299e-07
4.20573e-07
-3.48199e-07
2.61144e-07
2.56702e-07
-4.72243e-08
4.48973e-07
-4.01748e-07
-5.59067e-07
4.15653e-07
-4.01099e-08
5.6149e-07
-5.6149e-07
5.62884e-07
-5.63952e-07
-3.08412e-07
3.98243e-07
1.30858e-08
-4.34476e-07
4.21391e-07
-6.43983e-08
4.13631e-07
-3.49232e-07
-2.205e-08
4.28843e-07
-3.72191e-07
-5.64354e-07
-7.34176e-09
-5.58646e-07
-5.5837e-07
-6.96667e-10
-5.5887e-07
5.55268e-07
5.64667e-07
5.62196e-07
-5.62597e-07
2.70425e-07
9.72876e-08
5.61531e-07
-1.57814e-08
-3.43223e-08
-2.88407e-07
-8.42819e-08
4.22075e-07
-5.56214e-07
-2.65591e-09
8.10085e-08
-5.58237e-07
5.60997e-07
-5.60997e-07
-3.97489e-07
-5.61053e-07
2.45441e-09
-1.43366e-07
-1.03486e-07
3.87121e-07
2.15034e-08
-4.08625e-07
2.91956e-10
-4.31202e-07
4.04092e-07
-5.0306e-09
5.57677e-07
-1.30318e-08
-5.44645e-07
-5.57906e-07
-5.58556e-07
3.19791e-10
-4.28136e-08
5.61683e-07
-5.62473e-07
-3.9452e-07
-3.41097e-08
5.97776e-08
-3.18896e-07
-9.07049e-08
5.10333e-08
-4.26838e-07
-3.63072e-08
5.34088e-08
-3.55176e-07
-5.58965e-07
-4.3463e-07
5.58825e-07
5.60756e-07
-5.60756e-07
-5.58069e-07
5.56665e-07
-5.57387e-07
-6.2671e-08
-8.37072e-08
5.59361e-07
-1.24058e-09
6.65063e-08
-5.50261e-07
4.04001e-07
-4.80344e-07
-5.57859e-07
-1.10637e-09
-5.59659e-07
4.11095e-07
-5.56928e-07
-4.59623e-10
4.14863e-07
4.38155e-07
5.57686e-07
-3.82349e-07
-3.36765e-09
-5.56957e-07
-4.25199e-07
-5.63485e-07
5.69537e-07
-6.05144e-09
3.51901e-07
6.48468e-08
-4.29655e-07
-5.57771e-07
-4.66859e-07
5.60579e-07
5.55646e-07
1.24655e-09
-4.04001e-07
-3.4665e-08
-5.604e-07
3.08248e-10
5.41343e-09
5.52264e-07
-4.03178e-07
-5.57008e-07
5.09798e-11
-5.54505e-07
-3.26688e-09
5.60424e-07
-5.60424e-07
-4.32542e-07
-5.57354e-07
-5.56579e-07
5.31072e-10
3.54558e-07
-4.45263e-07
3.677e-07
5.55294e-07
6.53239e-10
-3.12523e-07
5.58258e-07
-5.58056e-07
-5.58891e-07
-5.56917e-07
3.37472e-10
-4.45272e-07
-5.56435e-07
2.70757e-07
2.32106e-07
-4.23778e-07
4.2051e-07
3.64811e-07
-3.72111e-07
5.59956e-07
5.62631e-07
5.84466e-10
-5.63467e-07
-5.56879e-07
4.43837e-10
5.65556e-07
-5.56236e-07
-5.59237e-07
5.57154e-07
-5.12404e-07
-5.83523e-10
5.598e-07
-5.598e-07
-5.56784e-07
5.47304e-10
-5.66899e-07
4.25907e-07
-5.57638e-07
-5.65877e-07
-5.58166e-07
-5.56075e-07
-3.46845e-07
-5.08737e-08
-1.13502e-10
5.59182e-07
5.73296e-08
-4.59078e-07
-4.37847e-07
3.77301e-07
-5.56688e-07
6.12995e-10
5.59178e-07
-4.36691e-07
8.74586e-08
4.04126e-07
2.88415e-08
-3.76913e-07
-5.55901e-07
-6.63649e-08
-3.64781e-07
4.24472e-07
-5.59182e-07
-5.59503e-07
-5.56515e-07
6.14585e-10
-6.12413e-08
4.65333e-07
4.11728e-07
-3.81068e-07
-5.55753e-07
3.36169e-07
-3.58307e-07
-8.62641e-10
-5.5693e-07
5.61873e-07
3.06804e-08
-5.92553e-07
-4.23979e-07
-5.63772e-07
-5.564e-07
6.47714e-10
-5.33272e-07
-8.32888e-08
-5.55587e-07
-2.93793e-08
-3.79245e-07
-2.0532e-07
-5.5676e-07
1.17227e-09
4.34796e-07
-4.26681e-07
-5.55218e-07
-5.55928e-07
-5.57872e-07
1.94453e-09
5.55294e-07
5.55646e-07
-1.05475e-09
-5.5637e-07
5.30035e-07
-5.56418e-07
4.23448e-07
3.00275e-08
3.91271e-07
-7.16025e-09
3.9304e-07
4.26515e-10
2.40563e-07
-5.57324e-07
5.57709e-07
-4.20603e-07
5.58806e-07
8.04382e-10
-4.24573e-07
-5.40902e-07
-4.82155e-07
-1.14613e-07
3.47804e-07
-3.5054e-07
-5.58224e-07
4.23085e-07
-1.12091e-09
-5.55815e-07
-5.57187e-07
5.57054e-07
-5.60672e-07
-5.56915e-07
-5.57578e-07
3.90786e-10
-5.56683e-07
-3.89308e-07
-4.25967e-08
-5.56992e-07
-5.47347e-07
-4.33575e-07
-5.56381e-07
4.18088e-07
-5.58016e-07
1.0246e-09
-5.57991e-07
4.25907e-07
2.24524e-07
-1.9455e-08
-5.51263e-07
3.51122e-07
-4.45773e-07
2.65616e-07
2.59664e-07
4.2268e-07
-5.56115e-07
3.04346e-10
-5.50918e-07
-1.41792e-07
-5.48468e-08
-8.15254e-08
-5.56293e-07
-5.56526e-07
-5.57368e-07
-5.53273e-07
1.61856e-07
-4.96556e-07
-5.55929e-07
-5.57064e-07
5.5678e-07
-5.59947e-07
-4.19479e-07
-5.55364e-07
4.11006e-07
-4.11006e-07
-5.58125e-07
1.06131e-09
-5.57384e-07
-5.54522e-07
-5.58062e-07
6.78239e-10
5.5968e-07
-9.89781e-10
3.26486e-07
-5.55763e-07
-5.55076e-07
-7.10024e-08
2.49614e-08
3.86045e-07
-2.37707e-07
-1.88681e-07
-2.24715e-07
-2.14486e-07
4.4931e-07
-5.50534e-07
-4.23504e-07
-5.55536e-07
4.21212e-07
-5.56498e-07
5.07072e-09
3.55522e-07
-5.56494e-07
5.31503e-08
-5.55381e-07
5.57615e-07
-2.16817e-07
-2.26548e-07
-1.83797e-07
-2.46e-07
-5.5927e-07
5.53426e-07
-5.5533e-07
-2.2292e-07
-2.20005e-07
-2.39313e-07
-1.98001e-07
-2.35251e-07
-2.06766e-07
-2.22559e-07
-1.9473e-07
-2.20355e-07
-2.1973e-07
-1.69798e-07
-2.64479e-07
4.24573e-07
-5.55461e-07
-5.55124e-07
-4.01548e-07
1.35676e-08
-5.55442e-07
2.78427e-07
-1.04071e-07
-3.57899e-07
4.6197e-07
-3.04413e-07
-5.54999e-07
4.01548e-07
-1.26384e-07
-5.5535e-07
-4.16737e-07
-3.82307e-07
1.57041e-07
3.68722e-07
-5.54803e-07
-5.55356e-07
-5.55763e-07
-4.6928e-10
5.56115e-07
-5.5524e-07
-1.23176e-09
5.56526e-07
-5.58507e-07
-4.25612e-07
-5.62779e-08
-5.54992e-07
-5.54627e-07
-4.17458e-07
-5.53396e-07
-5.55081e-07
-4.43176e-07
-5.54466e-07
7.42e-08
-5.54347e-07
-5.54927e-07
4.39508e-07
-5.53599e-07
-5.5428e-07
4.20584e-07
-5.54769e-07
-4.23098e-07
-5.53008e-07
-5.8211e-08
-5.53597e-07
-5.57125e-07
-5.52293e-07
-5.55181e-07
4.25669e-07
-5.5299e-07
3.9839e-07
1.64642e-09
4.19166e-08
3.74552e-07
3.95926e-07
-5.52257e-07
3.12518e-07
2.01581e-07
-5.57403e-07
-5.51937e-07
-7.38007e-10
-3.61538e-07
5.23395e-07
5.59166e-07
3.84683e-09
-5.51217e-07
-5.52324e-07
3.43248e-07
-4.02085e-07
-5.52248e-07
5.52639e-07
-5.51685e-07
-8.44809e-10
-5.56413e-07
4.12314e-07
-4.12314e-07
-4.61975e-07
2.27027e-07
-5.55388e-07
-5.54951e-07
2.7619e-08
-4.26157e-07
-4.40539e-07
-1.24751e-07
4.41513e-09
-5.57317e-07
-4.16161e-07
-4.44727e-07
4.44727e-07
-3.73571e-07
-4.23558e-07
-5.50355e-07
5.51417e-07
4.23558e-07
3.89418e-07
-1.35531e-09
-5.49385e-07
-2.73397e-07
-2.39019e-07
-5.48707e-07
5.49212e-07
-5.50202e-07
4.49158e-07
2.85129e-08
-4.18924e-07
-3.9839e-07
4.31022e-07
1.72984e-08
-1.34514e-08
4.24841e-07
-4.1139e-07
5.59862e-07
-4.21929e-07
5.01562e-07
-5.50534e-07
-4.37498e-07
3.14762e-07
-5.16511e-07
2.01749e-07
5.60504e-07
-5.13925e-09
-3.86045e-07
3.21964e-08
9.94743e-08
-4.06527e-07
1.75955e-08
4.099e-07
-4.34724e-07
-4.14483e-07
-4.46903e-07
-4.15798e-07
3.24558e-07
-5.56486e-07
1.54328e-07
-4.58171e-07
-4.61871e-07
-4.24781e-07
1.52739e-09
-4.47381e-07
4.31095e-07
-4.18593e-07
4.16801e-07
-5.55832e-07
-4.26277e-07
-1.04667e-07
-3.17871e-07
4.16336e-07
-2.0341e-09
5.42973e-07
-5.42973e-07
5.41234e-07
-5.41234e-07
4.16598e-07
-4.16598e-07
-4.34724e-07
-3.82249e-07
-1.08239e-07
-3.88317e-07
-3.90333e-07
4.77792e-07
-4.76074e-07
3.92785e-07
-2.99566e-07
-2.06075e-07
2.59451e-07
4.51999e-08
3.95926e-07
-4.27803e-07
-3.91366e-07
-4.37498e-07
-4.0339e-07
3.91366e-07
-9.91068e-08
-8.07537e-08
-1.77276e-07
-2.95953e-07
-2.05305e-07
-5.46127e-08
-2.86512e-07
-4.40336e-07
-4.40539e-07
2.57554e-07
2.59998e-07
2.85328e-07
-5.37394e-08
-6.54892e-09
-3.44557e-08
4.09742e-07
-3.46453e-07
2.9184e-07
9.42521e-08
-4.43176e-07
3.62545e-07
7.37156e-08
4.17519e-07
-3.50455e-07
3.8836e-07
-6.62931e-08
4.68108e-07
-4.19234e-07
3.55587e-07
-3.17261e-07
2.59221e-07
-1.41583e-07
-1.18054e-07
-2.09455e-07
-2.29128e-07
-2.13476e-07
-2.11427e-07
-4.45773e-07
-3.88115e-07
4.2946e-07
-2.61025e-07
-1.68436e-07
1.16688e-08
3.69558e-07
-3.9956e-07
1.38598e-07
-3.42775e-08
6.88035e-08
3.20615e-07
2.73666e-07
-3.77835e-07
2.16514e-07
-4.05195e-07
2.0975e-07
-4.24236e-07
-4.11477e-07
4.27465e-07
-1.04359e-08
6.56564e-08
-3.44732e-07
4.99061e-07
-2.12325e-07
-2.29865e-07
3.61323e-07
-4.4104e-07
4.35269e-07
2.58159e-08
3.66975e-07
-3.66975e-07
4.09131e-07
3.37701e-07
4.92273e-07
3.85019e-07
4.98209e-07
1.90796e-07
3.9592e-07
-1.28449e-07
-4.44898e-07
-4.22739e-07
3.13646e-07
-2.82642e-07
-3.36243e-07
-1.56674e-08
4.11193e-07
9.91087e-08
1.60112e-07
-3.8842e-08
-3.32068e-07
-4.20534e-07
-1.34748e-08
-3.64657e-07
3.57668e-07
-4.0921e-07
-2.68905e-07
-4.24781e-07
3.53983e-07
4.07948e-07
3.41143e-07
3.38799e-07
9.85278e-08
3.17808e-07
-6.35463e-07
2.86512e-07
-4.05783e-07
-2.08794e-07
-2.65927e-07
1.76873e-07
-1.96328e-07
9.2994e-09
-4.44152e-07
3.41146e-07
1.40662e-07
3.05154e-07
-2.89004e-07
-2.19083e-07
4.39797e-07
-1.00427e-07
-5.04973e-08
3.9164e-08
3.75371e-07
-2.83182e-07
-3.59936e-07
-4.34542e-08
4.31287e-07
1.80559e-08
-1.63705e-07
2.16558e-08
-4.10052e-07
-3.39092e-08
-4.19111e-07
3.44251e-07
-2.23395e-07
-2.49215e-07
-4.46093e-07
-4.31656e-08
-3.79529e-07
-3.44136e-07
2.68905e-07
1.84516e-07
2.55053e-07
3.47788e-07
-3.15035e-07
-4.49057e-07
7.97452e-09
-1.65711e-07
-1.68761e-07
-3.21594e-07
4.11271e-07
1.48997e-07
3.10612e-07
3.88829e-07
4.05635e-08
-3.35183e-07
-3.77489e-07
4.03305e-07
-4.24145e-07
-3.63814e-07
4.57583e-07
-1.24051e-07
-3.33733e-07
-3.05715e-07
-3.72404e-07
-3.38378e-07
4.56374e-07
-3.37184e-07
3.4646e-07
7.14185e-08
3.30711e-07
-3.3957e-07
4.7599e-07
1.94761e-07
4.80316e-07
1.90227e-07
-3.39368e-07
4.7599e-07
4.80316e-07
-3.60349e-07
-3.59018e-07
-3.81756e-07
3.95324e-07
3.41986e-07
3.0809e-07
-3.03099e-08
2.07183e-07
4.61626e-07
1.00084e-07
3.49941e-07
-3.2445e-07
-3.75713e-07
3.4137e-08
3.3584e-07
2.95268e-07
-4.03701e-07
-3.5293e-08
3.9088e-07
3.46354e-07
3.77617e-07
-3.38453e-07
9.09936e-08
3.3814e-07
3.44628e-07
1.48625e-07
-3.11627e-07
3.69485e-07
-3.06547e-07
4.53087e-07
-3.61538e-07
-5.12476e-08
-3.57467e-07
2.91358e-07
-3.7215e-07
4.61716e-07
8.23898e-08
1.15255e-07
3.55391e-07
-1.97295e-08
3.28165e-07
1.0678e-07
3.30887e-07
-3.30887e-07
-3.62411e-07
3.35222e-07
-6.2891e-08
-2.86224e-07
-2.74297e-07
-2.51988e-07
2.74297e-07
-3.64129e-07
8.70684e-08
2.98902e-07
-3.96942e-10
-3.78848e-07
2.50042e-08
-3.43105e-07
3.78843e-07
-3.12421e-07
-3.57015e-07
-1.28501e-07
-2.87474e-07
5.39306e-08
-4.18711e-07
1.53393e-07
2.95953e-07
-3.44732e-07
3.6195e-07
-3.45353e-07
-5.08931e-07
2.47907e-07
2.65927e-07
3.55699e-07
1.52698e-07
2.99566e-07
3.55922e-07
3.52779e-07
-3.42087e-07
3.42087e-07
-3.63274e-07
-1.11906e-07
-3.27769e-07
6.02838e-08
2.73397e-07
2.97113e-07
1.02483e-07
3.5325e-07
-3.30839e-07
-3.63706e-07
-3.03203e-07
-1.16842e-07
-3.20631e-07
-1.43116e-08
5.34747e-08
1.45386e-08
1.76146e-08
-3.71572e-07
3.60923e-07
-4.01863e-07
-7.9705e-08
2.60009e-07
2.01961e-07
3.74297e-07
3.83211e-07
1.99815e-07
2.77977e-07
1.85421e-07
-2.00446e-10
3.41347e-07
2.03144e-07
3.27262e-07
1.14607e-07
3.02939e-07
2.61948e-08
-4.07948e-07
3.70534e-07
3.182e-07
-3.182e-07
3.08374e-07
-3.08374e-07
4.31532e-08
3.11308e-07
-3.11308e-07
3.17226e-07
-3.17226e-07
-4.05678e-07
-3.97672e-08
-3.10773e-07
3.06547e-07
4.37727e-07
-1.0684e-07
-5.30664e-08
-8.34805e-08
-3.63134e-07
-3.35286e-07
-2.55016e-07
-2.61495e-07
9.56399e-08
-3.75312e-07
-3.62148e-07
-1.14123e-07
-3.3696e-07
-3.48027e-07
-6.41232e-08
2.93575e-07
-3.44557e-07
3.42235e-07
3.00617e-07
2.22778e-07
2.15357e-07
-3.24229e-07
-3.2231e-07
3.87156e-07
2.20112e-07
-3.79017e-07
2.24704e-07
3.60031e-07
-1.29334e-07
-1.34701e-07
-3.45538e-07
3.42243e-07
-3.45307e-07
3.81357e-07
-3.74641e-07
3.5398e-07
3.69344e-07
-3.56834e-07
-1.35684e-07
-1.3146e-07
-1.29565e-07
-3.18405e-07
3.2892e-07
4.35741e-07
3.39605e-07
3.13646e-07
-3.31036e-07
3.83004e-07
2.98249e-07
-3.27381e-07
-1.81579e-08
-1.30568e-07
-3.99867e-08
2.63163e-07
2.30685e-07
3.57668e-07
3.54314e-07
-6.40064e-09
-3.94737e-07
-3.36595e-07
-2.55539e-08
3.96328e-07
-1.19265e-07
3.24571e-07
-1.22535e-07
-3.62229e-07
3.17203e-07
3.66451e-08
2.39199e-07
3.26398e-07
-3.22665e-07
-1.20322e-07
3.69576e-07
-2.99714e-08
1.86515e-07
2.67558e-07
4.22784e-07
-3.31279e-07
3.29872e-07
3.5384e-07
-1.14821e-07
1.19692e-07
3.33052e-07
-2.91496e-08
-2.72952e-07
3.04232e-07
-3.7449e-07
-1.10752e-07
3.11627e-07
3.0704e-07
2.87474e-07
2.11586e-07
3.50007e-07
-2.52279e-07
3.57467e-07
1.03373e-07
-6.25767e-09
-3.26191e-07
-3.37091e-07
7.53289e-08
1.16905e-07
-3.48821e-07
-3.45001e-07
2.92578e-07
-3.41342e-07
3.72093e-07
-3.51771e-08
-2.7383e-07
3.09007e-07
-2.24962e-07
2.3621e-07
1.99532e-07
-3.58848e-07
-3.8277e-07
4.70344e-08
-3.18035e-07
-3.00617e-07
-4.77229e-08
4.09361e-07
-3.77926e-08
3.44833e-07
1.28357e-07
4.90821e-08
1.15072e-07
2.60959e-07
-2.96136e-07
3.59541e-07
3.20036e-07
1.33764e-08
-3.43412e-07
3.30035e-07
-1.24346e-08
2.7092e-08
-8.07481e-08
3.17379e-07
-3.04003e-07
-1.75995e-07
7.26959e-08
-4.18669e-07
7.38397e-08
-2.96038e-07
-1.09017e-08
1.23215e-07
6.61933e-08
2.05312e-07
-2.8312e-07
-3.34606e-07
1.13103e-07
-3.57916e-07
4.5866e-08
3.09245e-07
3.42316e-07
2.19877e-07
-3.02777e-07
7.49415e-08
-6.26574e-08
-6.5244e-08
-3.21592e-07
-2.09315e-07
-2.34126e-07
-4.56031e-08
5.63907e-07
-2.03302e-07
5.6578e-07
-3.31386e-07
3.04524e-07
1.12658e-08
-3.42451e-07
-3.41301e-07
-8.51492e-08
2.53799e-07
-2.77451e-07
3.14722e-07
5.84024e-08
-1.86819e-08
3.5582e-07
2.91419e-07
3.42887e-07
3.64812e-07
-1.17518e-07
-2.95609e-07
-3.14438e-07
-2.87346e-07
-8.9665e-08
3.4166e-07
3.64567e-07
3.40994e-08
9.9657e-08
2.21167e-07
-3.45993e-07
3.32949e-07
3.5553e-07
-1.49839e-08
)
;

boundaryField
{
    front
    {
        type            empty;
    }
    back
    {
        type            empty;
    }
    wall
    {
        type            calculated;
        value           uniform 0;
    }
    inlet
    {
        type            calculated;
        value           nonuniform List<scalar> 
12
(
-6.34389e-07
-6.35484e-07
-6.37566e-07
-6.29683e-07
-6.60934e-07
-6.3929e-07
-6.59622e-07
-6.70751e-07
-6.70543e-07
-6.78119e-07
-6.77947e-07
-6.76552e-07
)
;
    }
    outletLeft
    {
        type            calculated;
        value           nonuniform List<scalar> 9(4.39201e-07 4.43364e-07 4.42925e-07 4.42017e-07 4.40085e-07 4.38583e-07 4.39615e-07 4.51927e-07 4.53885e-07);
    }
    aneurysm
    {
        type            calculated;
        value           uniform 0;
    }
    outletRight
    {
        type            calculated;
        value           nonuniform List<scalar> 9(4.26388e-07 4.29797e-07 4.37314e-07 4.17289e-07 4.34278e-07 4.24903e-07 4.2884e-07 4.40642e-07 4.39834e-07);
    }
}


// ************************************************************************* //
