/*--------------------------------*- C++ -*----------------------------------*\
  =========                 |
  \\      /  F ield         | OpenFOAM: The Open Source CFD Toolbox
   \\    /   O peration     | Website:  https://openfoam.org
    \\  /    A nd           | Version:  12
     \\/     M anipulation  |
\*---------------------------------------------------------------------------*/
FoamFile
{
    format      ascii;
    class       surfaceScalarField;
    location    "0.11";
    object      phi;
}
// * * * * * * * * * * * * * * * * * * * * * * * * * * * * * * * * * * * * * //

dimensions      [0 3 -1 0 0 0 0];

internalField   nonuniform List<scalar> 
6438
(
-1.798e-08
2.232e-06
-2.21402e-06
-1.97584e-08
2.5928e-06
-2.57304e-06
-2.43012e-06
-4.09954e-07
2.84007e-06
2.30601e-06
-2.52967e-06
2.23665e-07
3.54664e-06
-2.76967e-06
-7.76965e-07
8.09932e-07
2.73671e-06
-2.75843e-06
3.28311e-07
-2.39609e-06
2.37634e-06
2.58612e-06
-3.08955e-06
5.03429e-07
2.40683e-06
-2.82054e-06
4.13715e-07
-2.32864e-06
2.82792e-06
-4.99288e-07
5.59857e-07
-2.55412e-06
1.99426e-06
-2.87677e-06
5.4814e-07
2.21208e-06
1.01603e-06
-3.22812e-06
2.07726e-06
-2.09524e-06
-1.17018e-07
2.43407e-06
-2.31705e-06
-3.06721e-06
2.97345e-06
9.37588e-08
-2.32302e-06
2.81792e-06
-4.94899e-07
-2.87334e-06
5.50317e-07
9.12787e-07
1.93286e-06
-2.84564e-06
-6.65929e-07
-4.36073e-07
1.102e-06
-1.42383e-07
2.5509e-06
-2.40851e-06
-2.36379e-06
-3.83413e-07
2.74721e-06
-2.89102e-06
1.26987e-06
1.62115e-06
-2.51338e-06
2.371e-06
-2.23221e-06
2.7141e-06
-4.81883e-07
-2.72317e-06
3.59382e-07
2.58622e-06
-2.02636e-06
-2.34831e-06
-4.36567e-07
2.78488e-06
-2.83674e-06
6.0453e-07
2.18005e-06
-2.73256e-06
5.52511e-07
1.22811e-08
-2.66358e-06
2.6513e-06
2.60556e-06
-2.61922e-06
1.36664e-08
-2.58136e-06
4.35408e-07
2.14595e-06
-3.48903e-06
5.63784e-07
2.92525e-06
2.45206e-06
-2.43978e-06
2.47255e-06
-1.66542e-07
1.60503e-06
2.24652e-06
-3.85155e-06
-7.88586e-07
3.00067e-06
-2.30221e-06
2.52888e-06
-2.26676e-07
-2.66865e-06
2.64351e-06
2.5136e-08
-1.1107e-06
2.02349e-06
2.38612e-06
2.07075e-08
-2.86759e-06
2.80964e-06
5.79514e-08
2.57314e-06
-3.93086e-07
-1.92248e-06
1.80546e-06
-3.33216e-06
5.62488e-07
2.53116e-06
2.44592e-07
-2.77575e-06
-1.97213e-06
-6.09231e-07
-3.59856e-07
-2.36948e-06
2.68883e-06
-3.19357e-07
-1.77087e-06
2.55129e-06
-7.80426e-07
2.55788e-06
-2.55788e-06
8.0227e-07
1.94028e-06
2.55445e-07
-2.19573e-06
1.13828e-06
5.51117e-07
-1.6894e-06
2.16744e-06
4.50254e-07
-2.61769e-06
2.09146e-06
-8.21594e-07
-1.21292e-06
-2.11924e-06
-2.49423e-08
2.25453e-06
-2.22959e-06
-2.78185e-06
2.78185e-06
-2.87984e-06
2.90801e-06
-2.81678e-08
1.1544e-07
2.14409e-06
-2.25953e-06
8.17338e-09
-2.62589e-06
2.61771e-06
2.43629e-06
-2.42812e-06
-2.65606e-06
3.07748e-07
-2.6633e-06
-2.04294e-07
-2.28941e-06
2.51471e-06
-2.25293e-07
2.53286e-07
2.19262e-06
-2.4459e-06
-2.69247e-06
2.58971e-06
1.02757e-07
2.6253e-06
-2.6253e-06
2.44161e-06
1.44513e-07
-1.60347e-06
-1.21707e-06
2.28516e-06
4.8265e-07
-2.76781e-06
-2.24323e-06
-4.25424e-07
1.99193e-06
1.54089e-06
-3.53282e-06
-3.08692e-06
1.97622e-06
-1.97255e-06
-1.11437e-06
2.71249e-06
-4.27326e-07
1.61958e-06
-4.81297e-07
2.20154e-06
2.4901e-07
-2.45055e-06
-2.71371e-06
-1.66135e-07
-3.86677e-07
-6.60081e-07
-2.12177e-06
2.94122e-06
-2.94122e-06
-1.94698e-06
-7.45495e-07
-1.77051e-07
-3.31198e-06
-2.53762e-06
2.52792e-06
9.69404e-09
9.13751e-08
-2.57245e-06
2.48108e-06
-2.82876e-07
2.48441e-06
2.54105e-06
6.45098e-08
-2.65434e-06
-4.12865e-07
-2.67895e-06
2.74585e-06
-6.69001e-08
2.80136e-06
-1.56716e-06
-1.2342e-06
2.51084e-06
-2.41947e-06
5.20959e-08
2.81917e-06
-1.43462e-06
-1.38455e-06
1.60204e-06
1.19933e-06
2.58428e-06
-2.58428e-06
-1.98268e-06
2.84273e-06
-8.6005e-07
-2.49036e-06
1.20882e-07
-3.4124e-07
-2.0161e-06
2.35734e-06
-2.3349e-06
9.16749e-08
-2.50128e-06
5.18596e-07
2.15661e-06
4.72675e-07
-2.62928e-06
-1.55526e-07
2.31213e-06
-2.25371e-06
2.60354e-06
-3.49829e-07
-2.39295e-06
9.07394e-08
1.65701e-06
1.16215e-06
2.4954e-06
-5.0114e-07
1.07311e-07
2.45057e-06
-2.15319e-06
-1.81709e-07
2.24992e-06
4.79833e-07
-2.72976e-06
-1.24467e-06
-1.07374e-06
2.31841e-06
1.63872e-06
-2.09361e-07
-1.42936e-06
-2.66358e-06
5.4199e-07
2.66586e-06
-3.20785e-06
-1.23786e-06
5.71931e-07
2.66241e-06
5.16903e-08
2.89175e-06
-1.49612e-06
-1.39563e-06
9.69477e-07
1.92227e-06
2.69057e-06
-4.40649e-07
3.28787e-06
-1.68284e-06
-2.43575e-06
8.24887e-09
2.4275e-06
-3.48498e-06
3.53436e-07
3.13155e-06
-4.05221e-08
-2.42006e-06
2.46058e-06
2.66027e-06
1.4937e-07
-2.05332e-06
2.02838e-06
-2.4492e-06
2.49812e-06
-4.89177e-08
2.48045e-06
-2.52098e-06
2.56009e-06
-2.56009e-06
2.51887e-06
7.39222e-08
2.52413e-06
-5.83848e-07
2.4897e-06
-2.37426e-06
-2.19356e-06
1.85232e-06
2.29795e-08
2.41795e-06
-2.44093e-06
2.84914e-06
-1.9947e-06
-8.54448e-07
-2.62589e-06
-3.82768e-08
2.97819e-08
-2.42588e-06
-2.42916e-06
1.39742e-07
2.74955e-08
2.42456e-06
2.34641e-06
-2.09312e-06
-2.41959e-06
1.6588e-07
2.45401e-06
-6.78903e-08
-8.84913e-08
2.13668e-06
-2.04819e-06
1.68434e-06
1.1648e-06
-2.51529e-06
5.41725e-07
1.97356e-06
2.56459e-06
-1.32984e-08
-3.3921e-06
3.06767e-07
3.08534e-06
-3.47301e-08
-2.40742e-06
2.44215e-06
1.59981e-06
3.8911e-08
1.53858e-07
2.41073e-06
2.38531e-06
2.00917e-07
2.46622e-06
-2.50095e-06
-2.56943e-06
-8.49126e-08
2.62249e-06
-2.82014e-06
1.97653e-07
-2.34284e-06
-9.29122e-08
-2.85223e-06
1.23643e-06
1.6158e-06
-8.90538e-10
2.46501e-06
8.58921e-08
-2.32158e-06
2.69981e-06
-3.78235e-07
-2.55422e-06
2.20253e-06
3.51686e-07
-3.46101e-07
8.93913e-07
-5.47812e-07
-8.01935e-07
-2.03481e-06
-2.57245e-06
-2.04408e-08
2.45673e-06
7.5596e-07
2.08677e-06
-4.16023e-08
-2.50132e-06
-1.20646e-08
-5.34367e-08
-2.73363e-06
2.30902e-06
4.24608e-07
-1.60075e-07
2.03961e-06
4.01992e-07
3.99699e-06
-1.75047e-06
-8.44719e-07
-2.02862e-06
2.50638e-06
3.46694e-08
-2.14954e-06
9.0487e-07
-9.68295e-07
-1.52453e-06
2.49283e-06
-8.62731e-07
-2.01404e-06
-1.40102e-06
3.39295e-06
-2.58682e-06
8.54949e-08
-2.44172e-06
2.451e-06
-9.28066e-09
-2.01425e-06
1.92576e-06
-2.96039e-08
-2.39289e-06
2.42249e-06
-2.632e-06
4.51845e-08
2.1936e-06
-2.61004e-06
4.16445e-07
2.44472e-06
-2.47433e-06
2.18386e-06
-8.26067e-07
-1.35779e-06
-3.30503e-06
1.17262e-06
2.13242e-06
2.23876e-06
2.1525e-07
1.84833e-06
1.12512e-06
5.3957e-07
2.40165e-06
-6.43327e-07
-2.2979e-06
-2.66528e-06
2.64102e-06
2.42629e-08
-2.65776e-06
-7.51957e-09
-2.64479e-06
-1.29652e-08
9.01601e-09
6.88813e-07
-3.84804e-06
3.15922e-06
-2.85465e-06
3.39664e-06
2.25441e-06
-2.23143e-06
2.41019e-06
1.00649e-07
1.96541e-07
1.98732e-06
-2.42006e-06
-2.19406e-06
2.18408e-06
2.71357e-07
-2.45544e-06
-1.23583e-08
-5.22536e-07
3.83973e-06
-3.31719e-06
3.64162e-06
-2.62559e-06
-1.10615e-06
1.65726e-06
-7.02061e-07
-2.15017e-06
-1.90822e-06
-1.39681e-06
-2.41889e-06
-1.50544e-07
-2.43687e-06
2.43645e-06
4.21025e-10
-3.83577e-07
2.28583e-06
-1.90226e-06
-2.61826e-06
2.63655e-06
-1.82816e-08
-2.59073e-06
-2.75377e-08
-3.32763e-06
2.09149e-07
3.11848e-06
-2.32321e-06
-1.50727e-07
2.47394e-06
2.60928e-06
2.72641e-08
-4.63443e-07
-2.84979e-06
1.04176e-06
1.80803e-06
1.5806e-08
-1.508e-06
-1.34179e-06
-3.55118e-08
-2.68181e-08
-2.37861e-06
2.40543e-06
-2.44502e-06
1.21804e-07
2.20975e-06
2.9663e-07
2.54638e-06
-2.43907e-06
2.42085e-06
-2.44767e-06
2.4113e-06
6.91509e-08
1.18637e-06
2.45526e-06
2.50683e-06
-4.67215e-07
-1.97762e-07
-3.28722e-06
-1.42225e-07
1.98689e-06
-1.84466e-06
-2.57839e-06
-1.23323e-08
-2.57794e-06
-4.51998e-10
2.59807e-06
-2.57932e-06
-1.87496e-08
2.57051e-06
2.75673e-08
-2.40742e-06
5.94819e-07
-8.1626e-07
2.21441e-07
-2.91189e-06
1.70626e-06
1.20563e-06
1.30146e-06
-2.61022e-06
1.30876e-06
-2.27873e-06
-2.11633e-07
-2.42867e-06
2.41658e-06
1.20817e-08
-2.52491e-06
2.4351e-06
8.98126e-08
-2.0173e-07
2.58407e-06
-2.38234e-06
-2.50685e-06
6.18341e-08
-2.78407e-06
3.47288e-06
-2.56631e-07
-2.25866e-06
-2.61735e-06
2.41562e-06
-2.05056e-06
-1.88072e-07
2.23863e-06
-1.91693e-06
2.55422e-06
1.62882e-08
-1.7457e-06
-4.6797e-07
5.18855e-07
-5.08845e-08
-2.37236e-08
9.43747e-08
-3.32131e-06
3.22694e-06
-1.85796e-06
-9.00463e-07
-2.58843e-06
2.53666e-06
5.17706e-08
-2.5489e-06
-3.95331e-08
-9.15371e-07
5.6927e-07
2.4068e-06
5.94241e-08
2.56646e-06
-4.2237e-07
2.54717e-06
-2.54485e-06
-2.31652e-09
-6.69383e-09
-2.36015e-06
2.36684e-06
2.66812e-06
-1.91216e-06
-3.21565e-08
2.63898e-06
1.49417e-06
-4.13315e-06
2.6142e-06
-2.6142e-06
4.06971e-07
2.37488e-06
-9.22828e-07
-1.63505e-06
-2.08553e-06
2.51414e-06
-4.28617e-07
-2.75471e-07
-2.24944e-06
2.40867e-06
-2.41537e-06
-2.30607e-06
3.76821e-08
2.26839e-06
4.42861e-07
-2.33841e-06
1.89555e-06
-2.42141e-06
2.39585e-06
2.55667e-08
1.54837e-06
1.11975e-06
-7.54842e-08
-3.92486e-07
-1.45767e-06
-1.45422e-06
-5.62261e-07
-2.58565e-06
2.64077e-07
-2.39289e-06
2.16844e-06
4.54047e-07
-2.01021e-06
-2.26094e-06
2.10377e-07
-2.30703e-06
1.33873e-06
2.61774e-06
-2.12776e-06
-4.89986e-07
4.46353e-07
2.10003e-06
-1.84745e-06
-8.75725e-07
-2.55928e-06
2.55928e-06
2.56192e-06
-2.46429e-06
-9.76374e-08
1.46715e-07
-2.42544e-06
-2.04973e-06
2.31752e-06
-2.67794e-07
-8.10668e-07
3.74595e-07
2.38595e-06
-2.3977e-06
1.17569e-08
2.50981e-06
2.68504e-08
2.53365e-06
2.82767e-08
3.82535e-06
-2.44112e-06
-6.57345e-08
-2.14218e-06
1.7586e-06
2.40303e-06
4.16863e-08
2.52655e-06
-2.51306e-06
-1.34895e-08
-2.23485e-08
-3.50384e-08
2.64848e-07
-2.16695e-06
1.9021e-06
-7.5016e-08
-3.31709e-06
7.93514e-07
1.76431e-07
-2.22616e-06
-2.41544e-06
2.37843e-06
3.70095e-08
2.40911e-06
-2.15517e-07
-1.12318e-06
-1.49604e-06
-3.37718e-06
2.4999e-07
-1.35614e-06
-4.0157e-07
1.14492e-08
2.48149e-06
-2.21013e-06
-2.37861e-06
-2.3822e-06
6.22578e-08
2.31995e-06
3.36211e-06
4.7762e-07
1.93946e-06
9.68543e-07
2.34605e-06
-1.04458e-06
2.44807e-06
-1.39047e-07
5.62569e-06
-4.13152e-06
-3.84804e-06
-1.23411e-06
-1.32011e-06
-3.15256e-08
2.61207e-06
-2.44745e-06
-1.64615e-07
2.47736e-06
5.62842e-08
2.86446e-07
-2.37197e-06
-1.75995e-06
2.0248e-06
2.39969e-06
2.11575e-08
1.88036e-06
8.3213e-07
2.51805e-06
9.402e-08
2.51647e-06
-2.48049e-06
-3.59796e-08
-1.1355e-06
-1.59707e-06
-1.13649e-07
2.31618e-06
4.29824e-08
-2.66829e-06
2.08637e-06
-1.64351e-06
-3.56994e-08
5.21859e-08
2.03817e-06
-2.21095e-06
1.72777e-07
3.73295e-07
2.14085e-06
3.4123e-06
-3.31792e-06
1.18784e-06
1.50099e-06
-2.40868e-06
2.38119e-06
2.74888e-08
-5.51683e-08
-1.40224e-06
7.70158e-07
6.32078e-07
-2.55632e-08
2.61619e-06
-2.61619e-06
2.9634e-06
-1.72004e-06
-1.24336e-06
-2.1622e-06
-3.67474e-07
1.82569e-06
8.64878e-07
2.50447e-06
1.35834e-08
-2.36015e-06
2.34155e-06
1.50969e-08
-2.35665e-06
1.91568e-06
2.66829e-06
-2.6513e-06
6.70169e-08
3.11454e-06
-2.76111e-06
2.40991e-06
-2.56251e-06
2.39584e-06
-5.42896e-08
2.16213e-06
-2.34097e-06
2.32896e-06
1.20093e-08
1.0801e-07
1.87971e-06
-1.98772e-06
-2.12798e-06
1.75873e-06
-1.58912e-07
2.22412e-06
3.04769e-07
-2.18701e-08
-2.06055e-06
-3.59038e-07
-3.08899e-06
1.95349e-06
5.03036e-09
-2.34787e-06
-2.49878e-06
-1.18573e-07
3.34446e-06
-1.80357e-06
2.39738e-08
-4.33276e-07
2.66019e-06
-2.22691e-06
-1.13626e-06
-2.65978e-07
2.33127e-06
-2.35588e-06
2.46039e-08
-2.40991e-06
2.39314e-06
1.0381e-06
1.48053e-06
-2.51864e-06
2.50357e-06
-4.65403e-07
2.06494e-07
2.22758e-06
2.45776e-06
2.42047e-07
2.68189e-07
3.2663e-07
-2.61771e-06
5.76197e-08
-2.07612e-06
2.36257e-06
-1.20347e-06
1.45346e-06
2.21835e-07
-2.1815e-06
1.95967e-06
-1.8377e-08
4.35831e-08
-2.17481e-06
-2.47717e-06
2.43132e-06
4.58466e-08
-2.37412e-06
2.46362e-07
1.55252e-06
1.41089e-06
-1.33608e-06
2.73814e-06
-1.40205e-06
2.74696e-06
-2.56411e-06
-1.8285e-07
6.96772e-08
1.68905e-06
-2.35716e-06
-2.50392e-08
2.39243e-06
3.4156e-09
1.18073e-06
-4.10576e-07
3.04501e-06
-2.73824e-06
2.17659e-06
3.3812e-07
1.36619e-07
-2.42867e-06
3.68115e-07
3.63723e-08
-2.11249e-06
2.7113e-06
-2.1927e-06
2.21024e-06
-1.34402e-07
-2.10462e-06
2.23903e-06
-2.38119e-06
2.48049e-06
-2.94882e-08
-3.60721e-06
2.90014e-07
-1.57509e-08
2.33587e-06
4.53212e-08
-2.20307e-06
-2.42089e-06
2.41116e-06
9.73458e-09
2.90185e-06
-1.68795e-06
-1.21391e-06
-2.03034e-06
-1.829e-07
2.21323e-06
-5.27692e-09
-2.39019e-06
5.15067e-08
-2.59727e-07
2.55635e-06
-2.29662e-06
-2.34333e-06
2.35508e-06
-3.40265e-06
-4.95811e-07
-3.28995e-06
3.20721e-06
8.27376e-08
1.8755e-06
9.52419e-07
2.19526e-06
1.97795e-07
-2.39305e-06
2.33425e-06
-9.54936e-08
1.87995e-06
9.3797e-07
-1.66801e-06
5.31754e-07
-2.36141e-06
2.04962e-06
-2.3325e-06
-3.16898e-06
3.15755e-06
1.14304e-08
2.85946e-06
-2.29567e-06
2.33603e-06
-7.07423e-09
1.43943e-07
-2.17878e-06
2.03484e-06
-3.522e-08
-3.13376e-06
2.83032e-06
-2.83032e-06
-1.28979e-06
2.42864e-06
-1.13885e-06
-2.33694e-06
2.33694e-06
2.39094e-06
-2.11333e-06
-2.77611e-07
2.21778e-06
5.28075e-07
2.4902e-06
-2.04384e-06
2.46404e-06
-2.75991e-08
-1.92611e-06
-3.08779e-07
2.23489e-06
-3.13056e-06
3.14135e-06
-1.07903e-08
2.89361e-06
-1.74249e-06
-1.15111e-06
4.21823e-07
2.06837e-06
-3.16333e-06
3.14741e-06
1.59107e-08
-9.33157e-10
-2.3236e-08
3.12154e-06
-3.09831e-06
-3.15155e-06
3.15155e-06
-3.74678e-08
2.36874e-06
3.38305e-06
-3.15301e-06
-2.3004e-07
-3.16538e-06
3.14214e-06
3.1624e-06
-3.1464e-06
-1.6001e-08
-2.30381e-06
-5.20648e-08
2.69592e-06
-3.622e-08
3.14165e-06
-3.10543e-06
3.1426e-06
-3.14855e-06
5.95279e-09
-2.37652e-06
3.12613e-06
-4.58923e-09
-2.41831e-06
2.39687e-06
2.14403e-08
-3.12557e-06
3.13698e-06
-1.14085e-08
2.39412e-06
-2.33186e-06
-3.157e-06
3.12078e-06
2.42204e-06
-7.71045e-07
1.15285e-06
1.50734e-06
-1.74898e-06
-1.34001e-06
-3.14607e-06
3.14607e-06
-3.16049e-06
-4.88264e-09
2.92553e-06
-5.36901e-07
-2.38863e-06
-2.05953e-06
1.39945e-06
7.88035e-08
3.13122e-06
-3.14099e-06
9.77037e-09
2.30451e-06
-2.30346e-06
-1.04769e-09
3.22877e-06
-3.14479e-06
-8.39796e-08
3.11474e-06
1.64778e-08
3.10904e-06
3.26165e-08
-6.53687e-09
-2.3304e-06
-2.88041e-06
1.58544e-06
1.29497e-06
-2.3271e-06
2.3422e-06
3.12474e-06
-9.99198e-09
3.27674e-07
2.12039e-06
1.68074e-06
-6.42637e-07
-3.15253e-06
-4.47441e-09
2.5706e-06
1.52467e-06
-2.5984e-06
-3.97043e-07
-3.21016e-06
2.34728e-06
-2.36177e-06
1.449e-08
-1.08967e-07
-3.18098e-06
2.44398e-06
-2.73954e-08
2.71553e-06
-1.85682e-06
-8.58716e-07
-2.35174e-06
3.12956e-06
-3.12956e-06
2.24172e-06
3.11494e-08
-2.27287e-06
2.41158e-06
-3.13617e-06
3.13202e-06
4.15086e-09
3.11376e-06
-3.14397e-06
3.02162e-08
1.97788e-06
-2.62121e-06
-8.44779e-09
-3.11407e-06
3.12252e-06
3.10686e-06
-3.11531e-06
-1.03273e-07
3.31048e-06
-2.48365e-06
2.6928e-06
-2.81849e-06
1.95576e-06
-4.95085e-08
3.20706e-06
2.69275e-07
1.38799e-06
2.93285e-08
2.8962e-06
-8.66627e-09
2.50603e-06
-2.49737e-06
-2.15224e-08
-3.1436e-06
-1.97241e-08
2.58264e-06
-2.59574e-07
-2.32307e-06
-3.12274e-06
3.12274e-06
1.83073e-06
-1.57529e-06
-3.14862e-06
3.1403e-06
8.31322e-09
2.40521e-06
-2.40521e-06
2.34014e-06
-3.56313e-08
3.12702e-06
-3.13205e-06
5.03265e-09
-3.01964e-06
8.25578e-07
2.23581e-09
-2.32297e-06
2.32074e-06
2.51914e-06
-2.10213e-08
3.13339e-06
2.90036e-08
1.9012e-06
3.24097e-07
-2.22529e-06
3.14314e-06
-1.70015e-08
2.44367e-06
-2.44367e-06
3.1232e-06
-3.11225e-06
-1.0948e-08
-2.38942e-06
2.37093e-06
1.8489e-08
3.14696e-06
-3.13747e-06
-9.49579e-09
-3.12799e-06
3.12799e-06
4.68315e-07
2.19139e-06
7.4149e-08
-2.26554e-06
-3.14887e-06
3.14062e-06
8.25334e-09
-1.18181e-08
-2.35889e-06
2.34514e-06
2.14007e-09
2.92609e-06
-5.50494e-07
-2.37559e-06
2.02226e-06
3.11526e-06
-3.12389e-06
8.63706e-09
2.40895e-06
2.57091e-06
3.62339e-08
2.20548e-06
3.1945e-06
-6.11074e-08
3.10488e-06
1.03739e-08
2.28593e-06
-2.28593e-06
-1.20347e-06
3.15928e-06
-3.13436e-06
-9.60716e-09
3.13289e-06
-3.12113e-06
-1.17573e-08
6.16608e-08
-3.19248e-06
3.13082e-06
3.289e-07
-3.15922e-06
-3.14317e-06
3.13771e-06
5.45899e-09
2.26943e-06
-2.268e-06
-1.43013e-09
2.39094e-06
-2.11005e-06
2.11005e-06
3.11125e-06
-6.36519e-09
-2.33245e-06
-2.17878e-06
2.19526e-06
2.42135e-06
-2.55011e-08
-7.15413e-09
2.48179e-07
-3.08989e-06
3.13227e-06
-3.13337e-06
1.10549e-09
7.39996e-08
2.19543e-06
7.27252e-08
2.50991e-06
2.35733e-06
-1.71955e-08
-3.13629e-06
3.13255e-06
3.74344e-09
3.10856e-06
-3.11747e-06
8.91506e-09
-3.13326e-06
-1.53539e-08
3.12489e-06
-3.11659e-06
-8.30609e-09
2.35999e-06
4.5228e-08
3.12665e-06
1.36545e-08
-4.02507e-09
3.11981e-06
1.27392e-08
-4.85054e-10
-2.31213e-06
-3.16733e-06
3.35677e-08
-2.344e-06
2.344e-06
3.05277e-08
2.89556e-06
-2.38208e-06
4.55969e-07
1.66054e-08
3.126e-06
1.3092e-07
-2.25665e-06
2.12573e-06
2.20829e-08
3.12947e-06
2.986e-06
-3.25628e-06
2.35896e-06
8.47069e-08
3.10686e-06
-2.38095e-08
2.2152e-06
-2.27851e-06
1.05106e-08
2.24598e-06
-3.44784e-07
-3.11464e-06
3.11464e-06
-3.13125e-06
-1.76254e-08
2.11333e-06
-2.18917e-06
7.58414e-08
-3.12947e-06
2.30555e-06
-2.30332e-06
3.1251e-06
1.55178e-08
-3.12647e-06
-2.7829e-06
1.93818e-06
-3.14004e-06
3.13477e-06
5.27228e-09
2.13267e-06
2.01581e-07
2.32297e-06
1.39671e-08
-3.10444e-06
3.12591e-06
-2.14759e-08
-2.36077e-06
2.34002e-06
2.07439e-08
-3.11436e-06
9.92485e-09
2.3493e-06
-4.15545e-09
1.28722e-07
-2.42735e-06
2.29863e-06
3.11373e-06
-3.12763e-06
1.38987e-08
2.53299e-06
-2.65156e-06
3.11336e-06
-3.11301e-06
-3.47135e-10
-1.98742e-06
1.98742e-06
-2.44946e-06
2.44946e-06
-3.10975e-06
-4.61465e-09
-1.45346e-06
1.72274e-06
-3.11875e-06
3.11414e-06
4.60459e-09
2.45773e-08
3.12149e-06
1.94457e-06
-1.72274e-06
-1.94457e-06
2.05258e-06
2.06246e-06
-2.37124e-06
2.85311e-06
-1.68892e-06
-1.16419e-06
-3.12984e-06
-1.33242e-08
-4.49648e-07
-2.05258e-06
2.50223e-06
3.12588e-06
1.18309e-08
-2.36898e-06
2.19338e-06
3.13497e-06
-3.12861e-06
-6.36373e-09
-3.11642e-06
-2.34773e-06
2.3604e-06
-7.44668e-08
-8.40973e-09
3.13315e-06
3.11981e-06
-2.32074e-06
-3.1943e-06
-1.87593e-06
2.39305e-06
-5.17121e-07
-3.10275e-06
-1.1317e-08
3.11594e-06
3.86422e-09
1.81684e-06
-1.85705e-06
4.02035e-08
3.61305e-09
2.18917e-06
-2.27754e-06
8.83687e-08
1.44343e-06
1.45842e-06
-3.12845e-06
-1.15932e-08
-2.37094e-06
3.10224e-06
-3.09961e-06
-2.62397e-09
3.12465e-06
1.01189e-08
-3.13379e-06
3.13039e-06
3.39751e-09
2.39649e-06
2.35999e-06
-3.11024e-06
3.10335e-06
6.89104e-09
3.13218e-06
-3.13077e-06
-1.40758e-09
-2.33024e-06
2.35896e-06
3.10877e-06
-3.10877e-06
1.24954e-08
3.13492e-06
-1.9627e-06
-4.19381e-07
3.1152e-06
-1.475e-09
-3.99126e-07
2.12712e-06
-1.72799e-06
3.10727e-06
-3.10458e-06
-2.68613e-09
9.5628e-09
3.12e-06
3.10158e-06
-3.10439e-06
2.80806e-09
-3.13797e-06
-3.1266e-06
-1.88427e-06
2.74442e-09
3.12927e-06
-3.40822e-09
-3.11855e-06
3.12196e-06
-3.10896e-06
3.10213e-06
6.82857e-09
-3.12833e-06
-5.46316e-09
-2.36781e-06
-2.28777e-06
9.25402e-09
3.12508e-06
5.31297e-09
-3.10612e-06
3.10481e-06
1.3155e-09
-3.10824e-06
1.17771e-08
3.09646e-06
3.12741e-06
7.56662e-09
-3.11769e-06
-1.09171e-08
-2.2752e-06
-1.0725e-08
3.12588e-06
-3.12779e-06
1.90289e-09
3.10768e-06
-3.11109e-06
-3.11375e-06
3.10944e-06
4.30691e-09
3.10596e-06
-3.10345e-06
-2.51437e-09
2.34208e-06
1.91794e-09
3.12689e-06
5.29328e-09
-3.12249e-06
-8.28377e-09
-3.1339e-06
2.3604e-06
-3.10765e-06
3.10142e-06
6.2333e-09
2.06293e-06
-2.19733e-06
-3.09888e-06
3.11055e-06
-1.16707e-08
3.10854e-06
-3.11321e-06
4.666e-09
-7.71367e-09
-3.12528e-06
-3.04266e-09
-8.16202e-09
-2.75992e-06
1.95798e-06
-5.36903e-09
3.10768e-06
-5.1945e-09
-3.36889e-09
-3.12794e-06
2.65686e-09
1.19807e-06
2.62686e-06
-3.82493e-06
-6.47182e-07
3.12586e-06
2.54516e-11
-3.12e-06
5.83428e-09
3.11691e-06
-3.12182e-06
-5.96323e-09
-2.34986e-06
-3.13106e-06
3.1238e-09
1.10786e-08
3.11594e-06
-4.65453e-10
1.4903e-08
-3.07817e-06
3.06327e-06
3.13022e-06
-3.12863e-06
-1.5848e-09
-2.39175e-06
4.29049e-07
3.12419e-06
-3.11873e-06
-5.46406e-09
-3.12622e-06
-2.31853e-06
-1.22404e-07
3.10532e-06
-3.10285e-06
-2.4643e-09
1.64034e-08
-3.08109e-06
3.06469e-06
-3.12942e-06
3.12358e-06
5.84759e-09
-2.36636e-06
2.34643e-06
1.99241e-08
2.70229e-09
-3.12937e-06
-1.69595e-09
-2.38121e-06
4.94126e-07
1.88708e-06
-3.12531e-06
-4.10817e-09
3.12916e-06
1.06338e-09
-3.12402e-06
-4.61824e-09
-1.25711e-08
-3.12959e-06
2.23508e-10
-2.25105e-06
-2.59627e-07
2.51068e-06
1.79983e-06
1.31918e-08
-3.11691e-06
2.34744e-06
-7.42203e-09
-3.10519e-06
3.10519e-06
-6.01635e-09
3.12767e-06
1.48619e-09
-2.48766e-09
4.91446e-09
5.06594e-09
3.12885e-06
-1.17615e-09
1.8428e-09
3.12803e-06
-3.12805e-06
2.54657e-11
2.25763e-06
-2.25763e-06
-3.12158e-06
3.11484e-06
6.74375e-09
3.11041e-06
-3.10724e-06
-3.17608e-09
-4.42486e-09
3.1269e-06
1.94966e-09
3.12703e-06
9.94276e-10
-1.15762e-09
3.12724e-06
3.12431e-06
-3.12602e-06
1.70691e-09
-3.15447e-06
-3.1143e-06
-7.2798e-09
2.40796e-06
-2.95284e-08
3.12152e-06
2.78825e-09
2.60789e-08
3.12388e-06
-3.12044e-06
-3.44197e-09
-2.23158e-06
2.23158e-06
1.76579e-08
3.11033e-06
-3.10463e-06
3.10965e-06
-5.01388e-09
3.12322e-06
6.61642e-10
2.08199e-08
2.33651e-06
3.11953e-06
-3.11831e-06
-1.21487e-09
-3.09486e-06
-9.77032e-09
3.11086e-06
-3.1134e-06
2.54069e-09
3.1175e-06
2.0327e-09
3.12324e-06
3.79251e-09
-3.09007e-08
-3.08765e-06
-4.55648e-09
-2.75312e-07
-2.09666e-06
3.10585e-06
-3.10886e-06
3.0167e-09
9.25609e-08
2.16507e-06
3.11914e-06
-3.11619e-06
-2.95634e-09
-2.77567e-09
-5.40842e-08
-2.59146e-06
2.64555e-06
-2.25918e-06
2.28513e-06
-2.59474e-08
-3.09121e-06
3.09223e-06
-1.0118e-09
3.11551e-06
3.63076e-09
-3.10624e-06
-1.94026e-06
3.13833e-06
3.11677e-06
-3.11231e-06
-4.46007e-09
-3.11976e-06
3.11983e-06
-7.32237e-11
3.11092e-06
-3.10811e-06
-2.80854e-09
-3.03134e-07
-2.66843e-06
2.97156e-06
3.11354e-06
3.2354e-09
-3.09364e-06
2.42777e-09
3.11723e-06
-3.11325e-06
-3.98377e-09
2.34208e-06
-2.39815e-06
2.39815e-06
3.11606e-06
-3.11015e-06
-5.9073e-09
-6.06775e-09
3.11732e-06
-4.9181e-09
-2.3452e-06
3.11161e-06
4.44667e-09
-3.11946e-06
-5.85699e-09
-3.08883e-06
3.0905e-06
-1.67011e-09
3.11981e-06
1.70646e-09
5.31021e-08
3.08825e-06
-6.27167e-10
3.11697e-06
7.92472e-09
2.33535e-06
1.20892e-08
3.74138e-10
-3.09194e-06
3.11032e-09
2.37822e-07
8.72633e-09
1.00321e-07
3.10803e-06
-3.11093e-06
2.90584e-09
-3.08555e-06
3.08917e-06
-3.6192e-09
5.62465e-08
-2.339e-06
2.28275e-06
4.17983e-07
-2.43549e-06
2.0175e-06
8.89184e-07
2.20936e-06
-2.20936e-06
3.10581e-06
-3.10581e-06
-2.55094e-06
1.42047e-09
-3.11166e-06
2.38344e-06
3.11618e-06
7.04432e-09
-5.86572e-07
-1.09314e-06
1.67971e-06
-3.09011e-06
4.5594e-09
-3.09168e-06
-1.008e-07
1.32121e-06
-2.17932e-06
8.58112e-07
-2.13693e-09
2.12365e-08
3.08932e-06
6.73498e-09
2.34256e-06
-3.1207e-06
6.58828e-09
3.10805e-06
1.98271e-06
-2.4194e-06
4.36691e-07
2.01706e-06
-6.95843e-07
-3.90483e-09
-3.10505e-06
3.12122e-06
-3.09998e-06
-3.11216e-06
-3.08148e-06
3.07854e-06
2.93956e-09
7.2184e-10
3.11342e-06
3.10257e-06
3.24301e-09
2.83507e-06
-1.88248e-06
-9.52592e-07
-1.00174e-08
2.36898e-06
3.11254e-06
4.96037e-09
2.83441e-06
-3.13755e-06
2.12046e-08
3.08921e-06
-3.6831e-09
-3.10397e-06
-3.08514e-06
3.66582e-09
-2.2653e-06
6.11228e-09
2.38118e-06
-1.90949e-06
-4.71684e-07
3.097e-06
-3.09725e-06
2.48973e-10
-3.65133e-09
8.93913e-07
-1.25626e-06
-1.17608e-06
2.43234e-06
3.10284e-06
-3.1076e-06
4.75442e-09
2.46695e-06
-2.4358e-06
-7.82288e-09
2.36781e-06
-2.03297e-06
1.4464e-06
3.09969e-06
-3.10278e-06
3.09627e-09
3.11758e-06
-3.09637e-06
-2.33587e-06
7.82391e-08
-2.34466e-06
2.34122e-06
3.43957e-09
2.27754e-06
-2.33162e-06
4.9789e-08
3.08719e-06
-2.36781e-06
2.2933e-06
-8.35585e-08
3.11266e-06
-3.10889e-06
-3.77672e-09
2.42293e-06
-2.3144e-06
-1.08535e-07
3.10257e-06
-1.88162e-09
-3.10424e-06
-2.29516e-06
7.39442e-09
2.88032e-07
1.76266e-06
-2.05069e-06
-3.07754e-06
3.07418e-06
3.35623e-09
3.09759e-06
1.09491e-08
-1.96117e-06
-4.10072e-07
2.27182e-08
3.0882e-06
3.1074e-06
-3.11473e-06
7.32648e-09
3.10366e-06
-5.71405e-09
-3.0939e-06
-2.42177e-06
-4.09037e-07
3.10902e-06
6.49331e-09
3.30692e-06
-6.80055e-07
-1.90414e-08
3.10607e-06
-3.08703e-06
3.10453e-06
2.87585e-09
-3.08198e-06
4.44776e-09
-3.09065e-06
-2.2362e-08
-5.88974e-09
3.06445e-06
-3.05856e-06
4.0537e-09
3.10472e-06
3.118e-06
-3.09528e-06
-3.10805e-06
-1.05476e-08
2.37094e-06
-3.29176e-09
2.35065e-06
-1.19801e-07
-2.23085e-06
3.19111e-08
2.31874e-06
-3.06887e-06
3.06298e-06
-3.10754e-06
-6.76238e-09
1.97269e-06
4.08489e-07
-1.15788e-08
2.4033e-06
-2.39172e-06
-1.99123e-06
-1.66526e-06
1.95329e-06
-2.59633e-06
3.22367e-07
2.27396e-06
3.10336e-06
2.38868e-09
-3.10697e-06
3.10681e-08
3.09015e-06
3.09875e-06
-3.09922e-06
4.69291e-10
3.10552e-06
-3.09625e-06
-9.27028e-09
-3.10969e-06
2.10658e-09
-4.47778e-09
-2.34696e-06
2.35144e-06
4.74421e-10
3.10896e-06
-2.1563e-06
6.31771e-07
-3.1057e-06
3.10392e-06
1.7847e-09
-3.07321e-06
3.06952e-06
3.69066e-09
3.05736e-08
2.53588e-06
-2.46173e-06
1.86228e-06
-4.54346e-08
-1.63106e-08
3.10781e-06
-3.0915e-06
-2.77e-06
1.51374e-06
3.10228e-06
2.74852e-09
-3.1062e-06
3.10547e-06
8.06233e-09
-2.90158e-06
2.84571e-08
2.87312e-06
4.91815e-09
-3.07813e-06
3.0994e-06
-3.09615e-06
-3.25414e-09
-9.88951e-08
3.11785e-06
-3.01896e-06
-4.67876e-09
-6.38489e-07
2.9181e-06
-2.27961e-06
-2.33587e-06
-2.57912e-06
3.10135e-06
-1.66527e-09
2.74302e-08
3.09015e-06
3.02482e-06
3.13097e-06
-3.12907e-06
-1.89297e-09
8.79935e-10
-2.35236e-06
2.35148e-06
-3.10317e-06
3.10105e-06
2.11568e-09
6.30105e-08
-2.33821e-06
2.2752e-06
3.10726e-06
-3.10601e-06
-1.25188e-09
-2.40586e-06
2.39428e-06
3.09813e-06
-3.09573e-06
-2.39814e-09
8.71579e-09
3.09681e-06
-3.63195e-08
3.11458e-06
-3.10507e-06
2.9814e-08
-2.28935e-06
3.10501e-06
-3.10445e-06
-5.56297e-10
3.10344e-06
1.8094e-09
-3.10466e-06
3.08753e-06
6.51565e-09
-3.09404e-06
7.47924e-10
3.10538e-06
-3.09667e-06
-7.57187e-09
-2.35157e-06
2.35914e-06
1.66835e-06
-2.45382e-06
7.85476e-07
-5.1891e-07
-2.38267e-06
-2.28289e-06
-5.10977e-07
-2.00142e-06
-3.10158e-06
1.80169e-08
3.08357e-06
-2.36575e-06
2.35157e-06
1.41804e-08
-7.19576e-07
-1.90163e-06
-3.09989e-06
2.76754e-06
-3.0935e-06
3.09898e-06
-5.4865e-09
-2.58452e-06
2.56111e-07
2.32841e-06
2.47128e-06
-1.8984e-06
-5.72879e-07
-3.10442e-06
6.27554e-09
3.09815e-06
2.35573e-06
-2.32595e-06
6.5414e-09
3.09286e-06
-3.10472e-06
3.17529e-09
3.10202e-06
3.10147e-06
1.01414e-08
-5.25033e-10
-3.10387e-06
-1.01819e-08
-3.09552e-06
-3.09663e-06
2.35321e-06
-2.32475e-06
-1.32574e-08
6.63701e-07
2.05183e-06
-2.12021e-06
2.12021e-06
2.70916e-08
3.0909e-06
-3.51908e-06
-2.86314e-06
2.86402e-06
3.10574e-06
2.35125e-06
-2.33361e-06
-3.10105e-06
3.09087e-06
-2.62199e-06
2.685e-06
3.09883e-06
-3.09612e-06
-2.71411e-09
3.79891e-09
3.10205e-06
-3.13833e-06
2.36111e-06
-2.36868e-06
-3.10011e-06
5.24172e-09
1.16863e-06
3.10773e-06
-3.10395e-06
-3.77663e-09
-3.10569e-06
3.09899e-06
-3.09641e-06
-2.58443e-09
-3.09849e-06
-3.09084e-09
3.09181e-06
-3.08233e-06
-2.37017e-06
2.85e-06
3.09631e-06
-3.09531e-06
-9.94149e-10
-5.48252e-09
3.09301e-06
-2.36575e-06
2.05095e-06
-2.22219e-06
1.71231e-07
-3.8176e-06
3.8176e-06
3.10428e-06
3.10488e-06
-7.87954e-09
5.25128e-09
-3.10383e-06
3.11481e-06
-1.09822e-08
3.09805e-06
-3.09545e-06
-2.60348e-09
-2.5706e-06
2.44819e-06
9.66756e-09
3.0964e-06
-3.10435e-06
8.42706e-09
3.09593e-06
-3.09519e-06
3.10188e-06
-3.09773e-06
-2.3774e-06
-3.10178e-06
1.04245e-08
3.09136e-06
-2.38049e-06
-6.75784e-09
2.32313e-06
-2.34028e-06
1.71477e-08
3.09398e-06
-3.09659e-06
2.60702e-09
5.78342e-08
-3.10174e-06
3.09657e-06
5.17027e-09
3.10007e-06
-2.27336e-06
-2.25772e-06
-3.74397e-08
3.10377e-06
-3.10377e-06
-1.5738e-08
2.35782e-06
-3.10202e-06
3.09747e-06
-3.09487e-06
-2.59978e-09
3.10323e-06
-1.73706e-08
-3.09922e-06
-2.30785e-06
-2.83612e-07
-2.36886e-06
1.85325e-06
-2.07029e-06
2.17048e-07
-4.63233e-07
-2.00281e-06
2.46605e-06
3.09172e-06
-3.0835e-06
2.00805e-06
-2.339e-06
-6.74081e-09
-3.09768e-06
3.09915e-06
-3.09658e-06
-2.57325e-09
2.38111e-06
-2.39317e-06
-6.53782e-07
-4.33317e-07
1.0871e-06
-2.46935e-06
2.49005e-06
2.38973e-06
-2.35782e-06
-9.29771e-09
-2.31751e-06
2.3268e-06
-1.18443e-08
-2.29944e-06
2.31128e-06
7.77748e-09
-2.41178e-06
2.404e-06
2.20978e-08
-2.4212e-06
2.3991e-06
1.13302e-08
-2.37158e-06
2.36025e-06
-4.21937e-09
-2.32161e-06
2.32583e-06
-4.40637e-09
-2.31977e-06
2.32417e-06
1.39493e-06
-9.40065e-07
-4.54862e-07
2.05882e-06
1.52611e-08
3.09255e-06
2.26816e-06
-2.28265e-06
1.44979e-08
7.28501e-09
-3.09791e-06
3.09062e-06
3.10599e-06
-3.10599e-06
3.06484e-06
-5.15048e-10
-3.06432e-06
-1.04609e-08
-3.09059e-06
3.09724e-06
-3.09453e-06
-2.70448e-09
-1.92524e-06
-2.52752e-06
-5.70057e-08
2.03004e-06
3.92891e-07
3.10354e-06
-3.09926e-06
-4.27914e-09
-2.36235e-06
2.45611e-06
1.03389e-08
3.09504e-06
-1.70364e-06
-1.06637e-06
2.37664e-08
2.22282e-06
-2.24659e-06
-1.5874e-06
-2.69647e-07
-5.32599e-07
-3.28953e-07
8.61553e-07
2.33147e-06
2.33181e-06
2.43337e-06
2.43367e-06
2.41673e-06
2.38465e-06
-1.09536e-08
-2.33681e-06
2.34777e-06
2.33871e-06
-3.35532e-09
-9.19868e-07
3.09825e-06
-3.09096e-06
-7.6918e-08
2.49254e-06
-3.10739e-06
-2.12084e-06
2.62427e-06
3.06104e-06
2.25378e-09
-3.06329e-06
3.11009e-06
-6.31844e-09
-3.10337e-06
1.1209e-08
3.09216e-06
-2.34022e-06
-2.34696e-06
2.34631e-06
-2.35727e-06
-2.1353e-06
2.57758e-06
-4.42282e-07
-5.56817e-09
-3.09621e-06
1.61915e-06
-2.01827e-06
5.11246e-09
-3.10126e-06
-3.09757e-06
-8.23711e-07
-1.20926e-06
-3.09204e-06
-5.86867e-09
2.37415e-06
7.41145e-07
1.80809e-06
3.09422e-06
-3.09183e-06
-2.39075e-09
2.35765e-06
-1.56055e-06
-7.97106e-07
-1.1233e-06
5.90702e-07
-1.30255e-06
2.81629e-06
-1.12864e-06
2.34573e-06
-1.21709e-06
1.07417e-09
3.10177e-06
-3.0805e-06
3.09638e-06
-3.09819e-06
1.80503e-09
-1.75342e-06
7.47209e-07
1.00621e-06
-1.03016e-08
-2.33619e-06
2.34649e-06
3.24281e-06
-1.4343e-06
-1.80851e-06
2.22472e-09
3.06262e-06
-6.74302e-07
-1.07912e-06
-2.26286e-06
2.28663e-06
1.93133e-06
1.27484e-07
-2.25248e-06
-4.72308e-09
-2.33908e-06
2.3438e-06
2.41532e-06
-2.34132e-06
-1.43767e-06
-5.45903e-07
1.98358e-06
-3.0917e-06
3.09259e-06
-8.94239e-10
-2.28522e-06
2.31504e-06
3.09504e-06
-3.09705e-06
-2.06939e-06
-5.0817e-08
-3.11818e-06
3.10642e-06
-1.61437e-06
2.32945e-09
3.09665e-06
2.70014e-06
-1.49223e-06
-1.20791e-06
2.28444e-06
-4.31198e-07
2.5542e-06
-3.31373e-07
2.34281e-06
-2.35312e-06
3.0909e-06
-3.09099e-06
8.61149e-11
2.34478e-06
-2.3495e-06
2.84127e-09
-3.08926e-06
3.08641e-06
-1.30281e-06
-3.1156e-07
7.36217e-09
-2.37753e-06
-3.09803e-06
4.39028e-09
2.06939e-06
-2.18966e-06
1.20266e-07
-3.35862e-07
2.53129e-06
-1.1181e-08
-2.29667e-06
2.32999e-06
2.322e-08
3.09429e-06
-3.09229e-06
-2.00154e-09
3.76218e-09
3.09881e-06
1.5715e-06
-2.33974e-06
2.3471e-06
1.52202e-06
-8.91137e-09
-3.09446e-06
-1.18158e-06
-9.0446e-07
2.08604e-06
-2.23744e-06
-2.0277e-08
2.10595e-06
-1.8984e-06
-2.07547e-07
-4.22566e-07
2.45231e-06
-2.02975e-06
3.0963e-06
-3.0939e-06
-2.39571e-09
4.1515e-09
3.09468e-06
2.02984e-08
2.35909e-06
-2.37939e-06
2.02464e-09
-3.09814e-06
-2.31675e-06
2.32415e-06
3.09517e-06
-3.09861e-06
3.44262e-09
3.11009e-06
-1.31615e-08
-2.16185e-06
-9.48618e-08
2.25671e-06
-3.11625e-06
-1.22461e-09
2.96612e-08
-2.37432e-06
-3.17507e-06
3.0939e-06
-3.09106e-06
-1.98542e-06
4.26528e-09
-7.53311e-09
-3.09285e-06
3.09444e-06
3.61337e-09
-3.22797e-06
4.88385e-10
-3.09593e-06
-1.3896e-07
-1.74009e-06
6.46951e-07
-3.10263e-06
3.10263e-06
-1.95527e-06
2.38773e-06
-4.32466e-07
3.10854e-06
-1.85434e-06
2.31196e-06
-4.57617e-07
-1.99954e-06
2.42017e-06
-4.20628e-07
-2.32203e-06
-3.43246e-08
2.3928e-06
-2.35848e-06
-2.01684e-06
1.9596e-06
-5.13195e-07
3.09854e-06
-3.10262e-06
4.08068e-09
3.09803e-06
-3.10211e-06
4.08031e-09
3.09591e-06
-3.10029e-06
4.38489e-09
-3.39829e-09
-3.09834e-06
-1.8614e-06
2.3496e-06
-4.88205e-07
3.09687e-06
-3.09448e-06
-2.38945e-09
3.09594e-06
4.36933e-07
-2.48078e-06
3.09417e-06
3.299e-09
-3.09558e-06
7.11953e-10
7.28192e-07
3.09546e-06
-3.09805e-06
2.59488e-09
6.41635e-08
2.32557e-06
-2.38973e-06
-2.27419e-06
-1.10378e-08
2.28522e-06
-3.10214e-06
-3.09538e-06
3.09139e-06
3.98756e-09
2.35876e-06
-2.3291e-06
-3.09772e-06
3.09386e-06
3.86279e-09
-2.29287e-06
2.19794e-06
9.49262e-08
-3.09809e-06
3.09434e-06
3.75715e-09
3.10294e-06
-3.09918e-06
-3.75793e-09
-2.3211e-06
2.34139e-06
-2.50167e-06
-1.34988e-06
-2.54341e-06
-5.28706e-07
2.55616e-06
-2.02746e-06
3.09139e-06
-8.69818e-09
-3.08704e-06
-2.33821e-06
2.42088e-09
-3.0991e-06
3.09668e-06
-2.47204e-06
2.35224e-06
4.96313e-09
3.10005e-06
3.09343e-06
3.81048e-09
-3.09532e-06
7.86985e-10
-2.44729e-07
-8.78572e-07
-2.36674e-06
2.33242e-06
-2.46383e-06
4.27088e-07
2.03674e-06
-8.27863e-07
-9.12231e-07
-2.35236e-06
2.45496e-06
3.80113e-07
7.45006e-10
3.09242e-06
-3.09317e-06
2.33162e-06
-2.3428e-06
-3.10069e-06
3.1157e-06
-3.10679e-06
-7.75602e-07
-6.53205e-07
1.42881e-06
-2.20731e-06
-8.20335e-08
-3.11728e-06
5.02481e-09
-8.26291e-08
-2.34032e-06
2.33619e-06
4.1325e-09
2.56186e-06
-2.43117e-07
3.09719e-06
-3.09435e-06
-2.84405e-09
3.09308e-06
1.14334e-09
-3.09491e-06
3.07619e-09
3.09543e-06
-3.09645e-06
1.01882e-09
-2.47557e-09
1.73215e-09
-3.10852e-06
-2.28663e-06
-4.92425e-08
8.89922e-08
-2.55372e-06
-1.62613e-08
3.10716e-06
-3.13793e-06
-9.12246e-10
-3.08834e-06
-2.53299e-06
2.45607e-06
4.69671e-10
2.26769e-06
-2.34113e-06
2.33908e-06
2.04738e-09
-2.01716e-06
-4.18327e-07
2.36732e-06
2.22416e-06
-2.31902e-06
3.09441e-06
-3.09383e-06
-2.39546e-06
2.34202e-06
-2.07949e-06
-1.09558e-06
3.09343e-06
-2.02747e-09
-3.09438e-06
2.83441e-06
-2.3618e-06
3.12745e-07
2.04906e-06
4.86895e-07
-2.36938e-06
3.72195e-07
3.01973e-08
4.02695e-07
-2.45778e-06
2.05508e-06
4.70569e-07
-2.89076e-06
2.42019e-06
3.09361e-06
2.68973e-09
-2.98067e-09
-3.09427e-06
3.84414e-07
-2.42652e-06
2.04211e-06
-3.09479e-06
8.87021e-10
3.20913e-08
2.30913e-06
-2.62692e-06
-2.59748e-06
3.60036e-07
-2.14295e-06
2.33681e-06
-2.34449e-06
7.67606e-09
-9.98082e-09
-3.0928e-06
1.08761e-08
3.08737e-06
-1.80573e-06
-1.72709e-06
2.35074e-06
-2.35074e-06
-2.27419e-06
-2.21835e-06
-2.36235e-06
-3.07834e-06
-7.08461e-09
3.08542e-06
-2.15286e-06
-2.14953e-07
4.38548e-07
2.03521e-06
-2.47375e-06
4.63672e-07
1.93603e-06
-2.3997e-06
4.23963e-07
-2.51947e-06
2.09551e-06
2.2646e-06
2.45682e-06
-2.01989e-06
2.44819e-06
2.5714e-06
-2.26366e-06
2.27806e-06
-2.36069e-06
3.09675e-06
-3.09431e-06
-2.44006e-09
-2.99805e-06
-2.34231e-06
3.09315e-06
3.72665e-09
-3.09484e-06
3.57681e-10
3.09308e-06
-1.37089e-07
3.0938e-06
-3.09696e-06
3.16029e-09
3.09909e-06
-3.08625e-06
5.10398e-08
-1.91986e-06
1.86882e-06
1.94316e-09
2.37916e-06
2.18328e-08
2.54957e-06
2.62602e-06
-2.23478e-06
-1.87511e-06
-4.86698e-07
1.57322e-07
2.12712e-06
-2.3966e-06
-3.09598e-06
3.09617e-06
-1.97267e-10
2.40586e-06
-2.45607e-06
5.02123e-08
-2.45204e-06
4.34884e-07
-3.3538e-06
4.67521e-07
2.88628e-06
3.09742e-06
1.47245e-06
2.05324e-06
3.09964e-06
-3.09964e-06
-1.0805e-06
3.78007e-09
2.32557e-06
-2.37013e-06
1.01828e-08
2.35995e-06
-3.0946e-06
-3.09881e-06
3.09313e-06
4.0564e-09
-3.09441e-06
6.87416e-11
3.09024e-06
-9.36003e-11
-3.09648e-06
-2.41705e-06
2.15886e-08
2.41116e-06
-2.02674e-06
-1.84871e-06
2.26898e-06
-3.10274e-06
2.51266e-06
-2.02577e-06
2.4213e-06
-2.0186e-06
2.48984e-06
-2.01928e-06
-3.40714e-09
3.09507e-06
-3.10746e-06
2.36408e-06
-2.33199e-06
-2.27512e-06
2.27559e-06
-3.08804e-06
-1.44673e-09
3.08949e-06
5.1031e-07
2.35371e-06
-6.37623e-09
-3.09284e-06
4.13442e-08
2.30991e-06
-1.48835e-06
1.14148e-06
3.46871e-07
-2.34032e-06
2.43427e-06
-1.99573e-06
2.45195e-06
-1.98828e-06
2.45339e-06
-2.02942e-06
2.34762e-06
2.78568e-08
-2.62534e-06
3.13755e-06
-3.00675e-06
-3.47051e-07
2.35269e-06
-2.35269e-06
2.07832e-06
-3.15664e-07
-1.44114e-06
1.12958e-06
2.04152e-06
4.10796e-07
3.09371e-06
3.04491e-09
3.12407e-06
-3.10278e-06
-2.12924e-08
-3.09463e-06
3.17148e-10
-3.09684e-06
3.09274e-06
-3.09527e-06
2.52552e-09
-2.34625e-06
2.87465e-08
-2.34348e-06
4.40422e-08
-2.34754e-06
-6.42417e-08
-2.32853e-06
-9.26747e-08
-2.41788e-06
4.63069e-08
-2.38268e-06
6.1073e-08
-2.37689e-06
5.71195e-08
-4.25863e-09
3.09172e-06
-3.08746e-06
-3.0969e-06
4.95616e-09
-6.70565e-09
3.1168e-06
3.09304e-06
-3.09677e-06
3.72895e-09
-2.81829e-06
5.35402e-07
-4.77891e-09
1.981e-06
8.04455e-08
-2.48895e-06
2.4085e-06
-2.69928e-06
1.71766e-07
3.09841e-06
-3.09586e-06
-2.09294e-06
2.22043e-06
1.96317e-09
-3.09794e-06
3.0894e-06
4.49678e-09
2.34593e-06
-2.34593e-06
-2.26286e-06
1.4441e-06
2.08615e-06
6.19291e-10
-3.09161e-06
-2.34113e-06
-1.38604e-08
-1.50851e-06
5.59851e-06
-4.09e-06
-1.83316e-06
-2.26608e-06
4.09924e-06
-3.09126e-06
3.09125e-06
1.09758e-11
2.35383e-06
-2.35189e-06
2.28202e-06
-2.26019e-06
-2.3438e-06
2.34422e-06
-4.19317e-10
2.15671e-06
-2.10567e-06
7.96665e-07
-7.62892e-07
-3.37728e-08
-2.53359e-06
1.99977e-07
-4.33789e-07
2.31017e-06
-2.0422e-07
3.20616e-10
-2.6996e-06
3.0909e-06
8.45587e-10
-3.09314e-06
2.39067e-06
2.41768e-06
2.344e-06
-1.66748e-06
1.45812e-06
-2.13146e-06
3.09566e-06
-3.09446e-06
-4.33186e-07
-2.01886e-06
-7.72565e-09
-3.18202e-06
3.64954e-06
1.96712e-06
4.30021e-07
-2.39714e-06
-4.01018e-06
3.09837e-06
2.34236e-06
-2.27949e-06
-3.08926e-06
-3.0918e-06
3.09585e-06
-4.04829e-09
2.45611e-06
2.18381e-06
-2.22925e-06
-2.01039e-06
2.36104e-06
-3.50658e-07
-1.37688e-08
3.07481e-06
3.09258e-06
-3.09505e-06
2.47606e-09
-6.21597e-09
-2.52767e-06
2.54311e-07
-2.32655e-06
-1.37341e-08
-1.49162e-09
-1.25187e-09
-1.14637e-09
-1.1491e-09
-1.47871e-09
-1.71232e-09
-1.232e-09
-1.26787e-09
-1.49616e-09
2.44821e-09
3.10615e-06
1.79291e-08
-2.39905e-06
3.01954e-08
-2.34449e-06
2.31902e-06
-2.38028e-06
-3.09507e-06
3.09435e-06
-7.40293e-09
3.09393e-06
2.14938e-06
4.06784e-07
-5.56269e-08
2.42663e-06
-1.82417e-06
-2.39428e-06
2.85325e-08
4.88047e-07
-2.92712e-06
3.42129e-07
-2.04004e-06
1.69791e-06
3.59722e-07
-2.39214e-06
2.03242e-06
3.43509e-07
-2.31412e-06
1.97061e-06
5.82809e-07
-2.78588e-06
2.86729e-07
-2.18906e-06
1.90234e-06
8.87655e-07
-2.48472e-06
1.44743e-08
-2.38248e-06
4.2721e-07
-6.87676e-10
3.09923e-06
-2.29339e-06
4.39048e-07
-9.09367e-10
3.09894e-06
-3.09528e-06
-2.41917e-06
4.19626e-07
-3.09573e-06
1.0158e-09
3.09489e-06
-3.09406e-06
4.25688e-07
-2.4285e-06
-2.32633e-06
-2.32499e-06
-2.3261e-06
-2.31879e-06
-2.37204e-06
-2.37067e-06
-2.3494e-06
2.67107e-06
-1.88559e-06
3.09617e-06
-3.09444e-06
2.3416e-06
6.07332e-07
-2.52426e-06
2.28109e-06
-2.28587e-06
-3.0891e-06
-4.97813e-07
2.32351e-06
-4.92523e-07
2.5793e-06
-2.63222e-08
-3.03447e-08
-3.69067e-08
-4.04888e-08
7.54515e-08
-2.49492e-06
6.71826e-08
-2.4953e-06
9.62901e-08
-2.53607e-06
-3.0873e-06
-3.08688e-06
9.44555e-11
3.0913e-06
3.1925e-09
3.09067e-06
-2.03712e-06
-2.35833e-06
1.31262e-08
-2.38638e-06
3.86536e-08
-2.39677e-06
3.78827e-08
-2.39288e-06
4.11428e-08
-2.40726e-06
3.07448e-08
-2.39865e-06
3.72416e-08
-2.40542e-06
2.42303e-08
2.36463e-06
6.26242e-08
-2.42725e-06
3.09135e-06
-3.09387e-06
5.33758e-09
3.089e-06
-8.43463e-08
2.63061e-10
-2.39343e-06
-2.30192e-06
-3.09411e-06
2.31186e-09
3.09208e-06
3.76963e-09
7.40603e-09
2.34825e-06
-2.35566e-06
8.27502e-08
-8.16513e-08
2.27959e-06
2.85074e-06
-7.34484e-10
-2.27502e-06
-7.63329e-09
-2.31127e-06
-3.41038e-08
2.34537e-06
2.62521e-06
-4.76312e-08
3.08984e-06
-3.09892e-06
9.08169e-09
4.67711e-07
-1.77847e-06
-4.78175e-07
-2.44357e-06
-2.4583e-06
4.31936e-07
-2.28739e-06
4.25992e-07
1.46316e-06
3.29565e-07
-2.64662e-06
-6.42525e-09
1.99273e-06
4.4465e-07
-2.43738e-06
-2.44605e-06
3.32335e-07
2.11372e-06
1.96134e-06
4.26388e-07
2.02275e-06
4.30633e-07
2.02587e-06
4.26082e-07
1.87497e-06
4.36992e-07
2.00666e-06
4.2761e-07
2.0031e-06
4.1707e-07
1.98841e-06
4.22751e-07
4.27045e-07
-2.45379e-06
-3.09727e-06
-1.82566e-09
-3.09913e-06
-4.69819e-09
-2.34223e-06
3.648e-07
1.97743e-06
-1.98181e-06
-1.90286e-06
3.88467e-06
3.09485e-06
-2.77133e-09
-3.15868e-09
-3.09215e-06
3.09468e-06
-3.11425e-06
3.99812e-08
3.07427e-06
-1.94272e-06
-2.82577e-07
3.09621e-06
-3.09315e-06
2.24817e-07
-3.40684e-06
1.93608e-06
4.13525e-07
2.32354e-06
2.1973e-06
3.52272e-07
2.42116e-06
-3.79645e-07
7.15256e-08
-2.21577e-06
2.14424e-06
-2.36905e-06
3.69453e-07
-2.41827e-06
2.04881e-06
-3.16769e-08
2.35419e-06
-4.29108e-08
2.33905e-06
6.49498e-08
2.34016e-06
5.89432e-08
2.30886e-06
5.13814e-08
2.3797e-06
-5.38777e-08
2.376e-06
-5.18255e-08
2.3573e-06
6.78142e-09
2.28856e-06
-3.42889e-09
-2.3436e-06
1.70583e-08
2.67712e-08
3.10056e-06
-3.09883e-06
-2.34094e-06
1.98447e-08
1.39599e-08
1.9846e-06
-2.39266e-06
4.0806e-07
-2.05235e-06
2.2694e-06
-4.70628e-09
-2.74002e-06
3.69889e-07
2.18849e-06
3.17545e-07
3.0918e-06
-3.09435e-06
2.54879e-09
-3.09371e-06
3.09371e-06
2.42967e-06
-4.62547e-07
-2.36732e-06
4.09892e-08
-2.3777e-06
5.2715e-08
-2.37804e-06
5.19466e-08
-2.35001e-06
3.12153e-08
-2.41045e-06
3.84128e-08
-2.41324e-06
4.25714e-08
-2.38153e-06
3.21294e-08
-2.35119e-06
2.20866e-08
-5.71525e-09
-3.1028e-06
1.23269e-08
3.09119e-06
3.65994e-09
-3.10949e-06
2.30347e-06
-2.25635e-06
1.74315e-06
-4.30763e-07
2.32202e-06
1.9378e-08
-2.12145e-06
2.03159e-06
-2.30124e-06
3.09612e-06
2.15683e-06
-1.75836e-07
1.55219e-06
-2.09885e-06
-2.24659e-06
3.56643e-06
-3.34162e-06
2.02321e-06
-2.43642e-06
4.13205e-07
-2.42267e-06
4.26949e-07
3.0825e-06
-3.09627e-06
-2.41506e-06
4.26779e-07
-2.46236e-06
4.32935e-07
2.01266e-06
4.08496e-07
2.06706e-06
4.22788e-07
1.9985e-06
4.22803e-07
2.08225e-06
4.30416e-07
2.01412e-06
4.51928e-07
-3.42937e-06
3.09688e-06
-3.09315e-06
-3.02787e-07
2.35292e-06
3.09368e-06
-3.09435e-06
-1.00762e-06
4.0682e-09
-5.71882e-07
3.45816e-06
3.08971e-06
-3.09329e-06
3.57868e-09
-1.68783e-06
9.74524e-07
-2.19159e-06
-1.53178e-06
-5.37374e-08
3.13907e-06
4.36343e-07
-2.4552e-06
8.42847e-07
1.24319e-06
2.42052e-06
-2.29964e-06
-3.09002e-06
3.08577e-06
3.09363e-06
-3.09413e-06
-1.09535e-08
-3.09987e-06
3.09739e-06
-2.38602e-06
3.0916e-06
-1.89241e-09
-3.78087e-07
-1.21369e-06
-1.71342e-06
2.2606e-06
-2.37425e-06
-2.10034e-09
-2.20302e-06
3.09378e-06
-3.08589e-06
-2.33974e-06
1.83007e-06
1.66645e-06
-2.27806e-06
2.19641e-06
2.34637e-06
-2.3471e-06
2.19995e-06
-2.19641e-06
-3.54643e-09
-2.28275e-06
2.27512e-06
2.24149e-06
-2.27559e-06
2.35163e-06
-2.34422e-06
-2.17744e-06
2.26019e-06
-2.35163e-06
2.35189e-06
-2.27388e-06
2.10567e-06
1.68213e-07
-2.31641e-06
-3.08924e-07
3.09103e-06
-3.09348e-06
2.4484e-09
2.02175e-06
4.35072e-07
6.0855e-09
-2.87036e-07
1.27863e-06
3.09667e-06
-3.09309e-06
-3.58735e-09
4.09656e-09
-3.10323e-06
-6.90955e-10
3.09862e-06
-3.09793e-06
3.09127e-06
-2.29181e-06
-2.68572e-06
2.68604e-06
-3.09765e-06
6.99681e-09
-2.46586e-06
5.56364e-07
2.38594e-06
-2.42338e-06
3.09341e-06
3.14551e-06
-3.07765e-06
-6.78587e-08
3.09294e-06
-3.09236e-06
-2.54969e-06
-1.90332e-07
-3.10235e-06
-2.24463e-06
-2.25805e-06
1.14588e-08
-3.55618e-07
2.29603e-06
3.29187e-07
3.08659e-06
-4.1656e-07
3.09319e-06
-7.68662e-10
-2.98118e-06
-3.85959e-09
3.11028e-06
2.28109e-06
2.34777e-06
2.2606e-06
2.35148e-06
2.28202e-06
2.31504e-06
-2.28587e-06
-2.17744e-06
2.35914e-06
2.35383e-06
2.42052e-06
-2.27388e-06
2.34649e-06
2.22416e-06
-2.36069e-06
2.15671e-06
2.16507e-06
2.19995e-06
-2.3428e-06
2.24149e-06
2.34637e-06
1.91959e-06
-1.91959e-06
2.35144e-06
-3.1007e-06
-2.4387e-06
2.44888e-06
-2.01977e-06
2.45611e-06
3.08977e-06
-3.09342e-06
3.65403e-09
-9.64234e-08
-2.73578e-09
-2.39324e-06
7.21721e-09
-2.39697e-07
2.33973e-06
2.80076e-09
-3.07066e-06
3.06786e-06
3.09401e-09
7.83319e-09
-3.0596e-06
1.28974e-09
3.05831e-06
1.38566e-07
-3.1893e-06
3.05073e-06
3.08761e-06
4.11821e-09
-3.09173e-06
3.08733e-06
4.27341e-09
-2.21622e-06
2.02353e-06
4.06141e-07
-3.07502e-06
-1.77079e-08
3.09273e-06
3.11138e-06
6.54116e-09
3.06944e-06
7.60679e-08
3.09187e-06
-3.09063e-06
-3.09368e-06
3.08909e-06
3.12731e-09
1.47021e-07
-2.83274e-06
-3.31065e-09
2.4445e-06
-1.99985e-06
2.37649e-06
-2.34057e-06
-3.59143e-08
2.81395e-06
-1.89494e-06
-9.19008e-07
2.66603e-06
-2.3337e-06
2.45114e-06
-2.02476e-06
2.4506e-06
-2.02339e-06
2.45279e-06
-2.02216e-06
2.4525e-06
-2.02642e-06
2.40762e-06
-1.97062e-06
2.40993e-06
-1.97088e-06
-2.50436e-07
-3.1564e-06
2.44157e-06
-2.01396e-06
2.43981e-06
-2.02274e-06
2.44411e-06
-2.02448e-06
2.44674e-06
-2.02399e-06
2.44912e-06
-2.02208e-06
-1.35624e-09
1.92337e-09
-3.07232e-06
3.0704e-06
-6.42588e-09
3.22824e-06
-6.06718e-08
-3.16757e-06
2.42034e-06
-1.96841e-06
2.45386e-06
-2.02093e-06
3.10058e-06
2.81429e-06
-1.97215e-06
-8.42137e-07
2.4533e-06
-2.02652e-06
2.44124e-06
-2.01429e-06
2.38449e-06
-2.01969e-06
2.45267e-06
-2.02558e-06
2.39691e-06
2.43635e-06
-2.02786e-06
3.09184e-06
-4.2279e-09
-2.50495e-06
2.13973e-06
3.65223e-07
-2.81669e-06
2.02811e-06
3.05713e-09
3.08961e-06
-3.09208e-06
2.47734e-09
3.56643e-06
-4.25126e-08
3.14866e-06
2.44161e-06
-2.02808e-06
-3.05645e-06
3.07286e-06
-5.79489e-09
-1.6098e-08
-3.09954e-06
7.10294e-10
-1.21128e-09
-3.13121e-06
3.26978e-06
-2.23175e-06
-2.29964e-06
-2.32829e-06
2.30012e-06
2.33181e-06
-2.8779e-06
3.28209e-07
2.45142e-06
-2.02542e-06
7.44689e-09
-4.17047e-07
-3.08444e-06
-1.98499e-09
3.08642e-06
1.79918e-07
-2.37425e-06
-2.3525e-06
2.36292e-06
-1.04229e-08
2.73358e-06
-2.32161e-06
-5.59239e-08
-3.25719e-06
2.48244e-06
-2.76959e-07
2.39124e-06
3.09135e-06
-3.08943e-06
3.09301e-06
3.09121e-06
-3.09043e-06
-2.32663e-06
2.32217e-06
4.46306e-09
-2.20513e-06
-1.32193e-08
2.50826e-06
-2.1002e-06
2.40066e-06
5.36415e-09
-2.02013e-06
2.51313e-06
-2.08744e-06
-2.17506e-06
2.45767e-06
-2.02726e-06
2.45449e-06
-2.03169e-06
2.44065e-06
-2.01786e-06
2.45656e-06
-2.06367e-06
-2.35336e-06
2.38692e-06
-3.35585e-08
1.82321e-08
4.35505e-10
2.25613e-06
-4.09305e-08
2.47844e-06
-2.06523e-06
2.44106e-06
-2.03026e-06
-3.08849e-06
3.09261e-06
-3.10711e-06
3.11085e-06
5.15792e-09
4.13152e-06
-3.6539e-06
2.29034e-06
-2.20135e-06
2.54774e-06
-2.57942e-06
2.29911e-06
-2.27036e-06
2.33788e-06
-2.29689e-06
2.52428e-06
-2.56719e-06
2.21432e-06
-2.17028e-06
2.32397e-06
-2.27126e-06
2.45195e-06
-2.387e-06
2.79695e-06
-2.8612e-06
2.33324e-06
-2.28129e-06
2.45402e-06
-2.39508e-06
2.77849e-06
-2.87117e-06
2.21627e-06
-2.18505e-06
2.25507e-06
-2.20369e-06
2.38659e-06
-2.34028e-06
2.50636e-06
-2.46794e-06
2.69462e-06
-2.7485e-06
2.30588e-06
-2.2448e-06
2.49898e-06
-2.45641e-06
2.6817e-06
-2.73353e-06
2.29793e-06
-2.24081e-06
2.46356e-06
-2.43143e-06
2.49833e-06
-2.49155e-06
2.41763e-06
-2.39086e-06
2.44476e-06
-2.42267e-06
2.47159e-06
-2.47502e-06
2.38912e-06
-2.38301e-06
2.34459e-06
-2.32744e-06
2.3411e-06
-2.32404e-06
-4.39806e-09
2.33977e-06
-2.32039e-06
-3.08985e-06
-2.59258e-10
2.33923e-06
-2.31939e-06
3.09208e-06
-3.08893e-06
2.33904e-06
-2.31582e-06
2.33463e-06
-2.32067e-06
3.22824e-06
3.72801e-09
2.33539e-06
-2.3233e-06
-3.089e-06
-9.9215e-09
-3.09015e-06
3.09015e-06
-3.10643e-06
1.74302e-08
-2.34645e-06
2.33988e-06
-2.31914e-06
3.09187e-06
-2.73087e-06
-1.19856e-07
3.27487e-09
3.08962e-06
-3.08904e-06
-3.19188e-06
3.13473e-06
-3.1168e-06
-3.06475e-06
-4.16835e-08
2.4957e-06
2.33753e-06
-2.3252e-06
8.70635e-09
-1.72372e-08
-1.4917e-08
2.4668e-06
-2.06002e-06
1.46529e-08
-3.08841e-06
3.09199e-06
2.51589e-06
-2.09129e-06
2.32798e-06
-2.33214e-06
3.09861e-06
-3.09986e-06
-3.12598e-06
-8.842e-07
-3.08909e-06
3.08898e-06
-3.34162e-06
3.1017e-06
2.23346e-06
3.9256e-07
-3.15475e-06
3.18083e-06
9.1941e-07
1.51293e-06
3.6539e-06
-3.36389e-06
3.13473e-06
2.74104e-09
1.92815e-09
-3.10179e-06
7.43566e-09
3.09435e-06
3.08702e-06
4.7044e-09
-3.18083e-06
3.26357e-06
-1.46791e-09
3.08766e-06
4.17989e-09
2.34144e-06
-2.32695e-06
-2.06453e-07
-3.15475e-06
1.49014e-09
-3.06617e-06
3.06468e-06
3.14332e-06
-3.10975e-06
-3.12016e-06
-3.14332e-06
2.46119e-06
-2.0245e-06
3.10338e-06
-1.16984e-08
-5.2371e-09
3.10861e-06
-3.1056e-06
4.05071e-07
-3.09772e-06
3.09725e-06
3.26357e-06
3.36389e-06
3.09772e-06
-3.10231e-06
-3.11582e-06
-1.00606e-08
1.74633e-08
-3.09248e-06
-3.10886e-06
3.09792e-06
3.09725e-06
-3.09795e-06
-3.11316e-06
3.10975e-06
-3.08855e-06
3.09232e-06
3.08864e-06
3.11316e-06
3.10254e-06
-3.10231e-06
-3.11237e-06
-1.82415e-08
3.12316e-06
-3.09054e-06
3.09231e-06
2.80415e-09
-3.09512e-06
3.86376e-09
3.09868e-06
3.10648e-06
-6.43357e-09
-3.12316e-06
3.11237e-06
3.0916e-06
7.14998e-10
3.10067e-06
3.09445e-06
-3.09054e-06
-3.10878e-06
5.06122e-09
-3.09252e-06
3.84703e-09
-3.09234e-06
-3.1207e-06
3.09619e-06
-3.9492e-09
3.07321e-06
-3.06926e-06
3.09386e-06
5.94168e-10
3.09061e-06
3.7839e-09
-3.0922e-06
3.09226e-06
-1.64976e-09
3.52724e-09
-2.13057e-09
3.09322e-06
-3.09109e-06
3.09228e-06
-1.93527e-11
-3.09163e-06
3.08758e-06
3.08877e-06
-3.09042e-06
4.29594e-09
-2.56537e-10
3.06863e-06
-3.06838e-06
3.09369e-06
-3.09679e-06
-1.33909e-09
3.09361e-06
-3.09235e-06
3.09094e-06
-4.50555e-09
3.09077e-06
-3.08626e-06
-3.09547e-06
-3.08814e-06
3.09035e-06
-2.20993e-09
3.09408e-06
4.87569e-09
2.68963e-09
3.09558e-06
-1.49501e-09
3.09009e-06
-3.09901e-06
3.0991e-06
-3.08789e-06
3.09034e-06
3.08945e-06
-3.09221e-06
4.06597e-09
3.08901e-06
-3.08878e-06
3.08901e-06
-3.08704e-06
3.09451e-06
4.09154e-09
3.08618e-06
-3.08862e-06
-2.32895e-09
3.09242e-06
-3.09218e-06
3.09409e-06
-1.71234e-09
3.08698e-06
-3.08848e-06
3.09093e-06
-3.08879e-06
3.08879e-06
-3.08886e-06
1.96105e-09
3.0867e-06
-3.08954e-06
3.78545e-09
-1.26882e-09
3.09276e-06
-1.83074e-09
3.0879e-06
-3.08917e-06
3.99717e-09
3.08753e-06
-3.08992e-06
3.09005e-06
-1.63405e-09
3.0883e-06
-3.08954e-06
3.09225e-06
-1.78077e-09
6.82212e-09
3.08777e-06
-3.09016e-06
3.09196e-06
-1.91368e-09
3.08861e-06
-3.09032e-06
3.0941e-06
-1.63806e-09
-1.64163e-09
3.09071e-06
3.08853e-06
-3.09092e-06
-3.09218e-06
3.0906e-06
3.08951e-06
-3.09099e-06
-1.6142e-09
-1.76799e-09
2.72356e-09
3.08902e-06
-3.09175e-06
8.51943e-09
3.09026e-06
-3.09297e-06
3.09248e-06
-1.7753e-09
3.08988e-06
-3.09144e-06
3.0903e-06
6.57455e-09
-3.09212e-06
3.08952e-06
-1.55861e-09
-1.78802e-09
-3.09177e-06
3.09063e-06
-3.08587e-06
3.08587e-06
-3.08676e-06
-2.67698e-11
3.09227e-06
-3.09224e-06
-1.89227e-09
8.76882e-09
-1.40772e-09
-7.28904e-10
3.08882e-06
-3.17784e-11
-1.49447e-09
-1.92478e-09
-2.67179e-09
-7.80319e-09
3.09184e-06
-3.08403e-06
-3.10779e-06
-3.08231e-06
3.08231e-06
-3.08375e-06
-3.09072e-06
3.08992e-06
8.0223e-10
9.5075e-09
-4.30012e-10
-3.09447e-06
3.74974e-09
3.07874e-06
-3.08072e-06
3.07874e-06
5.88831e-09
-3.09316e-06
1.73508e-09
4.88193e-09
3.08555e-06
-3.08353e-06
-2.02499e-09
3.08555e-06
-3.08516e-06
3.08643e-06
-1.26864e-09
3.08516e-06
3.89222e-10
-3.08353e-06
-3.08425e-06
7.22482e-10
3.09465e-06
-3.08919e-06
3.09465e-06
-4.09e-06
3.09769e-06
-3.08937e-06
-3.08911e-06
3.08911e-06
3.12019e-06
-3.08997e-06
3.09769e-06
3.12019e-06
-3.08868e-06
3.08868e-06
3.08888e-06
-3.08888e-06
3.08997e-06
-3.13797e-06
-3.08989e-06
3.08909e-06
-3.08909e-06
-3.08876e-06
3.08876e-06
-3.08072e-06
3.0613e-06
-3.0613e-06
3.08643e-06
3.08528e-06
-3.08528e-06
3.08898e-06
3.08928e-06
-3.08928e-06
-3.11531e-06
-3.08882e-06
3.08882e-06
-3.10878e-06
-3.08886e-06
-3.08375e-06
-3.08676e-06
3.08199e-06
-3.08199e-06
3.09389e-06
-3.09389e-06
-3.08886e-06
3.08886e-06
-3.08873e-06
3.08873e-06
-3.16757e-06
-3.10746e-06
-3.08881e-06
3.08881e-06
-3.08425e-06
-3.08937e-06
3.08919e-06
-3.09439e-06
-3.08878e-06
3.08865e-06
-3.08865e-06
-3.08845e-06
3.08845e-06
3.09754e-06
-3.09248e-06
-3.09754e-06
3.09248e-06
-3.09439e-06
-3.31142e-09
5.38979e-09
-3.09164e-06
-3.08943e-06
3.09351e-06
-2.83698e-09
3.09928e-06
-3.12529e-09
-3.09615e-06
-3.08931e-06
3.0942e-06
3.09597e-06
3.10136e-06
-3.09333e-06
3.89972e-09
3.09867e-06
4.19579e-09
-3.08549e-06
3.08987e-06
3.10128e-06
8.70991e-09
3.09844e-06
2.46262e-09
-2.38147e-09
-3.08127e-06
3.08301e-06
3.1009e-06
3.09839e-06
-3.08041e-06
3.08416e-06
8.59644e-09
3.1005e-06
3.09812e-06
-2.59649e-09
3.07189e-06
-3.06929e-06
3.09741e-06
7.10225e-10
4.7835e-09
-3.10064e-06
3.09495e-06
-3.08359e-06
3.08948e-06
-4.29902e-10
5.74535e-10
3.09973e-06
-3.08044e-06
3.08994e-06
3.0993e-06
-3.08757e-06
3.09011e-06
9.04095e-09
3.94264e-09
3.10111e-06
-2.37535e-09
3.07666e-06
-3.07428e-06
3.10391e-06
3.10786e-06
-3.09037e-06
3.08887e-06
3.09619e-06
-8.99583e-09
3.09831e-06
-3.09009e-06
3.08966e-06
3.09963e-06
2.29332e-11
1.21923e-09
-3.08145e-06
3.09022e-06
3.09063e-06
-3.08765e-06
3.09055e-06
8.20538e-09
3.09185e-06
-2.57024e-09
3.08087e-06
-3.0783e-06
-3.09077e-06
3.08809e-06
3.09572e-06
-3.8677e-09
-8.09402e-09
3.0973e-06
3.02515e-09
3.09832e-06
3.09514e-06
-3.08996e-06
3.08993e-06
3.09816e-06
5.9343e-10
3.09007e-06
-3.08219e-06
3.09071e-06
-3.09078e-06
3.08937e-06
3.09109e-06
-3.08708e-06
3.09183e-06
7.73987e-09
3.06131e-09
-3.63142e-09
3.08608e-06
-3.08245e-06
3.09419e-06
-3.10063e-09
3.09725e-06
-5.84259e-09
3.09444e-06
-3.09119e-06
3.08963e-06
-2.9903e-09
-3.08744e-06
3.09401e-06
3.0976e-06
4.39636e-09
2.75268e-09
3.09176e-06
-3.09094e-06
3.09561e-06
3.94525e-09
3.66931e-09
-3.09071e-06
3.09451e-06
-3.06896e-09
3.09038e-06
-3.08731e-06
3.08903e-06
-3.0916e-06
3.08999e-06
-3.08938e-06
-3.09335e-06
3.08659e-06
3.09156e-06
1.26711e-09
2.255e-09
3.08733e-06
4.22576e-09
-3.083e-06
3.08982e-06
-3.08582e-06
3.08981e-06
3.0886e-06
-3.59567e-09
3.09181e-06
-3.08821e-06
3.09227e-06
-3.08642e-06
3.09042e-06
-3.09189e-06
3.09025e-06
3.99935e-09
2.30875e-09
3.09474e-06
3.09234e-06
3.38527e-09
3.09465e-06
-3.0866e-06
3.09046e-06
3.09166e-06
-3.05738e-09
3.09374e-06
-3.09036e-06
3.09421e-06
-3.09207e-06
3.09043e-06
3.82057e-09
-3.08751e-06
3.0913e-06
2.44626e-09
3.09163e-06
-3.08837e-06
3.09212e-06
-2.8993e-09
2.95025e-09
3.09285e-06
-3.0899e-06
3.09407e-06
3.09102e-06
2.93108e-09
-3.08754e-06
3.0895e-06
-3.09169e-06
2.31281e-09
3.09346e-06
-3.09296e-06
-3.08633e-06
3.0904e-06
3.09089e-06
4.5804e-09
3.0932e-06
3.0903e-06
-3.09716e-06
3.09875e-06
-1.58768e-09
7.97623e-10
3.08882e-06
3.17071e-09
3.09171e-06
-3.08854e-06
3.09278e-06
-3.07669e-06
3.08554e-06
-8.85174e-09
3.09078e-06
-3.08629e-06
3.09038e-06
-1.25765e-09
4.11294e-09
3.08758e-06
-3.0915e-06
3.91961e-09
3.09158e-06
-3.08681e-06
3.09169e-06
-3.08966e-06
3.08427e-06
5.38868e-09
3.09032e-06
-3.08882e-06
3.09255e-06
-3.10852e-06
3.10826e-06
3.56853e-09
-4.34574e-09
-3.07235e-06
3.09225e-06
-1.92836e-09
-2.86121e-09
-3.08757e-06
2.94639e-09
3.08751e-06
-3.09046e-06
3.09125e-06
-9.58026e-09
3.09129e-06
-4.27171e-09
3.09524e-06
-3.989e-09
7.13309e-10
-3.09037e-06
3.08938e-06
-4.54694e-09
3.09517e-06
-3.08717e-06
-4.45638e-09
-3.08897e-06
3.09166e-06
-3.09827e-06
3.08697e-06
1.12971e-08
3.09232e-06
-3.09351e-06
3.08609e-06
7.41712e-09
-4.31999e-09
3.08859e-06
-3.09025e-06
3.08707e-06
3.17567e-09
-3.089e-06
3.09329e-06
3.08777e-06
-2.67814e-09
3.09026e-06
-5.46475e-09
3.09188e-06
-2.65848e-09
3.08849e-06
-3.08954e-06
3.09319e-06
-2.86267e-09
3.08875e-06
-2.64587e-10
3.08443e-06
3.08352e-06
3.07764e-06
5.87853e-09
-3.0907e-06
3.09423e-06
3.07218e-06
-3.09045e-06
3.09424e-06
-3.78712e-09
-3.09013e-06
3.09088e-06
-7.50509e-10
-2.48849e-09
-3.09997e-06
3.0948e-06
5.16356e-09
3.08146e-06
-9.27955e-09
1.2611e-08
3.05206e-06
-3.06467e-06
-3.09159e-06
3.09537e-06
-3.08844e-06
3.08389e-06
4.54667e-09
-3.09345e-06
4.06364e-09
3.09133e-06
-3.10166e-06
1.03333e-08
3.077e-06
-4.50787e-09
-3.0856e-06
3.09011e-06
3.12149e-06
2.64806e-09
-1.57167e-09
-3.08653e-06
3.0881e-06
3.08961e-06
-3.08873e-06
3.08677e-06
1.96051e-09
3.08693e-06
-3.09591e-06
3.09196e-06
-3.0916e-06
3.09552e-06
-3.92413e-09
3.08855e-06
-1.61378e-09
-3.52033e-09
-3.08396e-06
3.08748e-06
3.08741e-06
1.14181e-09
-3.09283e-06
3.09668e-06
-3.09269e-06
3.09696e-06
-4.26856e-09
-3.08905e-06
3.08457e-06
4.47978e-09
3.08388e-06
3.06314e-06
-1.10859e-08
-2.69318e-09
-9.70282e-09
3.08231e-06
3.08847e-06
-3.16623e-09
-3.09377e-06
3.09883e-06
3.06153e-06
3.07693e-06
5.38419e-09
-2.2431e-08
-3.08198e-06
-2.27096e-09
-3.08198e-06
-3.06943e-06
3.06943e-06
-8.12763e-09
3.07314e-06
3.79343e-09
3.194e-09
1.18451e-08
3.05558e-06
-3.06743e-06
-3.08867e-06
3.08476e-06
3.90995e-09
-3.09336e-06
3.09807e-06
-3.08596e-06
-2.76616e-09
-2.0977e-09
3.08829e-06
-3.08619e-06
2.32127e-06
-3.0887e-06
3.08436e-06
4.33405e-09
-3.08917e-06
3.08497e-06
4.20672e-09
3.08191e-06
-8.77608e-09
3.0774e-06
-3.09983e-06
3.08925e-06
-3.08662e-06
3.08794e-06
-1.31824e-09
7.33442e-10
-2.87087e-09
3.08964e-06
3.08657e-06
2.67409e-09
-3.08238e-06
3.08238e-06
2.7048e-09
-3.08975e-06
3.08705e-06
-3.08937e-06
3.08962e-06
-3.04191e-09
1.14474e-08
3.12603e-06
-3.09941e-06
3.10413e-06
-4.72073e-09
3.08752e-06
-3.08803e-06
3.08449e-06
3.54654e-09
-3.0933e-06
3.93231e-09
3.09022e-06
3.10016e-06
2.3283e-09
3.08923e-06
-3.08622e-06
-3.01346e-09
3.09257e-06
-3.0959e-06
3.332e-09
-1.29551e-08
4.04264e-10
3.08746e-06
-1.14734e-08
3.07355e-06
-1.79707e-08
-3.09966e-06
3.10663e-06
-6.97045e-09
-3.08488e-06
3.08251e-06
2.3682e-09
3.07051e-06
3.09002e-06
-2.56683e-09
2.7714e-09
-3.08986e-06
3.08709e-06
-1.92387e-08
3.08602e-06
3.2121e-09
-3.0875e-06
3.08485e-06
2.65004e-09
3.08715e-06
3.08854e-06
-3.08598e-06
3.08807e-06
-2.08235e-09
3.08988e-06
-2.83203e-09
-3.08452e-06
3.08809e-06
-3.5716e-09
-2.06454e-08
3.14143e-06
-3.08253e-06
-3.7636e-08
3.08992e-06
3.08689e-06
2.69534e-09
-3.08959e-06
3.08731e-06
-3.08537e-06
3.07717e-06
8.2068e-09
3.42082e-09
8.55407e-07
2.28643e-06
-3.14184e-06
-3.08111e-06
-4.25841e-09
-2.5507e-09
3.08691e-06
-2.60806e-06
-3.14441e-09
3.08916e-06
3.08931e-06
-2.42007e-09
-3.08709e-06
3.08722e-06
-1.30424e-10
-2.02343e-06
3.08961e-06
2.70364e-09
3.08661e-06
-3.10058e-06
3.1071e-06
-6.52464e-09
-2.73525e-11
-1.25137e-08
-2.82975e-06
-3.78091e-07
3.08646e-06
-3.10222e-06
3.11422e-06
-1.19973e-08
-3.10189e-06
3.10599e-06
-4.1019e-09
-3.09878e-06
3.08917e-06
3.0934e-06
3.0934e-06
3.10212e-06
-3.10212e-06
-3.09597e-06
-2.50005e-09
3.10202e-06
-3.08841e-06
3.89662e-09
3.08717e-06
-3.07803e-06
-9.13909e-09
5.70478e-09
-3.0996e-06
2.54971e-09
-3.08758e-06
3.08503e-06
3.0857e-06
3.46174e-09
-4.574e-09
-3.08666e-06
3.09059e-06
-3.93294e-09
-3.08416e-06
3.09342e-06
-9.25786e-09
3.08495e-06
4.20908e-09
-1.13376e-07
3.08844e-06
-2.73575e-09
1.23293e-08
3.09213e-06
-3.09213e-06
3.09031e-06
-3.08842e-06
6.97433e-09
-3.0965e-06
3.10839e-06
-1.18941e-08
-2.4468e-06
-3.08409e-06
3.10382e-06
-1.97293e-08
3.08365e-06
2.11236e-09
-3.08576e-06
3.08487e-06
-3.09923e-06
1.29479e-09
3.08283e-06
8.26397e-10
3.08855e-06
-1.93719e-09
-5.78283e-09
3.08295e-06
3.08742e-06
-3.08581e-06
-1.76395e-09
3.08938e-06
-3.08938e-06
-3.10173e-06
3.11919e-06
3.10646e-06
1.14545e-08
-3.11067e-06
3.08316e-06
2.33784e-06
-2.33377e-06
3.09334e-06
-3.09155e-06
3.11033e-06
3.11203e-06
-3.11586e-09
-3.10891e-06
2.34773e-06
-6.66097e-09
3.09027e-06
-3.09311e-06
2.84607e-09
1.01718e-09
3.08181e-06
2.35144e-06
-9.32949e-07
-1.10417e-06
-3.28428e-08
9.32721e-09
3.08527e-06
-3.10526e-06
3.09245e-06
-3.10319e-06
3.13323e-06
-3.00388e-08
3.08997e-06
3.91178e-07
-3.22093e-06
-7.38086e-10
3.07949e-06
-6.10481e-09
3.0668e-06
-3.0607e-06
-3.08634e-06
-8.16411e-08
-1.41164e-06
1.49328e-06
1.93853e-06
-2.2542e-06
3.08051e-06
3.07552e-06
4.98749e-09
2.36227e-06
3.08749e-06
-3.08863e-06
3.05981e-06
-3.05788e-06
2.25926e-10
-3.58037e-09
-3.07131e-06
3.07489e-06
3.07457e-06
9.44813e-10
4.24607e-07
3.76644e-07
4.73377e-07
7.71089e-07
4.27714e-07
4.25846e-07
4.29396e-07
4.26733e-07
8.66411e-08
3.89014e-07
4.39307e-07
4.70684e-07
-3.10227e-06
4.31709e-07
4.20531e-07
4.21372e-07
4.22259e-07
4.26877e-07
4.25133e-07
-3.08874e-06
-1.08682e-08
4.27286e-07
4.30589e-07
3.07052e-06
4.05289e-09
4.99892e-07
-3.07212e-06
3.1102e-06
-3.8079e-08
4.12338e-07
4.81127e-09
-3.10033e-06
4.16665e-07
-3.08678e-06
4.4568e-10
3.07806e-06
3.74731e-09
-3.0521e-06
3.06701e-06
3.06694e-06
3.08782e-06
-3.08782e-06
-3.16692e-06
2.81986e-06
5.44717e-07
-3.07518e-06
3.13979e-06
-6.46129e-08
4.36742e-07
4.27976e-07
4.26357e-07
4.30981e-07
4.11862e-07
-3.08911e-06
3.07901e-06
2.43332e-06
-2.02718e-06
-3.50204e-08
3.06084e-06
-3.09882e-06
-4.40553e-09
-7.34325e-07
7.69776e-09
3.09295e-06
-2.98045e-09
3.02914e-06
-8.6102e-09
-3.02053e-06
4.23334e-07
-3.07533e-06
4.13201e-07
-3.09796e-06
-4.38408e-09
-2.3675e-09
-3.09413e-06
2.57416e-09
-2.97922e-06
-1.01253e-08
2.98935e-06
3.08807e-06
-3.07308e-06
-1.73725e-08
-3.08851e-06
-1.71021e-08
-3.03884e-06
3.05594e-06
-3.08389e-06
8.56186e-09
3.05231e-06
8.52205e-09
-3.10075e-06
-3.10007e-06
2.12977e-09
-2.8262e-06
6.94746e-07
3.04493e-06
7.38445e-09
3.10741e-06
-3.10999e-06
3.02783e-06
3.04464e-06
2.21659e-08
-5.25995e-07
4.82838e-07
-3.02267e-06
3.19076e-06
-1.6809e-07
3.08823e-06
4.99188e-08
3.05581e-06
3.0889e-06
-3.08697e-06
-3.08932e-06
-2.82081e-06
1.21203e-07
3.01922e-06
3.15914e-06
-1.03329e-07
-3.08926e-06
-3.09e-06
3.08621e-06
-3.09243e-06
3.05836e-06
1.65296e-08
-3.05202e-06
3.14899e-08
-5.202e-08
-2.95039e-06
3.00241e-06
2.21797e-06
-3.07647e-06
3.07647e-06
-3.10525e-06
2.35795e-06
2.32101e-06
-2.33821e-06
4.17889e-07
-2.41931e-06
2.41482e-06
-2.41482e-06
-2.35542e-07
-2.8234e-06
3.05895e-06
-1.36475e-07
3.06688e-06
3.46395e-07
-2.80315e-07
6.75216e-08
2.27384e-07
-3.52869e-07
1.53695e-07
1.80694e-07
-5.27956e-07
1.72731e-07
-6.54901e-07
7.00174e-08
1.66076e-07
-4.42621e-07
2.54179e-07
-4.35595e-07
2.22745e-07
-1.15197e-08
-2.82122e-06
5.39006e-08
-3.84201e-08
2.98855e-06
3.06631e-08
1.36571e-08
3.09192e-06
-3.69212e-09
1.57271e-08
1.88402e-08
1.96483e-08
-3.09233e-06
-1.04786e-10
2.80428e-08
1.88076e-08
3.08834e-06
-3.08604e-06
3.08604e-06
-5.23563e-07
1.47208e-08
-3.07707e-06
-2.33139e-06
-2.83233e-06
-3.09852e-06
1.65854e-08
3.07548e-06
-3.07399e-06
2.13577e-06
-2.13577e-06
-8.40871e-09
-3.09566e-06
3.09892e-06
-3.25542e-09
2.97843e-06
3.08495e-06
3.00478e-06
5.11583e-08
2.9163e-06
7.30425e-08
-2.96642e-06
1.83871e-08
-2.91514e-06
8.28111e-08
3.08588e-06
2.96072e-06
-3.08856e-06
2.22955e-06
-6.08395e-07
2.92641e-06
1.12708e-08
-2.73462e-06
3.94399e-07
3.0898e-06
-3.08907e-06
2.78098e-09
3.0899e-06
-4.94908e-09
2.60214e-07
-3.08362e-06
-3.66056e-07
3.03545e-06
2.61309e-06
-3.18497e-06
8.50578e-08
-2.57396e-06
-3.10915e-06
9.08716e-08
3.0876e-06
-3.10926e-06
3.10348e-06
1.63051e-07
-3.26653e-06
-2.92757e-06
1.06359e-07
2.73933e-06
-2.94711e-06
2.07782e-07
3.06391e-06
-3.06391e-06
-2.52507e-06
9.30366e-09
-3.0857e-06
-2.86006e-06
-2.56285e-06
3.08782e-06
3.0882e-06
-3.0882e-06
9.96551e-09
2.86053e-06
2.8643e-06
1.38109e-07
2.9768e-07
1.68078e-07
-6.82677e-07
3.06907e-06
1.07596e-08
-3.07983e-06
2.33305e-06
-2.33409e-06
3.07312e-06
2.39585e-06
3.10509e-06
-3.10144e-06
2.23722e-06
-2.23722e-06
-3.09595e-06
3.0912e-06
-3.08938e-06
1.08929e-08
-3.01788e-06
1.5782e-07
-2.68086e-06
3.00906e-06
-2.25812e-06
2.25812e-06
-1.83812e-06
1.83812e-06
2.36684e-06
-2.3304e-06
-1.9499e-06
1.9499e-06
2.50601e-06
-2.50601e-06
-2.12177e-06
-2.27693e-06
2.27693e-06
2.45057e-06
-2.22937e-06
2.22937e-06
-2.18613e-06
2.18613e-06
-2.15936e-06
2.15936e-06
2.56978e-06
-2.56978e-06
2.03484e-06
2.4006e-06
-2.4006e-06
2.40543e-06
2.4885e-06
-2.4885e-06
2.44215e-06
2.40165e-06
-2.20923e-06
2.20923e-06
-2.56251e-06
-2.2979e-06
-2.18966e-06
2.5039e-06
-2.5039e-06
2.24445e-06
-2.24445e-06
2.46058e-06
2.39314e-06
2.42249e-06
2.48108e-06
3.08593e-06
-3.08414e-06
2.42437e-06
-1.99435e-06
3.09238e-06
-4.55851e-09
-3.15989e-06
6.5702e-08
3.09419e-06
3.08585e-06
3.09539e-06
-2.73439e-09
2.9258e-06
-3.09389e-06
3.09678e-06
-2.4318e-06
-3.09878e-06
-3.10237e-06
3.08293e-06
-3.08293e-06
4.05864e-07
3.05643e-06
-3.05363e-06
-8.1353e-09
-2.29155e-06
2.29968e-06
3.08609e-06
3.0576e-06
-3.0576e-06
3.09908e-06
-3.10005e-06
-3.09171e-06
-3.08377e-06
3.06606e-06
-3.09567e-06
3.34381e-09
-2.27215e-06
2.0646e-06
3.08672e-06
-3.08672e-06
-2.44889e-06
4.28764e-07
-2.51606e-06
-2.45262e-06
4.25368e-07
-2.4641e-06
4.32414e-07
-2.44066e-06
4.22798e-07
-2.49892e-06
4.35246e-07
3.09144e-06
-5.58533e-09
-3.09424e-06
1.08411e-06
-2.94484e-06
-2.44336e-06
4.13096e-07
-2.38055e-06
-1.276e-08
3.07944e-06
2.02624e-06
6.26123e-07
-2.65236e-06
-2.25539e-06
2.07369e-06
7.95937e-07
-2.8326e-06
2.03667e-06
2.3744e-06
-2.46731e-06
-3.08187e-06
3.10563e-06
-2.37588e-08
3.08841e-06
-3.08664e-06
-3.103e-06
-2.24513e-09
3.10591e-06
-3.11292e-06
2.85202e-06
-1.47323e-06
-1.37879e-06
-2.01241e-06
2.44915e-06
-2.00748e-06
2.43384e-06
-4.39616e-07
3.08662e-06
-7.18331e-09
-2.45938e-06
-3.08416e-06
-2.32224e-06
3.97189e-07
-1.37983e-07
-2.0842e-06
-3.11109e-06
3.08252e-06
-5.58088e-07
-3.08816e-06
5.76699e-07
3.09271e-06
-1.01848e-08
-2.02615e-06
2.18347e-06
3.0851e-06
-3.0851e-06
-2.42176e-06
-3.84072e-07
-1.85071e-06
-1.30231e-09
3.10478e-06
3.08081e-06
3.08809e-06
-3.09587e-06
-2.99158e-06
-1.02309e-07
-5.38848e-08
-2.41503e-06
2.41356e-06
-2.02429e-06
2.22347e-06
-1.75009e-06
-2.08834e-06
-1.86318e-06
2.29257e-06
-2.02589e-06
-2.80416e-06
1.67166e-06
1.1325e-06
-2.07509e-06
-1.87397e-06
2.34465e-06
-2.02013e-06
2.37508e-06
-1.95282e-06
2.44667e-06
-2.01608e-06
-1.99902e-06
-8.11029e-09
-3.07657e-06
3.08468e-06
2.31576e-06
-2.33186e-06
-1.90158e-06
2.31824e-06
2.68557e-06
-1.94894e-06
2.37691e-06
3.07484e-06
-2.99684e-06
3.08703e-06
-3.08539e-06
-3.09491e-06
-5.16455e-09
-2.0315e-06
2.35109e-06
5.67017e-07
2.02004e-06
3.42902e-07
-2.36294e-06
2.04987e-06
2.41926e-07
-2.29179e-06
2.03203e-06
1.7813e-07
-2.21016e-06
2.03062e-06
7.46363e-07
-2.77698e-06
2.03426e-06
3.94393e-07
-2.42866e-06
3.08382e-06
2.9406e-06
1.24223e-08
2.22014e-06
-2.35812e-06
-5.28747e-07
3.09078e-06
-3.06269e-06
-2.80975e-08
-4.21263e-07
2.79566e-06
3.08089e-06
-3.08089e-06
-3.09767e-06
-1.96088e-06
2.0284e-06
2.5169e-06
-2.36321e-06
-2.38592e-06
-2.50235e-06
2.43077e-06
2.44052e-06
1.18238e-08
-3.1035e-06
3.07344e-06
-3.07538e-06
1.93976e-09
-2.44693e-06
4.69146e-10
-3.09924e-06
3.0527e-06
2.33877e-06
-2.32304e-06
-2.96055e-06
2.34723e-06
-2.32758e-06
2.03602e-06
3.04722e-06
-3.0889e-06
3.09913e-06
-3.097e-06
-3.07301e-06
3.08578e-06
2.34839e-06
-2.33181e-06
3.08557e-06
-3.08544e-06
3.08544e-06
-3.03007e-06
-6.4833e-08
3.81603e-07
-2.44162e-06
3.0834e-06
-3.09469e-06
-3.04715e-06
2.4574e-06
2.44284e-06
2.48511e-06
3.10486e-06
-3.10676e-06
3.30425e-07
2.39058e-06
-1.83947e-06
2.4656e-06
-1.72185e-06
2.51779e-06
2.44736e-06
2.4657e-06
-2.03328e-06
3.0828e-06
2.07384e-06
2.39419e-07
-2.31326e-06
2.35027e-06
-2.34096e-06
3.08579e-06
-3.08401e-06
7.85298e-09
2.59317e-09
-3.13845e-06
2.93199e-06
3.087e-06
-3.43736e-09
-1.52278e-06
3.13052e-06
3.08622e-06
-3.1e-06
-2.36341e-09
-1.906e-06
-2.20398e-06
1.60441e-07
-2.25356e-06
-2.07292e-06
-3.07665e-06
3.084e-06
-3.084e-06
3.08253e-06
3.08212e-06
-3.08212e-06
-4.4499e-07
2.51868e-06
-4.35354e-07
2.47202e-06
-2.40026e-06
4.75014e-07
3.10225e-06
-8.06257e-09
-2.99374e-06
-1.44704e-07
-2.99723e-06
-1.10104e-08
-3.05516e-06
3.08574e-06
3.09502e-06
1.06056e-08
-3.06206e-06
3.08453e-06
-3.08282e-06
1.98443e-06
-1.83347e-08
-2.03576e-06
5.16758e-07
-2.18235e-06
3.08079e-06
-3.09493e-06
3.02707e-06
-2.0261e-06
2.4393e-06
-2.34266e-06
2.25831e-06
2.34911e-06
-2.35427e-06
8.9345e-07
-8.93449e-07
-2.31549e-06
2.7472e-06
2.43246e-07
-1.86036e-06
2.28723e-06
-1.94249e-06
2.36978e-06
-2.01956e-06
2.39621e-06
-1.94627e-06
2.36764e-06
-1.95904e-06
2.38417e-06
2.27054e-06
-1.8582e-06
-4.19829e-08
2.43658e-06
-2.01324e-06
-3.07159e-06
-5.0516e-09
3.07519e-06
-8.99125e-10
-3.09762e-06
3.085e-06
3.08397e-06
-3.08779e-06
1.46779e-06
-1.46779e-06
2.28304e-06
-2.33067e-06
-3.03057e-06
-2.31727e-09
-3.09773e-06
-3.1136e-06
3.08044e-06
-3.07806e-06
3.08434e-06
-1.67762e-06
2.21182e-07
-2.21182e-07
-3.08666e-06
1.51748e-09
-2.66287e-06
3.07876e-06
3.09931e-06
-3.09884e-06
2.36144e-06
-2.34778e-06
-3.08364e-07
2.37493e-06
-2.06656e-06
-3.04541e-06
-4.95167e-08
3.05039e-06
-3.07848e-06
-3.78831e-07
2.35892e-06
-1.98009e-06
-3.0712e-06
3.08023e-06
6.36299e-09
3.08573e-06
2.37318e-06
-2.00394e-06
-3.69242e-07
-6.03726e-07
-3.0939e-06
3.0939e-06
1.33658e-07
4.91347e-07
3.07855e-06
-3.09414e-06
3.07255e-06
-3.08358e-06
3.08675e-06
-3.33612e-07
2.8284e-09
-3.10009e-06
5.16556e-07
5.37718e-07
8.84026e-07
2.61344e-07
2.03904e-07
3.71923e-07
4.8763e-07
4.28808e-07
3.4751e-07
4.31357e-07
9.59474e-07
2.71515e-07
4.60043e-07
-1.1669e-08
3.11189e-06
4.05081e-07
9.27358e-07
-4.88198e-08
-1.94882e-06
-2.01543e-06
-2.02028e-06
-2.40506e-06
-2.02357e-06
-3.10014e-06
3.55874e-09
-3.06316e-06
1.5067e-06
-3.07428e-06
3.07826e-09
-1.87593e-06
-2.77961e-07
-2.0353e-06
3.09424e-06
-3.09824e-06
2.50223e-06
-3.10022e-07
-3.0885e-06
-2.01482e-07
2.51165e-06
1.65164e-06
-2.03571e-06
-1.27292e-08
-2.23975e-06
3.44734e-07
2.06438e-06
-3.08305e-06
2.31372e-06
-1.91653e-06
1.44157e-06
1.41045e-06
-2.59819e-07
2.46969e-06
-2.20987e-06
-3.07631e-06
2.28569e-06
-2.21086e-07
3.08967e-06
-3.08967e-06
3.10177e-06
-3.10307e-06
-1.69947e-06
2.1936e-06
7.23551e-08
-2.38934e-06
2.31699e-06
-3.5444e-07
2.2747e-06
-1.92026e-06
-1.22523e-07
2.35838e-06
-2.04563e-06
-3.10554e-06
-4.01286e-08
-3.07412e-06
-3.07261e-06
-3.69465e-09
-3.07522e-06
3.05549e-06
3.10646e-06
3.09349e-06
-3.09575e-06
1.48782e-06
5.34436e-07
3.08992e-06
-8.65282e-08
-1.89795e-07
-1.58745e-06
-4.63233e-07
2.32019e-06
-3.06068e-06
-1.45406e-08
4.42389e-07
-3.07189e-06
3.08695e-06
-3.08695e-06
-2.18854e-06
-3.08709e-06
1.30942e-08
-7.91981e-07
-5.64156e-07
2.13022e-06
1.19495e-07
-2.24972e-06
1.02648e-09
-2.3739e-06
2.22336e-06
-2.7559e-08
3.06694e-06
-7.29716e-08
-2.99396e-06
-3.06994e-06
-3.07348e-06
1.58928e-09
-2.34921e-07
3.09064e-06
-3.09504e-06
-2.16966e-06
-1.88461e-07
3.29294e-07
-1.75514e-06
-4.99058e-07
2.79696e-07
-2.34626e-06
-1.97072e-07
2.94616e-07
-1.95351e-06
-3.07575e-06
-2.39074e-06
3.07519e-06
3.08561e-06
-3.08561e-06
-3.07076e-06
3.06315e-06
-3.06709e-06
-3.51791e-07
-4.64469e-07
3.07806e-06
-6.78338e-09
3.65108e-07
-3.02798e-06
2.22344e-06
-2.64216e-06
-3.0697e-06
-6.04791e-09
-3.07971e-06
2.25931e-06
-3.06459e-06
-2.4978e-09
2.28123e-06
2.40992e-06
3.06925e-06
-2.10301e-06
-1.78383e-08
-3.06472e-06
-2.33683e-06
-3.10013e-06
3.13317e-06
-3.30387e-08
1.93781e-06
3.54764e-07
-2.36365e-06
-3.0693e-06
-2.5683e-06
3.08454e-06
3.05742e-06
6.48722e-09
-2.22344e-06
-1.91373e-07
-3.08364e-06
1.65639e-09
3.01074e-08
3.03683e-06
-2.21837e-06
-3.06503e-06
3.07959e-10
-3.0515e-06
-1.78004e-08
3.08382e-06
-3.08382e-06
-2.37814e-06
-3.06687e-06
-3.06266e-06
2.77947e-09
1.95082e-06
-2.44988e-06
2.02167e-06
3.0547e-06
2.90624e-09
-1.71985e-06
3.07131e-06
-3.06906e-06
-3.07547e-06
-3.06452e-06
1.86376e-09
-2.45265e-06
-3.06187e-06
1.50619e-06
1.27869e-06
-2.33056e-06
2.31172e-06
2.01419e-06
-2.05051e-06
3.0811e-06
3.09672e-06
3.37605e-09
-3.10222e-06
-3.06432e-06
2.45149e-09
3.11189e-06
-3.06078e-06
-3.07676e-06
3.06575e-06
-2.8202e-06
-4.48132e-10
3.0804e-06
-3.0804e-06
-3.0638e-06
3.01838e-09
-3.11991e-06
2.34181e-06
-3.06842e-06
-3.11421e-06
-3.0715e-06
-3.05989e-06
-1.90965e-06
-2.7736e-07
-5.67332e-10
3.07703e-06
3.15368e-07
-2.52524e-06
-2.40899e-06
2.07538e-06
-3.06326e-06
3.37851e-09
3.0768e-06
-2.40094e-06
4.80682e-07
2.2305e-06
1.55443e-07
-2.07165e-06
-3.05893e-06
-3.66074e-07
-2.00805e-06
2.33269e-06
-3.07703e-06
-3.07869e-06
-3.06233e-06
3.39726e-09
-3.38267e-07
2.56163e-06
2.26401e-06
-2.09593e-06
-3.05812e-06
1.84906e-06
-1.97121e-06
-4.70766e-09
-3.06458e-06
3.08999e-06
1.65685e-07
-3.25567e-06
-2.33042e-06
-3.10059e-06
-3.0617e-06
3.58261e-09
-2.93739e-06
-4.58166e-07
-3.05722e-06
-1.60997e-07
-2.08872e-06
-1.13357e-06
-3.06367e-06
6.45037e-09
2.3907e-06
-2.34586e-06
-3.05512e-06
-3.05913e-06
-3.06985e-06
1.07221e-08
3.0547e-06
3.05742e-06
-5.80468e-09
-3.06162e-06
2.91701e-06
-3.06171e-06
2.32793e-06
1.63381e-07
2.14295e-06
-2.27399e-08
2.1626e-06
2.45263e-09
1.32306e-06
-3.06694e-06
3.0661e-06
-2.3124e-06
3.07429e-06
4.24959e-09
-2.33465e-06
-2.97665e-06
-2.65156e-06
-6.3045e-07
1.91313e-06
-1.92585e-06
-3.07197e-06
2.32467e-06
-6.09274e-09
-3.05858e-06
-3.06603e-06
3.06528e-06
-3.08513e-06
-3.06478e-06
-3.06814e-06
2.10875e-09
-3.06318e-06
-2.13933e-06
-2.34931e-07
-3.06496e-06
-3.01202e-06
-2.38393e-06
-3.06154e-06
2.29822e-06
-3.07069e-06
5.72376e-09
-3.07027e-06
2.34181e-06
1.22986e-06
-1.00279e-07
-3.0335e-06
1.93256e-06
-2.44955e-06
1.46209e-06
1.43151e-06
2.32274e-06
-3.06001e-06
1.76063e-09
-3.03237e-06
-7.74996e-07
-3.05503e-07
-4.47987e-07
-3.06106e-06
-3.06168e-06
-3.06727e-06
-3.04453e-06
8.89865e-07
-2.72934e-06
-3.05907e-06
-3.06541e-06
3.06382e-06
-3.08113e-06
-2.30424e-06
-3.05421e-06
2.26261e-06
-2.26261e-06
-3.07116e-06
5.75271e-09
-3.06724e-06
-3.05137e-06
-3.07093e-06
3.68911e-09
3.07978e-06
-5.51201e-09
1.79799e-06
-3.05815e-06
-3.05441e-06
-3.90552e-07
1.3685e-07
2.12576e-06
-1.30733e-06
-1.04155e-06
-1.23451e-06
-1.18335e-06
2.4724e-06
-3.0275e-06
-2.32706e-06
-3.0569e-06
2.31523e-06
-3.06226e-06
2.80538e-08
1.95926e-06
-3.06246e-06
2.92874e-07
-3.05608e-06
3.06824e-06
-1.19413e-06
-1.24687e-06
-1.01108e-06
-1.35636e-06
-3.07738e-06
3.0453e-06
-3.05577e-06
-1.22758e-06
-1.21198e-06
-1.31766e-06
-1.08965e-06
-1.29702e-06
-1.13669e-06
-1.23375e-06
-1.07479e-06
-1.21465e-06
-1.20935e-06
-9.34743e-07
-1.44934e-06
2.33465e-06
-3.05651e-06
-3.05464e-06
-2.21088e-06
7.51046e-08
-3.05641e-06
1.53215e-06
-5.70257e-07
-1.97875e-06
2.54901e-06
-1.67148e-06
-3.05396e-06
2.21088e-06
-6.91227e-07
-3.05589e-06
-2.28919e-06
-2.10084e-06
8.66728e-07
2.0271e-06
-3.05288e-06
-3.05598e-06
-3.05819e-06
-2.58852e-09
3.06001e-06
-3.0553e-06
-6.98631e-09
3.06168e-06
-3.073e-06
-2.33939e-06
-3.08645e-07
-3.05405e-06
-3.05192e-06
-2.29532e-06
-3.04534e-06
-3.05442e-06
-2.43502e-06
-3.05102e-06
4.07453e-07
-3.05039e-06
-3.05357e-06
2.41785e-06
-3.04619e-06
-3.04999e-06
2.31341e-06
-3.05282e-06
-2.32599e-06
-3.04311e-06
-3.18627e-07
-3.04637e-06
-3.06561e-06
-3.03921e-06
-3.05489e-06
2.34096e-06
-3.04291e-06
2.18942e-06
1.05323e-08
2.3063e-07
2.06267e-06
2.1831e-06
-3.03884e-06
1.73253e-06
1.10753e-06
-3.06615e-06
-3.03725e-06
-3.98128e-09
-1.98969e-06
2.87955e-06
3.0768e-06
2.05431e-08
-3.03332e-06
-3.03937e-06
1.89479e-06
-2.21509e-06
-3.03921e-06
3.04132e-06
-3.03604e-06
-4.55803e-09
-3.06164e-06
2.26563e-06
-2.26563e-06
-2.54122e-06
1.25142e-06
-3.05592e-06
-3.05384e-06
1.49581e-07
-2.34228e-06
-2.42028e-06
-6.86226e-07
2.38119e-08
-3.06669e-06
-2.28585e-06
-2.44726e-06
2.44726e-06
-2.05497e-06
-2.33271e-06
-3.02863e-06
3.03438e-06
2.33271e-06
2.14053e-06
-7.65474e-09
-3.02324e-06
-1.50841e-06
-1.31008e-06
-3.01955e-06
3.02241e-06
-3.02792e-06
2.47153e-06
1.59121e-07
-2.30929e-06
-2.18942e-06
2.37488e-06
9.55859e-08
-7.12329e-08
2.3394e-06
-2.26816e-06
3.08066e-06
-2.31801e-06
2.75854e-06
-3.0275e-06
-2.40411e-06
1.73633e-06
-2.84754e-06
1.11122e-06
3.08353e-06
-2.93226e-08
-2.12576e-06
1.75853e-07
5.47167e-07
-2.23903e-06
9.65152e-08
2.25724e-06
-2.38968e-06
-2.2783e-06
-2.46151e-06
-2.29111e-06
1.78618e-06
-3.06186e-06
8.4461e-07
-2.5246e-06
-2.55141e-06
-2.33555e-06
8.38129e-09
-2.47098e-06
2.37973e-06
-2.30065e-06
2.29214e-06
-3.05819e-06
-2.34433e-06
-5.73876e-07
-1.7489e-06
2.28662e-06
-7.51066e-09
2.98531e-06
-2.98531e-06
2.97645e-06
-2.97645e-06
2.29279e-06
-2.29279e-06
-2.38968e-06
-2.10462e-06
-5.97571e-07
-2.13177e-06
-2.14876e-06
2.62944e-06
-2.61885e-06
2.16068e-06
-1.65224e-06
-1.13066e-06
1.42669e-06
2.53025e-07
2.1831e-06
-2.3543e-06
-2.15292e-06
-2.40411e-06
-2.22136e-06
2.15292e-06
-5.47812e-07
-4.49913e-07
-9.79451e-07
-1.63278e-06
-1.12714e-06
-2.99556e-07
-1.57638e-06
-2.42969e-06
-2.42028e-06
1.41725e-06
1.43586e-06
1.57209e-06
-2.96802e-07
-3.16915e-08
-1.9214e-07
2.25652e-06
-1.90701e-06
1.60746e-06
5.18855e-07
-2.43502e-06
2.00124e-06
4.09489e-07
2.29807e-06
-1.92883e-06
2.13668e-06
-3.64555e-07
2.57435e-06
-2.30761e-06
1.95695e-06
-1.75265e-06
1.4286e-06
-7.81649e-07
-6.47158e-07
-1.15206e-06
-1.27379e-06
-1.17299e-06
-1.17411e-06
-2.44955e-06
-2.13652e-06
2.36403e-06
-1.43393e-06
-9.30104e-07
6.39153e-08
2.03545e-06
-2.20168e-06
7.55376e-07
-1.90225e-07
3.75477e-07
1.76505e-06
1.5067e-06
-2.07858e-06
1.18885e-06
-2.2304e-06
1.1525e-06
-2.33585e-06
-2.26263e-06
2.35044e-06
-5.82884e-08
3.64208e-07
-1.89267e-06
2.73728e-06
-1.18222e-06
-1.27631e-06
1.98561e-06
-2.42492e-06
2.39398e-06
1.39711e-07
2.017e-06
-2.017e-06
2.25039e-06
1.86241e-06
2.7252e-06
2.13242e-06
2.74014e-06
1.04677e-06
2.18392e-06
-7.05731e-07
-2.4469e-06
-2.32449e-06
1.72558e-06
-1.56082e-06
-1.85268e-06
-8.6044e-08
2.26305e-06
5.43844e-07
8.84756e-07
-2.09464e-07
-1.83058e-06
-2.31464e-06
-7.54842e-08
-2.00581e-06
1.96722e-06
-2.25036e-06
-1.47828e-06
-2.33555e-06
1.94989e-06
2.24387e-06
1.88717e-06
1.86521e-06
5.3831e-07
1.74831e-06
-3.49497e-06
1.57638e-06
-2.23228e-06
-1.15604e-06
-1.46015e-06
9.82423e-07
-1.0827e-06
5.10452e-08
-2.44243e-06
1.87843e-06
7.86706e-07
1.68024e-06
-1.59471e-06
-1.20945e-06
2.42621e-06
-5.51079e-07
-2.76621e-07
2.15252e-07
2.06434e-06
-1.56428e-06
-1.98285e-06
-2.3851e-07
2.3732e-06
1.00737e-07
-8.99699e-07
1.17727e-07
-2.25761e-06
-1.85035e-07
-2.31013e-06
1.9057e-06
-1.23464e-06
-1.38305e-06
-2.46325e-06
-2.39238e-07
-2.09325e-06
-1.90154e-06
1.47828e-06
1.02409e-06
1.40341e-06
1.91525e-06
-1.73533e-06
-2.48141e-06
4.38381e-08
-9.12998e-07
-9.32993e-07
-1.77138e-06
2.26445e-06
8.29415e-07
1.70646e-06
2.13861e-06
2.21335e-07
-1.84766e-06
-2.07919e-06
2.2189e-06
-2.33302e-06
-2.00365e-06
2.51435e-06
-6.8938e-07
-1.83488e-06
-1.6649e-06
-2.03335e-06
-1.84464e-06
2.50728e-06
-1.84313e-06
1.91217e-06
3.96107e-07
1.8203e-06
-1.85046e-06
2.59842e-06
1.06303e-06
2.62022e-06
1.04004e-06
-1.85263e-06
2.59842e-06
2.62022e-06
-1.98561e-06
-1.97179e-06
-2.10049e-06
2.17559e-06
1.88636e-06
1.6995e-06
-1.73112e-07
1.15554e-06
2.55246e-06
5.51023e-07
1.92625e-06
-1.78205e-06
-2.07577e-06
1.90178e-07
1.84466e-06
1.63132e-06
-2.22372e-06
-1.94555e-07
2.15151e-06
1.91323e-06
2.07718e-06
-1.86193e-06
5.04171e-07
1.86341e-06
1.89905e-06
8.27493e-07
-1.71228e-06
2.04252e-06
-1.68196e-06
2.49158e-06
-1.98969e-06
-2.79288e-07
-1.96516e-06
1.60484e-06
-2.04819e-06
2.5369e-06
4.54519e-07
6.32581e-07
1.95349e-06
-1.09608e-07
1.80752e-06
5.84393e-07
1.80971e-06
-1.80971e-06
-1.99687e-06
1.84405e-06
-3.48231e-07
-1.57162e-06
-1.50752e-06
-1.38643e-06
1.50752e-06
-1.99761e-06
4.8471e-07
1.64241e-06
-3.24222e-09
-2.08548e-06
1.40747e-07
-1.89084e-06
2.09216e-06
-1.72263e-06
-1.96924e-06
-7.07404e-07
-1.57847e-06
2.95995e-07
-2.30404e-06
8.5572e-07
1.63278e-06
-1.89267e-06
1.98689e-06
-1.90822e-06
-2.79728e-06
1.36335e-06
1.46015e-06
1.95798e-06
8.51657e-07
1.65224e-06
1.95576e-06
1.93818e-06
-1.87252e-06
1.87252e-06
-1.99987e-06
-6.19911e-07
-1.80347e-06
3.29708e-07
1.50841e-06
1.63505e-06
5.69325e-07
1.94758e-06
-1.82551e-06
-2.00344e-06
-1.67486e-06
-6.5138e-07
-1.76365e-06
-7.52253e-08
2.96666e-07
7.79315e-08
9.40491e-08
-2.04287e-06
1.99064e-06
-2.20835e-06
-4.33102e-07
1.44213e-06
1.10688e-06
2.06239e-06
2.10749e-06
1.10104e-06
1.5284e-06
1.02379e-06
-2.06311e-09
1.8805e-06
1.11577e-06
1.79888e-06
6.35079e-07
1.6646e-06
1.43868e-07
-2.24387e-06
2.0425e-06
1.74308e-06
-1.74308e-06
1.68826e-06
-1.68826e-06
2.34582e-07
1.7102e-06
-1.7102e-06
1.73988e-06
-1.73988e-06
-2.23467e-06
-2.17896e-07
-1.70796e-06
1.68196e-06
2.39406e-06
-5.84351e-07
-2.90915e-07
-4.61915e-07
-2.0012e-06
-1.85482e-06
-1.40328e-06
-1.44426e-06
5.21549e-07
-2.07086e-06
-1.99607e-06
-6.34293e-07
-1.85465e-06
-1.91257e-06
-3.52034e-07
1.61974e-06
-1.89735e-06
1.88198e-06
1.65864e-06
1.22091e-06
1.17754e-06
-1.78677e-06
-1.77721e-06
2.13197e-06
1.21584e-06
-2.08619e-06
1.23435e-06
1.98104e-06
-7.01402e-07
-7.31145e-07
-1.90468e-06
1.89424e-06
-1.90134e-06
2.09717e-06
-2.06079e-06
1.94761e-06
2.03687e-06
-1.96633e-06
-7.37413e-07
-7.14238e-07
-7.20979e-07
-1.75106e-06
1.81615e-06
2.39937e-06
1.86893e-06
1.72558e-06
-1.82155e-06
2.1077e-06
1.64686e-06
-1.80736e-06
-9.73249e-08
-7.20675e-07
-2.17964e-07
1.46269e-06
1.27402e-06
1.96722e-06
1.96191e-06
-3.46572e-08
-2.17455e-06
-1.85846e-06
-1.37616e-07
2.19088e-06
-6.6655e-07
1.79369e-06
-6.7356e-07
-1.99685e-06
1.74898e-06
2.00924e-07
1.31759e-06
1.80408e-06
-1.77533e-06
-6.73417e-07
2.0342e-06
-1.65264e-07
1.02627e-06
1.46656e-06
2.32309e-06
-1.82178e-06
1.81575e-06
1.94885e-06
-6.38778e-07
6.62969e-07
1.84071e-06
-1.61041e-07
-1.50343e-06
1.68054e-06
-2.06006e-06
-6.19513e-07
1.71228e-06
1.68941e-06
1.57847e-06
1.15881e-06
1.92715e-06
-1.38624e-06
1.96516e-06
5.66963e-07
-3.5314e-08
-1.80249e-06
-1.86327e-06
4.2179e-07
6.47857e-07
-1.9221e-06
-1.89995e-06
1.6064e-06
-1.87739e-06
2.04862e-06
-1.90949e-07
-1.50623e-06
1.69718e-06
-1.23636e-06
1.29788e-06
1.10149e-06
-1.97785e-06
-2.10461e-06
2.59663e-07
-1.75133e-06
-1.65864e-06
-2.60946e-07
2.25467e-06
-2.0737e-07
1.89678e-06
7.09574e-07
2.77221e-07
6.34263e-07
1.43302e-06
-1.62397e-06
1.97795e-06
1.76189e-06
7.40728e-08
-1.90008e-06
1.82601e-06
-6.85886e-08
1.48666e-07
-4.49978e-07
1.73961e-06
-1.66553e-06
-9.71672e-07
4.04849e-07
-2.32701e-06
4.2538e-07
-1.62871e-06
-6.18311e-08
6.8355e-07
3.6663e-07
1.13778e-06
-1.55523e-06
-1.8482e-06
6.18308e-07
-1.97009e-06
2.518e-07
1.70617e-06
1.88216e-06
1.21009e-06
-1.66751e-06
4.16687e-07
-3.65088e-07
-3.78034e-07
-1.76632e-06
-1.15572e-06
-1.29483e-06
-2.50676e-07
3.11628e-06
-1.12035e-06
3.12619e-06
-1.82302e-06
1.67479e-06
5.91607e-08
-1.87997e-06
-1.88517e-06
-4.71093e-07
1.41028e-06
-1.52631e-06
1.72806e-06
3.21144e-07
-1.05165e-07
1.95953e-06
1.60226e-06
1.88835e-06
2.0112e-06
-6.57294e-07
-1.62363e-06
-1.73158e-06
-1.58291e-06
-4.98241e-07
1.88362e-06
2.00745e-06
1.94033e-07
5.51619e-07
1.219e-06
-1.90446e-06
1.83359e-06
1.95704e-06
-8.05983e-08
)
;

boundaryField
{
    front
    {
        type            empty;
    }
    back
    {
        type            empty;
    }
    wall
    {
        type            calculated;
        value           uniform 0;
    }
    inlet
    {
        type            calculated;
        value           nonuniform List<scalar> 
12
(
-3.5257e-06
-3.53025e-06
-3.534e-06
-3.49652e-06
-3.63889e-06
-3.54471e-06
-3.62995e-06
-3.66145e-06
-3.66026e-06
-3.69826e-06
-3.6951e-06
-3.69575e-06
)
;
    }
    outletLeft
    {
        type            calculated;
        value           nonuniform List<scalar> 9(2.41786e-06 2.441e-06 2.43956e-06 2.43371e-06 2.424e-06 2.42585e-06 2.4288e-06 2.47103e-06 2.4805e-06);
    }
    aneurysm
    {
        type            calculated;
        value           uniform 0;
    }
    outletRight
    {
        type            calculated;
        value           nonuniform List<scalar> 9(2.34888e-06 2.36744e-06 2.40731e-06 2.30854e-06 2.38408e-06 2.34709e-06 2.37107e-06 2.4116e-06 2.4025e-06);
    }
}


// ************************************************************************* //
