/*--------------------------------*- C++ -*----------------------------------*\
  =========                 |
  \\      /  F ield         | OpenFOAM: The Open Source CFD Toolbox
   \\    /   O peration     | Website:  https://openfoam.org
    \\  /    A nd           | Version:  12
     \\/     M anipulation  |
\*---------------------------------------------------------------------------*/
FoamFile
{
    format      ascii;
    class       surfaceScalarField;
    location    "0.25";
    object      phi;
}
// * * * * * * * * * * * * * * * * * * * * * * * * * * * * * * * * * * * * * //

dimensions      [0 3 -1 0 0 0 0];

internalField   nonuniform List<scalar> 
6438
(
-4.04936e-08
5.07196e-06
-5.03146e-06
-4.3729e-08
5.89235e-06
-5.84862e-06
-5.52874e-06
-9.42338e-07
6.47108e-06
5.24422e-06
-5.75828e-06
5.1406e-07
8.05503e-06
-6.29415e-06
-1.76088e-06
1.81891e-06
6.23612e-06
-6.28828e-06
7.59545e-07
-5.44621e-06
5.40248e-06
5.8898e-06
-7.02813e-06
1.13833e-06
5.46778e-06
-6.41535e-06
9.47572e-07
-5.28715e-06
6.4375e-06
-1.15035e-06
1.26814e-06
-5.79199e-06
4.52385e-06
-6.55507e-06
1.26792e-06
5.02496e-06
2.30783e-06
-7.33278e-06
4.72326e-06
-4.76375e-06
-2.67164e-07
5.53511e-06
-5.26794e-06
-6.97393e-06
6.76464e-06
2.09283e-07
-5.28031e-06
6.41675e-06
-1.13644e-06
-6.5547e-06
1.27439e-06
2.08056e-06
4.39231e-06
-6.47287e-06
-1.51434e-06
-9.88663e-07
2.503e-06
-3.21491e-07
5.79615e-06
-5.47466e-06
-5.37923e-06
-8.71062e-07
6.25029e-06
-6.58799e-06
2.8869e-06
3.70109e-06
-5.70949e-06
5.388e-06
-5.07057e-06
6.16391e-06
-1.09334e-06
-6.20926e-06
8.30034e-07
5.87641e-06
-4.60827e-06
-5.33847e-06
-1.00478e-06
6.34326e-06
-6.46356e-06
1.39299e-06
4.93932e-06
-6.21866e-06
1.27934e-06
2.71428e-08
-6.05174e-06
6.0246e-06
5.92319e-06
-5.96118e-06
3.79918e-08
-5.86909e-06
9.84436e-07
4.88465e-06
-7.92302e-06
1.28414e-06
6.63888e-06
5.57291e-06
-5.54577e-06
5.62456e-06
-3.80348e-07
3.64863e-06
5.11232e-06
-8.76095e-06
-1.8147e-06
6.83965e-06
-5.23288e-06
5.75109e-06
-5.18213e-07
-6.0645e-06
6.01022e-06
5.42771e-08
-2.51548e-06
4.59604e-06
5.42088e-06
4.68918e-08
-6.5178e-06
6.38453e-06
1.33265e-07
5.83147e-06
-8.9215e-07
-4.39812e-06
4.13096e-06
-7.57872e-06
1.28456e-06
5.76394e-06
5.53836e-07
-6.31778e-06
-4.46964e-06
-1.39944e-06
-8.24046e-07
-5.39052e-06
6.11714e-06
-7.26624e-07
-4.00258e-06
5.78369e-06
-1.78111e-06
5.81411e-06
-5.81411e-06
1.82889e-06
4.4092e-06
5.79556e-07
-4.98876e-06
2.58765e-06
1.26157e-06
-3.84922e-06
4.9215e-06
1.04218e-06
-5.96368e-06
4.75473e-06
-1.86783e-06
-2.75635e-06
-4.82236e-06
-5.73963e-08
5.12632e-06
-5.06893e-06
-6.32131e-06
6.32131e-06
-6.55085e-06
6.62004e-06
-6.91868e-08
2.65809e-07
4.86624e-06
-5.13205e-06
1.80438e-08
-5.96433e-06
5.94629e-06
5.5355e-06
-5.51746e-06
-6.03616e-06
6.97686e-07
-6.05084e-06
-4.66958e-07
-5.20519e-06
5.72358e-06
-5.18385e-07
5.75864e-07
4.98405e-06
-5.55992e-06
-6.12194e-06
5.88689e-06
2.35048e-07
5.96648e-06
-5.96648e-06
5.54225e-06
3.47545e-07
-3.64266e-06
-2.77269e-06
5.19759e-06
1.09572e-06
-6.29331e-06
-5.09704e-06
-9.67458e-07
4.52903e-06
3.4974e-06
-8.02643e-06
-7.01123e-06
4.49575e-06
-4.47028e-06
-2.54096e-06
6.18326e-06
-9.85678e-07
3.68164e-06
-1.094e-06
5.00168e-06
5.74719e-07
-5.57639e-06
-6.16828e-06
-3.82573e-07
-8.70482e-07
-1.50356e-06
-4.81776e-06
6.68842e-06
-6.68842e-06
-4.41839e-06
-1.70355e-06
-4.00168e-07
-7.52285e-06
-5.77091e-06
5.74762e-06
2.32893e-08
2.07928e-07
-5.84298e-06
5.63505e-06
-6.4205e-07
5.64373e-06
5.77539e-06
1.47798e-07
-6.03326e-06
-9.40665e-07
-6.09451e-06
6.25114e-06
-1.56635e-07
6.35352e-06
-3.55656e-06
-2.79696e-06
5.7048e-06
-5.49687e-06
1.15986e-07
6.39315e-06
-3.25348e-06
-3.13967e-06
3.63872e-06
2.7148e-06
5.87107e-06
-5.87107e-06
-4.50285e-06
6.46108e-06
-1.95824e-06
-5.6603e-06
2.69787e-07
-7.73394e-07
-4.58556e-06
5.35895e-06
-5.30433e-06
2.07289e-07
-5.68553e-06
1.18268e-06
4.90677e-06
1.08518e-06
-5.99195e-06
-3.37301e-07
5.24407e-06
-5.12354e-06
5.92e-06
-7.96464e-07
-5.44453e-06
2.11652e-07
3.74719e-06
2.64596e-06
5.66725e-06
-1.1434e-06
2.4333e-07
5.57078e-06
-4.89275e-06
-4.11576e-07
5.11651e-06
1.08882e-06
-6.20532e-06
-2.82763e-06
-2.44105e-06
5.26868e-06
3.72394e-06
-4.67286e-07
-3.25666e-06
-6.05174e-06
1.2268e-06
6.07056e-06
-7.29736e-06
-2.81296e-06
1.29862e-06
6.05507e-06
1.08839e-07
6.55835e-06
-3.39515e-06
-3.1632e-06
2.19616e-06
4.36218e-06
6.13032e-06
-1.01381e-06
7.47547e-06
-3.82683e-06
-5.53893e-06
1.39e-08
5.52503e-06
-7.92092e-06
8.11378e-07
7.10954e-06
-9.06631e-08
-5.49772e-06
5.58839e-06
6.04846e-06
3.36076e-07
-4.66421e-06
4.60681e-06
-5.56587e-06
5.67794e-06
-1.12072e-07
5.63569e-06
-5.72635e-06
5.8144e-06
-5.8144e-06
5.72857e-06
1.6378e-07
5.73958e-06
-1.33038e-06
5.66281e-06
-5.397e-06
-4.98733e-06
4.21394e-06
5.10731e-08
5.49536e-06
-5.54644e-06
6.45673e-06
-4.52565e-06
-1.93109e-06
-5.96433e-06
-8.5262e-08
6.66426e-08
-5.51285e-06
-5.52634e-06
3.21152e-07
6.38706e-08
5.50904e-06
5.33128e-06
-4.75542e-06
-5.49828e-06
3.74738e-07
5.57916e-06
-1.58275e-07
-1.98948e-07
4.85456e-06
-4.65561e-06
3.81642e-06
2.64031e-06
-5.71861e-06
1.22635e-06
4.49226e-06
5.82673e-06
-4.30451e-08
-7.70735e-06
7.03219e-07
7.00413e-06
-7.78714e-08
-5.4687e-06
5.54658e-06
3.63542e-06
8.85259e-08
3.46778e-07
5.47995e-06
5.42474e-06
4.51671e-07
5.60253e-06
-5.6804e-06
-5.83835e-06
-1.94912e-07
5.95437e-06
-6.39567e-06
4.41293e-07
-5.32538e-06
-2.13547e-07
-6.48046e-06
2.80982e-06
3.67065e-06
4.23363e-09
5.60343e-06
1.92721e-07
-5.27254e-06
6.13092e-06
-8.58378e-07
-5.81634e-06
5.00759e-06
8.08751e-07
-7.8602e-07
2.03106e-06
-1.24504e-06
-1.82167e-06
-4.64189e-06
-5.84298e-06
-4.61431e-08
5.58164e-06
1.70875e-06
4.75233e-06
-9.32557e-08
-5.68291e-06
-2.65804e-08
-1.19821e-07
-6.21415e-06
5.25182e-06
9.62338e-07
-3.65935e-07
4.62931e-06
9.12944e-07
9.08367e-06
-3.97136e-06
-1.92234e-06
-4.63236e-06
5.69825e-06
7.71364e-08
-4.89387e-06
2.06624e-06
-2.19512e-06
-3.46802e-06
5.66314e-06
-1.96042e-06
-4.59464e-06
-3.19204e-06
7.72107e-06
-5.87398e-06
1.91069e-07
-5.54664e-06
5.56799e-06
-2.13511e-08
-4.58528e-06
4.38633e-06
-6.67501e-08
-5.43619e-06
5.50294e-06
-5.97571e-06
1.01731e-07
4.98516e-06
-5.93152e-06
9.46363e-07
5.55375e-06
-5.6205e-06
4.96348e-06
-1.87969e-06
-3.08379e-06
-7.50561e-06
2.65739e-06
4.84822e-06
5.09033e-06
4.88829e-07
4.20488e-06
2.55976e-06
1.2295e-06
5.45892e-06
-1.45729e-06
-5.23114e-06
-6.04602e-06
5.99301e-06
5.30162e-08
-6.02992e-06
-1.60979e-08
-5.99862e-06
-3.13035e-08
1.72959e-08
1.55983e-06
-8.73733e-06
7.1775e-06
-6.4911e-06
7.71789e-06
5.1257e-06
-5.07462e-06
5.47609e-06
2.28706e-07
4.46887e-07
4.51659e-06
-5.49772e-06
-4.98466e-06
4.96067e-06
6.19331e-07
-5.58e-06
-2.85794e-08
-1.18244e-06
8.72464e-06
-7.5422e-06
8.27668e-06
-5.96886e-06
-2.50963e-06
3.7712e-06
-1.59105e-06
-4.88941e-06
-4.3451e-06
-3.16052e-06
-5.49665e-06
-3.41696e-07
-5.53474e-06
5.53395e-06
7.88985e-10
-8.75362e-07
5.19745e-06
-4.32208e-06
-5.93997e-06
5.98183e-06
-4.18573e-08
-5.878e-06
-6.19753e-08
-7.55659e-06
4.70086e-07
7.08651e-06
-5.28268e-06
-3.42698e-07
5.62537e-06
5.91778e-06
6.40451e-08
-1.0521e-06
-6.4673e-06
2.355e-06
4.1123e-06
3.75669e-08
-3.42516e-06
-3.04214e-06
-8.08384e-08
-6.03933e-08
-5.40567e-06
5.46606e-06
-5.55985e-06
2.77176e-07
5.02458e-06
6.73673e-07
5.79083e-06
-5.5475e-06
5.50179e-06
-5.56218e-06
5.47773e-06
1.57958e-07
2.69185e-06
5.58483e-06
5.72118e-06
-1.09187e-06
-4.48947e-07
-7.47197e-06
-3.279e-07
4.51571e-06
-4.18781e-06
-5.85e-06
-2.79927e-08
-5.84919e-06
-8.13874e-10
5.89647e-06
-5.85439e-06
-4.20719e-08
5.83191e-06
6.45565e-08
-5.4687e-06
1.35009e-06
-1.85447e-06
5.04377e-07
-6.6043e-06
3.86324e-06
2.74106e-06
2.95951e-06
-5.93252e-06
2.97301e-06
-5.17848e-06
-4.81828e-07
-5.51629e-06
5.48896e-06
2.73326e-08
-5.73982e-06
5.53546e-06
2.04356e-07
-4.58246e-07
5.87383e-06
-5.41558e-06
-5.69886e-06
1.39011e-07
-6.32732e-06
7.88715e-06
-5.88402e-07
-5.13021e-06
-5.94859e-06
5.49035e-06
-4.66137e-06
-4.29235e-07
5.09061e-06
-4.37073e-06
5.79421e-06
3.7704e-08
-3.97056e-06
-1.06216e-06
1.17774e-06
-1.15579e-07
-5.49829e-08
2.12673e-07
-7.54853e-06
7.33586e-06
-4.2326e-06
-2.05568e-06
-5.87778e-06
5.75703e-06
1.20744e-07
-5.78746e-06
-9.03162e-08
-2.08199e-06
1.29597e-06
5.46787e-06
1.34667e-07
5.84023e-06
-9.73987e-07
5.78162e-06
-5.7747e-06
-6.91675e-09
-1.56325e-08
-5.36429e-06
5.37992e-06
6.05113e-06
-4.34238e-06
-7.27782e-08
6.00544e-06
3.38749e-06
-9.39292e-06
5.95084e-06
-5.95084e-06
9.19093e-07
5.40222e-06
-2.09981e-06
-3.7143e-06
-4.74247e-06
5.71554e-06
-9.73076e-07
-6.33721e-07
-5.10609e-06
5.47411e-06
-5.48974e-06
-5.24168e-06
8.96065e-08
5.15207e-06
1.00613e-06
-5.31292e-06
4.30679e-06
-5.50064e-06
5.44403e-06
5.66083e-08
3.51333e-06
2.5378e-06
-1.71889e-07
-8.90272e-07
-3.30228e-06
-3.30202e-06
-1.26222e-06
-5.87209e-06
5.99553e-07
-5.43619e-06
4.92593e-06
1.02844e-06
-4.57676e-06
-5.13848e-06
4.77103e-07
-5.24326e-06
3.04814e-06
5.94884e-06
-4.83648e-06
-1.11236e-06
1.01659e-06
4.77424e-06
-4.21335e-06
-1.99591e-06
-5.81995e-06
5.81995e-06
5.82107e-06
-5.59735e-06
-2.23714e-07
3.35716e-07
-5.51419e-06
-4.65717e-06
5.2649e-06
-6.0773e-07
-1.84577e-06
8.57109e-07
5.42338e-06
-5.4498e-06
2.6415e-08
5.6954e-06
6.16342e-08
5.7555e-06
6.55711e-08
8.69728e-06
-5.54967e-06
-1.49191e-07
-4.86926e-06
3.9939e-06
5.46057e-06
9.31869e-08
5.73803e-06
-5.70531e-06
-3.27161e-08
-4.94322e-08
-7.92998e-08
5.98991e-07
-4.92018e-06
4.32119e-06
-1.72961e-07
-7.53439e-06
1.80195e-06
4.06399e-07
-5.06357e-06
-5.48914e-06
5.40548e-06
8.36597e-08
5.47724e-06
-4.92084e-07
-2.55845e-06
-3.40273e-06
-7.67354e-06
5.68816e-07
-3.07845e-06
-9.11427e-07
2.3218e-08
5.64232e-06
-5.02299e-06
-5.40567e-06
-5.41443e-06
1.40984e-07
5.27345e-06
7.64388e-06
1.08075e-06
4.40544e-06
2.21459e-06
5.33097e-06
-2.37146e-06
5.56784e-06
-3.16026e-07
1.27694e-05
-9.38188e-06
-8.73733e-06
-2.79991e-06
-3.01642e-06
-7.05417e-08
5.93537e-06
-5.56076e-06
-3.74605e-07
5.62579e-06
1.29708e-07
6.50788e-07
-5.39325e-06
-4.00189e-06
4.60088e-06
5.45444e-06
4.73482e-08
4.28442e-06
1.89885e-06
5.72235e-06
2.13015e-07
5.71718e-06
-5.63519e-06
-8.19895e-08
-2.57399e-06
-3.64467e-06
-2.5759e-07
5.26518e-06
9.79315e-08
-6.06441e-06
4.7406e-06
-3.73447e-06
-7.95254e-08
1.19826e-07
4.62394e-06
-5.02114e-06
3.97206e-07
8.44881e-07
4.87066e-06
7.75849e-06
-7.54581e-06
2.69964e-06
3.41751e-06
-5.47493e-06
5.41069e-06
6.42403e-08
-1.26288e-07
-3.18207e-06
1.74214e-06
1.43993e-06
-5.70091e-08
5.94843e-06
-5.94843e-06
6.71905e-06
-3.89547e-06
-2.82357e-06
-4.93076e-06
-8.27519e-07
4.15821e-06
1.9721e-06
5.68984e-06
3.2511e-08
-5.36429e-06
5.3223e-06
3.38087e-08
-5.35611e-06
4.35779e-06
6.06441e-06
-6.0246e-06
1.53526e-07
7.08149e-06
-6.27012e-06
5.48388e-06
-5.842e-06
5.44531e-06
-1.23016e-07
4.91569e-06
-5.31904e-06
5.291e-06
2.80399e-08
2.48967e-07
4.26771e-06
-4.51668e-06
-4.84065e-06
3.99815e-06
-3.62734e-07
5.0631e-06
6.87989e-07
-4.84283e-08
-4.68091e-06
-8.17363e-07
-7.00877e-06
4.43479e-06
7.5455e-09
-5.33293e-06
-5.67919e-06
-2.69405e-07
7.60712e-06
-4.10972e-06
5.46513e-08
-9.83791e-07
6.04878e-06
-5.06499e-06
-2.5844e-06
-5.97672e-07
5.2982e-06
-5.35542e-06
5.72221e-08
-5.48388e-06
5.43738e-06
2.35824e-06
3.36943e-06
-5.72767e-06
5.70092e-06
-1.07699e-06
4.73708e-07
5.0614e-06
5.59051e-06
5.40404e-07
6.09917e-07
7.40172e-07
-5.94629e-06
1.31889e-07
-4.72082e-06
5.37161e-06
-2.73422e-06
3.30304e-06
5.04588e-07
-4.96007e-06
4.45548e-06
-4.00771e-08
1.05183e-07
-4.94809e-06
-5.62728e-06
5.52424e-06
1.03044e-07
-5.39853e-06
5.62053e-07
3.5226e-06
3.19645e-06
-3.03815e-06
6.22955e-06
-3.1914e-06
6.24268e-06
-5.82798e-06
-4.14709e-07
1.55272e-07
3.84288e-06
-5.35714e-06
-5.72963e-08
5.43737e-06
7.94578e-09
2.68881e-06
-9.46661e-07
6.92145e-06
-6.21823e-06
4.96323e-06
7.60344e-07
3.13069e-07
-5.52076e-06
8.39847e-07
8.45228e-08
-4.80534e-06
6.165e-06
-4.98232e-06
5.02643e-06
-3.05951e-07
-4.78479e-06
5.09074e-06
-5.41106e-06
5.63477e-06
-6.67826e-08
-8.19738e-06
6.55187e-07
-3.46994e-08
5.30802e-06
1.0267e-07
-5.01243e-06
-5.50036e-06
5.47731e-06
2.30425e-08
6.58235e-06
-3.8225e-06
-2.75985e-06
-4.61602e-06
-4.15152e-07
5.03117e-06
-1.24312e-08
-5.44006e-06
1.16971e-07
-5.88068e-07
5.80994e-06
-5.22187e-06
-5.32634e-06
5.35275e-06
-7.72955e-06
-1.12845e-06
-7.47716e-06
7.28985e-06
1.87309e-07
4.26806e-06
2.16943e-06
4.99572e-06
4.47987e-07
-5.44371e-06
5.30869e-06
-2.18356e-07
4.28045e-06
2.13629e-06
-3.7896e-06
1.2052e-06
-5.36519e-06
4.66106e-06
-5.30311e-06
-7.20322e-06
7.17706e-06
2.61515e-08
6.50731e-06
-5.22317e-06
5.30701e-06
-1.60109e-08
3.26271e-07
-4.9493e-06
4.62303e-06
-8.00192e-08
-7.1232e-06
6.43162e-06
-6.43162e-06
-2.92669e-06
5.51793e-06
-2.59124e-06
-5.31149e-06
5.31149e-06
5.43135e-06
-4.80168e-06
-6.29669e-07
5.05128e-06
1.19986e-06
5.65982e-06
-4.64323e-06
5.59662e-06
-6.26738e-08
-4.38143e-06
-7.01891e-07
5.08332e-06
-7.11541e-06
7.13953e-06
-2.41142e-08
6.56353e-06
-3.95105e-06
-2.61248e-06
9.59347e-07
4.70047e-06
-7.1899e-06
7.15391e-06
3.59877e-08
-1.28973e-09
-5.23429e-08
7.09513e-06
-7.04279e-06
-7.1625e-06
7.1625e-06
-8.52783e-08
5.38348e-06
7.68603e-06
-7.16505e-06
-5.20979e-07
-7.19436e-06
7.14202e-06
7.18817e-06
-7.15152e-06
-3.66577e-08
-5.2374e-06
-1.18015e-07
6.12627e-06
-8.17214e-08
7.14038e-06
-7.05866e-06
7.14262e-06
-7.15605e-06
1.34368e-08
-5.39858e-06
7.1055e-06
-1.03647e-08
-5.49388e-06
5.44478e-06
4.90976e-08
-7.10413e-06
7.12971e-06
-2.55764e-08
5.44138e-06
-5.3004e-06
-7.17535e-06
7.09363e-06
5.50289e-06
-1.74904e-06
2.62096e-06
3.42782e-06
-3.97871e-06
-3.03006e-06
-7.15043e-06
7.15043e-06
-7.1832e-06
-1.1163e-08
6.64973e-06
-1.21891e-06
-5.43082e-06
-4.68794e-06
3.18438e-06
1.79206e-07
7.11692e-06
-7.13893e-06
2.20177e-08
5.23837e-06
-5.23331e-06
-5.05535e-09
7.33865e-06
-7.14808e-06
-1.90568e-07
7.07996e-06
3.69598e-08
7.06693e-06
7.34518e-08
-1.45239e-08
-5.29697e-06
-6.55499e-06
3.60725e-06
2.94775e-06
-5.28952e-06
5.32333e-06
7.10237e-06
-2.241e-08
7.45815e-07
4.82203e-06
3.8196e-06
-1.46137e-06
-7.16499e-06
-1.03592e-08
5.84355e-06
3.46782e-06
-5.90886e-06
-8.99916e-07
-7.29747e-06
5.33082e-06
-5.36167e-06
3.08419e-08
-2.47086e-07
-7.23007e-06
5.55092e-06
-6.19619e-08
6.17207e-06
-4.22289e-06
-1.94918e-06
-5.3424e-06
7.11318e-06
-7.11318e-06
5.08915e-06
6.54752e-08
-5.15462e-06
5.4781e-06
-7.12813e-06
7.11879e-06
9.34e-09
7.07776e-06
-7.14592e-06
6.81598e-08
4.50573e-06
-5.96302e-06
-1.89902e-08
-7.07795e-06
7.09694e-06
7.06163e-06
-7.08063e-06
-2.36393e-07
7.52624e-06
-5.65491e-06
6.125e-06
-6.39814e-06
4.43772e-06
-1.12497e-07
7.28956e-06
6.13093e-07
3.15811e-06
5.92612e-08
6.59047e-06
-1.92633e-08
5.70428e-06
-5.68501e-06
-4.84859e-08
-7.14522e-06
-4.4675e-08
5.86473e-06
-5.86736e-07
-5.278e-06
-7.09768e-06
7.09768e-06
4.16837e-06
-3.58881e-06
-7.1565e-06
7.13776e-06
1.87362e-08
5.46537e-06
-5.46537e-06
5.32122e-06
-8.28561e-08
7.10739e-06
-7.1188e-06
1.14141e-08
-6.86073e-06
1.87607e-06
7.08853e-09
-5.27937e-06
5.27228e-06
5.72582e-06
-4.78768e-08
7.12236e-06
6.58149e-08
4.32053e-06
7.37542e-07
-5.05807e-06
7.1441e-06
-3.86003e-08
5.5496e-06
-5.5496e-06
7.09867e-06
-7.074e-06
-2.46669e-08
-5.42795e-06
5.38795e-06
3.99984e-08
7.15296e-06
-7.13126e-06
-2.16989e-08
-7.10942e-06
7.10942e-06
1.05816e-06
4.97757e-06
1.67932e-07
-5.1455e-06
-7.15708e-06
7.13846e-06
1.86129e-08
-2.63697e-08
-5.35922e-06
5.32845e-06
2.37417e-09
6.65227e-06
-1.25779e-06
-5.39449e-06
4.59578e-06
7.08065e-06
-7.10018e-06
1.95291e-08
5.47212e-06
5.84555e-06
8.24025e-08
5.00675e-06
7.26055e-06
-1.38186e-07
7.05742e-06
2.3232e-08
5.1932e-06
-5.1932e-06
-2.73422e-06
7.18053e-06
-7.12413e-06
-2.17963e-08
7.12043e-06
-7.09361e-06
-2.68207e-08
1.392e-07
-7.25556e-06
7.11636e-06
7.45887e-07
-7.1775e-06
-7.14413e-06
7.13183e-06
1.23043e-08
5.15769e-06
-5.15495e-06
-2.74297e-09
5.43135e-06
-4.79339e-06
4.79339e-06
7.07173e-06
-1.43096e-08
-5.3024e-06
-4.9493e-06
4.99572e-06
5.50123e-06
-5.71937e-08
-1.60709e-08
5.63497e-07
-7.0233e-06
7.11926e-06
-7.12151e-06
2.25322e-09
1.70459e-07
4.98723e-06
1.64238e-07
5.7005e-06
5.36304e-06
-4.18155e-08
-7.12818e-06
7.11993e-06
8.25293e-09
7.06536e-06
-7.08506e-06
1.96974e-08
-7.12181e-06
-3.46875e-08
7.10246e-06
-7.0838e-06
-1.86568e-08
5.36277e-06
1.02595e-07
7.1069e-06
3.08646e-08
-8.92115e-09
7.09095e-06
2.89762e-08
-1.0799e-09
-5.25258e-06
-7.19902e-06
7.58277e-08
-5.32792e-06
5.32792e-06
6.56357e-08
6.58664e-06
-5.41405e-06
1.03262e-06
3.72495e-08
7.10537e-06
2.95705e-07
-5.11939e-06
4.82368e-06
4.93252e-08
7.11318e-06
6.78611e-06
-7.40144e-06
5.35767e-06
1.91927e-07
7.06163e-06
-5.4812e-08
5.03238e-06
-5.18099e-06
2.60418e-08
5.10456e-06
-7.84037e-07
-7.07928e-06
7.07928e-06
-7.11721e-06
-3.98659e-08
4.80168e-06
-4.97662e-06
1.74938e-07
-7.11318e-06
5.24278e-06
-5.23569e-06
7.10341e-06
3.50582e-08
-7.10673e-06
-6.32051e-06
4.39818e-06
-7.13704e-06
7.12517e-06
1.18646e-08
4.85278e-06
4.55907e-07
5.27937e-06
3.21276e-08
-7.0564e-06
7.10475e-06
-4.83526e-08
-5.35993e-06
5.31226e-06
4.76602e-08
-7.07899e-06
2.25891e-08
5.3395e-06
-1.10491e-08
2.9613e-07
-5.51995e-06
5.22383e-06
7.07732e-06
-7.10864e-06
3.13175e-08
5.75711e-06
-6.02652e-06
7.07654e-06
-7.07577e-06
-7.71887e-10
-4.52288e-06
4.52288e-06
-5.56841e-06
5.56841e-06
-7.06842e-06
-1.05683e-08
-3.30304e-06
3.91613e-06
-7.08862e-06
7.0782e-06
1.04256e-08
5.52467e-08
7.09518e-06
4.42072e-06
-3.91613e-06
-4.42072e-06
4.66968e-06
4.69326e-06
-5.39516e-06
6.47031e-06
-3.83439e-06
-2.63592e-06
-7.114e-06
-3.01294e-08
-1.02605e-06
-4.66968e-06
5.69574e-06
7.1051e-06
2.67309e-08
-5.38297e-06
4.98897e-06
7.12548e-06
-7.11109e-06
-1.43918e-08
-7.08369e-06
-5.33476e-06
5.35867e-06
-1.6547e-07
-1.89663e-08
7.12133e-06
7.09156e-06
-5.27228e-06
-7.26058e-06
-4.25981e-06
5.44371e-06
-1.1839e-06
-7.05246e-06
-2.54895e-08
7.08233e-06
8.62457e-09
4.1305e-06
-4.21928e-06
8.87774e-08
8.12083e-09
4.97662e-06
-5.17644e-06
1.99818e-07
3.26251e-06
3.31984e-06
-7.1108e-06
-2.62398e-08
-5.38536e-06
7.05119e-06
-7.0453e-06
-5.8815e-09
7.10231e-06
2.28629e-08
-7.12286e-06
7.1152e-06
7.65549e-09
5.44456e-06
5.36277e-06
-7.06927e-06
7.05382e-06
1.54491e-08
7.11916e-06
-7.11604e-06
-3.12058e-09
-5.29429e-06
5.35767e-06
7.06592e-06
-7.06592e-06
2.81099e-08
7.1258e-06
-4.46157e-06
-9.5248e-07
7.08077e-06
-3.44115e-09
-9.10592e-07
4.83705e-06
-3.92645e-06
7.0626e-06
-7.05649e-06
-6.11447e-09
2.16064e-08
7.09157e-06
7.04977e-06
-7.05603e-06
6.25864e-09
-7.13214e-06
-7.10652e-06
-4.27953e-06
6.10838e-09
7.11268e-06
-7.44739e-09
-7.08725e-06
7.0947e-06
-7.0664e-06
7.05099e-06
1.54093e-08
-7.11051e-06
-1.23464e-08
-5.38273e-06
-5.19826e-06
1.7269e-08
7.10327e-06
1.19294e-08
-7.06e-06
7.05702e-06
2.98148e-09
-7.06485e-06
2.65415e-08
7.03831e-06
7.10839e-06
1.70959e-08
-7.0864e-06
-2.46953e-08
-5.16889e-06
-2.43102e-08
7.1049e-06
-7.10928e-06
4.3821e-09
7.06269e-06
-7.07014e-06
-7.07728e-06
7.06752e-06
9.76039e-09
7.05966e-06
-7.05394e-06
-5.72033e-09
5.32322e-06
4.69908e-09
7.10725e-06
1.19049e-08
-7.09735e-06
-1.86884e-08
-7.12341e-06
5.35867e-06
-7.06344e-06
7.04937e-06
1.40713e-08
4.68821e-06
-4.99416e-06
-7.04352e-06
7.06992e-06
-2.64036e-08
7.06533e-06
-7.07587e-06
1.05378e-08
-1.72279e-08
-7.10367e-06
-6.84666e-09
-1.84046e-08
-6.27068e-06
4.44901e-06
-1.21127e-08
7.06269e-06
-1.16946e-08
-7.52343e-09
-7.10966e-06
5.98953e-09
2.71841e-06
5.97353e-06
-8.69194e-06
-1.47207e-06
7.10495e-06
-5.71718e-11
-7.09157e-06
1.30755e-08
7.0846e-06
-7.09589e-06
-1.33897e-08
-5.34086e-06
-7.11673e-06
7.07363e-09
2.4823e-08
7.08256e-06
-1.12381e-09
3.36083e-08
-6.9963e-06
6.96269e-06
7.11474e-06
-7.11111e-06
-3.63314e-09
-5.43623e-06
9.74658e-07
7.10104e-06
-7.0886e-06
-1.24409e-08
-7.10573e-06
-5.26862e-06
-2.77812e-07
7.05816e-06
-7.05259e-06
-5.57366e-09
3.70544e-08
-7.00295e-06
6.9659e-06
-7.11297e-06
7.09971e-06
1.32567e-08
-5.37812e-06
5.33376e-06
4.43595e-08
6.25762e-09
-7.11291e-06
-3.82005e-09
-5.40789e-06
1.12177e-06
4.28612e-06
-7.10362e-06
-9.35396e-09
7.11241e-06
2.33403e-09
-7.10076e-06
-1.03509e-08
-2.82528e-08
-7.11336e-06
4.52977e-10
-5.11502e-06
-5.97359e-07
5.71238e-06
4.08671e-06
2.98636e-08
-7.0846e-06
5.33483e-06
-2.25618e-08
-7.05778e-06
7.05778e-06
-1.36484e-08
7.10899e-06
3.41435e-09
-5.63004e-09
1.10384e-08
1.13642e-08
7.11169e-06
-2.69161e-09
4.19459e-09
7.10984e-06
-7.1099e-06
5.8348e-11
5.13193e-06
-5.13193e-06
-7.09516e-06
7.07991e-06
1.52453e-08
7.06958e-06
-7.06233e-06
-7.25729e-09
-9.97173e-09
7.10724e-06
4.44988e-09
7.10758e-06
2.25718e-09
-2.66105e-09
7.10828e-06
7.10134e-06
-7.10527e-06
3.93233e-09
-7.16986e-06
-7.07864e-06
-1.65217e-08
5.47255e-06
-6.70665e-08
7.09497e-06
6.36463e-09
5.94903e-08
7.10037e-06
-7.09259e-06
-7.7857e-09
-5.07184e-06
5.07184e-06
3.97131e-08
7.06971e-06
-7.05665e-06
7.06797e-06
-1.13258e-08
7.09887e-06
1.50705e-09
5.59531e-08
5.30709e-06
7.09046e-06
-7.08779e-06
-2.6674e-09
-7.03457e-06
-2.20835e-08
7.07039e-06
-7.07618e-06
5.78491e-09
7.08588e-06
4.58032e-09
7.09899e-06
8.5957e-09
-7.03652e-08
-7.01688e-06
-1.18246e-08
-6.25219e-07
-4.76803e-06
7.05932e-06
-7.06616e-06
6.84401e-09
2.1216e-07
4.91977e-06
7.08955e-06
-7.08291e-06
-6.64545e-09
-6.28424e-09
-1.21016e-07
-5.89895e-06
6.01997e-06
-5.13529e-06
5.19364e-06
-5.83563e-08
-7.02622e-06
7.02848e-06
-2.25167e-09
7.0814e-06
8.15538e-09
-7.06047e-06
-4.41419e-06
7.13261e-06
7.08416e-06
-7.07409e-06
-1.00676e-08
-7.09103e-06
7.09121e-06
-1.83802e-10
7.07063e-06
-7.06422e-06
-6.41162e-09
-6.87223e-07
-6.06459e-06
6.75181e-06
7.0769e-06
7.26422e-09
-7.03159e-06
5.36897e-09
7.08518e-06
-7.0761e-06
-9.08009e-09
5.32322e-06
-5.45159e-06
5.45159e-06
7.08255e-06
-7.06922e-06
-1.3335e-08
-1.3667e-08
7.0854e-06
-1.11163e-08
-5.33078e-06
7.07257e-06
9.97801e-09
-7.09039e-06
-1.32314e-08
-7.02082e-06
7.02454e-06
-3.72245e-09
7.09111e-06
3.86493e-09
1.19672e-07
7.01985e-06
-1.47879e-09
7.08449e-06
1.79681e-08
5.30637e-06
2.84526e-08
8.28706e-10
-7.02774e-06
6.92135e-09
5.41317e-07
1.96405e-08
2.28774e-07
7.064e-06
-7.07063e-06
6.62578e-09
-7.01338e-06
7.02153e-06
-8.15126e-09
1.25415e-07
-5.31386e-06
5.18845e-06
9.49835e-07
-5.53517e-06
4.58533e-06
2.02959e-06
5.01765e-06
-5.01765e-06
7.05913e-06
-7.05913e-06
-5.81355e-06
3.25022e-09
-7.07252e-06
5.41742e-06
7.08294e-06
1.59237e-08
-1.33643e-06
-2.48405e-06
3.82048e-06
-7.0236e-06
1.02197e-08
-7.02762e-06
-2.27944e-07
3.0033e-06
-4.95587e-06
1.95257e-06
-4.85178e-09
4.79457e-08
7.02197e-06
1.95272e-08
5.31997e-06
-7.09294e-06
1.49148e-08
7.06436e-06
4.50639e-06
-5.49851e-06
9.92124e-07
4.58615e-06
-1.58285e-06
-8.82085e-09
-7.05758e-06
7.09398e-06
-7.04603e-06
-7.07371e-06
-7.00411e-06
6.99746e-06
6.64934e-09
1.55643e-09
7.07664e-06
7.05181e-06
7.32206e-09
6.44366e-06
-4.27611e-06
-2.16755e-06
-2.5293e-08
5.38297e-06
7.07473e-06
1.11539e-08
6.44123e-06
-7.12845e-06
4.77829e-08
7.0218e-06
-8.33733e-09
-7.0551e-06
-7.01228e-06
8.17181e-09
-5.15152e-06
1.6235e-08
5.41225e-06
-4.33932e-06
-1.07293e-06
7.03926e-06
-7.03987e-06
6.13987e-10
-8.18217e-09
2.03106e-06
-2.85497e-06
-2.67511e-06
5.53008e-06
7.05234e-06
-7.0632e-06
1.08591e-08
5.62047e-06
-5.55499e-06
-1.99529e-08
5.38273e-06
-4.62253e-06
3.2861e-06
7.04524e-06
-7.05233e-06
7.08654e-09
7.08572e-06
-7.03794e-06
-5.30786e-06
1.75931e-07
-5.3282e-06
5.32176e-06
6.43938e-09
5.17644e-06
-5.29745e-06
1.12165e-07
7.01754e-06
-5.37486e-06
5.21438e-06
-1.89794e-07
7.07479e-06
-7.06621e-06
-8.57613e-09
5.50887e-06
-5.2628e-06
-2.46069e-07
7.05181e-06
-4.25486e-09
-7.05574e-06
-5.21564e-06
1.73767e-08
6.53777e-07
4.00645e-06
-4.66022e-06
-6.99517e-06
6.98758e-06
7.5871e-09
7.04072e-06
2.46101e-08
-4.45933e-06
-9.35822e-07
5.1183e-08
7.01945e-06
7.06314e-06
-7.0796e-06
1.64627e-08
7.05444e-06
-1.30381e-08
-7.03227e-06
-5.51749e-06
-9.29838e-07
7.06673e-06
1.46717e-08
7.51254e-06
-1.53901e-06
-4.2708e-08
7.05966e-06
-7.01695e-06
7.0566e-06
6.53907e-09
-7.00511e-06
9.93863e-09
-7.02554e-06
-5.02349e-08
-1.34923e-08
6.96538e-06
-6.95189e-06
9.1572e-09
7.05676e-06
7.08665e-06
-7.03546e-06
-7.06436e-06
-2.66927e-08
5.38536e-06
-7.36471e-09
5.34193e-06
-2.76386e-07
-5.06554e-06
7.17573e-08
5.27017e-06
-6.97531e-06
6.96182e-06
-7.06335e-06
-1.52836e-08
4.48386e-06
9.28392e-07
-2.68146e-08
5.46358e-06
-5.43676e-06
-4.5254e-06
-3.78626e-06
4.44004e-06
-5.90415e-06
7.29534e-07
5.17462e-06
7.05378e-06
5.37538e-09
-7.06186e-06
7.00183e-08
7.02396e-06
7.04318e-06
-7.04422e-06
1.03692e-09
7.05858e-06
-7.03758e-06
-2.10013e-08
-7.06812e-06
4.62078e-09
-1.02136e-08
-5.33325e-06
5.34346e-06
1.02257e-09
7.0665e-06
-4.903e-06
1.43498e-06
-7.05884e-06
7.05491e-06
3.93409e-09
-6.98534e-06
6.97702e-06
8.3198e-09
6.83503e-08
5.77528e-06
-5.60734e-06
4.2317e-06
-1.012e-07
-3.65823e-08
7.06361e-06
-7.02703e-06
-6.29907e-06
3.4441e-06
7.05132e-06
6.24479e-09
-7.06018e-06
7.05867e-06
1.82268e-08
-6.59786e-06
6.6399e-08
6.53147e-06
1.1025e-08
-6.99637e-06
7.0447e-06
-7.0373e-06
-7.4071e-09
-2.22753e-07
7.08648e-06
-6.86372e-06
-1.05479e-08
-1.44795e-06
6.63138e-06
-5.18343e-06
-5.30786e-06
-5.89015e-06
7.04914e-06
-3.8998e-09
6.18041e-08
7.02392e-06
6.87216e-06
7.1156e-06
-7.11014e-06
-5.45675e-09
-4.26476e-10
-5.34133e-06
5.34176e-06
-7.05318e-06
7.0484e-06
4.7831e-09
1.42475e-07
-5.31136e-06
5.16889e-06
7.06251e-06
-7.05956e-06
-2.95557e-09
-5.4686e-06
5.44179e-06
7.04174e-06
-7.03632e-06
-5.41747e-09
1.97466e-08
7.03883e-06
-7.61126e-08
7.07925e-06
-7.05774e-06
7.44741e-08
-5.20653e-06
7.05733e-06
-7.05613e-06
-1.19957e-09
7.0539e-06
4.12176e-09
-7.05671e-06
7.01781e-06
1.49179e-08
-7.03272e-06
1.68062e-09
7.05825e-06
-7.0385e-06
-1.6733e-08
-5.34482e-06
5.36155e-06
3.78943e-06
-5.57653e-06
1.7871e-06
-1.18945e-06
-5.40842e-06
-5.17992e-06
-1.16644e-06
-4.54868e-06
-7.04958e-06
4.05808e-08
7.009e-06
-5.37746e-06
5.34482e-06
3.26452e-08
-1.63624e-06
-4.32678e-06
-7.04598e-06
6.29042e-06
-7.03139e-06
7.04375e-06
-1.23634e-08
-5.87684e-06
5.84439e-07
5.2924e-06
5.60844e-06
-4.30993e-06
-1.29851e-06
-7.05598e-06
1.41201e-08
7.04186e-06
5.35304e-06
-5.2864e-06
1.47363e-08
7.02997e-06
-7.05676e-06
7.15674e-09
7.05063e-06
7.04966e-06
2.29144e-08
-1.16571e-09
-7.05487e-06
-2.27524e-08
-7.03609e-06
-7.03845e-06
5.34671e-06
-5.28031e-06
-2.99442e-08
1.50675e-06
4.66532e-06
-4.83144e-06
4.83144e-06
6.11438e-08
7.0255e-06
-7.99748e-06
-6.50698e-06
6.50655e-06
7.05919e-06
5.34283e-06
-5.30469e-06
-7.04829e-06
7.02554e-06
-5.95706e-06
6.09954e-06
7.04341e-06
-7.03726e-06
-6.15104e-09
8.50627e-09
7.05081e-06
-7.13321e-06
5.36782e-06
-5.38455e-06
-7.04634e-06
1.17771e-08
2.6531e-06
7.0636e-06
-7.05502e-06
-8.58316e-09
-7.05901e-06
7.04374e-06
-7.03787e-06
-5.87447e-09
-7.04254e-06
-7.03275e-09
7.02769e-06
-7.00616e-06
-5.38793e-06
6.47675e-06
7.03768e-06
-7.03535e-06
-2.32265e-09
-1.24096e-08
7.03021e-06
-5.37746e-06
4.66022e-06
-5.05093e-06
3.90702e-07
-8.66746e-06
8.66746e-06
7.05585e-06
7.05723e-06
-1.78663e-08
1.17878e-08
-7.05533e-06
7.07971e-06
-2.43839e-08
7.04162e-06
-7.03573e-06
-5.88507e-09
-5.84355e-06
5.56574e-06
2.16762e-08
7.03798e-06
-7.05591e-06
1.90244e-08
7.03688e-06
-7.03529e-06
7.05049e-06
-7.04104e-06
-5.40323e-06
-7.05005e-06
2.35053e-08
7.02655e-06
-5.41126e-06
-1.51817e-08
5.28156e-06
-5.32191e-06
4.03499e-08
7.03239e-06
-7.03832e-06
5.92718e-09
1.30042e-07
-7.04994e-06
7.03827e-06
1.16715e-08
7.04523e-06
-5.16546e-06
-5.12887e-06
-8.67664e-08
7.05448e-06
-7.05448e-06
-3.62283e-08
5.35944e-06
-7.05063e-06
7.04031e-06
-7.03443e-06
-5.87236e-09
7.05349e-06
-3.92497e-08
-7.04455e-06
-5.24371e-06
-6.55248e-07
-5.37496e-06
4.21448e-06
-4.70733e-06
4.92847e-07
-1.05582e-06
-4.55113e-06
5.60695e-06
7.02742e-06
-7.00883e-06
4.55262e-06
-5.31386e-06
-1.51485e-08
-7.04083e-06
7.04409e-06
-7.03824e-06
-5.84181e-09
5.41166e-06
-5.43824e-06
-1.48952e-06
-9.82018e-07
2.47154e-06
-5.61392e-06
5.66081e-06
5.4312e-06
-5.35944e-06
-2.13484e-08
-5.26675e-06
5.2881e-06
-2.45963e-08
-5.22687e-06
5.25146e-06
1.76748e-08
-5.47581e-06
5.45814e-06
5.0078e-08
-5.49787e-06
5.44779e-06
2.53072e-08
-5.38807e-06
5.36276e-06
-1.06229e-08
-5.27306e-06
5.28368e-06
-1.24991e-08
-5.26867e-06
5.28117e-06
3.17277e-06
-2.13757e-06
-1.03521e-06
4.67859e-06
3.42397e-08
7.02937e-06
5.15816e-06
-5.18641e-06
2.8254e-08
1.65668e-08
-7.04132e-06
7.02476e-06
7.05951e-06
-7.05951e-06
6.96603e-06
-1.7785e-09
-6.96425e-06
-2.33847e-08
-7.02491e-06
7.03979e-06
-7.03367e-06
-6.12688e-09
-4.37527e-06
-5.74528e-06
-1.31561e-07
4.61329e-06
8.95574e-07
7.05385e-06
-7.04442e-06
-9.42656e-09
-5.36954e-06
5.57882e-06
2.33257e-08
7.03492e-06
-3.86954e-06
-2.42953e-06
5.15922e-08
5.05476e-06
-5.10636e-06
-3.60924e-06
-6.10041e-07
-1.21092e-06
-7.50431e-07
1.96135e-06
5.29552e-06
5.29639e-06
5.5282e-06
5.52818e-06
5.48979e-06
5.41996e-06
-2.46464e-08
-5.31046e-06
5.33511e-06
5.31289e-06
-6.51952e-09
-2.09318e-06
7.04205e-06
-7.02549e-06
-1.73771e-07
5.66412e-06
-7.06353e-06
-4.82268e-06
5.96101e-06
6.95659e-06
6.2206e-09
-6.96281e-06
7.06874e-06
-1.42629e-08
-7.05359e-06
2.52548e-08
7.02833e-06
-5.31972e-06
-5.33325e-06
5.33286e-06
-5.35751e-06
-4.85378e-06
5.86514e-06
-1.01136e-06
-1.25806e-08
-7.03747e-06
3.67547e-06
-4.58606e-06
1.163e-08
-7.04893e-06
-7.04065e-06
-1.8732e-06
-2.74933e-06
-7.02802e-06
-1.33017e-08
5.39608e-06
1.68325e-06
4.1019e-06
7.03298e-06
-7.02757e-06
-5.41397e-09
5.36224e-06
-3.55216e-06
-1.81007e-06
-2.55253e-06
1.34161e-06
-2.95816e-06
6.40226e-06
-2.56566e-06
5.33387e-06
-2.76822e-06
2.12268e-09
7.05022e-06
-7.00206e-06
7.03787e-06
-7.04198e-06
4.11111e-09
-3.98658e-06
1.7009e-06
2.28568e-06
-2.35402e-08
-5.30889e-06
5.33244e-06
7.37236e-06
-3.26511e-06
-4.10725e-06
5.28287e-09
6.96075e-06
-1.53211e-06
-2.45447e-06
-5.14383e-06
5.19542e-06
4.38751e-06
2.91077e-07
-5.11776e-06
-1.07982e-08
-5.31648e-06
5.32728e-06
5.49254e-06
-5.32209e-06
-3.27064e-06
-1.23933e-06
4.50997e-06
-7.0271e-06
7.02915e-06
-2.04876e-09
-5.19608e-06
5.27055e-06
7.03492e-06
-7.03948e-06
-4.70278e-06
-1.28661e-07
-7.08714e-06
7.06032e-06
-3.66967e-06
5.31789e-09
7.03844e-06
6.14006e-06
-3.39345e-06
-2.74661e-06
5.19857e-06
-9.84085e-07
5.80571e-06
-7.50948e-07
5.32425e-06
-5.34779e-06
7.0253e-06
-7.02567e-06
3.7155e-10
5.33066e-06
-5.34146e-06
6.46294e-09
-7.02174e-06
7.01528e-06
-2.96238e-06
-7.07293e-07
1.19885e-08
-5.39992e-06
-7.04153e-06
9.9391e-09
4.70278e-06
-4.97748e-06
2.74697e-07
-7.64292e-07
5.75153e-06
-2.82638e-08
-5.21544e-06
5.29175e-06
5.49599e-08
7.03312e-06
-7.02854e-06
-4.58008e-09
8.50005e-09
7.04331e-06
3.5744e-06
-5.31745e-06
5.32944e-06
3.46068e-06
-2.01187e-08
-7.03347e-06
-2.68712e-06
-2.0555e-06
4.74262e-06
-5.08195e-06
-4.69168e-08
4.79173e-06
-4.32047e-06
-4.71262e-07
-9.56127e-07
5.56942e-06
-4.6133e-06
7.03765e-06
-7.03223e-06
-5.42825e-09
9.39893e-09
7.03401e-06
4.75777e-08
5.36333e-06
-5.41091e-06
4.60611e-09
-7.04187e-06
-5.26594e-06
5.28332e-06
7.0351e-06
-7.04293e-06
7.83317e-09
7.06874e-06
-2.96386e-08
-4.92266e-06
-2.15756e-07
5.13841e-06
-7.0824e-06
-2.65494e-09
7.03682e-08
-5.39857e-06
-7.22028e-06
7.03223e-06
-7.02577e-06
-4.51626e-06
9.65422e-09
-1.69877e-08
-7.02998e-06
7.03346e-06
8.16104e-09
-7.33289e-06
1.14841e-09
-7.03688e-06
-3.19819e-07
-3.95735e-06
1.47329e-06
-7.05191e-06
7.05191e-06
-4.44482e-06
5.42392e-06
-9.79099e-07
7.0655e-06
-4.21452e-06
5.25305e-06
-1.03852e-06
-4.54289e-06
5.49903e-06
-9.56137e-07
-5.27838e-06
-7.74372e-08
5.43845e-06
-5.36101e-06
-4.59003e-06
4.45222e-06
-1.16612e-06
7.04277e-06
-7.05204e-06
9.26619e-09
7.04159e-06
-7.05086e-06
9.26426e-09
7.03677e-06
-7.04673e-06
9.96097e-09
-7.67396e-09
-7.04226e-06
-4.22944e-06
5.33971e-06
-1.11027e-06
7.03895e-06
-7.03355e-06
-5.39998e-09
7.03702e-06
9.95474e-07
-5.6387e-06
7.03284e-06
7.46498e-09
-7.03609e-06
1.65865e-09
1.65028e-06
7.03576e-06
-7.04163e-06
5.86994e-09
1.44977e-07
5.28623e-06
-5.4312e-06
-5.17137e-06
-2.47098e-08
5.19608e-06
-7.05093e-06
-7.0356e-06
7.02651e-06
9.08965e-09
5.36189e-06
-5.29152e-06
-7.04081e-06
7.03205e-06
8.75969e-09
-5.20934e-06
4.99653e-06
2.12804e-07
-7.04161e-06
7.03309e-06
8.51951e-09
7.05275e-06
-7.04414e-06
-8.61114e-09
-5.27608e-06
5.32366e-06
-5.69307e-06
-3.06788e-06
-5.77881e-06
-1.19794e-06
5.80775e-06
-4.60981e-06
7.02659e-06
-1.95237e-08
-7.01679e-06
-5.31136e-06
5.76321e-09
-7.04417e-06
7.03841e-06
-5.63172e-06
5.35533e-06
1.11671e-08
7.04616e-06
7.03115e-06
8.64565e-09
-7.0355e-06
1.82924e-09
-5.54849e-07
-1.99768e-06
-5.37888e-06
5.30144e-06
-5.59776e-06
9.7225e-07
4.62551e-06
-1.88211e-06
-2.07524e-06
-5.34133e-06
5.58067e-06
8.62996e-07
1.77704e-09
7.02885e-06
-7.03063e-06
5.29745e-06
-5.32572e-06
-7.04763e-06
7.08094e-06
-7.06124e-06
-1.76377e-06
-1.48525e-06
3.24902e-06
-5.01595e-06
-1.90578e-07
-7.08529e-06
1.12851e-08
-1.8291e-07
-5.31794e-06
5.30889e-06
9.04905e-09
5.82952e-06
-5.59354e-07
7.03965e-06
-7.03325e-06
-6.40281e-09
7.03036e-06
2.62109e-09
-7.03454e-06
6.96936e-09
7.03567e-06
-7.038e-06
2.33053e-09
-6.20902e-09
3.25358e-09
-7.06449e-06
-5.19542e-06
-1.12437e-07
2.01046e-07
-5.83134e-06
-3.687e-08
7.06217e-06
-7.13465e-06
-2.10866e-09
-7.01964e-06
-5.75711e-06
5.58334e-06
7.02058e-10
5.15745e-06
-5.32074e-06
5.31648e-06
4.25774e-09
-4.58453e-06
-9.50637e-07
5.38159e-06
5.05169e-06
-5.26744e-06
7.03347e-06
-7.03215e-06
-5.44647e-06
5.32665e-06
-4.72936e-06
-2.49093e-06
7.03116e-06
-4.51521e-09
-7.03335e-06
6.44123e-06
-5.36328e-06
7.12191e-07
4.65109e-06
1.10635e-06
-5.38246e-06
8.42982e-07
6.95935e-08
9.15578e-07
-5.58581e-06
4.67024e-06
1.06567e-06
-6.56621e-06
5.50054e-06
7.03157e-06
6.08141e-09
-6.77436e-09
-7.0331e-06
8.74406e-07
-5.51496e-06
4.64055e-06
-7.03426e-06
2.03018e-09
7.50914e-08
5.24667e-06
-5.98169e-06
-5.90999e-06
8.28033e-07
-4.86018e-06
5.31046e-06
-5.32801e-06
1.75489e-08
-2.25695e-08
-7.02976e-06
2.45769e-08
7.01748e-06
-4.10614e-06
-3.92029e-06
5.34213e-06
-5.34213e-06
-5.17137e-06
-5.04066e-06
-5.36954e-06
-6.99665e-06
-1.59877e-08
7.01264e-06
-4.8936e-06
-4.8126e-07
9.93097e-07
4.63305e-06
-5.62615e-06
1.05081e-06
4.40365e-06
-5.45445e-06
9.64808e-07
-5.72846e-06
4.76366e-06
5.14985e-06
5.58375e-06
-4.58827e-06
5.56574e-06
5.84415e-06
-5.14647e-06
5.17763e-06
-5.36054e-06
7.03864e-06
-7.03317e-06
-5.47601e-09
-6.81186e-06
-5.32529e-06
7.03052e-06
8.42408e-09
-7.03439e-06
8.38797e-10
7.03046e-06
-3.11377e-07
7.032e-06
-7.03921e-06
7.21127e-09
7.04402e-06
-7.01499e-06
1.16487e-07
-4.36447e-06
4.24799e-06
5.45854e-09
5.4062e-06
5.16509e-08
5.7925e-06
5.9745e-06
-5.08071e-06
-4.26065e-06
-1.10263e-06
3.56019e-07
4.84255e-06
-5.44831e-06
-7.03687e-06
7.0378e-06
-9.30932e-10
5.4686e-06
-5.58334e-06
1.14738e-07
-5.57324e-06
9.8871e-07
-7.62207e-06
1.06e-06
6.56207e-06
7.04042e-06
3.3709e-06
4.69652e-06
7.04512e-06
-7.04512e-06
-2.45409e-06
8.88686e-09
5.28623e-06
-5.38741e-06
2.38422e-08
5.36357e-06
-7.03352e-06
-7.04331e-06
7.0305e-06
9.15606e-09
-7.03342e-06
1.73941e-10
7.02397e-06
-1.54751e-10
-7.03809e-06
-5.49659e-06
5.01266e-08
5.47898e-06
-4.60457e-06
-4.20171e-06
5.15703e-06
-7.05282e-06
5.71008e-06
-4.60373e-06
5.50223e-06
-4.58665e-06
5.65631e-06
-4.59063e-06
-7.41189e-09
7.03481e-06
-7.06295e-06
5.37405e-06
-5.29896e-06
-5.17415e-06
5.17485e-06
-7.01879e-06
-3.27298e-09
7.02206e-06
1.16061e-06
5.34595e-06
-1.43077e-08
-7.02991e-06
9.31528e-08
5.24968e-06
-3.38415e-06
2.59078e-06
7.93374e-07
-5.31794e-06
5.53126e-06
-4.53816e-06
5.56982e-06
-4.51901e-06
5.57659e-06
-4.61178e-06
5.3351e-06
6.48338e-08
-5.97482e-06
7.12845e-06
-6.83466e-06
-7.87413e-07
5.34765e-06
-5.34765e-06
4.72168e-06
-7.15236e-07
-3.27638e-06
2.56909e-06
4.63988e-06
9.29546e-07
7.03179e-06
6.85445e-09
7.10053e-06
-7.05227e-06
-4.82521e-08
-7.03391e-06
7.39905e-10
-7.03866e-06
7.02961e-06
-7.03534e-06
5.73106e-09
-5.3336e-06
6.68484e-08
-5.32334e-06
9.64744e-08
-5.33371e-06
-1.42105e-07
-5.28924e-06
-2.08629e-07
-5.49223e-06
1.0416e-07
-5.41293e-06
1.39872e-07
-5.4017e-06
1.33033e-07
-9.68335e-09
7.02732e-06
-7.01763e-06
-7.03893e-06
1.11888e-08
-1.52559e-08
7.084e-06
7.03019e-06
-7.03868e-06
8.48194e-09
-6.40648e-06
1.22657e-06
-1.71645e-09
4.49747e-06
1.83078e-07
-5.66604e-06
5.48296e-06
-6.13537e-06
3.90094e-07
7.04248e-06
-7.03666e-06
-4.75478e-06
5.04586e-06
5.13754e-09
-7.04201e-06
7.02205e-06
1.01791e-08
5.33136e-06
-5.33136e-06
-5.14383e-06
3.30651e-06
4.77061e-06
1.24593e-09
-7.02692e-06
-5.32074e-06
-3.12069e-08
-3.42213e-06
1.27087e-05
-9.28657e-06
-4.15752e-06
-5.17537e-06
9.33289e-06
-7.0262e-06
7.02618e-06
2.3362e-11
5.3486e-06
-5.34315e-06
5.18661e-06
-5.13496e-06
-5.32728e-06
5.32776e-06
-4.79835e-10
4.89978e-06
-4.78329e-06
1.81308e-06
-1.73432e-06
-7.87633e-08
-5.75851e-06
4.53815e-07
-9.84466e-07
5.25772e-06
-4.65988e-07
1.32779e-09
-6.1367e-06
7.02544e-06
2.00336e-09
-7.03054e-06
5.44502e-06
5.49563e-06
5.32594e-06
-3.78573e-06
3.31845e-06
-4.84699e-06
7.03625e-06
-7.03353e-06
-9.85066e-07
-4.58818e-06
-1.74036e-08
-7.23262e-06
8.29262e-06
4.47111e-06
9.75623e-07
-5.44674e-06
-9.1152e-06
7.04237e-06
5.32344e-06
-5.18308e-06
-7.02181e-06
-7.02744e-06
7.03663e-06
-9.19068e-09
5.57882e-06
4.95992e-06
-5.06112e-06
-4.56881e-06
5.36638e-06
-7.97567e-07
-3.23185e-08
6.98891e-06
7.02922e-06
-7.03483e-06
5.60705e-09
-1.40072e-08
-5.74985e-06
5.8439e-07
-5.28826e-06
-3.3656e-08
-3.43218e-09
-2.86876e-09
-2.63369e-09
-2.6548e-09
-3.39017e-09
-3.89464e-09
-2.81408e-09
-2.89854e-09
-3.40929e-09
5.58388e-09
7.05991e-06
4.06198e-08
-5.44249e-06
6.7533e-08
-5.32801e-06
5.26744e-06
-5.40667e-06
-7.03481e-06
7.03322e-06
-1.71937e-08
7.03234e-06
4.88401e-06
9.23744e-07
-1.2497e-07
5.51297e-06
-4.149e-06
-5.44179e-06
6.43255e-08
1.10878e-06
-6.65628e-06
7.76859e-07
-4.63729e-06
3.86043e-06
8.16648e-07
-5.43733e-06
4.62068e-06
7.80922e-07
-5.26382e-06
4.4829e-06
1.32519e-06
-6.33762e-06
6.52297e-07
-4.97983e-06
4.32753e-06
2.01677e-06
-5.66145e-06
3.62849e-08
-5.41475e-06
9.69924e-07
-1.61552e-09
7.04439e-06
-5.21269e-06
9.9817e-07
-2.12949e-09
7.04372e-06
-7.03545e-06
-5.49709e-06
9.54201e-07
-7.03659e-06
2.25261e-09
7.03451e-06
-7.03266e-06
9.67771e-07
-5.5189e-06
-5.28924e-06
-5.28334e-06
-5.28461e-06
-5.2662e-06
-5.38918e-06
-5.38489e-06
-5.33746e-06
6.07227e-06
-4.28517e-06
7.03742e-06
-7.03347e-06
5.32288e-06
1.37908e-06
-5.74981e-06
5.19271e-06
-5.19443e-06
-7.02148e-06
-1.13416e-06
5.29237e-06
-1.11831e-06
5.87064e-06
-6.09532e-08
-6.95795e-08
-8.37809e-08
-9.15826e-08
1.7207e-07
-5.66894e-06
1.54526e-07
-5.67198e-06
2.20957e-07
-5.76673e-06
-7.0173e-06
-7.01635e-06
1.30223e-10
7.02638e-06
7.07717e-09
7.02497e-06
-4.63144e-06
-5.35901e-06
2.82316e-08
-5.42021e-06
8.54528e-08
-5.4444e-06
8.5184e-08
-5.43661e-06
9.42164e-08
-5.46846e-06
6.98819e-08
-5.45005e-06
8.4864e-08
-5.46763e-06
5.65674e-08
5.37528e-06
1.42306e-07
-5.51759e-06
7.02651e-06
-7.03221e-06
1.19257e-08
7.02116e-06
-1.93557e-07
7.10456e-10
-5.43895e-06
-5.23476e-06
-7.03274e-06
5.30148e-09
7.02806e-06
8.56999e-09
1.46721e-08
5.33722e-06
-5.35189e-06
1.84816e-07
-1.85972e-07
5.18251e-06
6.47627e-06
4.83058e-10
-5.17211e-06
-1.43015e-08
-5.26264e-06
-7.48216e-08
5.33746e-06
5.9748e-06
-1.09664e-07
7.0218e-06
-7.0446e-06
2.27956e-08
1.06265e-06
-4.04192e-06
-1.07747e-06
-5.55387e-06
-5.5948e-06
9.86524e-07
-5.19844e-06
9.69007e-07
3.32566e-06
7.4667e-07
-6.01461e-06
-9.96908e-09
4.52992e-06
1.00728e-06
-5.5372e-06
-5.56569e-06
7.60109e-07
4.80558e-06
4.4558e-06
9.68124e-07
4.5981e-06
9.78491e-07
4.60154e-06
9.68283e-07
4.26063e-06
9.92423e-07
4.5604e-06
9.70864e-07
4.54944e-06
9.49589e-07
4.51797e-06
9.6101e-07
9.71966e-07
-5.57654e-06
-7.03962e-06
-4.55024e-09
-7.04454e-06
-1.07896e-08
-5.32425e-06
8.30102e-07
4.49415e-06
-4.52318e-06
-4.32377e-06
8.84695e-06
7.03438e-06
-6.31418e-09
-7.05765e-09
-7.0283e-06
7.03409e-06
-7.07823e-06
9.05827e-08
6.98765e-06
-4.41574e-06
-6.4233e-07
7.0375e-06
-7.03053e-06
5.09189e-07
-7.74181e-06
4.39973e-06
9.39975e-07
5.28123e-06
4.99812e-06
7.94379e-07
5.49922e-06
-8.59347e-07
1.60793e-07
-5.03668e-06
4.87589e-06
-5.38488e-06
8.38354e-07
-5.49657e-06
4.65822e-06
-7.29116e-08
5.35111e-06
-9.96434e-08
5.31361e-06
1.44525e-07
5.31759e-06
1.302e-07
5.24702e-06
1.15738e-07
5.40583e-06
-1.22151e-07
5.39735e-06
-1.16185e-07
5.35575e-06
1.83091e-08
5.20033e-06
-6.68298e-09
-5.32832e-06
4.00664e-08
6.29251e-08
7.04662e-06
-7.04337e-06
-5.3232e-06
4.71247e-08
3.25827e-08
4.51059e-06
-5.43722e-06
9.26632e-07
-4.66368e-06
5.15653e-06
-1.06897e-08
-6.22899e-06
8.41585e-07
4.97646e-06
7.27815e-07
7.02746e-06
-7.03323e-06
5.77325e-09
-7.03168e-06
7.03168e-06
5.51854e-06
-1.04743e-06
-5.37934e-06
9.00976e-08
-5.39906e-06
1.15719e-07
-5.40278e-06
1.1817e-07
-5.34124e-06
7.50375e-08
-5.47572e-06
8.65333e-08
-5.48222e-06
9.73248e-08
-5.41231e-06
7.48508e-08
-5.34263e-06
5.11114e-08
-1.22956e-08
-7.0522e-06
2.56813e-08
7.02607e-06
8.303e-09
-7.06753e-06
5.23266e-06
-5.13003e-06
3.96391e-06
-9.79123e-07
5.2782e-06
4.54588e-08
-4.8193e-06
4.61983e-06
-5.22987e-06
7.03734e-06
4.89668e-06
-3.99212e-07
3.56028e-06
-4.76914e-06
-5.10177e-06
8.10275e-06
-7.59356e-06
4.59887e-06
-5.53707e-06
9.38208e-07
-5.50741e-06
9.69251e-07
7.00608e-06
-7.0384e-06
-5.48843e-06
9.69418e-07
-5.59526e-06
9.83481e-07
4.57758e-06
9.2164e-07
4.69629e-06
9.60021e-07
4.5418e-06
9.60428e-07
4.73227e-06
9.7781e-07
4.57917e-06
1.02778e-06
-7.79723e-06
7.03897e-06
-7.03057e-06
-6.87854e-07
5.34211e-06
7.03173e-06
-7.03322e-06
-2.28917e-06
4.68265e-09
-1.29814e-06
7.86021e-06
7.0227e-06
-7.03085e-06
8.14839e-09
-3.839e-06
2.21744e-06
-4.99013e-06
-3.48294e-06
-1.26455e-07
7.13058e-06
9.92143e-07
-5.58032e-06
1.91646e-06
2.82616e-06
5.49827e-06
-5.22849e-06
-7.02342e-06
7.01374e-06
7.03164e-06
-7.03272e-06
-3.14536e-08
-7.0459e-06
7.03969e-06
-5.41494e-06
7.02701e-06
-4.31055e-09
-8.60178e-07
-2.76024e-06
-3.89604e-06
5.1404e-06
-5.39799e-06
-4.7742e-09
-5.00774e-06
7.03197e-06
-7.0141e-06
-5.31745e-06
4.19252e-06
3.82026e-06
-5.17763e-06
4.99166e-06
5.32992e-06
-5.32944e-06
5.00053e-06
-4.99166e-06
-8.86583e-09
-5.18845e-06
5.17415e-06
5.10003e-06
-5.17485e-06
5.34243e-06
-5.32776e-06
-4.95014e-06
5.13496e-06
-5.34243e-06
5.34315e-06
-5.16185e-06
4.78329e-06
3.78555e-07
-5.26261e-06
-7.12215e-07
7.02569e-06
-7.03123e-06
5.54919e-09
4.59453e-06
9.89219e-07
1.35038e-08
-6.53065e-07
2.93459e-06
7.03853e-06
-7.03036e-06
-8.17069e-09
1.00536e-08
-7.05459e-06
-7.25388e-10
7.0425e-06
-7.04177e-06
7.02639e-06
-5.20538e-06
-6.10443e-06
6.10575e-06
-7.04138e-06
1.5845e-08
-5.60713e-06
1.26782e-06
5.43229e-06
-5.51906e-06
7.03121e-06
7.14909e-06
-6.99524e-06
-1.53849e-07
7.03006e-06
-7.02874e-06
-5.79643e-06
-4.3256e-07
-7.05217e-06
-5.10167e-06
-5.13738e-06
3.56152e-08
-8.11127e-07
5.21596e-06
7.58842e-07
7.01613e-06
-9.46632e-07
7.03064e-06
-1.78123e-09
-6.7761e-06
-9.04066e-09
7.06936e-06
5.19271e-06
5.33511e-06
5.1404e-06
5.34176e-06
5.18661e-06
5.27055e-06
-5.19443e-06
-4.95014e-06
5.36155e-06
5.3486e-06
5.49827e-06
-5.16185e-06
5.33244e-06
5.05169e-06
-5.36054e-06
4.89978e-06
4.91977e-06
5.00053e-06
-5.32572e-06
5.10003e-06
5.32992e-06
4.36866e-06
-4.36866e-06
5.34346e-06
-7.0477e-06
-5.54163e-06
5.56548e-06
-4.59052e-06
5.58267e-06
7.0228e-06
-7.03114e-06
8.33253e-09
-2.23356e-07
-6.96379e-09
-5.42764e-06
1.27012e-08
-5.45261e-07
5.3195e-06
6.54547e-09
-6.9795e-06
6.97295e-06
6.46982e-09
1.52437e-08
-6.95442e-06
3.06589e-09
6.95135e-06
3.14195e-07
-7.24841e-06
6.93421e-06
7.01793e-06
9.36988e-09
-7.0273e-06
7.01732e-06
9.68705e-09
-5.03236e-06
4.59442e-06
9.2412e-07
-6.98938e-06
-4.03323e-08
7.02972e-06
7.07162e-06
1.48132e-08
6.97661e-06
1.72476e-07
7.02763e-06
-7.02481e-06
-7.03173e-06
7.02133e-06
7.00901e-09
3.3513e-07
-6.43956e-06
-8.01082e-09
5.5511e-06
-4.54382e-06
5.39702e-06
-5.32417e-06
-7.28549e-08
6.39923e-06
-4.30518e-06
-2.09405e-06
6.06875e-06
-5.30864e-06
5.56846e-06
-4.60033e-06
5.56795e-06
-4.59803e-06
5.57424e-06
-4.59575e-06
5.57272e-06
-4.60443e-06
5.47046e-06
-4.47804e-06
5.47701e-06
-4.47884e-06
-5.67835e-07
-7.17397e-06
5.54862e-06
-4.57776e-06
5.5454e-06
-4.59581e-06
5.55373e-06
-4.59953e-06
5.55916e-06
-4.59815e-06
5.5646e-06
-4.59264e-06
-3.11475e-09
4.49655e-09
-6.98323e-06
6.97874e-06
-1.65962e-08
7.3366e-06
-1.37551e-07
-7.19905e-06
5.50233e-06
-4.47455e-06
5.57635e-06
-4.59287e-06
7.04764e-06
6.39921e-06
-4.47349e-06
-1.92572e-06
5.57456e-06
-4.60514e-06
5.54767e-06
-4.57842e-06
5.41415e-06
-4.58405e-06
5.57357e-06
-4.60132e-06
5.44012e-06
5.52977e-06
-4.60813e-06
7.02751e-06
-9.57665e-09
-5.69327e-06
4.86591e-06
8.27367e-07
-6.41841e-06
4.60371e-06
6.95192e-09
7.02242e-06
-7.02805e-06
5.63594e-09
8.10275e-06
-9.63358e-08
7.15624e-06
5.54824e-06
-4.60827e-06
-6.94715e-06
6.9842e-06
-1.31539e-08
-3.66145e-08
-7.04391e-06
5.4578e-10
-5.88897e-09
-7.11673e-06
7.43093e-06
-5.067e-06
-5.22849e-06
-5.29299e-06
5.2238e-06
5.29936e-06
-6.54209e-06
7.45655e-07
5.57213e-06
-4.60313e-06
1.71676e-08
-9.5103e-07
-7.0106e-06
-4.49112e-09
7.01509e-06
4.01216e-07
-5.39799e-06
-5.34006e-06
5.36694e-06
-2.68839e-08
6.21456e-06
-5.27569e-06
-1.24236e-07
-7.40249e-06
5.64725e-06
-6.40503e-07
5.43813e-06
7.02643e-06
-7.02208e-06
7.03034e-06
7.02618e-06
-7.02437e-06
-5.2877e-06
5.27751e-06
1.01897e-08
-5.01337e-06
-2.72913e-08
5.69985e-06
-4.77322e-06
5.4502e-06
1.16936e-08
-4.5911e-06
5.71082e-06
-4.74305e-06
-4.94556e-06
5.58614e-06
-4.60833e-06
5.57832e-06
-4.61789e-06
5.54602e-06
-4.586e-06
5.58392e-06
-4.68834e-06
-5.34067e-06
5.42123e-06
-8.05616e-08
4.88835e-08
-1.44069e-09
5.13269e-06
-1.00304e-07
5.6316e-06
-4.69339e-06
5.54332e-06
-4.61378e-06
-7.01993e-06
7.0293e-06
-7.06219e-06
7.07044e-06
1.16913e-08
9.38188e-06
-8.30112e-06
5.20021e-06
-4.99916e-06
5.79602e-06
-5.86893e-06
5.2267e-06
-5.15985e-06
5.31039e-06
-5.22029e-06
5.74017e-06
-5.83982e-06
5.02792e-06
-4.93145e-06
5.27568e-06
-5.15996e-06
5.56278e-06
-5.41826e-06
6.3606e-06
-6.5027e-06
5.29622e-06
-5.17805e-06
5.57471e-06
-5.44451e-06
6.31557e-06
-6.5242e-06
5.03231e-06
-4.95727e-06
5.12166e-06
-5.00592e-06
5.42108e-06
-5.31692e-06
5.69388e-06
-5.60734e-06
6.12555e-06
-6.24771e-06
5.23617e-06
-5.0963e-06
5.67596e-06
-5.57864e-06
6.09702e-06
-6.21321e-06
5.22013e-06
-5.0871e-06
5.59695e-06
-5.5221e-06
5.67873e-06
-5.66042e-06
5.49664e-06
-5.43372e-06
5.55652e-06
-5.50541e-06
5.61749e-06
-5.62417e-06
5.43145e-06
-5.41521e-06
5.33067e-06
-5.29032e-06
5.32303e-06
-5.28296e-06
-9.98001e-09
5.3198e-06
-5.27434e-06
-7.02301e-06
-5.89149e-10
5.31774e-06
-5.27062e-06
7.0281e-06
-7.02096e-06
5.316e-06
-5.26104e-06
5.30471e-06
-5.27213e-06
7.3366e-06
8.51539e-09
5.30617e-06
-5.27771e-06
-7.01621e-06
-2.83883e-08
-7.02366e-06
7.02366e-06
-7.05763e-06
4.14261e-08
-5.33292e-06
5.31587e-06
-5.26821e-06
7.02743e-06
-6.20696e-06
-2.71793e-07
7.49238e-09
7.02244e-06
-7.0212e-06
-7.25428e-06
7.12462e-06
-7.084e-06
-6.96005e-06
-9.75811e-08
5.67319e-06
5.30898e-06
-5.2833e-06
1.95104e-08
-3.94937e-08
-3.35779e-08
5.60482e-06
-4.68107e-06
3.35368e-08
-7.01976e-06
7.0279e-06
5.72017e-06
-4.75783e-06
5.28791e-06
-5.29896e-06
7.0428e-06
-7.04575e-06
-7.1088e-06
-2.0064e-06
-7.02133e-06
7.02097e-06
-7.59356e-06
7.04989e-06
5.07186e-06
9.02643e-07
-7.17036e-06
7.22986e-06
2.0895e-06
3.44059e-06
8.30112e-06
-7.64594e-06
7.12462e-06
6.14255e-09
4.21899e-09
-7.04997e-06
1.6789e-08
7.03325e-06
7.01658e-06
1.0733e-08
-7.22986e-06
7.41716e-06
-5.17972e-09
7.018e-06
9.50586e-09
5.31886e-06
-5.28802e-06
-4.68284e-07
-7.17036e-06
3.25163e-09
-6.96921e-06
6.96596e-06
7.14421e-06
-7.06839e-06
-7.09158e-06
-7.14421e-06
5.59271e-06
-4.60059e-06
7.05381e-06
-2.60081e-08
-1.16542e-08
7.06547e-06
-7.05901e-06
9.22724e-07
-7.04093e-06
7.03981e-06
7.41716e-06
7.64594e-06
7.04093e-06
-7.0513e-06
-7.08181e-06
-2.29338e-08
3.9646e-08
-7.02903e-06
-7.06608e-06
7.04141e-06
7.03981e-06
-7.04133e-06
-7.0758e-06
7.06839e-06
-7.02009e-06
7.02866e-06
7.02041e-06
7.0758e-06
7.05173e-06
-7.0513e-06
-7.07423e-06
-4.11127e-08
7.09835e-06
-7.02489e-06
7.02866e-06
6.29712e-09
-7.03496e-06
8.70681e-09
7.04302e-06
7.06065e-06
-1.44938e-08
-7.09835e-06
7.07423e-06
7.02699e-06
1.66547e-09
7.04754e-06
7.03353e-06
-7.02489e-06
-7.06601e-06
1.14532e-08
-7.02909e-06
8.75417e-09
-7.02868e-06
-7.09294e-06
7.03739e-06
-9.05004e-09
6.9852e-06
-6.97615e-06
7.03215e-06
1.37911e-09
7.02474e-06
8.59286e-09
-7.02835e-06
7.02853e-06
-3.78094e-09
8.01878e-09
-4.86677e-09
7.03071e-06
-7.02584e-06
7.02859e-06
-5.99506e-11
-7.02706e-06
7.01787e-06
7.0206e-06
-7.02438e-06
9.75137e-09
-6.57042e-10
6.97484e-06
-6.97418e-06
7.03164e-06
-7.03877e-06
-2.95376e-09
7.03154e-06
-7.02868e-06
7.02556e-06
-1.03149e-08
7.02518e-06
-7.01486e-06
-7.0358e-06
-7.01911e-06
7.02417e-06
-5.0608e-09
7.03258e-06
1.10762e-08
6.13084e-09
7.03598e-06
-3.40456e-09
7.02362e-06
-7.04377e-06
7.04414e-06
-7.01857e-06
7.02415e-06
7.02216e-06
-7.02836e-06
9.25241e-09
7.02099e-06
-7.02053e-06
7.02099e-06
-7.01669e-06
7.03352e-06
9.30977e-09
7.01477e-06
-7.02025e-06
-5.25428e-09
7.02887e-06
-7.02827e-06
7.03265e-06
-3.7969e-09
7.01648e-06
-7.01989e-06
7.02544e-06
-7.02051e-06
7.02051e-06
-7.02069e-06
4.4717e-09
7.01592e-06
-7.02233e-06
8.61579e-09
-2.76478e-09
7.02965e-06
-4.21236e-09
7.01855e-06
-7.02145e-06
9.07918e-09
7.0178e-06
-7.0232e-06
7.0235e-06
-3.77046e-09
7.01947e-06
-7.02229e-06
7.02844e-06
-3.96137e-09
1.54033e-08
7.01834e-06
-7.02377e-06
7.02779e-06
-4.28942e-09
7.02018e-06
-7.02408e-06
7.03263e-06
-3.77495e-09
-3.65385e-09
7.02492e-06
7.02005e-06
-7.02547e-06
-7.02834e-06
7.02471e-06
7.02223e-06
-7.02562e-06
-3.72393e-09
-3.94516e-09
6.08989e-09
7.02133e-06
-7.02742e-06
1.92782e-08
7.02401e-06
-7.03014e-06
7.029e-06
-4.07971e-09
7.02312e-06
-7.02664e-06
7.02398e-06
1.49262e-08
-7.02817e-06
7.0223e-06
-3.58648e-09
-4.02608e-09
-7.0274e-06
7.02476e-06
-7.01387e-06
7.01387e-06
-7.01591e-06
-4.69187e-11
7.02868e-06
-7.02863e-06
-4.28238e-09
1.98521e-08
-3.23856e-09
-1.60547e-09
7.02063e-06
-1.76569e-12
-3.40659e-09
-4.33848e-09
-6.15621e-09
-1.7865e-08
7.02777e-06
-7.0099e-06
-7.0639e-06
-7.0058e-06
7.0058e-06
-7.00907e-06
-7.025e-06
7.02321e-06
1.78916e-09
2.16044e-08
-9.44657e-10
-7.03351e-06
8.51076e-09
6.99771e-06
-7.00221e-06
6.99771e-06
1.33116e-08
-7.03053e-06
3.98295e-09
1.10663e-08
7.01319e-06
-7.00859e-06
-4.60299e-09
7.01319e-06
-7.01227e-06
7.01514e-06
-2.87009e-09
7.01227e-06
9.22171e-10
-7.00859e-06
-7.01024e-06
1.64665e-09
7.03382e-06
-7.02152e-06
7.03382e-06
-9.28657e-06
7.04065e-06
-7.02192e-06
-7.02135e-06
7.02135e-06
7.09158e-06
-7.02342e-06
7.04065e-06
7.09158e-06
-7.02027e-06
7.02027e-06
7.02073e-06
-7.02073e-06
7.02342e-06
-7.13214e-06
-7.0233e-06
7.02121e-06
-7.02121e-06
-7.0204e-06
7.0204e-06
-7.00221e-06
6.95817e-06
-6.95817e-06
7.01514e-06
7.01259e-06
-7.01259e-06
7.02097e-06
7.02171e-06
-7.02171e-06
-7.08063e-06
-7.02065e-06
7.02065e-06
-7.06601e-06
-7.02069e-06
-7.00907e-06
-7.01591e-06
7.00513e-06
-7.00513e-06
7.03179e-06
-7.03179e-06
-7.02067e-06
7.02067e-06
-7.02038e-06
7.02038e-06
-7.19905e-06
-7.06295e-06
-7.02057e-06
7.02057e-06
-7.01024e-06
-7.02192e-06
7.02152e-06
-7.03321e-06
-7.02053e-06
7.02028e-06
-7.02028e-06
-7.01971e-06
7.01971e-06
7.04032e-06
-7.02887e-06
-7.04032e-06
7.02887e-06
-7.03321e-06
-7.42631e-09
1.21548e-08
-7.02715e-06
-7.02211e-06
7.03138e-06
-6.40086e-09
7.04444e-06
-7.06214e-09
-7.03737e-06
-7.02176e-06
7.03283e-06
7.03701e-06
7.04917e-06
-7.03094e-06
8.82385e-09
7.04305e-06
9.61483e-09
-7.01311e-06
7.02307e-06
7.04898e-06
1.97195e-08
7.04258e-06
5.57358e-09
-5.38839e-09
-7.00357e-06
7.00755e-06
7.04815e-06
7.04243e-06
-7.00159e-06
7.0101e-06
1.94985e-08
7.04721e-06
7.04183e-06
-5.96366e-09
6.98221e-06
-6.97625e-06
7.04025e-06
1.57691e-09
1.07932e-08
-7.04746e-06
7.03467e-06
-7.00877e-06
7.02208e-06
-9.6162e-10
1.32831e-09
7.04547e-06
-7.00168e-06
7.02329e-06
7.04451e-06
-7.0178e-06
7.02359e-06
2.04012e-08
8.94491e-09
7.04862e-06
-5.48307e-09
6.99308e-06
-6.98759e-06
7.05488e-06
7.06382e-06
-7.02421e-06
7.02081e-06
7.03742e-06
-2.03344e-08
7.04231e-06
-7.02351e-06
7.02257e-06
7.04525e-06
7.49487e-11
2.77238e-09
-7.00405e-06
7.0239e-06
7.02492e-06
-7.01799e-06
7.02461e-06
1.85199e-08
7.02769e-06
-5.91354e-09
7.00263e-06
-6.99672e-06
-7.02512e-06
7.01897e-06
7.03636e-06
-8.66836e-09
-1.8253e-08
7.04005e-06
6.88932e-09
7.04223e-06
7.03497e-06
-7.0232e-06
7.0232e-06
7.04186e-06
1.41146e-09
7.02361e-06
-7.00573e-06
7.02501e-06
-7.02516e-06
7.02192e-06
7.02594e-06
-7.01671e-06
7.02757e-06
1.7466e-08
6.92944e-09
-8.29951e-09
7.01449e-06
-7.00619e-06
7.03289e-06
-6.95773e-09
7.03982e-06
-1.32747e-08
7.03341e-06
-7.02603e-06
7.02245e-06
-6.76681e-09
-7.01752e-06
7.03245e-06
7.04062e-06
1.00526e-08
6.24876e-09
7.02735e-06
-7.02552e-06
7.03605e-06
8.94182e-09
8.21344e-09
-7.02501e-06
7.0336e-06
-6.93078e-09
7.02429e-06
-7.01735e-06
7.02119e-06
-7.02699e-06
7.02326e-06
-7.02199e-06
-7.03088e-06
7.0157e-06
7.02692e-06
2.89792e-09
5.17041e-09
7.01737e-06
9.54965e-09
-7.00758e-06
7.02298e-06
-7.01385e-06
7.02294e-06
7.02027e-06
-8.12346e-09
7.02751e-06
-7.01939e-06
7.02848e-06
-7.01524e-06
7.02432e-06
-7.02763e-06
7.02386e-06
9.1333e-09
5.25102e-09
7.03409e-06
7.02867e-06
7.6955e-09
7.03392e-06
-7.01562e-06
7.02438e-06
7.02715e-06
-6.92671e-09
7.03184e-06
-7.02415e-06
7.03293e-06
-7.02806e-06
7.02429e-06
8.70208e-09
-7.01772e-06
7.02633e-06
5.55358e-09
7.02705e-06
-7.0196e-06
7.02812e-06
-6.57416e-09
6.66095e-09
7.02974e-06
-7.02308e-06
7.03261e-06
7.02568e-06
6.73003e-09
-7.01776e-06
7.02224e-06
-7.02731e-06
5.22666e-09
7.03123e-06
-7.03007e-06
-7.01507e-06
7.02432e-06
7.02539e-06
1.03596e-08
7.03061e-06
7.02404e-06
-7.0396e-06
7.04323e-06
-3.6327e-09
1.86897e-09
7.02057e-06
7.16648e-09
7.02719e-06
-7.02003e-06
7.02968e-06
-6.99321e-06
7.01329e-06
-2.00842e-08
7.0251e-06
-7.0149e-06
7.02421e-06
-2.85036e-09
9.42395e-09
7.01792e-06
-7.02673e-06
8.80249e-09
7.02696e-06
-7.01611e-06
7.02718e-06
-7.02253e-06
7.01023e-06
1.2304e-08
7.02411e-06
-7.02071e-06
7.02919e-06
-7.06525e-06
7.06459e-06
8.0999e-09
-9.63276e-09
-6.98357e-06
7.02848e-06
-4.36827e-09
-6.47643e-09
-7.01789e-06
6.73683e-09
7.0176e-06
-7.02433e-06
7.02616e-06
-2.16778e-08
7.02626e-06
-9.67538e-09
7.03524e-06
-9.08117e-09
1.61748e-09
-7.02415e-06
7.02194e-06
-1.03553e-08
7.03511e-06
-7.01691e-06
-1.01509e-08
-7.02102e-06
7.02715e-06
-7.04218e-06
7.01663e-06
2.55544e-08
7.02868e-06
-7.03144e-06
7.01455e-06
1.68942e-08
-9.75913e-09
7.01999e-06
-7.02389e-06
7.01672e-06
7.16608e-09
-7.02112e-06
7.03088e-06
7.01832e-06
-6.08285e-09
7.02395e-06
-1.2315e-08
7.0276e-06
-6.02518e-09
7.01994e-06
-7.02226e-06
7.0306e-06
-6.5526e-09
7.02048e-06
-5.40833e-10
7.01072e-06
7.00861e-06
6.99541e-06
1.32038e-08
-7.02495e-06
7.03297e-06
6.98309e-06
-7.02439e-06
7.033e-06
-8.60916e-09
-7.02368e-06
7.0254e-06
-1.72271e-09
-5.64293e-09
-7.04593e-06
7.03417e-06
1.17676e-08
7.004e-06
-2.09066e-08
2.85371e-08
6.93729e-06
-6.96583e-06
-7.02698e-06
7.03558e-06
-7.01986e-06
7.00955e-06
1.03029e-08
-7.03124e-06
9.25036e-09
7.0264e-06
-7.04986e-06
2.34518e-08
6.99385e-06
-1.02638e-08
-7.01334e-06
7.0236e-06
7.09518e-06
6.01471e-09
-3.57968e-09
-7.0155e-06
7.01908e-06
7.02239e-06
-7.02047e-06
7.01599e-06
4.47464e-09
7.0163e-06
-7.03681e-06
7.02776e-06
-7.027e-06
7.03591e-06
-8.91212e-09
7.01999e-06
-3.68933e-09
-7.90275e-09
-7.00937e-06
7.01727e-06
7.01735e-06
2.63989e-09
-7.0298e-06
7.03855e-06
-7.02947e-06
7.03918e-06
-9.7137e-09
-7.02125e-06
7.01105e-06
1.01956e-08
7.00945e-06
6.96251e-06
-2.52133e-08
-6.11548e-09
-2.20947e-08
7.00587e-06
7.01993e-06
-7.21449e-09
-7.03194e-06
7.04339e-06
6.95882e-06
6.99377e-06
1.20968e-08
-5.05484e-08
-7.00503e-06
-5.20648e-09
-7.00503e-06
-6.97663e-06
6.97663e-06
-1.8463e-08
6.98522e-06
8.54869e-09
7.24552e-09
2.68303e-08
6.94535e-06
-6.97218e-06
-7.02032e-06
7.01141e-06
8.9081e-09
-7.03095e-06
7.04168e-06
-7.01419e-06
-6.27705e-09
-4.79475e-09
7.01948e-06
-7.01469e-06
5.27823e-06
-7.02041e-06
7.01056e-06
9.85777e-09
-7.02148e-06
7.0119e-06
9.57722e-09
7.00501e-06
-1.97865e-08
6.99475e-06
-7.04571e-06
7.02158e-06
-7.01581e-06
7.01878e-06
-2.96863e-09
1.71954e-09
-6.53588e-09
7.02253e-06
7.01549e-06
6.08473e-09
-7.00599e-06
7.00599e-06
6.16968e-09
-7.02265e-06
7.01648e-06
-7.02198e-06
7.02247e-06
-6.98146e-09
2.58754e-08
7.10512e-06
-7.0447e-06
7.05552e-06
-1.08118e-08
7.01768e-06
-7.0189e-06
7.01082e-06
8.08384e-09
-7.03089e-06
8.90917e-09
7.02385e-06
7.04639e-06
5.29336e-09
7.02164e-06
-7.01475e-06
-6.88898e-09
7.02917e-06
-7.0366e-06
7.43196e-09
-2.9364e-08
9.65251e-10
7.01757e-06
-2.59267e-08
6.98608e-06
-4.07311e-08
-7.04516e-06
7.06101e-06
-1.58539e-08
-7.01175e-06
7.00633e-06
5.41706e-09
6.9791e-06
7.02343e-06
-5.85899e-09
6.31205e-09
-7.02305e-06
7.01674e-06
-4.35563e-08
7.01429e-06
7.35093e-09
-7.01766e-06
7.01161e-06
6.04585e-09
7.01689e-06
7.02005e-06
-7.01447e-06
7.0192e-06
-4.73428e-09
7.02308e-06
-6.60086e-09
-7.01086e-06
7.01902e-06
-8.15208e-09
-4.65423e-08
7.14017e-06
-7.00631e-06
-8.52705e-08
7.02321e-06
7.01629e-06
6.14978e-09
-7.02244e-06
7.01722e-06
-7.01289e-06
6.99423e-06
1.86686e-08
7.78091e-09
1.94341e-06
5.19854e-06
-7.14195e-06
-7.00315e-06
-9.74089e-09
-5.82483e-09
7.01632e-06
-5.92398e-06
-7.1629e-09
7.02145e-06
7.02182e-06
-5.53785e-09
-7.0167e-06
7.01693e-06
-2.26113e-10
-4.59617e-06
7.02247e-06
6.18612e-09
7.01564e-06
-7.04736e-06
7.06227e-06
-1.49079e-08
-1.30657e-10
-2.81565e-08
-6.43375e-06
-8.63609e-07
7.0153e-06
-7.0511e-06
7.07828e-06
-2.71766e-08
-7.05044e-06
7.05988e-06
-9.44335e-09
-7.04326e-06
7.02149e-06
7.03071e-06
7.03071e-06
7.05076e-06
-7.05076e-06
-7.03696e-06
-5.69949e-09
7.05068e-06
-7.01978e-06
8.91764e-09
7.01696e-06
-6.99638e-06
-2.05795e-08
1.28971e-08
-7.04516e-06
5.83981e-09
-7.01787e-06
7.01203e-06
7.01359e-06
7.90499e-09
-1.03765e-08
-7.01573e-06
7.02458e-06
-8.84701e-09
-7.01008e-06
7.03103e-06
-2.09439e-08
7.01188e-06
9.57198e-09
-2.56953e-07
7.01983e-06
-6.24194e-09
2.78418e-08
7.02806e-06
-7.02806e-06
7.02405e-06
-7.01976e-06
1.58629e-08
-7.03818e-06
7.0652e-06
-2.70159e-08
-5.57682e-06
-7.00989e-06
7.05456e-06
-4.46688e-08
7.0089e-06
4.85522e-09
-7.01376e-06
7.01168e-06
-7.04348e-06
1.70863e-09
7.00709e-06
1.80922e-09
7.02006e-06
-4.42503e-09
-1.31529e-08
7.00738e-06
7.01752e-06
-7.01382e-06
-4.04878e-09
7.02179e-06
-7.02179e-06
-7.05008e-06
7.08972e-06
7.06004e-06
2.59843e-08
-7.07054e-06
7.00777e-06
5.31028e-06
-5.3056e-06
7.03094e-06
-7.02701e-06
7.06971e-06
7.07348e-06
-6.92485e-09
-7.06656e-06
5.33513e-06
-1.5122e-08
7.02406e-06
-7.03058e-06
6.51517e-09
2.38623e-09
7.00471e-06
5.34311e-06
-2.12143e-06
-2.51001e-06
-7.4436e-08
2.1139e-08
7.01263e-06
-7.058e-06
7.02948e-06
-7.05307e-06
7.12136e-06
-6.82957e-08
7.02329e-06
8.87428e-07
-7.32118e-06
-1.72691e-09
6.99948e-06
-1.4001e-08
6.97077e-06
-6.95677e-06
-7.01504e-06
-1.86924e-07
-3.21353e-06
3.40046e-06
4.40801e-06
-5.12324e-06
7.00186e-06
6.99045e-06
1.14161e-08
5.36864e-06
7.01764e-06
-7.02028e-06
6.95467e-06
-6.95017e-06
3.65188e-10
-8.00865e-09
-6.98095e-06
6.98895e-06
6.98841e-06
2.03598e-09
9.62831e-07
8.53198e-07
1.07506e-06
1.76357e-06
9.72284e-07
9.67622e-07
9.76207e-07
9.68988e-07
1.93692e-07
8.83809e-07
9.98975e-07
1.06978e-06
-7.05088e-06
9.80601e-07
9.54763e-07
9.57924e-07
9.59631e-07
9.7013e-07
9.66451e-07
-7.0207e-06
-2.44583e-08
9.69917e-07
9.80928e-07
6.97907e-06
9.3369e-09
1.13642e-06
-6.98318e-06
7.06979e-06
-8.66165e-08
9.40655e-07
1.071e-08
-7.0468e-06
9.4572e-07
-7.01604e-06
1.00298e-09
6.99629e-06
8.41798e-09
-6.93732e-06
6.97093e-06
6.97107e-06
7.01831e-06
-7.01831e-06
-7.19781e-06
6.41039e-06
1.23627e-06
-6.98974e-06
7.13644e-06
-1.46705e-07
9.93273e-07
9.73172e-07
9.67596e-07
9.82598e-07
9.34946e-07
-7.02142e-06
6.99832e-06
5.53153e-06
-4.60741e-06
-8.00527e-08
6.95706e-06
-7.04401e-06
-1.05896e-08
-1.66935e-06
1.73782e-08
7.03012e-06
-6.83308e-09
6.88541e-06
-1.98193e-08
-6.8656e-06
9.63865e-07
-6.99006e-06
9.35197e-07
-7.0424e-06
-9.76719e-09
-5.42107e-09
-7.03279e-06
5.77942e-09
-6.77183e-06
-2.33973e-08
6.79523e-06
7.01899e-06
-6.98504e-06
-3.92954e-08
-7.02034e-06
-3.85904e-08
-6.90727e-06
6.94586e-06
-7.0095e-06
1.94401e-08
6.9379e-06
1.91645e-08
-7.04795e-06
-7.04599e-06
3.97558e-09
-6.42455e-06
1.57756e-06
6.92094e-06
1.69563e-08
7.06291e-06
-7.06869e-06
6.88235e-06
6.92034e-06
5.04304e-08
-1.19495e-06
1.09673e-06
-6.87059e-06
7.25167e-06
-3.81078e-07
7.01931e-06
1.13585e-07
6.94588e-06
7.02087e-06
-7.01653e-06
-7.02208e-06
-6.41141e-06
2.74712e-07
6.86253e-06
7.18047e-06
-2.3459e-07
-7.02171e-06
-7.02332e-06
7.01477e-06
-7.029e-06
6.9516e-06
3.73545e-08
-6.93729e-06
7.16974e-08
-1.17674e-07
-6.70648e-06
6.82415e-06
5.04184e-06
-6.99261e-06
6.99261e-06
-7.0606e-06
5.35385e-06
5.27355e-06
-5.31537e-06
9.49768e-07
-5.49845e-06
5.49803e-06
-5.49803e-06
-5.37228e-07
-6.41977e-06
6.95699e-06
-3.09879e-07
6.97076e-06
7.96861e-07
-6.4223e-07
1.50539e-07
5.19878e-07
-8.11894e-07
3.44231e-07
4.02825e-07
-1.20649e-06
3.96663e-07
-1.49189e-06
1.64395e-07
3.76958e-07
-1.01154e-06
5.79666e-07
-9.93077e-07
5.09847e-07
-2.7046e-08
-6.41251e-06
1.22807e-07
-8.45474e-08
6.79324e-06
6.92958e-08
3.27129e-08
7.02775e-06
-8.44044e-09
3.68352e-08
4.34059e-08
4.53795e-08
-7.02905e-06
4.46551e-11
6.34937e-08
4.3674e-08
7.01958e-06
-7.01428e-06
7.01428e-06
-1.18382e-06
3.40357e-08
-6.99412e-06
-5.29888e-06
-6.43846e-06
-7.04294e-06
3.81573e-08
6.99049e-06
-6.98724e-06
4.85343e-06
-4.85343e-06
-1.90073e-08
-7.03714e-06
7.04413e-06
-6.99024e-09
6.76984e-06
7.0119e-06
6.82998e-06
1.15877e-07
6.62887e-06
1.66355e-07
-6.74419e-06
4.0769e-08
-6.62592e-06
1.87461e-07
7.01403e-06
6.73069e-06
-7.02011e-06
5.08016e-06
-1.37907e-06
6.65217e-06
2.62447e-08
-6.21472e-06
8.95009e-07
7.0229e-06
-7.02129e-06
4.60953e-09
7.02313e-06
-1.12331e-08
5.90491e-07
-7.01026e-06
-8.30551e-07
6.89928e-06
5.94121e-06
-7.23935e-06
1.928e-07
-5.85382e-06
-7.06696e-06
2.05142e-07
7.01784e-06
-7.06733e-06
7.05349e-06
3.71035e-07
-7.42453e-06
-6.65512e-06
2.42607e-07
6.22675e-06
-6.69841e-06
4.71653e-07
6.9636e-06
-6.9636e-06
-5.7423e-06
1.99064e-08
-7.01361e-06
-6.50158e-06
-5.82463e-06
7.0184e-06
7.01917e-06
-7.01917e-06
2.25279e-08
6.50147e-06
6.51095e-06
3.13209e-07
6.76837e-07
3.82176e-07
-1.54981e-06
6.97582e-06
2.44938e-08
-7.00032e-06
5.30167e-06
-5.30672e-06
6.98516e-06
5.44591e-06
7.05764e-06
-7.04932e-06
5.08665e-06
-5.08665e-06
-7.03694e-06
7.02615e-06
-7.02196e-06
2.22576e-08
-6.86035e-06
3.58773e-07
-6.09339e-06
6.83904e-06
-5.13488e-06
5.13488e-06
-4.18044e-06
4.18044e-06
5.37992e-06
-5.29697e-06
-4.435e-06
4.435e-06
5.71413e-06
-5.71413e-06
-4.81776e-06
-5.19577e-06
5.19577e-06
5.57078e-06
-5.07426e-06
5.07426e-06
-4.9671e-06
4.9671e-06
-4.91014e-06
4.91014e-06
5.83913e-06
-5.83913e-06
4.62303e-06
5.46328e-06
-5.46328e-06
5.46606e-06
5.67257e-06
-5.67257e-06
5.54658e-06
5.45892e-06
-5.02222e-06
5.02222e-06
-5.842e-06
-5.23114e-06
-4.97748e-06
5.70564e-06
-5.70564e-06
5.09689e-06
-5.09689e-06
5.58839e-06
5.43738e-06
5.50294e-06
5.63505e-06
7.01413e-06
-7.01011e-06
5.50953e-06
-4.5339e-06
7.02878e-06
-1.0384e-08
-7.18523e-06
1.48184e-07
7.03705e-06
7.01387e-06
7.03567e-06
-6.09508e-09
6.65148e-06
-7.03256e-06
7.03886e-06
-5.52954e-06
-7.04428e-06
-7.05299e-06
7.00728e-06
-7.00728e-06
9.21716e-07
6.94701e-06
-6.94047e-06
-1.89563e-08
-5.21517e-06
5.23413e-06
7.01448e-06
6.94806e-06
-6.94806e-06
7.04403e-06
-7.04691e-06
-7.02726e-06
-7.00928e-06
6.96894e-06
-7.0364e-06
7.3485e-09
-5.16488e-06
4.69362e-06
7.01582e-06
-7.01582e-06
-5.56524e-06
9.74136e-07
-5.71612e-06
-5.57217e-06
9.63835e-07
-5.59855e-06
9.8066e-07
-5.54456e-06
9.58565e-07
-5.6772e-06
9.88863e-07
7.02662e-06
-1.27482e-08
-7.0333e-06
2.46472e-06
-6.694e-06
-5.5475e-06
9.33724e-07
-5.41181e-06
-3.20464e-08
6.99945e-06
4.60776e-06
1.42937e-06
-6.03713e-06
-5.12824e-06
4.71666e-06
1.81383e-06
-6.44272e-06
4.62889e-06
5.39807e-06
-5.61161e-06
-7.00625e-06
7.05749e-06
-5.12435e-08
7.01978e-06
-7.01583e-06
-7.05408e-06
-6.51753e-09
7.05998e-06
-7.08247e-06
6.46711e-06
-3.32656e-06
-3.14055e-06
-4.57543e-06
5.56871e-06
-4.56206e-06
5.52966e-06
-9.99374e-07
7.01583e-06
-1.63829e-08
-5.5899e-06
-7.01011e-06
-5.27741e-06
9.02117e-07
-3.12663e-07
-4.73826e-06
-7.07014e-06
7.00639e-06
-1.26596e-06
-7.0192e-06
1.31759e-06
7.02947e-06
-2.30892e-08
-4.60525e-06
4.96127e-06
7.01222e-06
-7.01222e-06
-5.50482e-06
-8.70828e-07
-4.20989e-06
-2.92949e-09
7.05642e-06
7.00246e-06
7.01903e-06
-7.03733e-06
-6.80015e-06
-2.32414e-07
-1.24043e-07
-5.49962e-06
5.49444e-06
-4.60241e-06
5.05552e-06
-3.98046e-06
-4.74384e-06
-4.23467e-06
5.21088e-06
-4.60318e-06
-6.36325e-06
3.79856e-06
2.56469e-06
-4.71474e-06
-4.25981e-06
5.32959e-06
-4.5898e-06
5.39668e-06
-4.43705e-06
5.55414e-06
-4.57321e-06
-4.54079e-06
-1.84775e-08
-6.99287e-06
7.01135e-06
5.26402e-06
-5.30063e-06
-4.31889e-06
5.26461e-06
6.10693e-06
-4.429e-06
5.40217e-06
6.9889e-06
-6.8142e-06
7.01662e-06
-7.01296e-06
-7.03474e-06
-1.36976e-08
-4.61255e-06
5.34491e-06
1.28648e-06
4.5912e-06
7.79912e-07
-5.37111e-06
4.65864e-06
5.50003e-07
-5.20864e-06
4.62163e-06
4.04982e-07
-5.02661e-06
4.61576e-06
1.69457e-06
-6.31033e-06
4.62467e-06
8.98227e-07
-5.5229e-06
7.00936e-06
6.68724e-06
2.83953e-08
5.04761e-06
-5.36027e-06
-1.20075e-06
7.0253e-06
-6.96142e-06
-6.38758e-08
-9.53756e-07
6.35182e-06
7.00055e-06
-7.00055e-06
-7.04105e-06
-4.45976e-06
4.61029e-06
5.73349e-06
-5.38926e-06
-5.43909e-06
-5.70525e-06
5.5429e-06
5.56112e-06
2.7004e-08
-7.05462e-06
6.98577e-06
-6.99014e-06
4.36169e-09
-5.55921e-06
-5.75144e-10
-7.0437e-06
6.93868e-06
5.31813e-06
-5.2813e-06
-6.73029e-06
5.33483e-06
-5.28945e-06
4.62517e-06
6.93429e-06
-7.03187e-06
7.04432e-06
-7.04034e-06
-6.98478e-06
7.01383e-06
5.33657e-06
-5.29841e-06
7.01322e-06
-7.01301e-06
7.01301e-06
-6.88742e-06
-1.47319e-07
8.6787e-07
-5.54894e-06
7.0083e-06
-7.03412e-06
-6.92641e-06
5.58547e-06
5.54977e-06
5.6475e-06
7.0558e-06
-7.06126e-06
7.52236e-07
5.43362e-06
-4.17785e-06
5.60723e-06
-3.92669e-06
5.74052e-06
5.5584e-06
5.60368e-06
-4.62302e-06
7.007e-06
4.71213e-06
5.46387e-07
-5.25851e-06
5.34056e-06
-5.32065e-06
7.01379e-06
-7.00983e-06
1.2387e-08
4.92606e-09
-7.13301e-06
6.66473e-06
7.01672e-06
-7.7235e-09
-3.46331e-06
7.1125e-06
7.01478e-06
-7.04825e-06
-4.74297e-09
-4.34256e-06
-5.00991e-06
3.68903e-07
-5.12432e-06
-4.71339e-06
-6.99301e-06
7.00973e-06
-7.00973e-06
7.00634e-06
7.00545e-06
-7.00545e-06
-1.01003e-06
5.7267e-06
-9.87708e-07
5.6166e-06
-5.455e-06
1.07973e-06
7.05477e-06
-1.77206e-08
-6.80481e-06
-3.282e-07
-6.81283e-06
-2.45533e-08
-6.94465e-06
7.01369e-06
7.03387e-06
2.36187e-08
-6.96015e-06
7.01095e-06
-7.00716e-06
4.50974e-06
-4.27061e-08
-4.62723e-06
1.17468e-06
-4.95843e-06
7.00246e-06
-7.03429e-06
6.88044e-06
-4.60464e-06
5.53984e-06
-5.32738e-06
5.13383e-06
5.33865e-06
-5.35235e-06
2.03485e-06
-2.03485e-06
-5.26296e-06
6.24356e-06
5.51274e-07
-4.22627e-06
5.1964e-06
-4.41834e-06
5.38826e-06
-4.59247e-06
5.44566e-06
-4.42207e-06
5.38e-06
-4.45063e-06
5.41708e-06
5.16127e-06
-4.22061e-06
-9.54443e-08
5.53278e-06
-4.56892e-06
-6.98165e-06
-1.13524e-08
6.98976e-06
-4.13466e-09
-7.0388e-06
7.01203e-06
7.00976e-06
-7.01846e-06
3.33529e-06
-3.33529e-06
5.18825e-06
-5.29791e-06
-6.88845e-06
-4.74133e-09
-7.04217e-06
-7.07661e-06
7.00165e-06
-6.9963e-06
7.01056e-06
-3.81121e-06
5.04867e-07
-5.04867e-07
-7.01575e-06
3.46396e-09
-6.05345e-06
6.99782e-06
7.04508e-06
-7.04566e-06
5.36814e-06
-5.33543e-06
-7.00625e-07
5.3968e-06
-4.69618e-06
-6.92208e-06
-1.1221e-07
6.93346e-06
-6.99734e-06
-8.59829e-07
5.3621e-06
-4.50227e-06
-6.98073e-06
7.00111e-06
1.50207e-08
7.01368e-06
5.39373e-06
-4.5565e-06
-8.37234e-07
-1.37429e-06
-7.03206e-06
7.03206e-06
3.0575e-07
1.11131e-06
6.9973e-06
-7.03273e-06
6.98389e-06
-7.00884e-06
7.01596e-06
-7.56871e-07
6.31618e-09
-7.04691e-06
1.1759e-06
1.22095e-06
2.00888e-06
5.93227e-07
4.63055e-07
8.43258e-07
1.10351e-06
9.74611e-07
7.90198e-07
9.80026e-07
2.17937e-06
6.2048e-07
1.04399e-06
-2.65708e-08
7.07292e-06
9.20227e-07
2.11832e-06
-1.12385e-07
-4.43339e-06
-4.58092e-06
-4.58816e-06
-5.46707e-06
-4.60267e-06
-7.04784e-06
7.91442e-09
-6.96233e-06
3.42381e-06
-6.98763e-06
6.89453e-09
-4.25981e-06
-6.31846e-07
-4.62667e-06
7.03288e-06
-7.04202e-06
5.69574e-06
-6.99372e-07
-7.01995e-06
-4.57016e-07
5.71473e-06
3.75616e-06
-4.62699e-06
-2.11769e-08
-5.09659e-06
7.84484e-07
4.69276e-06
-7.00735e-06
5.25907e-06
-4.35695e-06
3.26847e-06
3.19864e-06
-5.89248e-07
5.61367e-06
-5.02442e-06
-6.99223e-06
5.19528e-06
-5.01662e-07
7.02253e-06
-7.02253e-06
7.0582e-06
-7.06113e-06
-3.86491e-06
4.98668e-06
1.64084e-07
-5.43148e-06
5.26739e-06
-8.04351e-07
5.1694e-06
-4.36505e-06
-2.79779e-07
5.36085e-06
-4.64866e-06
-7.05884e-06
-9.08735e-08
-6.98736e-06
-6.98392e-06
-8.31229e-09
-6.98961e-06
6.94494e-06
7.06004e-06
7.03121e-06
-7.03638e-06
3.37766e-06
1.21812e-06
7.02318e-06
-1.96169e-07
-4.33545e-07
-3.60886e-06
-1.05136e-06
5.27316e-06
-6.95672e-06
-3.28892e-08
1.00515e-06
-6.98227e-06
7.01631e-06
-7.01631e-06
-4.97775e-06
-7.01659e-06
2.93562e-08
-1.80363e-06
-1.27481e-06
4.84383e-06
2.71721e-07
-5.11555e-06
1.98094e-09
-5.39742e-06
5.05572e-06
-6.24043e-08
6.97114e-06
-1.64896e-07
-6.80624e-06
-6.97766e-06
-6.9858e-06
3.53157e-09
-5.33077e-07
7.02471e-06
-7.03476e-06
-4.93178e-06
-4.28492e-07
7.48145e-07
-3.99063e-06
-1.13262e-06
6.34341e-07
-5.33052e-06
-4.45549e-07
6.67128e-07
-4.43942e-06
-6.99101e-06
-5.43344e-06
6.98976e-06
7.01328e-06
-7.01328e-06
-6.9795e-06
6.96235e-06
-6.9712e-06
-8.00213e-07
-1.05425e-06
6.9963e-06
-1.53138e-08
8.28956e-07
-6.88241e-06
5.05288e-06
-6.00483e-06
-6.97726e-06
-1.37463e-08
-7.00004e-06
5.13107e-06
-6.9656e-06
-5.59479e-09
5.18517e-06
5.47817e-06
6.97673e-06
-4.77925e-06
-3.98656e-08
-6.96583e-06
-5.31009e-06
-7.04612e-06
7.12093e-06
-7.4813e-08
4.40143e-06
8.09448e-07
-5.36906e-06
-6.9763e-06
-5.84272e-06
7.01081e-06
6.94917e-06
1.44285e-08
-5.05288e-06
-4.45152e-07
-7.00888e-06
3.77266e-09
6.99412e-08
6.90119e-06
-5.04198e-06
-6.96659e-06
7.64705e-10
-6.93602e-06
-4.02796e-08
7.00927e-06
-7.00927e-06
-5.40425e-06
-6.97075e-06
-6.96118e-06
6.20841e-09
4.43553e-06
-5.56815e-06
4.5954e-06
6.94217e-06
5.8867e-09
-3.90886e-06
6.9804e-06
-6.97418e-06
-6.9904e-06
-6.96544e-06
4.26609e-09
-5.578e-06
-6.9594e-06
3.43592e-06
2.90733e-06
-5.2974e-06
5.25399e-06
4.58471e-06
-4.66082e-06
7.00302e-06
7.0387e-06
8.21068e-09
-7.05387e-06
-6.96501e-06
5.60879e-09
7.07292e-06
-6.95692e-06
-6.99281e-06
6.96826e-06
-6.41075e-06
4.33552e-09
7.00149e-06
-7.00149e-06
-6.9638e-06
6.88046e-09
-7.09168e-06
5.32263e-06
-6.97431e-06
-7.07875e-06
-6.98139e-06
-6.95489e-06
-4.3424e-06
-6.30461e-07
-1.274e-09
6.99389e-06
7.14968e-07
-5.73938e-06
-5.47534e-06
4.71847e-06
-6.96259e-06
7.69417e-09
6.99323e-06
-5.45567e-06
1.09062e-06
5.07932e-06
3.52971e-07
-4.70753e-06
-6.95273e-06
-8.33037e-07
-4.56549e-06
5.30104e-06
-6.99389e-06
-6.99764e-06
-6.96049e-06
7.75474e-09
-7.70642e-07
5.82637e-06
5.14237e-06
-4.76019e-06
-6.95091e-06
4.20214e-06
-4.48035e-06
-1.06601e-08
-6.96559e-06
7.01988e-06
3.7123e-07
-7.39111e-06
-5.29587e-06
-7.0435e-06
-6.95907e-06
8.16197e-09
-6.6899e-06
-1.03981e-06
-6.94887e-06
-3.63121e-07
-4.75243e-06
-2.57147e-06
-6.96355e-06
1.46732e-08
5.43752e-06
-5.33131e-06
-6.94383e-06
-6.95325e-06
-6.97767e-06
2.4422e-08
6.94217e-06
6.94917e-06
-1.32254e-08
-6.95895e-06
6.63062e-06
-6.95882e-06
5.28951e-06
3.70883e-07
4.86018e-06
-2.87381e-08
4.91565e-06
5.69987e-09
3.00718e-06
-6.97114e-06
6.96569e-06
-5.25484e-06
6.98713e-06
9.58783e-09
-5.30656e-06
-6.76602e-06
-6.02652e-06
-1.43223e-06
4.34856e-06
-4.36973e-06
-6.98258e-06
5.28159e-06
-1.37859e-08
-6.95204e-06
-6.9689e-06
6.96718e-06
-7.01222e-06
-6.96629e-06
-6.97367e-06
4.76516e-09
-6.96219e-06
-4.8614e-06
-5.356e-07
-6.9665e-06
-6.84632e-06
-5.41842e-06
-6.95853e-06
5.2222e-06
-6.97959e-06
1.30856e-08
-6.97838e-06
5.32263e-06
2.794e-06
-2.2491e-07
-6.89503e-06
4.39304e-06
-5.56451e-06
3.30493e-06
3.2586e-06
5.27832e-06
-6.9551e-06
4.08992e-09
-6.89299e-06
-1.7588e-06
-6.95295e-07
-1.01877e-06
-6.95744e-06
-6.95832e-06
-6.97188e-06
-6.92008e-06
2.02158e-06
-6.19943e-06
-6.95297e-06
-6.96752e-06
6.96389e-06
-7.00309e-06
-5.23386e-06
-6.94002e-06
5.1429e-06
-5.1429e-06
-6.98057e-06
1.30457e-08
-6.97177e-06
-6.93559e-06
-6.98011e-06
8.3373e-09
7.00019e-06
-1.2543e-08
4.08579e-06
-6.95091e-06
-6.94249e-06
-8.91957e-07
3.10243e-07
4.83266e-06
-2.97122e-06
-2.37399e-06
-2.80503e-06
-2.70251e-06
5.61996e-06
-6.87812e-06
-5.28763e-06
-6.94808e-06
5.26126e-06
-6.96037e-06
6.11985e-08
4.45539e-06
-6.96098e-06
6.78091e-07
-6.94627e-06
6.97387e-06
-2.7129e-06
-2.83494e-06
-2.29746e-06
-3.08764e-06
-6.99456e-06
6.92176e-06
-6.94551e-06
-2.79252e-06
-2.7577e-06
-2.98605e-06
-2.47685e-06
-2.95206e-06
-2.58174e-06
-2.82085e-06
-2.45423e-06
-2.76829e-06
-2.74923e-06
-2.124e-06
-3.28535e-06
5.30656e-06
-6.94724e-06
-6.94297e-06
-5.02552e-06
1.72082e-07
-6.94702e-06
3.48342e-06
-1.29698e-06
-4.49968e-06
5.79666e-06
-3.79726e-06
-6.94141e-06
5.02552e-06
-1.57261e-06
-6.94584e-06
-5.19991e-06
-4.7751e-06
1.97519e-06
4.60839e-06
-6.93896e-06
-6.94609e-06
-6.9511e-06
-5.92785e-09
6.9551e-06
-6.94449e-06
-1.61454e-08
6.95832e-06
-6.98452e-06
-5.31562e-06
-7.02638e-07
-6.94173e-06
-6.9368e-06
-5.21846e-06
-6.92201e-06
-6.9425e-06
-5.53138e-06
-6.93474e-06
9.23833e-07
-6.93336e-06
-6.94057e-06
5.49824e-06
-6.92374e-06
-6.93241e-06
5.25913e-06
-6.93901e-06
-5.28678e-06
-6.91685e-06
-7.18445e-07
-6.92433e-06
-6.96789e-06
-6.90802e-06
-6.94347e-06
5.32204e-06
-6.91634e-06
4.97373e-06
2.67982e-08
5.23265e-07
4.69111e-06
4.96865e-06
-6.90709e-06
3.94944e-06
2.52164e-06
-6.96829e-06
-6.90356e-06
-8.97356e-09
-4.51943e-06
6.541e-06
6.99331e-06
4.61319e-08
-6.89465e-06
-6.90839e-06
4.31153e-06
-5.04067e-06
-6.90825e-06
6.91302e-06
-6.90096e-06
-1.02862e-08
-6.9588e-06
5.14795e-06
-5.14795e-06
-5.77272e-06
2.84603e-06
-6.94571e-06
-6.94124e-06
3.40135e-07
-5.32246e-06
-5.49815e-06
-1.55856e-06
5.36949e-08
-6.97035e-06
-5.19309e-06
-5.56445e-06
5.56445e-06
-4.66997e-06
-5.305e-06
-6.88401e-06
6.89706e-06
5.305e-06
4.86517e-06
-1.76354e-08
-6.87171e-06
-3.42692e-06
-2.97122e-06
-6.86337e-06
6.86993e-06
-6.88247e-06
5.6166e-06
3.60849e-07
-5.25026e-06
-4.97373e-06
5.40222e-06
2.17771e-07
-1.58917e-07
5.32055e-06
-5.16163e-06
7.00216e-06
-5.26587e-06
6.26874e-06
-6.87812e-06
-5.46286e-06
3.93446e-06
-6.46461e-06
2.53015e-06
7.00711e-06
-6.7095e-08
-4.83266e-06
3.97651e-07
1.24813e-06
-5.09074e-06
2.22534e-07
5.13227e-06
-5.43136e-06
-5.17765e-06
-5.60323e-06
-5.21164e-06
4.06139e-06
-6.95915e-06
1.91354e-06
-5.74458e-06
-5.80691e-06
-5.30626e-06
1.90016e-08
-5.62979e-06
5.42277e-06
-5.22708e-06
5.20966e-06
-6.95076e-06
-5.32949e-06
-1.30423e-06
-3.97007e-06
5.19102e-06
-1.29492e-08
6.78278e-06
-6.78278e-06
6.76291e-06
-6.76291e-06
5.21202e-06
-5.21202e-06
-5.43136e-06
-4.78479e-06
-1.35836e-06
-4.84107e-06
-4.8857e-06
5.97632e-06
-5.95179e-06
4.91198e-06
-3.75278e-06
-2.56774e-06
3.24603e-06
5.74448e-07
4.96865e-06
-5.36156e-06
-4.89277e-06
-5.46286e-06
-5.05198e-06
4.89277e-06
-1.24504e-06
-1.02681e-06
-2.22985e-06
-3.70939e-06
-2.5613e-06
-6.80725e-07
-3.57909e-06
-5.53296e-06
-5.49815e-06
3.20064e-06
3.26967e-06
3.56888e-06
-6.78596e-07
-6.77484e-08
-4.40819e-07
5.13358e-06
-4.33755e-06
3.65682e-06
1.17774e-06
-5.53138e-06
4.55217e-06
9.27782e-07
5.22581e-06
-4.38857e-06
4.85456e-06
-8.27405e-07
5.85199e-06
-5.24605e-06
4.44849e-06
-3.98524e-06
3.25097e-06
-1.77767e-06
-1.47135e-06
-2.61221e-06
-2.90936e-06
-2.66447e-06
-2.6847e-06
-5.56451e-06
-4.86005e-06
5.36991e-06
-3.25683e-06
-2.11308e-06
1.49856e-07
4.62208e-06
-5.00546e-06
1.71658e-06
-4.35268e-07
8.51803e-07
4.01336e-06
3.42381e-06
-4.72037e-06
2.69629e-06
-5.07028e-06
2.61523e-06
-5.31774e-06
-5.14132e-06
5.3409e-06
-1.35767e-07
8.29969e-07
-4.29656e-06
6.2101e-06
-2.70083e-06
-2.91506e-06
4.51223e-06
-5.5112e-06
5.44133e-06
3.18541e-07
4.58124e-06
-4.58124e-06
5.11412e-06
4.23364e-06
6.20593e-06
4.84822e-06
6.22751e-06
2.38175e-06
4.96786e-06
-1.60247e-06
-5.56073e-06
-5.28254e-06
3.93302e-06
-3.54568e-06
-4.20739e-06
-1.93644e-07
5.14395e-06
1.23395e-06
2.01701e-06
-4.72443e-07
-4.16485e-06
-5.25725e-06
-1.71889e-07
-4.55816e-06
4.46932e-06
-5.11652e-06
-3.35841e-06
-5.30626e-06
4.42528e-06
5.09898e-06
4.29315e-06
4.24131e-06
1.21761e-06
3.97341e-06
-7.94598e-06
3.57909e-06
-5.06987e-06
-2.63646e-06
-3.31196e-06
2.22889e-06
-2.4538e-06
1.1521e-07
-5.55054e-06
4.2734e-06
1.80646e-06
3.814e-06
-3.61137e-06
-2.75187e-06
5.51525e-06
-1.2528e-06
-6.22875e-07
4.93465e-07
4.68904e-06
-3.55424e-06
-4.5113e-06
-5.40677e-07
5.39694e-06
2.28434e-07
-2.04301e-06
2.55039e-07
-5.1297e-06
-4.1613e-07
-5.25062e-06
4.3356e-06
-2.80953e-06
-3.15415e-06
-5.61352e-06
-5.45581e-07
-4.75924e-06
-4.34001e-06
3.35841e-06
2.33372e-06
3.19131e-06
4.34659e-06
-3.94537e-06
-5.65667e-06
9.51013e-08
-2.07547e-06
-2.12542e-06
-4.02255e-06
5.14391e-06
1.90462e-06
3.87065e-06
4.86118e-06
5.02385e-07
-4.19683e-06
-4.72509e-06
5.04363e-06
-5.30121e-06
-4.55072e-06
5.71353e-06
-1.58201e-06
-4.1678e-06
-3.75346e-06
-4.58825e-06
-4.16349e-06
5.69752e-06
-4.16546e-06
4.35579e-06
9.06872e-07
4.13558e-06
-4.16928e-06
5.88643e-06
2.39819e-06
5.9351e-06
2.34719e-06
-4.17722e-06
5.88643e-06
5.9351e-06
-4.5104e-06
-4.47713e-06
-4.77392e-06
4.946e-06
4.28933e-06
3.86623e-06
-3.99637e-07
2.62852e-06
5.81944e-06
1.24787e-06
4.38068e-06
-4.04511e-06
-4.72601e-06
4.35218e-07
4.18781e-06
3.71326e-06
-5.05772e-06
-4.41917e-07
4.8904e-06
4.35226e-06
4.72585e-06
-4.23239e-06
1.14185e-06
4.2317e-06
4.31844e-06
1.88875e-06
-3.88997e-06
4.65612e-06
-3.82525e-06
5.66257e-06
-4.51943e-06
-6.33398e-07
-4.46349e-06
3.6521e-06
-4.65561e-06
5.76524e-06
1.03507e-06
1.43648e-06
4.43479e-06
-2.4761e-07
4.10804e-06
1.32557e-06
4.1039e-06
-4.1039e-06
-4.53472e-06
4.19177e-06
-7.94606e-07
-3.56987e-06
-3.42281e-06
-3.15324e-06
3.42281e-06
-4.53706e-06
1.11394e-06
3.7286e-06
-8.83491e-09
-4.74359e-06
3.20906e-07
-4.30137e-06
4.75864e-06
-3.92086e-06
-4.47662e-06
-1.61422e-06
-3.58021e-06
6.69689e-07
-5.23518e-06
1.96318e-06
3.70939e-06
-4.29656e-06
4.51571e-06
-4.3451e-06
-6.34945e-06
3.09262e-06
3.31196e-06
4.44901e-06
1.95286e-06
3.75278e-06
4.43772e-06
4.39818e-06
-4.23886e-06
4.23886e-06
-4.54732e-06
-1.42852e-06
-4.09054e-06
7.53525e-07
3.42692e-06
3.7143e-06
1.31022e-06
4.42327e-06
-4.14869e-06
-4.55722e-06
-3.8165e-06
-1.50212e-06
-3.9975e-06
-1.72379e-07
6.76756e-07
1.82596e-07
2.11317e-07
-4.6447e-06
4.51885e-06
-5.0174e-06
-9.84573e-07
3.28373e-06
2.51293e-06
4.68746e-06
4.79545e-06
2.5038e-06
3.47252e-06
2.33103e-06
-5.8283e-09
4.27923e-06
2.53257e-06
4.08901e-06
1.46242e-06
3.77171e-06
3.24041e-07
-5.09898e-06
4.64916e-06
3.95244e-06
-3.95244e-06
3.82758e-06
-3.82758e-06
5.3096e-07
3.88196e-06
-3.88196e-06
3.94344e-06
-3.94344e-06
-5.08346e-06
-4.94163e-07
-3.87557e-06
3.82525e-06
5.42695e-06
-1.32305e-06
-6.60657e-07
-1.06293e-06
-4.55243e-06
-4.21524e-06
-3.1735e-06
-3.29111e-06
1.18809e-06
-4.71547e-06
-4.53859e-06
-1.45847e-06
-4.20757e-06
-4.3433e-06
-8.09484e-07
3.68389e-06
-4.31356e-06
4.27278e-06
3.7773e-06
2.7637e-06
2.66556e-06
-4.065e-06
-4.03808e-06
4.84752e-06
2.77157e-06
-4.74253e-06
2.8057e-06
4.50408e-06
-1.58169e-06
-1.65013e-06
-4.3299e-06
4.32811e-06
-4.32447e-06
4.7647e-06
-4.68018e-06
4.42627e-06
4.62984e-06
-4.47161e-06
-1.66217e-06
-1.61039e-06
-1.65701e-06
-3.9747e-06
4.13872e-06
5.45226e-06
4.24807e-06
3.93302e-06
-4.1419e-06
4.7915e-06
3.7599e-06
-4.11109e-06
-2.18805e-07
-1.63854e-06
-4.94669e-07
3.33796e-06
2.89816e-06
4.46932e-06
4.46931e-06
-8.06933e-08
-4.94751e-06
-4.2303e-06
-3.08292e-07
4.98825e-06
-1.53818e-06
4.09948e-06
-1.53e-06
-4.54214e-06
3.97871e-06
4.56291e-07
2.99501e-06
4.1223e-06
-4.03612e-06
-1.55456e-06
4.62396e-06
-3.75884e-07
2.33385e-06
3.32928e-06
5.27807e-06
-4.15518e-06
4.12375e-06
4.42899e-06
-1.45777e-06
1.52529e-06
4.20348e-06
-3.66614e-07
-3.41729e-06
3.84037e-06
-4.68258e-06
-1.42014e-06
3.88997e-06
3.83992e-06
3.58021e-06
2.62989e-06
4.38004e-06
-3.14541e-06
4.46349e-06
1.2996e-06
-7.94913e-08
-4.1146e-06
-4.25209e-06
9.65805e-07
1.47891e-06
-4.37271e-06
-4.31364e-06
3.64161e-06
-4.26401e-06
4.65471e-06
-4.31496e-07
-3.41822e-06
3.84971e-06
-2.80747e-06
2.94022e-06
2.51204e-06
-4.49605e-06
-4.78113e-06
5.91761e-07
-3.98086e-06
-3.7773e-06
-5.91357e-07
5.12865e-06
-4.70256e-07
4.31017e-06
1.62497e-06
6.40919e-07
1.45072e-06
3.24844e-06
-3.67994e-06
4.49613e-06
4.00416e-06
1.68739e-07
-4.328e-06
4.15926e-06
-1.55963e-07
3.41073e-07
-1.037e-06
3.93909e-06
-3.77035e-06
-2.2121e-06
9.32243e-07
-5.31905e-06
9.92278e-07
-3.70256e-06
-1.41316e-07
1.56212e-06
8.44928e-07
2.59146e-06
-3.53191e-06
-4.21832e-06
1.39787e-06
-4.47579e-06
5.806e-07
3.88243e-06
4.27885e-06
2.75719e-06
-3.79495e-06
9.5972e-07
-8.47677e-07
-8.76482e-07
-4.01085e-06
-2.62597e-06
-2.95042e-06
-5.74113e-07
7.09471e-06
-2.54682e-06
7.11779e-06
-4.13964e-06
3.8086e-06
1.33674e-07
-4.26047e-06
-4.29293e-06
-1.08849e-06
3.2197e-06
-3.4688e-06
3.92661e-06
7.29163e-07
-2.43106e-07
4.45019e-06
3.64063e-06
4.29509e-06
4.57154e-06
-1.49551e-06
-3.68761e-06
-3.93249e-06
-3.59141e-06
-1.13302e-06
4.28252e-06
4.56519e-06
4.46105e-07
1.25776e-06
2.77225e-06
-4.32583e-06
4.16553e-06
4.44601e-06
-1.82572e-07
)
;

boundaryField
{
    front
    {
        type            empty;
    }
    back
    {
        type            empty;
    }
    wall
    {
        type            calculated;
        value           uniform 0;
    }
    inlet
    {
        type            calculated;
        value           nonuniform List<scalar> 
12
(
-8.06742e-06
-8.07712e-06
-8.08346e-06
-8.01278e-06
-8.26366e-06
-8.10997e-06
-8.24406e-06
-8.28462e-06
-8.28229e-06
-8.34171e-06
-8.33277e-06
-8.34268e-06
)
;
    }
    outletLeft
    {
        type            calculated;
        value           nonuniform List<scalar> 9(5.50754e-06 5.54784e-06 5.55022e-06 5.5338e-06 5.51752e-06 5.52157e-06 5.53028e-06 5.59357e-06 5.61462e-06);
    }
    aneurysm
    {
        type            calculated;
        value           uniform 0;
    }
    outletRight
    {
        type            calculated;
        value           nonuniform List<scalar> 9(5.34521e-06 5.3851e-06 5.46291e-06 5.27508e-06 5.40935e-06 5.34917e-06 5.39712e-06 5.46365e-06 5.43797e-06);
    }
}


// ************************************************************************* //
