/*--------------------------------*- C++ -*----------------------------------*\
  =========                 |
  \\      /  F ield         | OpenFOAM: The Open Source CFD Toolbox
   \\    /   O peration     | Website:  https://openfoam.org
    \\  /    A nd           | Version:  12
     \\/     M anipulation  |
\*---------------------------------------------------------------------------*/
FoamFile
{
    format      ascii;
    class       surfaceScalarField;
    location    "0.12";
    object      phi;
}
// * * * * * * * * * * * * * * * * * * * * * * * * * * * * * * * * * * * * * //

dimensions      [0 3 -1 0 0 0 0];

internalField   nonuniform List<scalar> 
6438
(
-1.96072e-08
2.43491e-06
-2.41531e-06
-2.1517e-08
2.82854e-06
-2.80702e-06
-2.65152e-06
-4.47629e-07
3.09915e-06
2.5161e-06
-2.7603e-06
2.442e-07
3.86895e-06
-3.02157e-06
-8.47382e-07
8.82367e-07
2.98658e-06
-3.01057e-06
3.59055e-07
-2.61396e-06
2.59244e-06
2.82172e-06
-3.37053e-06
5.48816e-07
2.62568e-06
-3.07736e-06
4.51683e-07
-2.54009e-06
3.08557e-06
-5.45483e-07
6.10445e-07
-2.78562e-06
2.17517e-06
-3.13948e-06
5.99395e-07
2.41322e-06
1.10828e-06
-3.52149e-06
2.2662e-06
-2.28581e-06
-1.27824e-07
2.65573e-06
-2.5279e-06
-3.34628e-06
3.24422e-06
1.02059e-07
-2.53422e-06
3.07474e-06
-5.40527e-07
-3.13606e-06
6.01841e-07
9.96072e-07
2.10849e-06
-3.10457e-06
-7.26464e-07
-4.75625e-07
1.20209e-06
-1.55209e-07
2.78273e-06
-2.62752e-06
-2.5791e-06
-4.18153e-07
2.99725e-06
-3.15493e-06
1.38544e-06
1.76949e-06
-2.74178e-06
2.58657e-06
-2.43504e-06
2.96046e-06
-5.25416e-07
-2.97203e-06
3.92934e-07
2.8213e-06
-2.21085e-06
-2.56198e-06
-4.7701e-07
3.03899e-06
-3.09575e-06
6.60706e-07
2.37752e-06
-2.98161e-06
6.04092e-07
1.34046e-08
-2.9057e-06
2.89229e-06
2.8427e-06
-2.8579e-06
1.51965e-08
-2.81629e-06
4.74753e-07
2.34153e-06
-3.80581e-06
6.15072e-07
3.19074e-06
2.67501e-06
-2.66161e-06
2.69775e-06
-1.8165e-07
1.75099e-06
2.45111e-06
-4.2021e-06
-8.61463e-07
3.27468e-06
-2.51185e-06
2.75911e-06
-2.47267e-07
-2.91117e-06
2.88388e-06
2.72857e-08
-1.21126e-06
2.20733e-06
2.60303e-06
2.26453e-08
-3.12843e-06
3.06514e-06
6.32908e-08
2.80638e-06
-4.28861e-07
-2.09909e-06
1.97127e-06
-3.63543e-06
6.13858e-07
2.76202e-06
2.66713e-07
-3.02873e-06
-2.15071e-06
-6.65577e-07
-3.92907e-07
-2.58515e-06
2.93343e-06
-3.48275e-07
-1.93083e-06
2.78281e-06
-8.51971e-07
2.79052e-06
-2.79052e-06
8.75549e-07
2.11659e-06
2.78634e-07
-2.39523e-06
1.24193e-06
6.01659e-07
-1.84359e-06
2.36438e-06
4.92258e-07
-2.85664e-06
2.28165e-06
-8.96212e-07
-1.32322e-06
-2.31221e-06
-2.73144e-08
2.4597e-06
-2.43238e-06
-3.03474e-06
3.03474e-06
-3.14202e-06
3.173e-06
-3.09824e-08
1.26056e-07
2.33874e-06
-2.46479e-06
8.9026e-09
-2.86444e-06
2.85554e-06
2.65769e-06
-2.64879e-06
-2.89755e-06
3.35576e-07
-2.9054e-06
-2.23028e-07
-2.49798e-06
2.74398e-06
-2.45999e-07
2.76292e-07
2.39202e-06
-2.66832e-06
-2.93738e-06
2.82525e-06
1.12133e-07
2.86401e-06
-2.86401e-06
2.66331e-06
1.58407e-07
-1.74921e-06
-1.32815e-06
2.49321e-06
5.26311e-07
-3.01952e-06
-2.44718e-06
-4.63985e-07
2.17314e-06
1.68078e-06
-3.85392e-06
-3.36747e-06
2.15621e-06
-2.15157e-06
-1.2159e-06
2.96047e-06
-4.67265e-07
1.76691e-06
-5.24977e-07
2.40168e-06
2.72155e-07
-2.67383e-06
-2.96056e-06
-1.81458e-07
-4.21237e-07
-7.20145e-07
-2.31459e-06
3.20881e-06
-3.20881e-06
-2.12369e-06
-8.13692e-07
-1.92963e-07
-3.61285e-06
-2.76855e-06
2.75782e-06
1.07261e-08
9.96926e-08
-2.80613e-06
2.70644e-06
-3.08586e-07
2.71026e-06
2.77221e-06
7.0497e-08
-2.89577e-06
-4.50504e-07
-2.92278e-06
2.99605e-06
-7.32691e-08
3.05563e-06
-1.70953e-06
-1.3461e-06
2.73898e-06
-2.63929e-06
5.67047e-08
3.0749e-06
-1.56481e-06
-1.5101e-06
1.74772e-06
1.30791e-06
2.81913e-06
-2.81913e-06
-2.16279e-06
3.1013e-06
-9.38505e-07
-2.71682e-06
1.31663e-07
-3.72188e-07
-2.19959e-06
2.57178e-06
-2.54711e-06
9.99239e-08
-2.72864e-06
5.65851e-07
2.353e-06
5.16173e-07
-2.86917e-06
-1.68801e-07
2.5218e-06
-2.45862e-06
2.84032e-06
-3.81698e-07
-2.61095e-06
9.90995e-08
1.80691e-06
1.26799e-06
2.72227e-06
-5.47099e-07
1.17075e-07
2.67344e-06
-2.34897e-06
-1.98132e-07
2.45473e-06
5.23184e-07
-2.97791e-06
-1.35787e-06
-1.17126e-06
2.52913e-06
1.78773e-06
-2.27916e-07
-1.55982e-06
-2.9057e-06
5.90971e-07
2.90901e-06
-3.49998e-06
-1.35032e-06
6.23861e-07
2.90464e-06
5.58152e-08
3.154e-06
-1.63167e-06
-1.52232e-06
1.05693e-06
2.09706e-06
2.93636e-06
-4.81632e-07
3.58693e-06
-1.83594e-06
-2.65747e-06
8.79332e-09
2.64868e-06
-3.80185e-06
3.85967e-07
3.41588e-06
-4.41254e-08
-2.63995e-06
2.68407e-06
2.90233e-06
1.6281e-07
-2.23991e-06
2.2126e-06
-2.67185e-06
2.72527e-06
-5.34174e-08
2.70581e-06
-2.74993e-06
2.79265e-06
-2.79265e-06
2.74813e-06
8.04118e-08
2.75371e-06
-6.37111e-07
2.71615e-06
-2.59009e-06
-2.3931e-06
2.02091e-06
2.49847e-08
2.6378e-06
-2.66279e-06
3.10748e-06
-2.17603e-06
-9.31449e-07
-2.86444e-06
-4.16883e-08
3.24383e-08
-2.6464e-06
-2.65043e-06
1.52445e-07
3.0097e-08
2.64492e-06
2.55966e-06
-2.28336e-06
-2.63954e-06
1.80925e-07
2.67722e-06
-7.41922e-08
-9.63161e-08
2.3308e-06
-2.23448e-06
1.83683e-06
1.27065e-06
-2.74397e-06
5.90688e-07
2.15329e-06
2.79792e-06
-1.51194e-08
-3.70038e-06
3.34914e-07
3.36546e-06
-3.78259e-08
-2.62614e-06
2.66397e-06
1.74527e-06
4.24655e-08
1.67711e-07
2.63021e-06
2.60244e-06
2.1886e-07
2.69025e-06
-2.72807e-06
-2.80305e-06
-9.27189e-08
2.86054e-06
-3.07569e-06
2.15145e-07
-2.5559e-06
-1.01573e-07
-3.11144e-06
1.34876e-06
1.76268e-06
-7.60065e-10
2.68915e-06
9.35792e-08
-2.53237e-06
2.94502e-06
-4.12646e-07
-2.78705e-06
2.40287e-06
3.84179e-07
-3.77499e-07
9.75203e-07
-5.97704e-07
-8.7489e-07
-2.22086e-06
-2.80613e-06
-2.22422e-08
2.67994e-06
8.2412e-07
2.27718e-06
-4.53099e-08
-2.72869e-06
-1.30914e-08
-5.82272e-08
-2.98217e-06
2.51912e-06
4.63044e-07
-1.74653e-07
2.22478e-06
4.38532e-07
4.36035e-06
-1.90924e-06
-9.21729e-07
-2.21433e-06
2.73434e-06
3.78661e-08
-2.34551e-06
9.87642e-07
-1.05587e-06
-1.66332e-06
2.71918e-06
-9.412e-07
-2.19828e-06
-1.52885e-06
3.70199e-06
-2.82186e-06
9.31771e-08
-2.66355e-06
2.67367e-06
-1.01179e-08
-2.19778e-06
2.10147e-06
-3.22664e-08
-2.6103e-06
2.64257e-06
-2.87103e-06
4.91625e-08
2.39303e-06
-2.84739e-06
4.54366e-07
2.6668e-06
-2.69907e-06
2.38248e-06
-9.0134e-07
-1.48114e-06
-3.60531e-06
1.27854e-06
2.32676e-06
2.44241e-06
2.34813e-07
2.01666e-06
1.22756e-06
5.88717e-07
2.62009e-06
-7.01389e-07
-2.50742e-06
-2.90716e-06
2.88072e-06
2.64356e-08
-2.89898e-06
-8.18215e-09
-2.88477e-06
-1.42089e-08
9.69561e-09
7.51237e-07
-4.19749e-06
3.44625e-06
-3.11437e-06
3.70535e-06
2.45946e-06
-2.43447e-06
2.6292e-06
1.09777e-07
2.14371e-07
2.16811e-06
-2.63995e-06
-2.39345e-06
2.38258e-06
2.96089e-07
-2.67866e-06
-1.34851e-08
-5.69731e-07
4.18867e-06
-3.61894e-06
3.97268e-06
-2.8644e-06
-1.20654e-06
1.8082e-06
-7.65609e-07
-2.34583e-06
-2.08222e-06
-1.52309e-06
-2.6388e-06
-1.64257e-07
-2.65821e-06
2.65775e-06
4.61565e-10
-4.18591e-07
2.49374e-06
-2.07514e-06
-2.85587e-06
2.87586e-06
-1.99849e-08
-2.82587e-06
-3.00066e-08
-3.62982e-06
2.27819e-07
3.402e-06
-2.53456e-06
-1.64429e-07
2.69899e-06
2.846e-06
2.98615e-08
-5.05529e-07
-3.10864e-06
1.13579e-06
1.97285e-06
1.72998e-08
-1.64497e-06
-1.46367e-06
-3.8771e-08
-2.92307e-08
-2.59483e-06
2.62406e-06
-2.66745e-06
1.32893e-07
2.41078e-06
3.23556e-07
2.77813e-06
-2.66105e-06
2.64088e-06
-2.67011e-06
2.63037e-06
7.54336e-08
1.29405e-06
2.67862e-06
2.73627e-06
-5.11497e-07
-2.15731e-07
-3.58612e-06
-1.55432e-07
2.1675e-06
-2.01207e-06
-2.81239e-06
-1.34733e-08
-2.81191e-06
-4.81386e-10
2.83394e-06
-2.81353e-06
-2.04083e-08
2.80378e-06
3.01605e-08
-2.62614e-06
6.48963e-07
-8.9072e-07
2.41757e-07
-3.17621e-06
1.86082e-06
1.31539e-06
1.41977e-06
-2.84748e-06
1.4277e-06
-2.48586e-06
-2.30952e-07
-2.64927e-06
2.63609e-06
1.31784e-08
-2.75454e-06
2.65665e-06
9.78838e-08
-2.20075e-07
2.81904e-06
-2.59896e-06
-2.7348e-06
6.73479e-08
-3.03713e-06
3.78837e-06
-2.80154e-07
-2.46382e-06
-2.8553e-06
2.63522e-06
-2.23696e-06
-2.05254e-07
2.44221e-06
-2.09199e-06
2.78597e-06
1.78077e-08
-1.90464e-06
-5.10492e-07
5.65972e-07
-5.54809e-08
-2.59386e-08
1.02859e-07
-3.62328e-06
3.52042e-06
-2.02771e-06
-9.82864e-07
-2.82357e-06
2.76694e-06
5.66353e-08
-2.78044e-06
-4.31368e-08
-9.98669e-07
6.2117e-07
2.62547e-06
6.47815e-08
2.8004e-06
-4.61659e-07
2.77845e-06
-2.77581e-06
-2.63344e-09
-7.32085e-09
-2.57472e-06
2.58204e-06
2.91017e-06
-2.08605e-06
-3.50849e-08
2.87927e-06
1.62957e-06
-4.50884e-06
2.85238e-06
-2.85238e-06
4.43671e-07
2.59107e-06
-1.00688e-06
-1.78364e-06
-2.27531e-06
2.74294e-06
-4.67631e-07
-3.00926e-07
-2.45361e-06
2.62761e-06
-2.63494e-06
-2.516e-06
4.13847e-08
2.47462e-06
4.83038e-07
-2.55089e-06
2.06785e-06
-2.6414e-06
2.61358e-06
2.78177e-08
1.68872e-06
1.22145e-06
-8.2408e-08
-4.28084e-07
-1.58979e-06
-1.58642e-06
-6.1248e-07
-2.82063e-06
2.88254e-07
-2.6103e-06
2.36551e-06
4.95031e-07
-2.19332e-06
-2.46652e-06
2.2956e-07
-2.51669e-06
1.46083e-06
2.85563e-06
-2.32117e-06
-5.34453e-07
4.87053e-07
2.29107e-06
-2.01629e-06
-9.55741e-07
-2.79216e-06
2.79216e-06
2.7948e-06
-2.68821e-06
-1.06592e-07
1.6022e-07
-2.64608e-06
-2.2361e-06
2.52827e-06
-2.9217e-07
-8.84606e-07
4.08981e-07
2.6029e-06
-2.6157e-06
1.28048e-08
2.73762e-06
2.93214e-08
2.7639e-06
3.09054e-08
4.17332e-06
-2.66311e-06
-7.16844e-08
-2.33702e-06
1.91843e-06
2.62143e-06
4.53746e-08
2.75611e-06
-2.74128e-06
-1.48313e-08
-2.43296e-08
-3.81951e-08
2.88756e-07
-2.36383e-06
2.07507e-06
-8.19816e-08
-3.6184e-06
8.65569e-07
1.92693e-07
-2.4288e-06
-2.63499e-06
2.59465e-06
4.03414e-08
2.62825e-06
-2.35227e-07
-1.2257e-06
-1.6322e-06
-3.6841e-06
2.72749e-07
-1.47929e-06
-4.38051e-07
1.22697e-08
2.70712e-06
-2.41103e-06
-2.59483e-06
-2.59877e-06
6.78806e-08
2.53089e-06
3.66789e-06
5.20775e-07
2.11577e-06
1.05723e-06
2.55925e-06
-1.13947e-06
2.67083e-06
-1.51709e-07
6.13624e-06
-4.50667e-06
-4.19749e-06
-1.34599e-06
-1.44106e-06
-3.4345e-08
2.8495e-06
-2.66992e-06
-1.79587e-07
2.70243e-06
6.14665e-08
3.12431e-07
-2.58774e-06
-1.92013e-06
2.20889e-06
2.61785e-06
2.30251e-08
2.05225e-06
9.08222e-07
2.74695e-06
1.02551e-07
2.74518e-06
-2.70591e-06
-3.92656e-08
-1.23842e-06
-1.7432e-06
-1.23977e-07
2.52684e-06
4.6936e-08
-2.91095e-06
2.27601e-06
-1.79298e-06
-3.88485e-08
5.69717e-08
2.22322e-06
-2.41178e-06
1.88562e-07
4.06983e-07
2.33595e-06
3.72273e-06
-3.61987e-06
1.29573e-06
1.6377e-06
-2.62767e-06
2.59756e-06
3.01174e-08
-6.02157e-08
-1.5295e-06
8.39827e-07
6.89669e-07
-2.78378e-08
2.85424e-06
-2.85424e-06
3.23228e-06
-1.87583e-06
-1.35645e-06
-2.3598e-06
-4.00502e-07
1.99249e-06
9.43868e-07
2.73209e-06
1.48675e-08
-2.57472e-06
2.55445e-06
1.64387e-08
-2.57089e-06
2.09002e-06
2.91095e-06
-2.89229e-06
7.31639e-08
3.39777e-06
-3.0118e-06
2.62935e-06
-2.79656e-06
2.61364e-06
-5.91921e-08
2.35884e-06
-2.55369e-06
2.54054e-06
1.31569e-08
1.18054e-07
2.05044e-06
-2.1685e-06
-2.32166e-06
1.91873e-06
-1.73465e-07
2.42678e-06
3.32329e-07
-2.3805e-08
-2.24782e-06
-3.91727e-07
-3.36923e-06
2.13081e-06
5.20685e-09
-2.56111e-06
-2.72594e-06
-1.29364e-07
3.64885e-06
-1.96808e-06
2.61712e-08
-4.72524e-07
2.90225e-06
-2.42972e-06
-1.23977e-06
-2.89728e-07
2.54319e-06
-2.57009e-06
2.69016e-08
-2.62935e-06
2.6107e-06
1.13244e-06
1.61541e-06
-2.74785e-06
2.73198e-06
-5.08761e-07
2.25627e-07
2.4301e-06
2.68128e-06
2.63738e-07
2.92648e-07
3.56315e-07
-2.85554e-06
6.28919e-08
-2.26501e-06
2.57744e-06
-1.31284e-06
1.58559e-06
2.41981e-07
-2.37996e-06
2.13798e-06
-1.9975e-08
4.79131e-08
-2.37272e-06
-2.70218e-06
2.65223e-06
4.99443e-08
-2.59014e-06
2.68964e-07
1.69342e-06
1.53886e-06
-1.45778e-06
2.98753e-06
-1.52975e-06
2.99666e-06
-2.79723e-06
-1.99433e-07
7.58805e-08
1.84285e-06
-2.57144e-06
-2.73292e-08
2.60991e-06
3.72899e-09
1.28849e-06
-4.48659e-07
3.32182e-06
-2.98691e-06
2.37563e-06
3.68359e-07
1.49123e-07
-2.64946e-06
4.01645e-07
3.97203e-08
-2.30473e-06
2.95787e-06
-2.39202e-06
2.41136e-06
-1.46654e-07
-2.29607e-06
2.44273e-06
-2.59758e-06
2.70581e-06
-3.2144e-08
-3.93507e-06
3.16135e-07
-1.71383e-08
2.54819e-06
4.93651e-08
-2.40372e-06
-2.64084e-06
2.63018e-06
1.06571e-08
3.1652e-06
-1.84083e-06
-1.32437e-06
-2.2151e-06
-1.99432e-07
2.41454e-06
-5.79095e-09
-2.60801e-06
5.61759e-08
-2.83199e-07
2.78877e-06
-2.50557e-06
-2.55638e-06
2.56918e-06
-3.7118e-06
-5.40966e-07
-3.58905e-06
3.49884e-06
9.02113e-08
2.04645e-06
1.03912e-06
2.39517e-06
2.1566e-07
-2.61083e-06
2.54663e-06
-1.04223e-07
2.05141e-06
1.02334e-06
-1.81971e-06
5.79946e-07
-2.57594e-06
2.23614e-06
-2.54472e-06
-3.45715e-06
3.44467e-06
1.24795e-08
3.11987e-06
-2.5048e-06
2.54827e-06
-7.73282e-09
1.56958e-07
-2.3767e-06
2.21974e-06
-3.84184e-08
-3.41873e-06
3.08755e-06
-3.08755e-06
-1.40682e-06
2.64937e-06
-1.24255e-06
-2.54939e-06
2.54939e-06
2.60821e-06
-2.30545e-06
-3.02758e-07
2.42013e-06
5.75916e-07
2.7166e-06
-2.22955e-06
2.68784e-06
-3.00935e-08
-2.10151e-06
-3.36799e-07
2.43831e-06
-3.4152e-06
3.42695e-06
-1.17474e-08
3.15618e-06
-1.90057e-06
-1.25561e-06
4.60222e-07
2.25638e-06
-3.45095e-06
3.4336e-06
1.73451e-08
-9.95323e-10
-2.53161e-08
3.40538e-06
-3.38007e-06
-3.43807e-06
3.43807e-06
-4.08662e-08
2.58406e-06
3.69046e-06
-3.43961e-06
-2.50845e-07
-3.45317e-06
3.42786e-06
3.44996e-06
-3.43249e-06
-1.74702e-08
-2.51331e-06
-5.67814e-08
2.94099e-06
-3.94737e-08
3.4273e-06
-3.38782e-06
3.42833e-06
-3.43482e-06
6.48872e-09
-2.5924e-06
3.41039e-06
-5.00107e-09
-2.638e-06
2.61459e-06
2.34116e-08
-3.40977e-06
3.4222e-06
-1.2425e-08
2.61175e-06
-2.54387e-06
-3.44404e-06
3.40457e-06
2.64211e-06
-8.40946e-07
1.25785e-06
1.6444e-06
-1.90828e-06
-1.46095e-06
-3.43212e-06
3.43212e-06
-3.44784e-06
-5.33037e-09
3.19152e-06
-5.85542e-07
-2.60598e-06
-2.24719e-06
1.52705e-06
8.59411e-08
3.41593e-06
-3.42658e-06
1.06469e-08
2.51404e-06
-2.51277e-06
-1.27503e-09
3.52235e-06
-3.43075e-06
-9.15959e-08
3.39798e-06
1.79454e-08
3.39175e-06
3.55428e-08
-7.10961e-09
-2.54228e-06
-3.14319e-06
1.72987e-06
1.41331e-06
-2.53868e-06
2.55512e-06
3.40887e-06
-1.0882e-08
3.57492e-07
2.31334e-06
1.83363e-06
-7.01187e-07
-3.43915e-06
-4.8908e-09
2.80435e-06
1.66346e-06
-2.83472e-06
-4.32959e-07
-3.50211e-06
2.56042e-06
-2.57611e-06
1.5689e-08
-1.18839e-07
-3.47021e-06
2.66595e-06
-2.98586e-08
2.96243e-06
-2.02577e-06
-9.36666e-07
-2.56541e-06
3.41412e-06
-3.41412e-06
2.44529e-06
3.37154e-08
-2.479e-06
2.63064e-06
-3.42132e-06
3.4168e-06
4.52271e-09
3.39691e-06
-3.42984e-06
3.29295e-08
2.15844e-06
-2.85983e-06
-9.19941e-09
-3.39722e-06
3.40642e-06
3.38936e-06
-3.39856e-06
-1.1276e-07
3.6116e-06
-2.71001e-06
2.93783e-06
-3.07432e-06
2.13312e-06
-5.4007e-08
3.49868e-06
2.93807e-07
1.51439e-06
3.15731e-08
3.15995e-06
-9.47629e-09
2.73438e-06
-2.7249e-06
-2.34518e-08
-3.42944e-06
-2.15074e-08
2.81716e-06
-2.83007e-07
-2.53415e-06
-3.40668e-06
3.40668e-06
1.99766e-06
-1.71903e-06
-3.43491e-06
3.42585e-06
9.05861e-09
2.6238e-06
-2.6238e-06
2.553e-06
-3.89618e-08
3.41134e-06
-3.41683e-06
5.48833e-09
-3.29424e-06
9.00785e-07
2.59351e-09
-2.53413e-06
2.53153e-06
2.74819e-06
-2.29273e-08
3.41833e-06
3.16312e-08
2.07404e-06
3.53617e-07
-2.42765e-06
3.42893e-06
-1.85451e-08
2.66555e-06
-2.66555e-06
3.40718e-06
-3.39525e-06
-1.1928e-08
-2.60647e-06
2.58641e-06
2.00656e-08
3.43312e-06
-3.42275e-06
-1.03651e-08
-3.4124e-06
3.4124e-06
5.10674e-07
2.39047e-06
8.08831e-08
-2.47135e-06
-3.43518e-06
3.42619e-06
8.99351e-09
-1.28626e-08
-2.57322e-06
2.5582e-06
2.2221e-09
3.19224e-06
-6.00954e-07
-2.59128e-06
2.2061e-06
3.39851e-06
-3.40793e-06
9.41657e-09
2.62777e-06
2.80476e-06
3.95344e-08
2.40575e-06
3.48495e-06
-6.66208e-08
3.38722e-06
1.12961e-08
2.49364e-06
-2.49364e-06
-1.31284e-06
3.44653e-06
-3.41936e-06
-1.04783e-08
3.41773e-06
-3.40489e-06
-1.2832e-08
6.72041e-08
-3.4827e-06
3.4155e-06
3.58701e-07
-3.44625e-06
-3.42896e-06
3.42302e-06
5.94845e-09
2.47577e-06
-2.4742e-06
-1.57837e-09
2.60821e-06
-2.30178e-06
2.30178e-06
3.39415e-06
-6.93469e-09
-2.54454e-06
-2.3767e-06
2.39517e-06
2.64135e-06
-2.7771e-08
-7.79686e-09
2.70726e-07
-3.37086e-06
3.41706e-06
-3.41825e-06
1.18931e-09
8.08735e-08
2.3949e-06
7.92507e-08
2.73791e-06
2.57191e-06
-1.89059e-08
-3.42144e-06
3.41737e-06
4.06895e-09
3.3912e-06
-3.40089e-06
9.69034e-09
-3.41817e-06
-1.67333e-08
3.40902e-06
-3.39997e-06
-9.0461e-09
2.57448e-06
4.93192e-08
3.41096e-06
1.48832e-08
-4.37701e-09
3.40348e-06
1.38958e-08
-5.2636e-10
-2.52224e-06
-3.45532e-06
3.659e-08
-2.55713e-06
2.55713e-06
3.30865e-08
3.15915e-06
-2.59869e-06
4.97186e-07
1.80848e-08
3.41025e-06
1.42765e-07
-2.46131e-06
2.31855e-06
2.40376e-08
3.41403e-06
3.2575e-06
-3.55237e-06
2.57317e-06
9.23742e-08
3.38936e-06
-2.59916e-08
2.41646e-06
-2.48578e-06
1.15876e-08
2.4502e-06
-3.76164e-07
-3.39784e-06
3.39784e-06
-3.41597e-06
-1.92113e-08
2.30545e-06
-2.38818e-06
8.27241e-08
-3.41403e-06
2.51535e-06
-2.51275e-06
3.40928e-06
1.69114e-08
-3.41078e-06
-3.03569e-06
2.11396e-06
-3.42555e-06
3.41981e-06
5.74517e-09
2.32685e-06
2.19787e-07
2.53413e-06
1.52585e-08
-3.38673e-06
3.41013e-06
-2.34013e-08
-2.57506e-06
2.5524e-06
2.26617e-08
-3.39756e-06
1.08297e-08
2.5628e-06
-4.60326e-09
1.40591e-07
-2.64824e-06
2.50765e-06
3.39686e-06
-3.412e-06
1.51446e-08
2.76326e-06
-2.89262e-06
3.39646e-06
-3.39608e-06
-3.78068e-10
-2.16845e-06
2.16845e-06
-2.67213e-06
2.67213e-06
-3.39252e-06
-5.03913e-09
-1.58559e-06
1.87939e-06
-3.40232e-06
3.3973e-06
5.02084e-09
2.67733e-08
3.40534e-06
2.12138e-06
-1.87939e-06
-2.12138e-06
2.23943e-06
2.25037e-06
-2.58716e-06
3.11198e-06
-1.84241e-06
-1.26956e-06
-3.41444e-06
-1.45231e-08
-4.90663e-07
-2.23943e-06
2.73009e-06
3.41012e-06
1.28928e-08
-2.58427e-06
2.39313e-06
3.42002e-06
-3.41308e-06
-6.93746e-09
-3.3998e-06
-2.5611e-06
2.57462e-06
-8.09795e-08
-9.16486e-09
3.41803e-06
3.40351e-06
-2.53153e-06
-3.48476e-06
-2.04633e-06
2.61083e-06
-5.64496e-07
-3.38489e-06
-1.23316e-08
3.39927e-06
4.20479e-09
1.98207e-06
-2.0258e-06
4.37224e-08
3.93716e-09
2.38818e-06
-2.48458e-06
9.64056e-08
1.57395e-06
1.59125e-06
-3.41292e-06
-1.26375e-08
-2.5863e-06
3.38432e-06
-3.38146e-06
-2.85784e-09
3.40878e-06
1.10274e-08
-3.41874e-06
3.41503e-06
3.70056e-09
2.61423e-06
2.57448e-06
-3.39304e-06
3.38554e-06
7.505e-09
3.41698e-06
-3.41545e-06
-1.53176e-09
-2.54197e-06
2.57317e-06
3.39144e-06
-3.39144e-06
1.36123e-08
3.41999e-06
-2.14121e-06
-4.57483e-07
3.39847e-06
-1.61559e-09
-4.35549e-07
2.32061e-06
-1.88506e-06
3.3898e-06
-3.38687e-06
-2.93101e-09
1.04245e-08
3.4037e-06
3.38361e-06
-3.38667e-06
3.05627e-09
-3.42329e-06
-3.4109e-06
-2.05547e-06
2.98611e-09
3.41381e-06
-3.69834e-09
-3.40205e-06
3.40575e-06
-3.39165e-06
3.3842e-06
7.44331e-09
-3.41278e-06
-5.95464e-09
-2.58312e-06
-2.49563e-06
9.84992e-09
3.40925e-06
5.7885e-09
-3.38856e-06
3.38712e-06
1.43455e-09
-3.39087e-06
1.28337e-08
3.37804e-06
3.41178e-06
8.24604e-09
-3.40118e-06
-1.18994e-08
-2.48191e-06
-1.17213e-08
3.41011e-06
-3.41219e-06
2.07871e-09
3.39021e-06
-3.39391e-06
-3.39687e-06
3.39217e-06
4.69673e-09
3.38838e-06
-3.38564e-06
-2.7432e-09
2.55502e-06
2.11272e-09
3.41121e-06
5.76717e-09
-3.40642e-06
-9.02812e-09
-3.41888e-06
2.57462e-06
-3.39022e-06
3.38343e-06
6.79474e-09
2.25047e-06
-2.39713e-06
-3.38065e-06
3.39338e-06
-1.2725e-08
3.39119e-06
-3.39627e-06
5.08617e-09
-8.39474e-09
-3.40947e-06
-3.30966e-09
-8.89343e-09
-3.01075e-06
2.13586e-06
-5.85002e-09
3.39021e-06
-5.65994e-09
-3.67003e-09
-3.41236e-06
2.89015e-09
1.30674e-06
2.8658e-06
-4.17253e-06
-7.06021e-07
3.41009e-06
2.24649e-11
-3.4037e-06
6.35344e-09
3.40033e-06
-3.40569e-06
-6.49839e-09
-2.56349e-06
-3.41577e-06
3.4045e-09
1.20639e-08
3.39928e-06
-5.09979e-10
1.62429e-08
-3.35805e-06
3.34181e-06
3.41484e-06
-3.41311e-06
-1.72888e-09
-2.60922e-06
4.68009e-07
3.40826e-06
-3.4023e-06
-5.96139e-09
-3.41048e-06
-2.5293e-06
-1.33489e-07
3.38768e-06
-3.38499e-06
-2.68686e-09
1.7882e-08
-3.36124e-06
3.34336e-06
-3.41397e-06
3.4076e-06
6.37415e-09
-2.58146e-06
2.55978e-06
2.16774e-08
2.95419e-09
-3.41392e-06
-1.84762e-09
-2.59748e-06
5.39022e-07
2.05846e-06
-3.40949e-06
-4.48191e-09
3.41369e-06
1.15614e-09
-3.40808e-06
-5.0312e-09
-1.36931e-08
-3.41416e-06
2.42535e-10
-2.45565e-06
-2.8359e-07
2.73924e-06
1.96338e-06
1.43813e-08
-3.40033e-06
2.5608e-06
-8.39695e-09
-3.38754e-06
3.38754e-06
-6.56057e-09
3.41206e-06
1.62272e-09
-2.71251e-09
5.35411e-09
5.52061e-09
3.41335e-06
-1.28394e-09
2.00915e-09
3.41245e-06
-3.41248e-06
2.97373e-11
2.46291e-06
-2.46291e-06
-3.40542e-06
3.39807e-06
7.34943e-09
3.39323e-06
-3.38976e-06
-3.46672e-09
-4.82024e-09
3.41122e-06
2.12774e-09
3.41137e-06
1.08283e-09
-1.26418e-09
3.41161e-06
3.40839e-06
-3.41026e-06
1.86598e-09
-3.4413e-06
-3.39748e-06
-7.93767e-09
2.62685e-06
-3.2202e-08
3.40535e-06
3.04014e-09
2.84648e-08
3.40793e-06
-3.40418e-06
-3.74823e-09
-2.43439e-06
2.43439e-06
1.92377e-08
3.39316e-06
-3.38693e-06
3.3924e-06
-5.46588e-09
3.40721e-06
7.20425e-10
2.3195e-08
2.54871e-06
3.40318e-06
-3.40186e-06
-1.31925e-09
-3.37628e-06
-1.06499e-08
3.3937e-06
-3.39647e-06
2.7727e-09
3.40097e-06
2.21402e-09
3.40724e-06
4.13311e-09
-3.37202e-08
-3.36833e-06
-5.02645e-09
-3.00326e-07
-2.28741e-06
3.38825e-06
-3.39154e-06
3.28993e-09
1.00986e-07
2.36192e-06
3.40276e-06
-3.39954e-06
-3.2188e-09
-3.02242e-09
-5.88986e-08
-2.82744e-06
2.88633e-06
-2.46461e-06
2.49289e-06
-2.82803e-08
-3.3723e-06
3.3734e-06
-1.10072e-09
3.3988e-06
3.95522e-09
-3.38869e-06
-2.1169e-06
3.42363e-06
3.40017e-06
-3.39531e-06
-4.85792e-09
-3.40344e-06
3.40352e-06
-8.05971e-11
3.39377e-06
-3.3907e-06
-3.06524e-09
-3.30613e-07
-2.91102e-06
3.24163e-06
3.39665e-06
3.52383e-09
-3.37494e-06
2.63899e-09
3.40067e-06
-3.39632e-06
-4.34708e-09
2.55502e-06
-2.61633e-06
2.61633e-06
3.39939e-06
-3.39296e-06
-6.43516e-09
-6.61166e-09
3.40076e-06
-5.36384e-09
-2.55843e-06
3.39455e-06
4.8412e-09
-3.40311e-06
-6.38291e-09
-3.3697e-06
3.37152e-06
-1.81898e-09
3.4035e-06
1.8561e-09
5.78639e-08
3.36909e-06
-6.84938e-10
3.40038e-06
8.64284e-09
2.54754e-06
1.32546e-08
4.06507e-10
-3.37308e-06
3.3839e-09
2.59469e-07
9.50652e-09
1.09484e-07
3.39061e-06
-3.39378e-06
3.17148e-09
-3.36612e-06
3.37007e-06
-3.94388e-09
6.1222e-08
-2.55146e-06
2.49024e-06
4.55978e-07
-2.65691e-06
2.20093e-06
9.70763e-07
2.41008e-06
-2.41008e-06
3.38821e-06
-3.38821e-06
-2.78382e-06
1.55035e-09
-3.39459e-06
2.60012e-06
3.39953e-06
7.67796e-09
-6.40074e-07
-1.19253e-06
1.83261e-06
-3.37109e-06
4.96521e-09
-3.37282e-06
-1.0988e-07
1.44137e-06
-2.37762e-06
9.36248e-07
-2.32884e-09
2.3149e-08
3.37023e-06
7.49008e-09
2.55531e-06
-3.40445e-06
7.18378e-09
3.39066e-06
2.16299e-06
-2.63936e-06
4.7637e-07
2.20046e-06
-7.59089e-07
-4.25706e-09
-3.38739e-06
3.40501e-06
-3.38186e-06
-3.39514e-06
-3.36168e-06
3.35847e-06
3.20381e-09
7.82423e-10
3.39652e-06
3.38468e-06
3.53474e-09
3.09286e-06
-2.05355e-06
-1.03932e-06
-1.10943e-08
2.58427e-06
3.39556e-06
5.4046e-09
3.09205e-06
-3.42267e-06
2.31086e-08
3.37012e-06
-4.01629e-09
-3.38621e-06
-3.36567e-06
3.98944e-09
-2.47139e-06
6.78211e-09
2.59769e-06
-2.08309e-06
-5.14597e-07
3.3786e-06
-3.37888e-06
2.74794e-10
-3.97735e-09
9.75203e-07
-1.37048e-06
-1.2831e-06
2.65358e-06
3.38496e-06
-3.39015e-06
5.19003e-09
2.69204e-06
-2.65833e-06
-8.63953e-09
2.58312e-06
-2.2179e-06
1.57783e-06
3.38153e-06
-3.38491e-06
3.38088e-09
3.40103e-06
-3.37792e-06
-2.54814e-06
8.5236e-08
-2.55779e-06
2.55413e-06
3.66028e-09
2.48458e-06
-2.54348e-06
5.42536e-08
3.36794e-06
-2.58278e-06
2.50195e-06
-9.1169e-08
3.39568e-06
-3.39156e-06
-4.1194e-09
2.64333e-06
-2.52477e-06
-1.1856e-07
3.38468e-06
-2.05151e-09
-3.38651e-06
-2.50373e-06
8.09484e-09
3.14168e-07
1.92295e-06
-2.23712e-06
-3.35738e-06
3.35372e-06
3.65779e-09
3.37926e-06
1.19283e-08
-2.13958e-06
-4.47588e-07
2.4757e-08
3.36901e-06
3.38996e-06
-3.39795e-06
7.98109e-09
3.38587e-06
-6.23658e-09
-3.37522e-06
-2.6428e-06
-4.4623e-07
3.39173e-06
7.07608e-09
3.60741e-06
-7.41617e-07
-2.07385e-08
3.38848e-06
-3.36775e-06
3.38683e-06
3.1354e-09
-3.36222e-06
4.84158e-09
-3.37172e-06
-2.43597e-08
-6.43123e-09
3.3431e-06
-3.33667e-06
4.4189e-09
3.38702e-06
3.40149e-06
-3.37673e-06
-3.39066e-06
-1.1682e-08
2.5863e-06
-3.58504e-09
2.56436e-06
-1.30906e-07
-2.43345e-06
3.47725e-08
2.52958e-06
-3.34791e-06
3.34148e-06
-3.39011e-06
-7.37001e-09
2.15206e-06
4.45632e-07
-1.26732e-08
2.62183e-06
-2.60916e-06
-2.17242e-06
-1.81672e-06
2.13088e-06
-2.83264e-06
3.51479e-07
2.48116e-06
3.38555e-06
2.60269e-09
-3.38948e-06
3.38568e-08
3.37115e-06
3.38051e-06
-3.38102e-06
5.09957e-10
3.3879e-06
-3.37779e-06
-1.01088e-08
-3.39245e-06
2.28651e-09
-4.87865e-09
-2.56029e-06
2.56517e-06
5.14319e-10
3.39166e-06
-2.35248e-06
6.89169e-07
-3.38808e-06
3.38614e-06
1.94041e-09
-3.35266e-06
3.34864e-06
4.02077e-09
3.33779e-08
2.76708e-06
-2.6862e-06
2.03151e-06
-4.94376e-08
-1.77648e-08
3.39039e-06
-3.37262e-06
-3.02204e-06
1.65156e-06
3.38437e-06
2.99825e-09
-3.38864e-06
3.38786e-06
8.78575e-09
-3.16554e-06
3.11734e-08
3.13437e-06
5.3558e-09
-3.35802e-06
3.38122e-06
-3.37767e-06
-3.55033e-09
-1.07829e-07
3.40131e-06
-3.29348e-06
-5.09755e-09
-6.96396e-07
3.18336e-06
-2.48697e-06
-2.54814e-06
-2.81528e-06
3.38335e-06
-1.82358e-09
2.98917e-08
3.37114e-06
3.29969e-06
3.4156e-06
-3.41344e-06
-2.16144e-09
8.23967e-10
-2.5659e-06
2.56507e-06
-3.38533e-06
3.38302e-06
2.30671e-09
6.86652e-08
-2.55058e-06
2.48191e-06
3.38979e-06
-3.38842e-06
-1.37315e-09
-2.6246e-06
2.61193e-06
3.37983e-06
-3.37722e-06
-2.61395e-09
9.50484e-09
3.37839e-06
-3.92274e-08
3.39779e-06
-3.38742e-06
3.28616e-08
-2.49765e-06
3.38733e-06
-3.38673e-06
-6.0392e-10
3.38563e-06
1.97452e-09
-3.38697e-06
3.36827e-06
7.11478e-09
-3.37539e-06
8.14678e-10
3.38774e-06
-3.37824e-06
-8.22242e-09
-2.56534e-06
2.57356e-06
1.8199e-06
-2.67687e-06
8.56969e-07
-5.66651e-07
-2.59889e-06
-2.4901e-06
-5.57719e-07
-2.18338e-06
-3.3836e-06
1.96328e-08
3.36397e-06
-2.58083e-06
2.56534e-06
1.54953e-08
-7.85128e-07
-2.0747e-06
-3.38176e-06
3.01909e-06
-3.37479e-06
3.38077e-06
-5.97981e-09
-2.81972e-06
2.79541e-07
2.54018e-06
2.69553e-06
-2.07078e-06
-6.2475e-07
-3.38669e-06
6.83797e-09
3.37985e-06
2.56986e-06
-2.53742e-06
7.12839e-09
3.37409e-06
-3.38702e-06
3.4603e-09
3.38408e-06
3.3835e-06
1.10538e-08
-5.71162e-10
-3.38609e-06
-1.1085e-08
-3.377e-06
-3.3782e-06
2.56704e-06
-2.53587e-06
-1.44475e-08
7.23971e-07
2.23846e-06
-2.31364e-06
2.31364e-06
2.95291e-08
3.37196e-06
-3.83901e-06
-3.12332e-06
3.12414e-06
3.38814e-06
2.56498e-06
-2.54584e-06
-3.38302e-06
3.37193e-06
-2.86029e-06
2.92896e-06
3.3806e-06
-3.37764e-06
-2.95968e-09
4.1368e-09
3.38412e-06
-3.42369e-06
2.57581e-06
-2.58403e-06
-3.38199e-06
5.71027e-09
1.27472e-06
3.3903e-06
-3.38619e-06
-4.11993e-09
-3.38808e-06
3.38078e-06
-3.37796e-06
-2.81955e-09
-3.38023e-06
-3.37245e-09
3.37296e-06
-3.36261e-06
-2.58577e-06
3.10895e-06
3.37785e-06
-3.37676e-06
-1.08777e-09
-5.97829e-09
3.37425e-06
-2.58083e-06
2.23733e-06
-2.42425e-06
1.86917e-07
-4.16428e-06
4.16428e-06
3.38655e-06
3.3872e-06
-8.59337e-09
5.72044e-09
-3.38608e-06
3.39803e-06
-1.1946e-08
3.37975e-06
-3.37691e-06
-2.83863e-09
-2.80435e-06
2.67086e-06
1.05303e-08
3.37795e-06
-3.38662e-06
9.18578e-09
3.37744e-06
-3.37664e-06
3.38394e-06
-3.37941e-06
-2.59358e-06
-3.38382e-06
1.1361e-08
3.37246e-06
-2.59701e-06
-7.36171e-09
2.53437e-06
-2.55314e-06
1.87678e-08
3.37531e-06
-3.37815e-06
2.8444e-09
6.29799e-08
-3.38377e-06
3.37813e-06
5.63556e-09
3.38188e-06
-2.47999e-06
-2.46289e-06
-4.08429e-08
3.38599e-06
-3.38599e-06
-1.71709e-08
2.57219e-06
-3.38408e-06
3.37912e-06
-3.37628e-06
-2.83414e-09
3.3854e-06
-1.89366e-08
-3.38104e-06
-2.51763e-06
-3.09801e-07
-2.58379e-06
2.02189e-06
-2.25862e-06
2.36727e-07
-5.05527e-07
-2.18484e-06
2.69037e-06
3.37285e-06
-3.36389e-06
2.19e-06
-2.55146e-06
-7.34335e-09
-3.37935e-06
3.38095e-06
-3.37814e-06
-2.80678e-09
2.59758e-06
-2.61067e-06
-7.13317e-07
-4.72624e-07
1.18594e-06
-2.69395e-06
2.7166e-06
2.60696e-06
-2.57219e-06
-1.01452e-08
-2.52818e-06
2.53832e-06
-1.28133e-08
-2.5085e-06
2.52131e-06
8.47952e-09
-2.63068e-06
2.6222e-06
2.40934e-08
-2.64104e-06
2.61694e-06
1.23211e-08
-2.58704e-06
2.57472e-06
-4.65794e-09
-2.53245e-06
2.53711e-06
-4.95857e-09
-2.53042e-06
2.53538e-06
1.52181e-06
-1.02557e-06
-4.96242e-07
2.24588e-06
1.66228e-08
3.37377e-06
2.47453e-06
-2.49014e-06
1.56065e-08
7.94776e-09
-3.3796e-06
3.37165e-06
3.3884e-06
-3.3884e-06
3.34351e-06
-6.00335e-10
-3.34291e-06
-1.13894e-08
-3.37163e-06
3.37886e-06
-3.37591e-06
-2.9487e-09
-2.1003e-06
-2.75735e-06
-6.23678e-08
2.21451e-06
4.28818e-07
3.38573e-06
-3.38107e-06
-4.65065e-09
-2.57715e-06
2.67921e-06
1.12693e-08
3.37648e-06
-1.85842e-06
-1.16362e-06
2.58637e-08
2.42505e-06
-2.45091e-06
-1.73178e-06
-2.94013e-07
-5.81048e-07
-3.59039e-07
9.40087e-07
2.54323e-06
2.54361e-06
2.65443e-06
2.65474e-06
2.63625e-06
2.60141e-06
-1.19349e-08
-2.54919e-06
2.56112e-06
2.55117e-06
-3.62988e-09
-1.00372e-06
3.37996e-06
-3.37201e-06
-8.38489e-08
2.71907e-06
-3.38998e-06
-2.31379e-06
2.8626e-06
3.33932e-06
2.52922e-09
-3.34185e-06
3.39287e-06
-6.88786e-09
-3.38554e-06
1.2215e-08
3.37333e-06
-2.5531e-06
-2.56029e-06
2.5596e-06
-2.57154e-06
-2.32945e-06
2.81219e-06
-4.82739e-07
-6.07016e-09
-3.37775e-06
1.76628e-06
-2.20182e-06
5.57796e-09
-3.38325e-06
-3.37923e-06
-8.98642e-07
-1.31926e-06
-3.3732e-06
-6.40003e-09
2.58998e-06
8.08492e-07
1.97195e-06
3.37557e-06
-3.37297e-06
-2.6072e-09
2.5722e-06
-1.70271e-06
-8.69489e-07
-1.22541e-06
6.44362e-07
-1.42085e-06
3.07241e-06
-1.23126e-06
2.55912e-06
-1.32785e-06
1.15313e-09
3.38381e-06
-3.36063e-06
3.37793e-06
-3.3799e-06
1.96954e-09
-1.91289e-06
8.15266e-07
1.09763e-06
-1.12499e-08
-2.5485e-06
2.55975e-06
3.53775e-06
-1.56501e-06
-1.97274e-06
2.44067e-09
3.34107e-06
-7.35571e-07
-1.17732e-06
-2.46857e-06
2.49444e-06
2.10677e-06
1.39117e-07
-2.45722e-06
-5.16645e-09
-2.55172e-06
2.55688e-06
2.63507e-06
-2.55419e-06
-1.56856e-06
-5.95429e-07
2.16399e-06
-3.37281e-06
3.37379e-06
-9.74725e-10
-2.49323e-06
2.52609e-06
3.37647e-06
-3.37867e-06
-2.25758e-06
-5.60582e-08
-3.40169e-06
3.38886e-06
-1.76114e-06
2.54274e-09
3.37822e-06
2.94578e-06
-1.62799e-06
-1.31779e-06
2.49251e-06
-4.70621e-07
2.78637e-06
-3.61324e-07
2.55574e-06
-2.56699e-06
3.37194e-06
-3.37205e-06
1.03168e-10
2.55798e-06
-2.56315e-06
3.09968e-09
-3.37016e-06
3.36706e-06
-1.42133e-06
-3.3981e-07
7.75966e-09
-2.59353e-06
-3.37973e-06
4.78749e-09
2.25758e-06
-2.38875e-06
1.31176e-07
-3.66514e-07
2.76142e-06
-1.23409e-08
-2.50529e-06
2.54157e-06
2.54788e-08
3.37565e-06
-3.37347e-06
-2.18532e-09
4.10099e-09
3.38058e-06
1.71452e-06
-2.55242e-06
2.56018e-06
1.66048e-06
-9.71349e-09
-3.37583e-06
-1.2891e-06
-9.86669e-07
2.27577e-06
-2.44074e-06
-2.21469e-08
2.29771e-06
-2.07128e-06
-2.26429e-07
-4.60709e-07
2.675e-06
-2.21429e-06
3.37784e-06
-3.37523e-06
-2.61278e-09
4.52707e-09
3.37608e-06
2.21932e-08
2.57364e-06
-2.59584e-06
2.20879e-09
-3.37985e-06
-2.52738e-06
2.53547e-06
3.37661e-06
-3.38037e-06
3.75646e-09
3.39287e-06
-1.43408e-08
-2.35885e-06
-1.03552e-07
2.4624e-06
-3.39956e-06
-1.3279e-09
3.25446e-08
-2.59034e-06
-3.46393e-06
3.37522e-06
-3.37212e-06
-2.16615e-06
4.65058e-09
-8.20922e-09
-3.37408e-06
3.37581e-06
3.93901e-09
-3.52127e-06
5.35117e-10
-3.37744e-06
-1.5185e-07
-1.89842e-06
7.0589e-07
-3.38474e-06
3.38474e-06
-2.13309e-06
2.60467e-06
-4.71577e-07
3.3912e-06
-2.02291e-06
2.52207e-06
-4.99162e-07
-2.18126e-06
2.64012e-06
-4.58856e-07
-2.53317e-06
-3.74142e-08
2.61033e-06
-2.57291e-06
-2.20058e-06
2.13766e-06
-5.59834e-07
3.38029e-06
-3.38474e-06
4.4513e-09
3.37973e-06
-3.38418e-06
4.45089e-09
3.37741e-06
-3.38219e-06
4.78334e-09
-3.70409e-09
-3.38007e-06
-2.03057e-06
2.56315e-06
-5.32575e-07
3.37846e-06
-3.37586e-06
-2.60527e-09
3.37746e-06
4.76797e-07
-2.70635e-06
3.37552e-06
3.59697e-09
-3.37706e-06
7.78935e-10
7.94119e-07
3.37692e-06
-3.37975e-06
2.82907e-09
6.99553e-08
2.53701e-06
-2.60696e-06
-2.4811e-06
-1.21281e-08
2.49323e-06
-3.38421e-06
-3.37684e-06
3.37249e-06
4.35201e-09
2.57327e-06
-2.54073e-06
-3.37939e-06
3.37518e-06
4.2129e-09
-2.50129e-06
2.39782e-06
1.03463e-07
-3.37979e-06
3.37569e-06
4.09812e-09
3.38508e-06
-3.38098e-06
-4.10239e-09
-2.53215e-06
2.55434e-06
-2.7295e-06
-1.4726e-06
-2.7745e-06
-5.76581e-07
2.78843e-06
-2.21185e-06
3.37249e-06
-9.47516e-09
-3.36774e-06
-2.55058e-06
2.65625e-09
-3.3809e-06
3.37825e-06
-2.69751e-06
2.5666e-06
5.40818e-09
3.38193e-06
3.37471e-06
4.1559e-09
-3.37677e-06
8.60437e-10
-2.6697e-07
-9.5844e-07
-2.58189e-06
2.54448e-06
-2.68781e-06
4.66076e-07
2.22173e-06
-9.03142e-07
-9.95282e-07
-2.5659e-06
2.67822e-06
4.14638e-07
8.17722e-10
3.37361e-06
-3.37443e-06
2.54348e-06
-2.55582e-06
-3.38263e-06
3.39896e-06
-3.38927e-06
-8.4614e-07
-7.12657e-07
1.5588e-06
-2.40791e-06
-8.97449e-08
-3.40072e-06
5.47215e-09
-8.99281e-08
-2.553e-06
2.5485e-06
4.49767e-09
2.79506e-06
-2.65476e-07
3.37881e-06
-3.37571e-06
-3.09938e-09
3.37433e-06
1.24863e-09
-3.37632e-06
3.35452e-09
3.37689e-06
-3.378e-06
1.11235e-09
-2.73606e-09
1.84664e-09
-3.39111e-06
-2.49444e-06
-5.37028e-08
9.70155e-08
-2.78751e-06
-1.77346e-08
3.38968e-06
-3.42343e-06
-9.969e-10
-3.36916e-06
-2.76326e-06
2.67941e-06
4.60391e-10
2.47407e-06
-2.55393e-06
2.55172e-06
2.21246e-09
-2.20055e-06
-4.56355e-07
2.58257e-06
2.42616e-06
-2.52971e-06
3.37578e-06
-3.37516e-06
-2.61332e-06
2.55509e-06
-2.26871e-06
-1.19522e-06
3.37471e-06
-2.206e-09
-3.37575e-06
3.09205e-06
-2.57621e-06
3.41241e-07
2.23497e-06
5.31111e-07
-2.58466e-06
4.05878e-07
3.29743e-08
4.39347e-07
-2.6812e-06
2.24185e-06
5.13076e-07
-3.15338e-06
2.6403e-06
3.37491e-06
2.93257e-09
-3.25186e-09
-3.37563e-06
4.19391e-07
-2.64715e-06
2.22776e-06
-3.37619e-06
9.68595e-10
3.51278e-08
2.519e-06
-2.86633e-06
-2.83391e-06
3.93175e-07
-2.33725e-06
2.54919e-06
-2.55758e-06
8.38866e-09
-1.08813e-08
-3.37403e-06
1.18569e-08
3.36811e-06
-1.97003e-06
-1.88388e-06
2.56443e-06
-2.56443e-06
-2.4811e-06
-2.42004e-06
-2.57715e-06
-3.35824e-06
-7.7219e-09
3.36596e-06
-2.34868e-06
-2.341e-07
4.78188e-07
2.22069e-06
-2.69887e-06
5.05644e-07
2.11231e-06
-2.61795e-06
4.62615e-07
-2.74872e-06
2.2861e-06
2.47064e-06
2.68018e-06
-2.20338e-06
2.67086e-06
2.80512e-06
-2.46954e-06
2.48514e-06
-2.57507e-06
3.37833e-06
-3.37567e-06
-2.65791e-09
-3.27053e-06
-2.55532e-06
3.3744e-06
4.06299e-09
-3.37625e-06
3.9177e-10
3.37434e-06
-1.49497e-07
3.37512e-06
-3.37857e-06
3.44914e-09
3.38089e-06
-3.36688e-06
5.56387e-08
-2.09439e-06
2.03875e-06
2.19078e-09
2.59539e-06
2.39403e-08
2.78118e-06
2.86501e-06
-2.43805e-06
-2.04556e-06
-5.30652e-07
1.71596e-07
2.32091e-06
-2.61451e-06
-3.37749e-06
3.37773e-06
-2.42619e-10
2.6246e-06
-2.67941e-06
5.48053e-08
-2.67499e-06
4.74438e-07
-3.65871e-06
5.09895e-07
3.14881e-06
3.37907e-06
1.60759e-06
2.24165e-06
3.38148e-06
-3.38148e-06
-1.17864e-06
4.13826e-09
2.53701e-06
-2.58561e-06
1.11632e-08
2.57445e-06
-3.37597e-06
-3.38058e-06
3.37439e-06
4.4216e-09
-3.37578e-06
7.61484e-11
3.37123e-06
-9.84347e-11
-3.37804e-06
-2.63693e-06
2.36154e-08
2.63031e-06
-2.21092e-06
-2.01676e-06
2.47526e-06
-3.3849e-06
2.74102e-06
-2.20991e-06
2.64139e-06
-2.20204e-06
2.71598e-06
-2.20291e-06
-3.697e-09
3.3765e-06
-3.39001e-06
2.57907e-06
-2.54394e-06
-2.48208e-06
2.48254e-06
-3.36883e-06
-1.57521e-09
3.3704e-06
5.56532e-07
2.56761e-06
-6.94488e-09
-3.37407e-06
4.50634e-08
2.51991e-06
-1.62376e-06
1.24504e-06
3.78716e-07
-2.553e-06
2.65541e-06
-2.17723e-06
2.67471e-06
-2.16907e-06
2.67646e-06
-2.21385e-06
2.56098e-06
3.04518e-08
-2.86437e-06
3.42267e-06
-3.28017e-06
-3.78533e-07
2.56662e-06
-2.56662e-06
2.26726e-06
-3.44303e-07
-1.57218e-06
1.23237e-06
2.22713e-06
4.47868e-07
3.37501e-06
3.31822e-09
3.40813e-06
-3.38491e-06
-2.3221e-08
-3.37602e-06
3.47305e-10
-3.37842e-06
3.37396e-06
-3.37672e-06
2.7547e-09
-2.55959e-06
3.14098e-08
-2.55637e-06
4.78738e-08
-2.56084e-06
-6.98482e-08
-2.54003e-06
-1.01003e-07
-2.63752e-06
5.04744e-08
-2.59918e-06
6.67355e-08
-2.59297e-06
6.2553e-08
-4.64616e-09
3.37285e-06
-3.3682e-06
-3.37848e-06
5.4028e-09
-7.31638e-09
3.40019e-06
3.37428e-06
-3.37835e-06
4.06864e-09
-3.07448e-06
5.84389e-07
-4.7291e-09
2.16094e-06
8.77828e-08
-2.71574e-06
2.62796e-06
-2.94473e-06
1.87373e-07
3.38014e-06
-3.37736e-06
-2.28311e-06
2.42223e-06
2.18026e-09
-3.37967e-06
3.37032e-06
4.9033e-09
2.55914e-06
-2.55914e-06
-2.46857e-06
1.57666e-06
2.27751e-06
6.67276e-10
-3.37271e-06
-2.55393e-06
-1.51021e-08
-1.64532e-06
6.10673e-06
-4.4614e-06
-1.99952e-06
-2.47336e-06
4.47288e-06
-3.37234e-06
3.37233e-06
1.22151e-11
2.56777e-06
-2.56558e-06
2.48945e-06
-2.46551e-06
-2.55688e-06
2.55733e-06
-4.46901e-10
2.3526e-06
-2.29697e-06
8.69162e-07
-8.32306e-07
-3.68556e-08
-2.76392e-06
2.18083e-07
-4.73295e-07
2.52052e-06
-2.22809e-07
3.8667e-10
-2.94511e-06
3.37195e-06
9.27494e-10
-3.37439e-06
2.60878e-06
2.6375e-06
2.55697e-06
-1.81884e-06
1.59093e-06
-2.32539e-06
3.37714e-06
-3.37584e-06
-4.72607e-07
-2.20238e-06
-8.41816e-09
-3.47136e-06
3.98125e-06
2.14605e-06
4.69004e-07
-2.61506e-06
-4.37482e-06
3.3801e-06
2.55526e-06
-2.48685e-06
-3.37016e-06
-3.37293e-06
3.37734e-06
-4.41599e-09
2.67921e-06
2.38211e-06
-2.43155e-06
-2.19313e-06
2.57571e-06
-3.82582e-07
-1.5083e-08
3.3544e-06
3.37378e-06
-3.37648e-06
2.69992e-09
-6.77429e-09
-2.75769e-06
2.77699e-07
-2.53807e-06
-1.50708e-08
-1.62955e-09
-1.36712e-09
-1.25231e-09
-1.25551e-09
-1.61446e-09
-1.86829e-09
-1.34479e-09
-1.38416e-09
-1.63258e-09
2.67131e-09
3.38857e-06
1.95527e-08
-2.61668e-06
3.28924e-08
-2.55758e-06
2.52971e-06
-2.5966e-06
-3.3765e-06
3.37572e-06
-8.08286e-09
3.37526e-06
2.34468e-06
4.43751e-07
-6.05784e-08
2.64715e-06
-1.99018e-06
-2.61193e-06
3.10956e-08
5.32337e-07
-3.19339e-06
3.73166e-07
-2.22552e-06
1.85235e-06
3.92408e-07
-2.60966e-06
2.21725e-06
3.74739e-07
-2.52482e-06
2.15008e-06
6.35855e-07
-3.03958e-06
3.12946e-07
-2.3884e-06
2.07545e-06
9.68278e-07
-2.71148e-06
1.60385e-08
-2.59909e-06
4.65993e-07
-7.53364e-10
3.38104e-06
-2.50192e-06
4.7901e-07
-9.95706e-10
3.38072e-06
-3.37674e-06
-2.63904e-06
4.57778e-07
-3.37723e-06
1.10478e-09
3.37631e-06
-3.3754e-06
4.64402e-07
-2.64924e-06
-2.53791e-06
-2.53631e-06
-2.53742e-06
-2.52938e-06
-2.58757e-06
-2.58603e-06
-2.56285e-06
2.91397e-06
-2.057e-06
3.3777e-06
-3.37581e-06
2.55455e-06
6.6243e-07
-2.75442e-06
2.48893e-06
-2.49366e-06
-3.37e-06
-5.43016e-07
2.53551e-06
-5.37108e-07
2.81428e-06
-2.87559e-08
-3.31161e-08
-4.02314e-08
-4.41195e-08
8.23213e-08
-2.72161e-06
7.33434e-08
-2.72214e-06
1.0512e-07
-2.76673e-06
-3.36803e-06
-3.36757e-06
9.79558e-11
3.37239e-06
3.47175e-09
3.3717e-06
-2.2224e-06
-2.57266e-06
1.42256e-08
-2.60313e-06
4.20308e-08
-2.61451e-06
4.12858e-08
-2.61032e-06
4.49103e-08
-2.62593e-06
3.35349e-08
-2.61658e-06
4.06396e-08
-2.62412e-06
2.65461e-08
2.57961e-06
6.83352e-08
-2.64795e-06
3.37244e-06
-3.37519e-06
5.81052e-09
3.36988e-06
-9.21184e-08
2.75079e-10
-2.61095e-06
-2.51135e-06
-3.37545e-06
2.52483e-09
3.37323e-06
4.11229e-09
7.9783e-09
2.56179e-06
-2.56976e-06
9.01107e-08
-8.90595e-08
2.48688e-06
3.10964e-06
-6.87811e-10
-2.48198e-06
-8.15649e-09
-2.52199e-06
-3.70724e-08
2.55906e-06
2.8642e-06
-5.20106e-08
3.37073e-06
-3.38077e-06
1.00425e-08
5.10123e-07
-1.94009e-06
-5.21222e-07
-2.66574e-06
-2.68226e-06
4.71411e-07
-2.49529e-06
4.64719e-07
1.59618e-06
3.59311e-07
-2.88721e-06
-6.75577e-09
2.17401e-06
4.85022e-07
-2.65903e-06
-2.66875e-06
3.62658e-07
2.30609e-06
2.13959e-06
4.65084e-07
2.20668e-06
4.69783e-07
2.20992e-06
4.64792e-07
2.04534e-06
4.76728e-07
2.18897e-06
4.66441e-07
2.1851e-06
4.5502e-07
2.16912e-06
4.6119e-07
4.65972e-07
-2.6769e-06
-3.37889e-06
-2.01471e-09
-3.38095e-06
-5.13148e-09
-2.55516e-06
3.97976e-07
2.15719e-06
-2.16293e-06
-2.07592e-06
4.23886e-06
3.37626e-06
-3.02414e-09
-3.43863e-09
-3.37332e-06
3.37608e-06
-3.39741e-06
4.36018e-08
3.35381e-06
-2.11936e-06
-3.08294e-07
3.37775e-06
-3.3744e-06
2.45168e-07
-3.71653e-06
2.11207e-06
4.51083e-07
2.53481e-06
2.39738e-06
3.83802e-07
2.64105e-06
-4.13923e-07
7.79165e-08
-2.41728e-06
2.33937e-06
-2.58444e-06
4.02975e-07
-2.63816e-06
2.23519e-06
-3.45914e-08
2.56821e-06
-4.69033e-08
2.55157e-06
7.06371e-08
2.55285e-06
6.40961e-08
2.51871e-06
5.60158e-08
2.59585e-06
-5.87441e-08
2.59179e-06
-5.64114e-08
2.57151e-06
7.5565e-09
2.49657e-06
-3.67601e-09
-2.55674e-06
1.86734e-08
2.93299e-08
3.38245e-06
-3.3806e-06
-2.55392e-06
2.17735e-08
1.52991e-08
2.165e-06
-2.61015e-06
4.45142e-07
-2.23888e-06
2.47561e-06
-5.1338e-09
-2.9892e-06
4.03589e-07
2.38764e-06
3.46733e-07
3.37294e-06
-3.37572e-06
2.77966e-09
-3.37501e-06
3.37501e-06
2.65039e-06
-5.0434e-07
-2.58244e-06
4.45296e-08
-2.5936e-06
5.72924e-08
-2.59413e-06
5.67085e-08
-2.56362e-06
3.42418e-08
-2.62939e-06
4.18115e-08
-2.63243e-06
4.63989e-08
-2.59806e-06
3.52082e-08
-2.5649e-06
2.41729e-08
-6.18911e-09
-3.38492e-06
1.33392e-08
3.37226e-06
3.99194e-09
-3.39222e-06
2.51275e-06
-2.46158e-06
1.90174e-06
-4.69918e-07
2.53313e-06
2.12097e-08
-2.31432e-06
2.21641e-06
-2.51042e-06
3.37765e-06
2.35264e-06
-1.91694e-07
1.695e-06
-2.28966e-06
-2.45062e-06
3.89055e-06
-3.64538e-06
2.20717e-06
-2.65793e-06
4.50758e-07
-2.64294e-06
4.6571e-07
3.36277e-06
-3.37785e-06
-2.63461e-06
4.65543e-07
-2.68614e-06
4.72295e-07
2.19585e-06
4.45201e-07
2.25482e-06
4.61163e-07
2.18016e-06
4.61229e-07
2.2715e-06
4.69523e-07
2.19734e-06
4.93029e-07
-3.74131e-06
3.37847e-06
-3.37441e-06
-3.30289e-07
2.56662e-06
3.37498e-06
-3.37572e-06
-1.09928e-06
4.17625e-09
-6.23789e-07
3.7726e-06
3.37065e-06
-3.37456e-06
3.90486e-09
-1.84142e-06
1.06323e-06
-2.39138e-06
-1.6711e-06
-5.88226e-08
3.42429e-06
4.76034e-07
-2.67842e-06
9.19524e-07
1.35624e-06
2.64048e-06
-2.50882e-06
-3.37099e-06
3.36635e-06
3.37493e-06
-3.37547e-06
-1.2353e-08
-3.38174e-06
3.37901e-06
-2.60252e-06
3.37272e-06
-2.06504e-09
-4.12515e-07
-1.3241e-06
-1.86929e-06
2.46624e-06
-2.59022e-06
-2.29122e-09
-2.40335e-06
3.37509e-06
-3.36649e-06
-2.55242e-06
1.99815e-06
1.81966e-06
-2.48514e-06
2.39608e-06
2.55949e-06
-2.56018e-06
2.39996e-06
-2.39608e-06
-3.87649e-09
-2.49024e-06
2.48208e-06
2.44547e-06
-2.48254e-06
2.56531e-06
-2.55733e-06
-2.3754e-06
2.46551e-06
-2.56531e-06
2.56558e-06
-2.48024e-06
2.29697e-06
1.83276e-07
-2.52694e-06
-3.37429e-07
3.3721e-06
-3.37477e-06
2.67031e-09
2.20552e-06
4.74661e-07
6.62014e-09
-3.13246e-07
1.39636e-06
3.37825e-06
-3.37433e-06
-3.91457e-09
4.51231e-09
-3.38546e-06
-7.03797e-10
3.38035e-06
-3.37965e-06
3.37236e-06
-2.50004e-06
-2.92993e-06
2.93032e-06
-3.37935e-06
7.62847e-09
-2.69019e-06
6.07098e-07
2.60341e-06
-2.64425e-06
3.3747e-06
3.4315e-06
-3.35749e-06
-7.40088e-08
3.37417e-06
-3.37355e-06
-2.78158e-06
-2.07623e-07
-3.38448e-06
-2.44868e-06
-2.46362e-06
1.29993e-08
-3.88117e-07
2.50471e-06
3.59494e-07
3.36728e-06
-4.54446e-07
3.37445e-06
-8.40425e-10
-3.25222e-06
-4.2273e-09
3.39309e-06
2.48893e-06
2.56112e-06
2.46624e-06
2.56507e-06
2.48945e-06
2.52609e-06
-2.49366e-06
-2.3754e-06
2.57356e-06
2.56777e-06
2.64048e-06
-2.48024e-06
2.55975e-06
2.42616e-06
-2.57507e-06
2.3526e-06
2.36192e-06
2.39996e-06
-2.55582e-06
2.44547e-06
2.55949e-06
2.09442e-06
-2.09442e-06
2.56517e-06
-3.38265e-06
-2.66032e-06
2.67149e-06
-2.20339e-06
2.67942e-06
3.37071e-06
-3.3747e-06
3.98761e-09
-1.05389e-07
-3.04091e-09
-2.61023e-06
7.7075e-09
-2.61491e-07
2.55257e-06
3.06672e-09
-3.34987e-06
3.34681e-06
3.34153e-09
8.35307e-09
-3.33781e-06
1.41543e-09
3.3364e-06
1.51127e-07
-3.47926e-06
3.32814e-06
3.36836e-06
4.49316e-09
-3.37285e-06
3.36806e-06
4.66056e-09
-2.41751e-06
2.2073e-06
4.43091e-07
-3.35463e-06
-1.93207e-08
3.37395e-06
3.39428e-06
7.13282e-09
3.34854e-06
8.29629e-08
3.37301e-06
-3.37165e-06
-3.37498e-06
3.36998e-06
3.40499e-09
1.60432e-07
-3.09036e-06
-3.64051e-09
2.66654e-06
-2.18152e-06
2.59231e-06
-2.55333e-06
-3.89877e-08
3.0697e-06
-2.06707e-06
-1.00263e-06
2.90859e-06
-2.54593e-06
2.67389e-06
-2.2088e-06
2.6733e-06
-2.2073e-06
2.67574e-06
-2.20596e-06
2.67539e-06
-2.2106e-06
2.62643e-06
-2.1497e-06
2.62898e-06
-2.14997e-06
-2.73136e-07
-3.44339e-06
2.66344e-06
-2.197e-06
2.66158e-06
-2.20656e-06
2.66622e-06
-2.20844e-06
2.66908e-06
-2.20789e-06
2.67169e-06
-2.20571e-06
-1.48186e-09
2.10587e-09
-3.35169e-06
3.34958e-06
-7.12427e-09
3.52173e-06
-6.61707e-08
-3.45556e-06
2.64039e-06
-2.14736e-06
2.67691e-06
-2.20461e-06
3.38253e-06
3.07012e-06
-2.15098e-06
-9.19146e-07
2.67626e-06
-2.21072e-06
2.66309e-06
-2.19738e-06
2.60093e-06
-2.20296e-06
2.67564e-06
-2.20956e-06
2.61446e-06
2.65738e-06
-2.21218e-06
3.37297e-06
-4.61069e-09
-2.73267e-06
2.33443e-06
3.98238e-07
-3.07369e-06
2.21223e-06
3.33526e-09
3.37054e-06
-3.37324e-06
2.70303e-09
3.89055e-06
-4.63636e-08
3.43494e-06
2.66343e-06
-2.21235e-06
-3.33437e-06
3.35226e-06
-6.32105e-09
-1.75355e-08
-3.38131e-06
7.10319e-10
-1.54536e-09
-3.41591e-06
3.56704e-06
-2.4343e-06
-2.50882e-06
-2.54002e-06
2.50904e-06
2.54378e-06
-3.13961e-06
3.58027e-07
2.67423e-06
-2.20951e-06
8.12855e-09
-4.55166e-07
-3.36489e-06
-2.16191e-09
3.36705e-06
1.95974e-07
-2.59022e-06
-2.56607e-06
2.57754e-06
-1.14753e-08
2.98211e-06
-2.53267e-06
-6.08542e-08
-3.55331e-06
2.70837e-06
-3.02619e-07
2.60895e-06
3.37244e-06
-3.37034e-06
3.37426e-06
3.37229e-06
-3.37144e-06
-2.53816e-06
2.53328e-06
4.87533e-09
-2.40573e-06
-1.43063e-08
2.73621e-06
-2.29107e-06
2.61862e-06
5.8209e-09
-2.20376e-06
2.7415e-06
-2.2771e-06
-2.37299e-06
2.68112e-06
-2.21159e-06
2.67762e-06
-2.21639e-06
2.66243e-06
-2.20127e-06
2.67992e-06
-2.2511e-06
-2.56697e-06
2.60376e-06
-3.67947e-08
2.03584e-08
3.46962e-10
2.46151e-06
-4.50474e-08
2.70372e-06
-2.25296e-06
2.6627e-06
-2.21483e-06
-3.36932e-06
3.37382e-06
-3.38963e-06
3.3937e-06
5.62471e-09
4.50667e-06
-3.98589e-06
2.49834e-06
-2.40133e-06
2.7796e-06
-2.81419e-06
2.50821e-06
-2.4768e-06
2.55028e-06
-2.50575e-06
2.75386e-06
-2.80077e-06
2.41545e-06
-2.36757e-06
2.53496e-06
-2.47767e-06
2.67436e-06
-2.60373e-06
3.05136e-06
-3.1212e-06
2.54506e-06
-2.48836e-06
2.6771e-06
-2.61301e-06
3.03116e-06
-3.13216e-06
2.41747e-06
-2.38323e-06
2.45994e-06
-2.40392e-06
2.60336e-06
-2.55288e-06
2.73411e-06
-2.6923e-06
2.93956e-06
-2.99831e-06
2.51533e-06
-2.4486e-06
2.72594e-06
-2.67954e-06
2.92554e-06
-2.98195e-06
2.50678e-06
-2.44422e-06
2.68746e-06
-2.65225e-06
2.72552e-06
-2.71796e-06
2.63755e-06
-2.60822e-06
2.66705e-06
-2.64287e-06
2.69629e-06
-2.69997e-06
2.60639e-06
-2.59961e-06
2.55782e-06
-2.53905e-06
2.55402e-06
-2.53535e-06
-4.79687e-09
2.55256e-06
-2.53135e-06
-3.3708e-06
-2.83391e-10
2.55194e-06
-2.53017e-06
3.37324e-06
-3.3698e-06
2.55167e-06
-2.52619e-06
2.54678e-06
-2.53148e-06
3.52173e-06
4.06944e-09
2.54758e-06
-2.53433e-06
-3.36958e-06
-1.11874e-08
-3.37113e-06
3.37113e-06
-3.38871e-06
1.91306e-08
-2.55976e-06
2.55246e-06
-2.5298e-06
3.373e-06
-2.97918e-06
-1.30722e-07
3.57547e-09
3.37055e-06
-3.36992e-06
-3.48208e-06
3.41974e-06
-3.40019e-06
-3.34318e-06
-4.55391e-08
2.72269e-06
2.54982e-06
-2.53648e-06
9.48149e-09
-1.88149e-08
-1.6253e-08
2.69101e-06
-2.24726e-06
1.59839e-08
-3.36924e-06
3.37314e-06
2.74482e-06
-2.28178e-06
2.53943e-06
-2.54403e-06
3.38035e-06
-3.38172e-06
-3.4104e-06
-9.64424e-07
-3.36998e-06
3.36985e-06
-3.64538e-06
3.38373e-06
2.43633e-06
4.28689e-07
-3.4416e-06
3.47006e-06
1.003e-06
1.65058e-06
3.98589e-06
-3.66976e-06
3.41974e-06
2.98439e-09
2.09382e-09
-3.38382e-06
8.10464e-09
3.37571e-06
3.36771e-06
5.13454e-09
-3.47006e-06
3.56027e-06
-1.69075e-09
3.36841e-06
4.56027e-09
2.55412e-06
-2.53843e-06
-2.25175e-07
-3.4416e-06
1.61772e-09
-3.34497e-06
3.34336e-06
3.42912e-06
-3.39253e-06
-3.40386e-06
-3.42912e-06
2.68489e-06
-2.20852e-06
3.38556e-06
-1.27572e-08
-5.69666e-09
3.39126e-06
-3.388e-06
4.41969e-07
-3.37939e-06
3.37888e-06
3.56027e-06
3.66976e-06
3.37939e-06
-3.38439e-06
-3.39912e-06
-1.09807e-08
1.90479e-08
-3.37367e-06
-3.39154e-06
3.37961e-06
3.37888e-06
-3.37964e-06
-3.39622e-06
3.39253e-06
-3.36939e-06
3.3735e-06
3.3695e-06
3.39622e-06
3.38464e-06
-3.38439e-06
-3.39537e-06
-1.98797e-08
3.40712e-06
-3.37158e-06
3.37349e-06
3.0544e-09
-3.37655e-06
4.2107e-09
3.38043e-06
3.38894e-06
-7.01181e-09
-3.40712e-06
3.39537e-06
3.37271e-06
7.82349e-10
3.3826e-06
3.37583e-06
-3.37158e-06
-3.39146e-06
5.51844e-09
-3.37372e-06
4.19726e-09
-3.37352e-06
-3.40445e-06
3.37772e-06
-4.31276e-09
3.35265e-06
-3.34834e-06
3.37518e-06
6.49569e-10
3.37163e-06
4.12759e-09
-3.37336e-06
3.37343e-06
-1.80149e-09
3.8479e-09
-2.32542e-09
3.37448e-06
-3.37216e-06
3.37345e-06
-2.16941e-11
-3.37274e-06
3.36833e-06
3.36963e-06
-3.37143e-06
4.68558e-09
-2.84216e-10
3.34766e-06
-3.34738e-06
3.37499e-06
-3.37837e-06
-1.45601e-09
3.37491e-06
-3.37353e-06
3.372e-06
-4.91919e-09
3.37181e-06
-3.36689e-06
-3.37693e-06
-3.36894e-06
3.37135e-06
-2.41293e-09
3.37542e-06
5.31863e-09
2.93537e-09
3.37705e-06
-1.63195e-09
3.37107e-06
-3.3808e-06
3.3809e-06
-3.36866e-06
3.37134e-06
3.37037e-06
-3.37337e-06
4.43606e-09
3.36988e-06
-3.36964e-06
3.36988e-06
-3.36774e-06
3.37589e-06
4.46404e-09
3.3668e-06
-3.36946e-06
-2.53964e-09
3.37361e-06
-3.37335e-06
3.37543e-06
-1.86235e-09
3.36767e-06
-3.36931e-06
3.37198e-06
-3.36964e-06
3.36964e-06
-3.36972e-06
2.14032e-09
3.36737e-06
-3.37047e-06
4.13007e-09
-1.37909e-09
3.37398e-06
-1.99887e-09
3.36868e-06
-3.37006e-06
4.3601e-09
3.36828e-06
-3.37088e-06
3.37102e-06
-1.78535e-09
3.36912e-06
-3.37046e-06
3.37343e-06
-1.93808e-09
7.43598e-09
3.36854e-06
-3.37115e-06
3.3731e-06
-2.08397e-09
3.36945e-06
-3.37132e-06
3.37544e-06
-1.79e-09
-1.78685e-09
3.37174e-06
3.36937e-06
-3.37197e-06
-3.37335e-06
3.37162e-06
3.37044e-06
-3.37205e-06
-1.76422e-09
-1.92501e-09
2.96477e-09
3.36991e-06
-3.37288e-06
9.28895e-09
3.37126e-06
-3.37421e-06
3.37368e-06
-1.94021e-09
3.37084e-06
-3.37254e-06
3.37129e-06
7.17102e-09
-3.37328e-06
3.37045e-06
-1.70229e-09
-1.94947e-09
-3.3729e-06
3.37165e-06
-3.36646e-06
3.36646e-06
-3.36743e-06
-2.89374e-11
3.37345e-06
-3.37343e-06
-2.06312e-09
9.56133e-09
-1.5379e-09
-7.91681e-10
3.36968e-06
-3.09403e-11
-1.63153e-09
-2.09788e-09
-2.91748e-09
-8.52057e-09
3.37298e-06
-3.36446e-06
-3.39038e-06
-3.36257e-06
3.36257e-06
-3.36415e-06
-3.37176e-06
3.37088e-06
8.72769e-10
1.03715e-08
-4.6732e-10
-3.37585e-06
4.08988e-09
3.35868e-06
-3.36085e-06
3.35868e-06
6.42006e-09
-3.37441e-06
1.89524e-09
5.32433e-09
3.36611e-06
-3.36391e-06
-2.20921e-09
3.36611e-06
-3.36569e-06
3.36707e-06
-1.38184e-09
3.36569e-06
4.26652e-10
-3.36391e-06
-3.36469e-06
7.88124e-10
3.37604e-06
-3.37009e-06
3.37604e-06
-4.4614e-06
3.37935e-06
-3.37029e-06
-3.37e-06
3.37e-06
3.40388e-06
-3.37095e-06
3.37935e-06
3.40388e-06
-3.36952e-06
3.36952e-06
3.36975e-06
-3.36975e-06
3.37095e-06
-3.42329e-06
-3.37086e-06
3.36997e-06
-3.36997e-06
-3.3696e-06
3.3696e-06
-3.36085e-06
3.33966e-06
-3.33966e-06
3.36707e-06
3.36581e-06
-3.36581e-06
3.36985e-06
3.37019e-06
-3.37019e-06
-3.39856e-06
-3.36968e-06
3.36968e-06
-3.39146e-06
-3.36972e-06
-3.36415e-06
-3.36743e-06
3.36223e-06
-3.36223e-06
3.37519e-06
-3.37519e-06
-3.36972e-06
3.36972e-06
-3.36958e-06
3.36958e-06
-3.45556e-06
-3.39001e-06
-3.36967e-06
3.36967e-06
-3.36469e-06
-3.37029e-06
3.37009e-06
-3.37575e-06
-3.36964e-06
3.3695e-06
-3.3695e-06
-3.36927e-06
3.36927e-06
3.37918e-06
-3.37367e-06
-3.37918e-06
3.37367e-06
-3.37575e-06
-3.6068e-09
5.87454e-09
-3.37276e-06
-3.37035e-06
3.3748e-06
-3.09251e-09
3.38109e-06
-3.40725e-09
-3.37768e-06
-3.37022e-06
3.37554e-06
3.37748e-06
3.38336e-06
-3.3746e-06
4.252e-09
3.38043e-06
4.58207e-09
-3.36604e-06
3.37083e-06
3.38327e-06
9.49734e-09
3.38018e-06
2.68517e-09
-2.59683e-09
-3.36145e-06
3.36335e-06
3.38286e-06
3.38012e-06
-3.36051e-06
3.3646e-06
9.37516e-09
3.38243e-06
3.37983e-06
-2.83633e-09
3.35121e-06
-3.34837e-06
3.37906e-06
7.7251e-10
5.21409e-09
-3.38257e-06
3.37637e-06
-3.36397e-06
3.37039e-06
-4.68071e-10
6.29348e-10
3.38158e-06
-3.36054e-06
3.37091e-06
3.38112e-06
-3.36831e-06
3.37109e-06
9.85367e-09
4.30015e-09
3.38309e-06
-2.59648e-09
3.35641e-06
-3.35382e-06
3.38614e-06
3.39044e-06
-3.37137e-06
3.36974e-06
3.37772e-06
-9.80766e-09
3.38004e-06
-3.37106e-06
3.37059e-06
3.38147e-06
2.77454e-11
1.33022e-09
-3.36165e-06
3.37121e-06
3.37167e-06
-3.3684e-06
3.37157e-06
8.94246e-09
3.373e-06
-2.8084e-09
3.36101e-06
-3.3582e-06
-3.3718e-06
3.36889e-06
3.37721e-06
-4.21261e-09
-8.82212e-09
3.37894e-06
3.30084e-09
3.38004e-06
3.37657e-06
-3.37092e-06
3.37089e-06
3.37987e-06
6.51594e-10
3.37105e-06
-3.36245e-06
3.37174e-06
-3.37182e-06
3.37028e-06
3.37216e-06
-3.36778e-06
3.37297e-06
8.43522e-09
3.33767e-09
-3.96459e-09
3.3667e-06
-3.36273e-06
3.37554e-06
-3.37774e-09
3.37888e-06
-6.37349e-09
3.37581e-06
-3.37226e-06
3.37056e-06
-3.26067e-09
-3.36817e-06
3.37534e-06
3.37926e-06
4.79944e-09
3.00251e-09
3.37289e-06
-3.37199e-06
3.37708e-06
4.30277e-09
3.99538e-09
-3.37174e-06
3.37589e-06
-3.34547e-09
3.37139e-06
-3.36804e-06
3.36991e-06
-3.37272e-06
3.37095e-06
-3.3703e-06
-3.37462e-06
3.36726e-06
3.37267e-06
1.38356e-09
2.46287e-09
3.36806e-06
4.6068e-09
-3.36334e-06
3.37077e-06
-3.36641e-06
3.37076e-06
3.36944e-06
-3.91901e-09
3.37294e-06
-3.36902e-06
3.37344e-06
-3.36707e-06
3.37143e-06
-3.37302e-06
3.37123e-06
4.36577e-09
2.51892e-09
3.37614e-06
3.37352e-06
3.69378e-09
3.37604e-06
-3.36726e-06
3.37147e-06
3.37278e-06
-3.33438e-09
3.37505e-06
-3.37135e-06
3.37556e-06
-3.37322e-06
3.37144e-06
4.16776e-09
-3.36826e-06
3.37239e-06
2.66829e-09
3.37274e-06
-3.36918e-06
3.37328e-06
-3.16213e-09
3.21564e-09
3.37407e-06
-3.37085e-06
3.37541e-06
3.37208e-06
3.20185e-09
-3.36829e-06
3.37043e-06
-3.37281e-06
2.52158e-09
3.37475e-06
-3.37419e-06
-3.36697e-06
3.37141e-06
3.37194e-06
4.99499e-09
3.37446e-06
3.3713e-06
-3.37877e-06
3.38051e-06
-1.73389e-09
8.73587e-10
3.36967e-06
3.4563e-09
3.37283e-06
-3.36937e-06
3.374e-06
-3.35646e-06
3.36611e-06
-9.65375e-09
3.37182e-06
-3.36692e-06
3.37138e-06
-1.37154e-09
4.49119e-09
3.36833e-06
-3.3726e-06
4.26819e-09
3.37269e-06
-3.36749e-06
3.37281e-06
-3.37059e-06
3.36471e-06
5.88172e-09
3.37132e-06
-3.36969e-06
3.37375e-06
-3.39116e-06
3.39087e-06
3.89107e-09
-4.71606e-09
-3.35174e-06
3.37342e-06
-2.10263e-09
-3.12167e-09
-3.36832e-06
3.21645e-09
3.36824e-06
-3.37146e-06
3.37233e-06
-1.04445e-08
3.37237e-06
-4.65818e-09
3.37669e-06
-4.3513e-09
7.77964e-10
-3.37137e-06
3.37029e-06
-4.96139e-09
3.37661e-06
-3.36788e-06
-4.86308e-09
-3.36984e-06
3.37278e-06
-3.37999e-06
3.36767e-06
1.23175e-08
3.3735e-06
-3.3748e-06
3.36671e-06
8.09335e-09
-4.70872e-09
3.36942e-06
-3.37123e-06
3.36777e-06
3.4612e-09
-3.36988e-06
3.37456e-06
3.36854e-06
-2.92156e-09
3.37125e-06
-5.95549e-09
3.37302e-06
-2.89953e-09
3.36932e-06
-3.37046e-06
3.37445e-06
-3.12649e-09
3.3696e-06
-2.84828e-10
3.3649e-06
3.3639e-06
3.35749e-06
6.40372e-09
-3.37173e-06
3.37558e-06
3.35154e-06
-3.37146e-06
3.37559e-06
-4.13168e-09
-3.37111e-06
3.37193e-06
-8.19647e-10
-2.71377e-09
-3.38184e-06
3.3762e-06
5.6348e-09
3.36165e-06
-1.01119e-08
1.37505e-08
3.32959e-06
-3.34334e-06
-3.3727e-06
3.37683e-06
-3.36927e-06
3.36431e-06
4.95804e-09
-3.37473e-06
4.43461e-09
3.37242e-06
-3.38369e-06
1.12707e-08
3.35679e-06
-4.91892e-09
-3.36617e-06
3.37109e-06
3.40534e-06
2.88918e-09
-1.71459e-09
-3.36718e-06
3.3689e-06
3.37054e-06
-3.36958e-06
3.36744e-06
2.13953e-09
3.36762e-06
-3.37742e-06
3.3731e-06
-3.37271e-06
3.37699e-06
-4.28067e-09
3.36938e-06
-1.7622e-09
-3.83424e-09
-3.36436e-06
3.3682e-06
3.36813e-06
1.2483e-09
-3.37405e-06
3.37825e-06
-3.3739e-06
3.37856e-06
-4.65746e-09
-3.36993e-06
3.36505e-06
4.88781e-09
3.3643e-06
3.34168e-06
-1.20954e-08
-2.9381e-09
-1.05878e-08
3.36258e-06
3.3693e-06
-3.45501e-09
-3.37508e-06
3.3806e-06
3.33992e-06
3.35672e-06
5.86604e-09
-2.44433e-08
-3.36221e-06
-2.47979e-09
-3.36221e-06
-3.34853e-06
3.34853e-06
-8.86551e-09
3.35258e-06
4.13411e-09
3.48399e-09
1.29172e-08
3.33343e-06
-3.34635e-06
-3.36951e-06
3.36525e-06
4.26651e-09
-3.37463e-06
3.37977e-06
-3.36656e-06
-3.01692e-09
-2.28983e-09
3.3691e-06
-3.36681e-06
2.53243e-06
-3.36955e-06
3.36482e-06
4.72847e-09
-3.37007e-06
3.36548e-06
4.59006e-09
3.36215e-06
-9.56407e-09
3.35723e-06
-3.38169e-06
3.37014e-06
-3.36729e-06
3.36873e-06
-1.43665e-09
8.03664e-10
-3.1323e-09
3.37057e-06
3.36723e-06
2.91775e-09
-3.36265e-06
3.36265e-06
2.95184e-09
-3.37069e-06
3.36773e-06
-3.37028e-06
3.37055e-06
-3.3228e-09
1.24805e-08
3.41027e-06
-3.38123e-06
3.38639e-06
-5.15366e-09
3.36826e-06
-3.36882e-06
3.36495e-06
3.87017e-09
-3.37457e-06
4.28803e-09
3.37121e-06
3.38205e-06
2.53992e-09
3.37013e-06
-3.36684e-06
-3.28923e-09
3.37376e-06
-3.37739e-06
3.62599e-09
-1.4126e-08
4.40587e-10
3.36819e-06
-1.25079e-08
3.35303e-06
-1.95988e-08
-3.3815e-06
3.3891e-06
-7.60455e-09
-3.36539e-06
3.3628e-06
2.58505e-09
3.34971e-06
3.371e-06
-2.80104e-09
3.02392e-09
-3.37082e-06
3.36779e-06
-2.09775e-08
3.36662e-06
3.50654e-09
-3.36824e-06
3.36535e-06
2.89181e-09
3.36786e-06
3.36937e-06
-3.3666e-06
3.36887e-06
-2.27212e-09
3.37083e-06
-3.09879e-09
-3.36498e-06
3.36888e-06
-3.89776e-09
-2.25015e-08
3.42707e-06
-3.36281e-06
-4.10444e-08
3.37089e-06
3.36758e-06
2.9415e-09
-3.37052e-06
3.36803e-06
-3.36592e-06
3.35697e-06
8.95357e-09
3.73198e-09
9.33132e-07
2.49442e-06
-3.42755e-06
-3.36127e-06
-4.64844e-09
-2.78402e-09
3.3676e-06
-2.8449e-06
-3.43104e-09
3.37005e-06
3.37022e-06
-2.64193e-09
-3.36779e-06
3.36793e-06
-1.38888e-10
-2.20727e-06
3.37054e-06
2.95133e-09
3.36727e-06
-3.38251e-06
3.38963e-06
-7.12111e-09
-3.35379e-11
-1.36362e-08
-3.08723e-06
-4.12756e-07
3.36711e-06
-3.3843e-06
3.39738e-06
-1.30828e-08
-3.38394e-06
3.38842e-06
-4.48159e-09
-3.38054e-06
3.37006e-06
3.37466e-06
3.37466e-06
3.38418e-06
-3.38418e-06
-3.37748e-06
-2.72817e-09
3.38408e-06
-3.36924e-06
4.2537e-09
3.36788e-06
-3.35793e-06
-9.95713e-09
6.21916e-09
-3.38144e-06
2.78352e-09
-3.36832e-06
3.36554e-06
3.36628e-06
3.77812e-09
-4.98837e-09
-3.36732e-06
3.37161e-06
-4.2861e-09
-3.3646e-06
3.37469e-06
-1.00948e-08
3.36546e-06
4.59187e-09
-1.23648e-07
3.36927e-06
-2.98552e-09
1.344e-08
3.37328e-06
-3.37328e-06
3.37131e-06
-3.36924e-06
7.60874e-09
-3.37806e-06
3.39103e-06
-1.29742e-08
-2.6701e-06
-3.36452e-06
3.38603e-06
-2.15145e-08
3.36404e-06
2.30685e-09
-3.36635e-06
3.36537e-06
-3.38099e-06
1.34353e-09
3.36314e-06
8.98234e-10
3.36938e-06
-2.11421e-09
-6.30879e-09
3.36328e-06
3.36815e-06
-3.3664e-06
-1.92612e-09
3.37028e-06
-3.37028e-06
-3.38377e-06
3.40281e-06
3.38888e-06
1.24935e-08
-3.39353e-06
3.3635e-06
2.55018e-06
-2.546e-06
3.37461e-06
-3.37267e-06
3.39316e-06
3.395e-06
-3.39064e-09
-3.39161e-06
2.56108e-06
-7.26576e-09
3.37127e-06
-3.37437e-06
3.10749e-09
1.11311e-09
3.36203e-06
2.5651e-06
-1.01783e-06
-1.20457e-06
-3.58185e-08
1.01725e-08
3.36581e-06
-3.38762e-06
3.37367e-06
-3.38534e-06
3.41811e-06
-3.2769e-08
3.37093e-06
4.26604e-07
-3.51383e-06
-8.07489e-10
3.3595e-06
-6.6655e-09
3.34567e-06
-3.339e-06
-3.36697e-06
-8.91908e-08
-1.54035e-06
1.62954e-06
2.11486e-06
-2.45916e-06
3.36061e-06
3.35517e-06
5.44441e-09
2.57696e-06
3.36823e-06
-3.36947e-06
3.33802e-06
-3.33592e-06
2.38323e-10
-3.89994e-09
-3.35058e-06
3.35448e-06
3.35414e-06
1.02567e-09
4.63158e-07
4.10798e-07
5.16372e-07
8.41521e-07
4.66612e-07
4.64495e-07
4.68435e-07
4.65476e-07
9.44575e-08
4.24384e-07
4.79284e-07
5.13469e-07
-3.38435e-06
4.70952e-07
4.58672e-07
4.59661e-07
4.60634e-07
4.65663e-07
4.638e-07
-3.3696e-06
-1.18404e-08
4.66092e-07
4.69925e-07
3.34972e-06
4.42692e-09
5.45353e-07
-3.35149e-06
3.39303e-06
-4.15427e-08
4.49955e-07
5.23582e-09
-3.38224e-06
4.54427e-07
-3.36746e-06
4.85979e-10
3.35795e-06
4.08338e-09
-3.32963e-06
3.34587e-06
3.34582e-06
3.36858e-06
-3.36858e-06
-3.45486e-06
3.07632e-06
5.94143e-07
-3.3548e-06
3.42528e-06
-7.04789e-08
4.76503e-07
4.66899e-07
4.65048e-07
4.70355e-07
4.49143e-07
-3.37e-06
3.35897e-06
2.65458e-06
-2.21149e-06
-3.82302e-08
3.33915e-06
-3.38063e-06
-4.83646e-09
-8.01102e-07
8.39212e-09
3.37419e-06
-3.25414e-09
3.30459e-06
-9.40462e-09
-3.29519e-06
4.61878e-07
-3.35497e-06
4.50519e-07
-3.37971e-06
-4.77377e-09
-2.58502e-09
-3.37548e-06
2.80467e-09
-3.25013e-06
-1.1064e-08
3.2612e-06
3.36886e-06
-3.35252e-06
-1.89371e-08
-3.36936e-06
-1.86436e-08
-3.31517e-06
3.33381e-06
-3.36431e-06
9.33972e-09
3.32987e-06
9.28717e-09
-3.3827e-06
-3.38194e-06
2.2756e-09
-3.08319e-06
7.57803e-07
3.3218e-06
8.06368e-09
3.38996e-06
-3.39277e-06
3.30316e-06
3.32148e-06
2.4183e-08
-5.738e-07
5.26704e-07
-3.29753e-06
3.48086e-06
-1.83323e-07
3.36903e-06
5.44629e-08
3.33369e-06
3.36977e-06
-3.36767e-06
-3.37024e-06
-3.0773e-06
1.32186e-07
3.29375e-06
3.4464e-06
-1.12708e-07
-3.37017e-06
-3.37097e-06
3.36683e-06
-3.37363e-06
3.33646e-06
1.80222e-08
-3.32955e-06
3.43579e-08
-5.67224e-08
-3.21869e-06
3.27541e-06
2.41967e-06
-3.35621e-06
3.35621e-06
-3.38775e-06
2.57202e-06
2.53192e-06
-2.55082e-06
4.55883e-07
-2.63926e-06
2.6348e-06
-2.6348e-06
-2.57055e-07
-3.08026e-06
3.33731e-06
-1.48864e-07
3.34575e-06
3.7827e-07
-3.05983e-07
7.34816e-08
2.48113e-07
-3.85318e-07
1.67387e-07
1.96695e-07
-5.7614e-07
1.88748e-07
-7.14693e-07
7.67121e-08
1.81226e-07
-4.82975e-07
2.77339e-07
-4.75172e-07
2.43233e-07
-1.26079e-08
-3.07775e-06
5.88285e-08
-4.17859e-08
3.26032e-06
3.34317e-08
1.49679e-08
3.37307e-06
-4.03017e-09
1.72122e-08
2.05931e-08
2.15031e-08
-3.37353e-06
-9.89292e-11
3.05804e-08
2.05889e-08
3.36916e-06
-3.36664e-06
3.36664e-06
-5.70857e-07
1.61e-08
-3.35687e-06
-2.54333e-06
-3.08991e-06
-3.38028e-06
1.81321e-08
3.35514e-06
-3.35352e-06
2.32995e-06
-2.32995e-06
-9.16828e-09
-3.3772e-06
3.38073e-06
-3.52968e-09
3.24926e-06
3.36546e-06
3.27802e-06
5.57901e-08
3.1815e-06
7.9699e-08
-3.23623e-06
2.00238e-08
-3.18021e-06
9.03039e-08
3.36648e-06
3.23001e-06
-3.3694e-06
2.43305e-06
-6.63569e-07
3.19254e-06
1.23252e-08
-2.98325e-06
4.30147e-07
3.37075e-06
-3.36996e-06
2.94106e-09
3.37086e-06
-5.39826e-09
2.83821e-07
-3.36408e-06
-3.99257e-07
3.31145e-06
2.85079e-06
-3.47458e-06
9.27651e-08
-2.80818e-06
-3.39187e-06
9.90001e-08
3.36835e-06
-3.39199e-06
3.38578e-06
1.77881e-07
-3.56366e-06
-3.19382e-06
1.16068e-07
2.98844e-06
-3.21508e-06
2.26642e-07
3.34248e-06
-3.34248e-06
-2.75507e-06
1.00891e-08
-3.36628e-06
-3.12016e-06
-2.79587e-06
3.36859e-06
3.369e-06
-3.369e-06
1.08623e-08
3.12062e-06
3.12478e-06
1.50632e-07
3.24752e-07
1.83351e-07
-7.44807e-07
3.34813e-06
1.17391e-08
-3.35987e-06
2.5451e-06
-2.54637e-06
3.35256e-06
2.61366e-06
3.38742e-06
-3.38344e-06
2.44077e-06
-2.44076e-06
-3.37746e-06
3.37228e-06
-3.37029e-06
1.17508e-08
-3.29234e-06
1.72173e-07
-2.92456e-06
3.28258e-06
-2.46346e-06
2.46346e-06
-2.00536e-06
2.00536e-06
2.58204e-06
-2.54228e-06
-2.1274e-06
2.1274e-06
2.7349e-06
-2.7349e-06
-2.31459e-06
-2.48517e-06
2.48517e-06
2.67344e-06
-2.43254e-06
2.43254e-06
-2.38475e-06
2.38475e-06
-2.35584e-06
2.35584e-06
2.80323e-06
-2.80323e-06
2.21974e-06
2.61918e-06
-2.61918e-06
2.62406e-06
2.7158e-06
-2.7158e-06
2.66397e-06
2.62009e-06
-2.41016e-06
2.41016e-06
-2.79656e-06
-2.50742e-06
-2.38875e-06
2.73251e-06
-2.73251e-06
2.44826e-06
-2.44826e-06
2.68407e-06
2.6107e-06
2.64257e-06
2.70644e-06
3.36653e-06
-3.36458e-06
2.64473e-06
-2.17573e-06
3.37356e-06
-4.97374e-09
-3.44741e-06
7.17001e-08
3.37571e-06
3.36644e-06
3.37685e-06
-2.97567e-09
3.19191e-06
-3.37523e-06
3.37837e-06
-2.65305e-06
-3.3806e-06
-3.38454e-06
3.36326e-06
-3.36326e-06
4.42726e-07
3.33435e-06
-3.33128e-06
-8.78201e-09
-2.50031e-06
2.50909e-06
3.3667e-06
3.33553e-06
-3.33553e-06
3.38088e-06
-3.38197e-06
-3.37284e-06
-3.36417e-06
3.34485e-06
-3.37717e-06
3.6337e-09
-2.47876e-06
2.25233e-06
3.36739e-06
-3.36739e-06
-2.67146e-06
4.67704e-07
-2.74473e-06
-2.67545e-06
4.6386e-07
-2.68803e-06
4.71642e-07
-2.66237e-06
4.61101e-07
-2.72592e-06
4.74818e-07
3.37254e-06
-6.0957e-09
-3.37562e-06
1.18263e-06
-3.21264e-06
-2.66517e-06
4.50334e-07
-2.59706e-06
-1.40849e-08
3.35945e-06
2.21058e-06
6.83414e-07
-2.89399e-06
-2.46055e-06
2.26241e-06
8.68386e-07
-3.09027e-06
2.22188e-06
2.59034e-06
-2.69191e-06
-3.36224e-06
3.388e-06
-2.57673e-08
3.36924e-06
-3.36731e-06
-3.38526e-06
-2.49137e-09
3.38835e-06
-3.39645e-06
3.11071e-06
-1.60622e-06
-1.50449e-06
-2.19549e-06
2.67199e-06
-2.18993e-06
2.65498e-06
-4.79612e-07
3.36729e-06
-7.83912e-09
-2.683e-06
-3.3646e-06
-2.53329e-06
4.33241e-07
-1.50527e-07
-2.27372e-06
-3.39391e-06
3.36281e-06
-6.08675e-07
-3.36896e-06
6.29441e-07
3.37392e-06
-1.11075e-08
-2.21034e-06
2.38194e-06
3.36563e-06
-3.36563e-06
-2.64198e-06
-4.18784e-07
-2.01927e-06
-1.29224e-09
3.38707e-06
3.36094e-06
3.36889e-06
-3.37741e-06
-3.26362e-06
-1.11604e-07
-5.87999e-08
-2.63519e-06
2.6335e-06
-2.2083e-06
2.42566e-06
-1.90928e-06
-2.27812e-06
-2.0326e-06
2.50103e-06
-2.20998e-06
-3.05884e-06
1.82373e-06
1.23511e-06
-2.26365e-06
-2.04432e-06
2.55779e-06
-2.2037e-06
2.59088e-06
-2.13025e-06
2.66873e-06
-2.1988e-06
-2.18057e-06
-8.84929e-09
-3.35632e-06
3.36517e-06
2.52631e-06
-2.54385e-06
-2.07432e-06
2.52874e-06
2.9301e-06
-2.12608e-06
2.59298e-06
3.35443e-06
-3.26953e-06
3.36773e-06
-3.36595e-06
-3.37633e-06
-5.72706e-09
-2.21602e-06
2.56489e-06
6.18472e-07
2.20365e-06
3.74118e-07
-2.57777e-06
2.23617e-06
2.63955e-07
-2.50012e-06
2.21694e-06
1.94347e-07
-2.41129e-06
2.2153e-06
8.14017e-07
-3.02931e-06
2.21932e-06
4.30366e-07
-2.64968e-06
3.36423e-06
3.20798e-06
1.35589e-08
2.42202e-06
-2.57255e-06
-5.7676e-07
3.37183e-06
-3.34118e-06
-3.0652e-08
-4.59392e-07
3.04973e-06
3.36093e-06
-3.36093e-06
-3.37935e-06
-2.13937e-06
2.21285e-06
2.74648e-06
-2.57909e-06
-2.60385e-06
-2.73099e-06
2.65296e-06
2.66337e-06
1.29115e-08
-3.38574e-06
3.3529e-06
-3.35502e-06
2.1131e-09
-2.66931e-06
4.20487e-10
-3.38102e-06
3.33029e-06
2.55146e-06
-2.53425e-06
-3.22981e-06
2.56061e-06
-2.53911e-06
2.221e-06
3.32475e-06
-3.37029e-06
3.38094e-06
-3.37866e-06
-3.35244e-06
3.36637e-06
2.56182e-06
-2.54369e-06
3.36613e-06
-3.366e-06
3.366e-06
-3.30561e-06
-7.07243e-08
4.16336e-07
-2.6636e-06
3.36377e-06
-3.37609e-06
-3.32424e-06
2.6808e-06
2.66475e-06
2.71099e-06
3.38711e-06
-3.38927e-06
3.6049e-07
2.60794e-06
-2.00659e-06
2.69001e-06
-1.87935e-06
2.74774e-06
2.66965e-06
2.68991e-06
-2.21827e-06
3.36312e-06
2.26233e-06
2.61214e-07
-2.52354e-06
2.56384e-06
-2.55375e-06
3.36637e-06
-3.36444e-06
8.22741e-09
2.7556e-09
-3.4238e-06
3.19862e-06
3.36771e-06
-3.74497e-09
-1.66137e-06
3.41503e-06
3.36685e-06
-3.38199e-06
-2.55072e-09
-2.07998e-06
-2.40436e-06
1.75197e-07
-2.45856e-06
-2.26155e-06
-3.3564e-06
3.36442e-06
-3.36442e-06
3.36282e-06
3.36238e-06
-3.36238e-06
-4.85307e-07
2.74772e-06
-4.74819e-07
2.6967e-06
-2.61845e-06
5.1815e-07
3.38448e-06
-8.77371e-09
-3.26597e-06
-1.57825e-07
-3.26978e-06
-1.19836e-08
-3.33299e-06
3.36632e-06
3.37643e-06
1.15696e-08
-3.3405e-06
3.365e-06
-3.36314e-06
2.16483e-06
-2.006e-08
-2.22087e-06
5.63834e-07
-2.38077e-06
3.36093e-06
-3.37633e-06
3.30232e-06
-2.21026e-06
2.66078e-06
-2.55575e-06
2.46363e-06
2.56263e-06
-2.56836e-06
9.74953e-07
-9.74953e-07
-2.52601e-06
2.99696e-06
2.65266e-07
-2.02943e-06
2.49509e-06
-2.11919e-06
2.58528e-06
-2.20317e-06
2.61397e-06
-2.12314e-06
2.5828e-06
-2.13703e-06
2.60083e-06
2.47694e-06
-2.02699e-06
-4.57998e-08
2.6578e-06
-2.19592e-06
-3.3509e-06
-5.50206e-09
3.35482e-06
-1.09079e-09
-3.37919e-06
3.36552e-06
3.3644e-06
-3.36857e-06
1.60121e-06
-1.60121e-06
2.49055e-06
-2.54256e-06
-3.30614e-06
-2.50163e-09
-3.37947e-06
-3.39669e-06
3.36054e-06
-3.35795e-06
3.3648e-06
-1.83008e-06
2.41388e-07
-2.41388e-07
-3.36732e-06
1.65536e-09
-2.90505e-06
3.3587e-06
3.38116e-06
-3.38074e-06
2.57613e-06
-2.56116e-06
-3.36378e-07
2.59079e-06
-2.25441e-06
-3.32233e-06
-5.4002e-08
3.32776e-06
-3.35841e-06
-4.13197e-07
2.57334e-06
-2.16015e-06
-3.35047e-06
3.36031e-06
6.97512e-09
3.36631e-06
2.58892e-06
-2.18618e-06
-4.02742e-07
-6.58789e-07
-3.37521e-06
3.37521e-06
1.45986e-07
5.35788e-07
3.35847e-06
-3.37548e-06
3.35194e-06
-3.36397e-06
3.36743e-06
-3.63898e-07
3.07824e-09
-3.38202e-06
5.6355e-07
5.86462e-07
9.64362e-07
2.85112e-07
2.22487e-07
4.05665e-07
5.31702e-07
4.67744e-07
3.79099e-07
4.70579e-07
1.04665e-06
2.96378e-07
5.01756e-07
-1.27317e-08
3.39483e-06
4.41776e-07
1.01206e-06
-5.3302e-08
-2.12617e-06
-2.19867e-06
-2.20375e-06
-2.62365e-06
-2.20791e-06
-3.38211e-06
3.87084e-09
-3.34168e-06
1.64368e-06
-3.35382e-06
3.35047e-09
-2.04633e-06
-3.03233e-07
-2.22031e-06
3.37558e-06
-3.37995e-06
2.73009e-06
-3.37884e-07
-3.36933e-06
-2.19756e-07
2.74028e-06
1.80192e-06
-2.2207e-06
-1.34912e-08
-2.44373e-06
3.76183e-07
2.25207e-06
-3.36337e-06
2.5241e-06
-2.09086e-06
1.57238e-06
1.53833e-06
-2.83403e-07
2.69425e-06
-2.41085e-06
-3.35603e-06
2.49348e-06
-2.4115e-07
3.3706e-06
-3.3706e-06
3.38425e-06
-3.38554e-06
-1.85415e-06
2.39317e-06
7.89244e-08
-2.60659e-06
2.52767e-06
-3.86615e-07
2.48146e-06
-2.09485e-06
-1.33727e-07
2.57279e-06
-2.23155e-06
-3.38793e-06
-4.37575e-08
-3.35365e-06
-3.352e-06
-4.02436e-09
-3.35484e-06
3.33332e-06
3.38888e-06
3.37477e-06
-3.37723e-06
1.6229e-06
5.83192e-07
3.37088e-06
-9.43704e-08
-2.07173e-07
-1.73184e-06
-5.05284e-07
2.53108e-06
-3.33898e-06
-1.5855e-08
4.8248e-07
-3.35122e-06
3.36763e-06
-3.36763e-06
-2.38768e-06
-3.36778e-06
1.42612e-08
-8.64206e-07
-6.15081e-07
2.324e-06
1.30405e-07
-2.4544e-06
1.09247e-09
-2.58986e-06
2.4256e-06
-3.00532e-08
3.34575e-06
-7.95784e-08
-3.26617e-06
-3.34908e-06
-3.35294e-06
1.72669e-09
-2.56235e-07
3.37166e-06
-3.37646e-06
-2.36694e-06
-2.05607e-07
3.59237e-07
-1.91479e-06
-5.44372e-07
3.05046e-07
-2.55946e-06
-2.14837e-07
3.21315e-07
-2.13109e-06
-3.35542e-06
-2.60809e-06
3.35482e-06
3.36617e-06
-3.36617e-06
-3.34997e-06
3.34168e-06
-3.34597e-06
-3.83973e-07
-5.06747e-07
3.35795e-06
-7.39514e-09
3.98256e-07
-3.30331e-06
2.42561e-06
-2.88237e-06
-3.34883e-06
-6.59693e-09
-3.35975e-06
2.46451e-06
-3.34325e-06
-2.721e-09
2.48865e-06
2.62904e-06
3.34836e-06
-2.29419e-06
-1.9419e-08
-3.34338e-06
-2.54919e-06
-3.38199e-06
3.41802e-06
-3.60264e-08
2.11395e-06
3.87082e-07
-2.57845e-06
-3.34839e-06
-2.802e-06
3.365e-06
3.33542e-06
7.05659e-09
-2.42561e-06
-2.09185e-07
-3.36403e-06
1.80653e-09
3.28889e-08
3.31286e-06
-2.42008e-06
-3.34372e-06
3.39056e-10
-3.32898e-06
-1.94079e-08
3.36423e-06
-3.36423e-06
-2.59429e-06
-3.34574e-06
-3.34114e-06
3.02488e-09
2.12826e-06
-2.67263e-06
2.20546e-06
3.3324e-06
3.12753e-09
-1.87621e-06
3.35055e-06
-3.34802e-06
-3.35512e-06
-3.34317e-06
2.03453e-09
-2.67581e-06
-3.34028e-06
1.64402e-06
1.39496e-06
-2.54243e-06
2.52184e-06
2.1978e-06
-2.23702e-06
3.36126e-06
3.3783e-06
3.7181e-09
-3.38446e-06
-3.34296e-06
2.67601e-09
3.39483e-06
-3.33909e-06
-3.35649e-06
3.34451e-06
-3.07667e-06
-2.09493e-10
3.36049e-06
-3.36049e-06
-3.34238e-06
3.29381e-09
-3.40362e-06
2.55471e-06
-3.34743e-06
-3.3974e-06
-3.35079e-06
-3.33811e-06
-2.08338e-06
-3.02514e-07
-6.17091e-10
3.35682e-06
3.43972e-07
-2.75482e-06
-2.62802e-06
2.26412e-06
-3.3418e-06
3.68645e-09
3.35656e-06
-2.61915e-06
5.24305e-07
2.43388e-06
1.69527e-07
-2.25991e-06
-3.33707e-06
-3.99422e-07
-2.19071e-06
2.54469e-06
-3.35682e-06
-3.35863e-06
-3.34078e-06
3.70777e-09
-3.6913e-07
2.79473e-06
2.46971e-06
-2.28636e-06
-3.33619e-06
2.01715e-06
-2.15044e-06
-5.13298e-09
-3.34324e-06
3.37075e-06
1.8048e-07
-3.55123e-06
-2.54221e-06
-3.38232e-06
-3.3401e-06
3.90952e-09
-3.20506e-06
-4.99764e-07
-3.33521e-06
-1.75519e-07
-2.27888e-06
-1.23652e-06
-3.34225e-06
7.03731e-09
2.60817e-06
-2.55909e-06
-3.3329e-06
-3.33729e-06
-3.34899e-06
1.16995e-08
3.3324e-06
3.33542e-06
-6.33382e-09
-3.34002e-06
3.18227e-06
-3.3401e-06
2.53949e-06
1.78151e-07
2.33725e-06
-2.36109e-08
2.35925e-06
2.68275e-09
1.44335e-06
-3.34582e-06
3.34471e-06
-2.52257e-06
3.3538e-06
4.63332e-09
-2.54691e-06
-3.24733e-06
-2.89262e-06
-6.87742e-07
2.08709e-06
-2.10058e-06
-3.35131e-06
2.53588e-06
-6.64267e-09
-3.33669e-06
-3.34482e-06
3.344e-06
-3.36565e-06
-3.34347e-06
-3.34712e-06
2.29846e-09
-3.3417e-06
-2.33376e-06
-2.56333e-07
-3.34366e-06
-3.28591e-06
-2.60065e-06
-3.33991e-06
2.50707e-06
-3.3499e-06
6.24908e-09
-3.34944e-06
2.55471e-06
1.34153e-06
-1.09153e-07
-3.30933e-06
2.10832e-06
-2.67209e-06
1.59429e-06
1.56189e-06
2.53383e-06
-3.33825e-06
1.92578e-09
-3.30814e-06
-8.45284e-07
-3.33361e-07
-4.88743e-07
-3.33939e-06
-3.34004e-06
-3.34618e-06
-3.32137e-06
9.70701e-07
-2.97729e-06
-3.33722e-06
-3.34414e-06
3.34241e-06
-3.36128e-06
-2.51353e-06
-3.3318e-06
2.46838e-06
-2.46838e-06
-3.35042e-06
6.27281e-09
-3.34615e-06
-3.32883e-06
-3.35017e-06
4.02162e-09
3.35982e-06
-6.0155e-09
1.96146e-06
-3.33622e-06
-3.33214e-06
-4.26222e-07
1.49247e-07
2.31913e-06
-1.42618e-06
-1.13658e-06
-1.34668e-06
-1.29152e-06
2.69723e-06
-3.30264e-06
-2.53851e-06
-3.33486e-06
2.52565e-06
-3.34071e-06
3.05208e-08
2.13759e-06
-3.34094e-06
3.20015e-07
-3.33396e-06
3.34723e-06
-1.3027e-06
-1.36033e-06
-1.10295e-06
-1.48e-06
-3.35719e-06
3.3222e-06
-3.33362e-06
-1.33936e-06
-1.32232e-06
-1.43714e-06
-1.18877e-06
-1.41521e-06
-1.23992e-06
-1.34678e-06
-1.17304e-06
-1.32544e-06
-1.31933e-06
-1.01969e-06
-1.58067e-06
2.54691e-06
-3.33443e-06
-3.3324e-06
-2.41195e-06
8.19994e-08
-3.33432e-06
1.6715e-06
-6.22048e-07
-2.15897e-06
2.78101e-06
-1.82332e-06
-3.33165e-06
2.41195e-06
-7.54018e-07
-3.33376e-06
-2.49712e-06
-2.29179e-06
9.45802e-07
2.21144e-06
-3.33047e-06
-3.33386e-06
-3.33627e-06
-2.82586e-09
3.33825e-06
-3.33311e-06
-7.6376e-09
3.34004e-06
-3.35241e-06
-2.55198e-06
-3.36767e-07
-3.33175e-06
-3.32942e-06
-2.50404e-06
-3.32225e-06
-3.33215e-06
-2.65624e-06
-3.32844e-06
4.44402e-07
-3.32775e-06
-3.33123e-06
2.63777e-06
-3.32317e-06
-3.32732e-06
2.52378e-06
-3.33042e-06
-2.53745e-06
-3.31982e-06
-3.47206e-07
-3.32338e-06
-3.34436e-06
-3.31557e-06
-3.33266e-06
2.55384e-06
-3.31959e-06
2.38833e-06
1.16307e-08
2.5158e-07
2.25037e-06
2.382e-06
-3.31516e-06
1.89078e-06
1.20837e-06
-3.34489e-06
-3.31343e-06
-4.33883e-09
-2.17048e-06
3.14118e-06
3.35657e-06
2.23762e-08
-3.30914e-06
-3.31574e-06
2.06744e-06
-2.41678e-06
-3.31558e-06
3.31788e-06
-3.31212e-06
-4.96822e-09
-3.34003e-06
2.47145e-06
-2.47145e-06
-2.77217e-06
1.36535e-06
-3.33378e-06
-3.33152e-06
1.6313e-07
-2.55515e-06
-2.64016e-06
-7.48571e-07
2.59504e-08
-3.34554e-06
-2.4935e-06
-2.66987e-06
2.66987e-06
-2.24177e-06
-2.54499e-06
-3.30403e-06
3.3103e-06
2.54499e-06
2.33507e-06
-8.3649e-09
-3.29814e-06
-1.64555e-06
-1.42876e-06
-3.29412e-06
3.29725e-06
-3.30326e-06
2.69622e-06
1.73604e-07
-2.51944e-06
-2.38833e-06
2.59107e-06
1.04288e-07
-7.7562e-08
2.55223e-06
-2.47467e-06
3.36077e-06
-2.52859e-06
3.00929e-06
-3.30264e-06
-2.6226e-06
1.89376e-06
-3.10618e-06
1.21242e-06
3.36384e-06
-3.20357e-08
-2.31913e-06
1.91737e-07
5.97105e-07
-2.44273e-06
1.05344e-07
2.46259e-06
-2.60692e-06
-2.48537e-06
-2.68576e-06
-2.49969e-06
1.94866e-06
-3.34026e-06
9.21044e-07
-2.75457e-06
-2.78393e-06
-2.54778e-06
9.14079e-09
-2.69641e-06
2.59675e-06
-2.50969e-06
2.50054e-06
-3.33625e-06
-2.55751e-06
-6.26011e-07
-1.90774e-06
2.4942e-06
-7.92531e-09
3.25664e-06
-3.25664e-06
3.24698e-06
-3.24698e-06
2.50133e-06
-2.50133e-06
-2.60692e-06
-2.29607e-06
-6.52006e-07
-2.32529e-06
-2.34423e-06
2.86853e-06
-2.85693e-06
2.35717e-06
-1.80251e-06
-1.23319e-06
1.55652e-06
2.76087e-07
2.382e-06
-2.56878e-06
-2.3486e-06
-2.6226e-06
-2.42351e-06
2.3486e-06
-5.97704e-07
-4.91096e-07
-1.06872e-06
-1.78131e-06
-1.22943e-06
-3.26771e-07
-1.71956e-06
-2.65116e-06
-2.64016e-06
1.54527e-06
1.5667e-06
1.71489e-06
-3.2394e-07
-3.42624e-08
-2.09841e-07
2.46191e-06
-2.08053e-06
1.75376e-06
5.65972e-07
-2.65624e-06
2.18343e-06
4.4678e-07
2.50712e-06
-2.10438e-06
2.3308e-06
-3.97652e-07
2.80842e-06
-2.51749e-06
2.13491e-06
-1.91229e-06
1.55872e-06
-8.52835e-07
-7.05962e-07
-1.25651e-06
-1.39045e-06
-1.27955e-06
-1.2817e-06
-2.67209e-06
-2.33098e-06
2.57883e-06
-1.56416e-06
-1.01467e-06
6.99022e-08
2.22032e-06
-2.402e-06
8.23873e-07
-2.07668e-07
4.09471e-07
1.9256e-06
1.64368e-06
-2.26742e-06
1.29665e-06
-2.43322e-06
1.25713e-06
-2.54865e-06
-2.46833e-06
2.56409e-06
-6.37611e-08
3.97508e-07
-2.06443e-06
2.98547e-06
-1.2906e-06
-1.39312e-06
2.16606e-06
-2.64534e-06
2.61164e-06
1.524e-07
2.2002e-06
-2.2002e-06
2.45498e-06
2.03179e-06
2.97375e-06
2.32676e-06
2.98924e-06
1.14199e-06
2.38281e-06
-7.69766e-07
-2.66932e-06
-2.53581e-06
1.88293e-06
-1.70272e-06
-2.02103e-06
-9.38522e-08
2.46883e-06
5.93181e-07
9.65544e-07
-2.28263e-07
-1.99726e-06
-2.52495e-06
-8.2408e-08
-2.18814e-06
2.146e-06
-2.455e-06
-1.61261e-06
-2.54778e-06
2.12693e-06
2.44786e-06
2.05911e-06
2.03488e-06
5.8696e-07
1.90724e-06
-3.81283e-06
1.71956e-06
-2.43509e-06
-1.26166e-06
-1.59258e-06
1.07173e-06
-1.18088e-06
5.5658e-08
-2.66445e-06
2.0494e-06
8.59239e-07
1.83281e-06
-1.73926e-06
-1.31958e-06
2.6471e-06
-6.01108e-07
-3.01535e-07
2.34982e-07
2.2519e-06
-1.70656e-06
-2.16339e-06
-2.60113e-07
2.58907e-06
1.09914e-07
-9.81428e-07
1.27923e-07
-2.46285e-06
-2.01658e-07
-2.52029e-06
2.07935e-06
-1.34716e-06
-1.50948e-06
-2.68795e-06
-2.61113e-07
-2.28374e-06
-2.07535e-06
1.61261e-06
1.11761e-06
1.53107e-06
2.08918e-06
-1.8932e-06
-2.70788e-06
4.76221e-08
-9.96062e-07
-1.01812e-06
-1.93234e-06
2.47025e-06
9.05828e-07
1.86125e-06
2.33307e-06
2.41381e-07
-2.01564e-06
-2.26831e-06
2.42071e-06
-2.54506e-06
-2.18563e-06
2.74283e-06
-7.52834e-07
-2.00158e-06
-1.81468e-06
-2.21649e-06
-2.01081e-06
2.7351e-06
-2.00946e-06
2.08651e-06
4.32459e-07
1.98574e-06
-2.0168e-06
2.83345e-06
1.15879e-06
2.85712e-06
1.13381e-06
-2.01935e-06
2.83345e-06
2.85712e-06
-2.16604e-06
-2.1508e-06
-2.29145e-06
2.37345e-06
2.05807e-06
1.85429e-06
-1.89209e-07
1.26094e-06
2.7855e-06
6.00956e-07
2.10154e-06
-1.94379e-06
-2.26501e-06
2.07675e-07
2.01207e-06
1.77997e-06
-2.42605e-06
-2.12242e-07
2.34715e-06
2.08747e-06
2.26619e-06
-2.03121e-06
5.49851e-07
2.03275e-06
2.07184e-06
9.03308e-07
-1.86781e-06
2.22895e-06
-1.8349e-06
2.71808e-06
-2.17048e-06
-3.04567e-07
-2.1437e-06
1.75097e-06
-2.23448e-06
2.76744e-06
4.95937e-07
6.90003e-07
2.13081e-06
-1.19557e-07
1.97191e-06
6.37383e-07
1.97367e-06
-1.97367e-06
-2.17826e-06
2.01169e-06
-3.80046e-07
-1.71435e-06
-1.64442e-06
-1.51253e-06
1.64442e-06
-2.17893e-06
5.29427e-07
1.79149e-06
-3.6224e-09
-2.27526e-06
1.53684e-07
-2.06297e-06
2.28271e-06
-1.87956e-06
-2.1484e-06
-7.7203e-07
-1.72163e-06
3.22771e-07
-2.51348e-06
9.3449e-07
1.78131e-06
-2.06443e-06
2.1675e-06
-2.08222e-06
-3.05114e-06
1.48698e-06
1.59258e-06
2.13586e-06
9.30008e-07
1.80251e-06
2.13312e-06
2.11396e-06
-2.04179e-06
2.04179e-06
-2.18173e-06
-6.77131e-07
-1.96712e-06
3.59803e-07
1.64555e-06
1.78364e-06
6.21899e-07
2.12458e-06
-1.99159e-06
-2.1857e-06
-1.82768e-06
-7.11647e-07
-1.92354e-06
-8.20398e-08
3.23796e-07
8.51902e-08
1.02433e-07
-2.22861e-06
2.17146e-06
-2.409e-06
-4.72434e-07
1.57376e-06
1.20725e-06
2.24987e-06
2.29927e-06
1.20123e-06
1.6673e-06
1.11711e-06
-2.29961e-09
2.0517e-06
1.21704e-06
1.9624e-06
6.93686e-07
1.81541e-06
1.56833e-07
-2.44786e-06
2.22858e-06
1.90103e-06
-1.90103e-06
1.84119e-06
-1.84119e-06
2.55776e-07
1.86541e-06
-1.86541e-06
1.89747e-06
-1.89747e-06
-2.43809e-06
-2.37634e-07
-1.86295e-06
1.8349e-06
2.61086e-06
-6.37185e-07
-3.17306e-07
-5.04584e-07
-2.18337e-06
-2.02364e-06
-1.53019e-06
-1.57599e-06
5.69068e-07
-2.2596e-06
-2.1777e-06
-6.92761e-07
-2.02298e-06
-2.08623e-06
-3.84421e-07
1.7672e-06
-2.06996e-06
2.05292e-06
1.80986e-06
1.33132e-06
1.28395e-06
-1.94952e-06
-1.93886e-06
2.32595e-06
1.32687e-06
-2.27592e-06
1.34652e-06
2.16121e-06
-7.64464e-07
-7.96967e-07
-2.07803e-06
2.06761e-06
-2.07436e-06
2.28774e-06
-2.24802e-06
2.12469e-06
2.22221e-06
-2.14528e-06
-8.03703e-07
-7.78453e-07
-7.87454e-07
-1.91005e-06
1.98191e-06
2.61756e-06
2.03886e-06
1.88293e-06
-1.98726e-06
2.29937e-06
1.79742e-06
-1.972e-06
-1.06027e-07
-7.86264e-07
-2.37683e-07
1.59655e-06
1.39004e-06
2.146e-06
2.14094e-06
-3.78481e-08
-2.37251e-06
-2.02783e-06
-1.49873e-07
2.39067e-06
-7.28396e-07
1.95783e-06
-7.34809e-07
-2.17862e-06
1.90828e-06
2.19121e-07
1.43742e-06
1.96912e-06
-1.93677e-06
-7.35937e-07
2.21917e-06
-1.80313e-07
1.11962e-06
1.59956e-06
2.53416e-06
-1.98793e-06
1.98072e-06
2.12608e-06
-6.97314e-07
7.24092e-07
2.00907e-06
-1.75675e-07
-1.64022e-06
1.83432e-06
-2.24737e-06
-6.76596e-07
1.86781e-06
1.84301e-06
1.72163e-06
1.26384e-06
2.10241e-06
-1.51205e-06
2.1437e-06
6.18911e-07
-3.85344e-08
-1.96726e-06
-2.03358e-06
4.60592e-07
7.07177e-07
-2.09711e-06
-2.07253e-06
1.75203e-06
-2.04795e-06
2.23487e-06
-2.081e-07
-1.64297e-06
1.85107e-06
-1.34871e-06
1.41543e-06
1.20213e-06
-2.15777e-06
-2.29581e-06
2.83348e-07
-1.9106e-06
-1.80986e-06
-2.84555e-07
2.45988e-06
-2.26181e-07
2.06919e-06
7.74653e-07
3.03038e-07
6.92322e-07
1.56293e-06
-1.77103e-06
2.1578e-06
1.9221e-06
8.08455e-08
-2.07341e-06
1.99256e-06
-7.48058e-08
1.62339e-07
-4.91619e-07
1.89705e-06
-1.81621e-06
-1.06027e-06
4.4233e-07
-2.54033e-06
4.6563e-07
-1.77679e-06
-6.75298e-08
7.46214e-07
4.00555e-07
1.24163e-06
-1.69644e-06
-2.01713e-06
6.74143e-07
-2.14916e-06
2.74991e-07
1.86168e-06
2.05327e-06
1.32041e-06
-1.81936e-06
4.55237e-07
-3.99522e-07
-4.13526e-07
-1.92666e-06
-1.26083e-06
-1.413e-06
-2.73642e-07
3.40044e-06
-1.22226e-06
3.41132e-06
-1.98862e-06
1.82709e-06
6.44546e-08
-2.0503e-06
-2.05702e-06
-5.14744e-07
1.53932e-06
-1.66506e-06
1.88507e-06
3.50322e-07
-1.14929e-07
2.13755e-06
1.74786e-06
2.06015e-06
2.19416e-06
-7.17334e-07
-1.77108e-06
-1.88893e-06
-1.72659e-06
-5.43603e-07
2.05507e-06
2.19009e-06
2.12041e-07
6.01961e-07
1.32984e-06
-2.07753e-06
2.00023e-06
2.13497e-06
-8.78407e-08
)
;

boundaryField
{
    front
    {
        type            empty;
    }
    back
    {
        type            empty;
    }
    wall
    {
        type            calculated;
        value           uniform 0;
    }
    inlet
    {
        type            calculated;
        value           nonuniform List<scalar> 
12
(
-3.84924e-06
-3.85417e-06
-3.85793e-06
-3.81781e-06
-3.96955e-06
-3.86972e-06
-3.95981e-06
-3.99224e-06
-3.99093e-06
-4.03116e-06
-4.02761e-06
-4.02881e-06
)
;
    }
    outletLeft
    {
        type            calculated;
        value           nonuniform List<scalar> 9(2.6382e-06 2.66302e-06 2.66168e-06 2.65513e-06 2.64476e-06 2.64697e-06 2.65025e-06 2.69444e-06 2.70474e-06);
    }
    aneurysm
    {
        type            calculated;
        value           uniform 0;
    }
    outletRight
    {
        type            calculated;
        value           nonuniform List<scalar> 9(2.56276e-06 2.58295e-06 2.62592e-06 2.51982e-06 2.60036e-06 2.56125e-06 2.58725e-06 2.62987e-06 2.61964e-06);
    }
}


// ************************************************************************* //
