/*--------------------------------*- C++ -*----------------------------------*\
  =========                 |
  \\      /  F ield         | OpenFOAM: The Open Source CFD Toolbox
   \\    /   O peration     | Website:  https://openfoam.org
    \\  /    A nd           | Version:  12
     \\/     M anipulation  |
\*---------------------------------------------------------------------------*/
FoamFile
{
    format      ascii;
    class       surfaceScalarField;
    location    "0.24";
    object      phi;
}
// * * * * * * * * * * * * * * * * * * * * * * * * * * * * * * * * * * * * * //

dimensions      [0 3 -1 0 0 0 0];

internalField   nonuniform List<scalar> 
6438
(
-3.89161e-08
4.86915e-06
-4.83024e-06
-4.20595e-08
5.65671e-06
-5.61465e-06
-5.30746e-06
-9.04145e-07
6.21161e-06
5.03454e-06
-5.52772e-06
4.93186e-07
7.73323e-06
-6.04252e-06
-1.6907e-06
1.74708e-06
5.98614e-06
-6.03614e-06
7.28676e-07
-5.22833e-06
5.18627e-06
5.65352e-06
-6.74653e-06
1.093e-06
5.24931e-06
-6.15862e-06
9.0931e-07
-5.07585e-06
6.17953e-06
-1.10368e-06
1.21752e-06
-5.56084e-06
4.34332e-06
-6.29243e-06
1.21658e-06
4.82411e-06
2.21554e-06
-7.03965e-06
4.53421e-06
-4.57312e-06
-2.56467e-07
5.31373e-06
-5.05726e-06
-6.69489e-06
6.49384e-06
2.01046e-07
-5.06897e-06
6.1595e-06
-1.09053e-06
-6.29171e-06
1.22273e-06
1.99705e-06
4.2166e-06
-6.21365e-06
-1.4537e-06
-9.49232e-07
2.40293e-06
-3.08729e-07
5.56438e-06
-5.25565e-06
-5.16378e-06
-8.36164e-07
5.99994e-06
-6.32405e-06
2.77156e-06
3.55249e-06
-5.4813e-06
5.17257e-06
-4.8679e-06
5.91745e-06
-1.04955e-06
-5.96023e-06
7.96447e-07
5.64144e-06
-4.42392e-06
-5.12497e-06
-9.64081e-07
6.08905e-06
-6.20448e-06
1.33658e-06
4.74247e-06
-5.96972e-06
1.22726e-06
2.60918e-08
-5.80979e-06
5.7837e-06
5.68635e-06
-5.72248e-06
3.61321e-08
-5.63434e-06
9.45316e-07
4.68902e-06
-7.60631e-06
1.23252e-06
6.3738e-06
5.35001e-06
-5.32392e-06
5.39948e-06
-3.64944e-07
3.50264e-06
4.90756e-06
-8.4102e-06
-1.74115e-06
6.56526e-06
-5.02382e-06
5.52105e-06
-4.97232e-07
-5.82191e-06
5.76965e-06
5.22541e-08
-2.41529e-06
4.41234e-06
5.20424e-06
4.50689e-08
-6.25715e-06
6.12927e-06
1.27879e-07
5.59908e-06
-8.56612e-07
-4.22117e-06
3.9647e-06
-7.27535e-06
1.23283e-06
5.53313e-06
5.31703e-07
-6.06483e-06
-4.29133e-06
-1.34301e-06
-7.90927e-07
-5.17469e-06
5.87204e-06
-6.97349e-07
-3.84356e-06
5.55327e-06
-1.70971e-06
5.58156e-06
-5.58156e-06
1.75552e-06
4.23283e-06
5.56416e-07
-4.78924e-06
2.48423e-06
1.21067e-06
-3.69489e-06
4.72492e-06
9.99752e-07
-5.72467e-06
4.56449e-06
-1.79293e-06
-2.64616e-06
-4.6292e-06
-5.51213e-08
4.92125e-06
-4.86613e-06
-6.06856e-06
6.06856e-06
-6.28862e-06
6.3548e-06
-6.61788e-08
2.54984e-07
4.67196e-06
-4.92695e-06
1.73082e-08
-5.72589e-06
5.70858e-06
5.31415e-06
-5.29684e-06
-5.79477e-06
6.69796e-07
-5.80902e-06
-4.48132e-07
-4.99717e-06
5.49448e-06
-4.97306e-07
5.52773e-07
4.78468e-06
-5.33745e-06
-5.87693e-06
5.65139e-06
2.25537e-07
5.72791e-06
-5.72791e-06
5.32095e-06
3.32571e-07
-3.49704e-06
-2.66158e-06
4.98961e-06
1.05179e-06
-6.04141e-06
-4.89328e-06
-9.28628e-07
4.3478e-06
3.35774e-06
-7.70554e-06
-6.73108e-06
4.31579e-06
-4.29231e-06
-2.43877e-06
5.93545e-06
-9.45837e-07
3.53439e-06
-1.05016e-06
4.80179e-06
5.51356e-07
-5.35314e-06
-5.92166e-06
-3.66962e-07
-8.35917e-07
-1.4432e-06
-4.62536e-06
6.42071e-06
-6.42071e-06
-4.24198e-06
-1.63495e-06
-3.84212e-07
-7.2221e-06
-5.53993e-06
5.51756e-06
2.23721e-08
1.99569e-07
-5.60939e-06
5.40982e-06
-6.16438e-07
5.41822e-06
5.54447e-06
1.41875e-07
-5.79198e-06
-9.02911e-07
-5.85042e-06
6.00064e-06
-1.50225e-07
6.1002e-06
-3.41467e-06
-2.68553e-06
5.47665e-06
-5.27708e-06
1.11464e-07
6.1382e-06
-3.12376e-06
-3.01444e-06
3.49339e-06
2.60681e-06
5.63643e-06
-5.63643e-06
-4.3229e-06
6.20273e-06
-1.87983e-06
-5.43393e-06
2.59238e-07
-7.42569e-07
-4.40201e-06
5.14457e-06
-5.09227e-06
1.98991e-07
-5.45802e-06
1.13512e-06
4.71024e-06
1.04125e-06
-5.75149e-06
-3.24553e-07
5.03479e-06
-4.9185e-06
5.68304e-06
-7.64538e-07
-5.22661e-06
2.02791e-07
3.59829e-06
2.53991e-06
5.44092e-06
-1.0976e-06
2.33653e-07
5.34791e-06
-4.69714e-06
-3.95128e-07
4.91183e-06
1.04518e-06
-5.95701e-06
-2.71466e-06
-2.34326e-06
5.05792e-06
3.57505e-06
-4.48949e-07
-3.1261e-06
-5.80979e-06
1.17789e-06
5.82745e-06
-7.00534e-06
-2.70042e-06
1.24673e-06
5.81265e-06
1.04799e-07
6.29664e-06
-3.25938e-06
-3.03726e-06
2.10835e-06
4.18829e-06
5.88473e-06
-9.72892e-07
7.17631e-06
-3.67366e-06
-5.31736e-06
1.36175e-08
5.30374e-06
-7.60406e-06
7.78543e-07
6.82552e-06
-8.69988e-08
-5.27798e-06
5.36498e-06
5.80657e-06
3.22702e-07
-4.47778e-06
4.42266e-06
-5.34327e-06
5.45085e-06
-1.07578e-07
5.41032e-06
-5.49732e-06
5.58206e-06
-5.58206e-06
5.49932e-06
1.57391e-07
5.50985e-06
-1.27703e-06
5.43598e-06
-5.181e-06
-4.78777e-06
4.0452e-06
4.90302e-08
5.27559e-06
-5.32462e-06
6.19954e-06
-4.34529e-06
-1.85425e-06
-5.72589e-06
-8.18879e-08
6.40307e-08
-5.29236e-06
-5.30517e-06
3.07997e-07
6.12674e-08
5.28875e-06
5.11811e-06
-4.56534e-06
-5.27841e-06
3.59913e-07
5.35593e-06
-1.51688e-07
-1.90999e-07
4.6604e-06
-4.4694e-06
3.66428e-06
2.53526e-06
-5.48972e-06
1.17747e-06
4.31224e-06
5.59393e-06
-4.06637e-08
-7.39913e-06
6.74777e-07
6.72436e-06
-7.47181e-08
-5.25013e-06
5.32484e-06
3.49006e-06
8.49849e-08
3.33048e-07
5.26088e-06
5.20769e-06
4.33744e-07
5.37853e-06
-5.45325e-06
-5.60495e-06
-1.87024e-07
5.71643e-06
-6.14036e-06
4.23927e-07
-5.11237e-06
-2.04994e-07
-6.22133e-06
2.6974e-06
3.52393e-06
3.63386e-09
5.37924e-06
1.85134e-07
-5.06179e-06
5.88595e-06
-8.24161e-07
-5.58319e-06
4.80721e-06
7.75986e-07
-7.54561e-07
1.9499e-06
-1.19534e-06
-1.74892e-06
-4.45556e-06
-5.60939e-06
-4.42782e-08
5.35843e-06
1.64075e-06
4.56198e-06
-8.94545e-08
-5.45571e-06
-2.55842e-08
-1.15091e-07
-5.96547e-06
5.04155e-06
9.2392e-07
-3.51103e-07
4.44443e-06
8.76518e-07
8.72033e-06
-3.81277e-06
-1.84546e-06
-4.44625e-06
5.47024e-06
7.42302e-08
-4.69785e-06
1.98319e-06
-2.10737e-06
-3.32918e-06
5.43655e-06
-1.88212e-06
-4.41031e-06
-3.06406e-06
7.41186e-06
-5.63936e-06
1.83649e-07
-5.32488e-06
5.34535e-06
-2.04709e-08
-4.40158e-06
4.21058e-06
-6.40362e-08
-5.21887e-06
5.28291e-06
-5.73705e-06
9.7691e-08
4.78579e-06
-5.69436e-06
9.08571e-07
5.3317e-06
-5.39574e-06
4.765e-06
-1.80445e-06
-2.96055e-06
-7.20573e-06
2.55119e-06
4.65454e-06
4.88662e-06
4.69313e-07
4.03654e-06
2.4573e-06
1.1801e-06
5.24061e-06
-1.39904e-06
-5.02167e-06
-5.80486e-06
5.75381e-06
5.10527e-08
-5.78934e-06
-1.5527e-08
-5.75939e-06
-2.99435e-08
1.67578e-08
1.49782e-06
-8.3883e-06
6.89048e-06
-6.23137e-06
7.40926e-06
4.92057e-06
-4.87154e-06
5.25711e-06
2.19533e-07
4.28936e-07
4.33606e-06
-5.27798e-06
-4.78536e-06
4.76245e-06
5.94383e-07
-5.35684e-06
-2.73298e-08
-1.13533e-06
8.37573e-06
-7.2404e-06
7.9456e-06
-5.73005e-06
-2.40949e-06
3.62016e-06
-1.52757e-06
-4.69376e-06
-4.171e-06
-3.03473e-06
-5.27688e-06
-3.28077e-07
-5.31349e-06
5.31273e-06
7.63651e-10
-8.40162e-07
4.98943e-06
-4.14926e-06
-5.70298e-06
5.74317e-06
-4.01917e-08
-5.64346e-06
-5.95223e-08
-7.25459e-06
4.51447e-07
6.80314e-06
-5.07125e-06
-3.28981e-07
5.40023e-06
5.68177e-06
6.14014e-08
-1.01009e-06
-6.20925e-06
2.26134e-06
3.9479e-06
3.59733e-08
-3.28823e-06
-2.92102e-06
-7.76189e-08
-5.79517e-08
-5.18947e-06
5.24742e-06
-5.33732e-06
2.6607e-07
4.82351e-06
6.46732e-07
5.5591e-06
-5.32545e-06
5.28171e-06
-5.33966e-06
5.25876e-06
1.51565e-07
2.58442e-06
5.36118e-06
5.49147e-06
-1.04704e-06
-4.31026e-07
-7.17304e-06
-3.14618e-07
4.33507e-06
-4.02045e-06
-5.61657e-06
-2.68945e-08
-5.61578e-06
-7.89165e-10
5.66109e-06
-5.62069e-06
-4.03984e-08
5.5992e-06
6.1881e-08
-5.25013e-06
1.29632e-06
-1.78053e-06
4.84211e-07
-6.34101e-06
3.70951e-06
2.6315e-06
2.84097e-06
-5.69517e-06
2.8542e-06
-4.97138e-06
-4.62544e-07
-5.29578e-06
5.26954e-06
2.62356e-08
-5.51016e-06
5.31412e-06
1.96044e-07
-4.39949e-07
5.63884e-06
-5.1989e-06
-5.47082e-06
1.33497e-07
-6.07417e-06
7.57199e-06
-5.64577e-07
-4.92514e-06
-5.71065e-06
5.2707e-06
-4.47477e-06
-4.12e-07
4.88678e-06
-4.19534e-06
5.56304e-06
3.6167e-08
-3.81166e-06
-1.01977e-06
1.13071e-06
-1.10944e-07
-5.27393e-08
2.04253e-07
-7.2466e-06
7.04235e-06
-4.06306e-06
-1.97308e-06
-5.64299e-06
5.52721e-06
1.15779e-07
-5.55632e-06
-8.66707e-08
-1.99863e-06
1.24407e-06
5.24926e-06
1.29276e-07
5.60647e-06
-9.34512e-07
5.55079e-06
-5.5442e-06
-6.58397e-09
-1.50004e-08
-5.1497e-06
5.1647e-06
5.80977e-06
-4.16902e-06
-6.99007e-08
5.76487e-06
3.25236e-06
-9.01723e-06
5.71241e-06
-5.71241e-06
8.82598e-07
5.18596e-06
-2.01573e-06
-3.56583e-06
-4.5527e-06
5.48702e-06
-9.34317e-07
-6.08006e-07
-4.90215e-06
5.25512e-06
-5.27012e-06
-5.03216e-06
8.58633e-08
4.94629e-06
9.65848e-07
-5.10045e-06
4.13461e-06
-5.28072e-06
5.22631e-06
5.44061e-08
3.37295e-06
2.43682e-06
-1.65071e-07
-8.547e-07
-3.17079e-06
-3.17023e-06
-1.2122e-06
-5.6375e-06
5.75712e-07
-5.21887e-06
4.72907e-06
9.8736e-07
-4.39328e-06
-4.93297e-06
4.58195e-07
-5.03346e-06
2.9261e-06
5.71086e-06
-4.64295e-06
-1.06791e-06
9.75842e-07
4.58326e-06
-4.04428e-06
-1.91595e-06
-5.58698e-06
5.58698e-06
5.58836e-06
-5.37368e-06
-2.14679e-07
3.22254e-07
-5.29364e-06
-4.47105e-06
5.05461e-06
-5.83563e-07
-1.77184e-06
8.22605e-07
5.20642e-06
-5.23178e-06
2.53646e-08
5.46807e-06
5.91387e-08
5.52547e-06
6.2882e-08
8.34929e-06
-5.3276e-06
-1.4322e-07
-4.67452e-06
3.83436e-06
5.24219e-06
8.95119e-08
5.50878e-06
-5.47745e-06
-3.13274e-08
-4.75365e-08
-7.61308e-08
5.7508e-07
-4.72367e-06
4.14859e-06
-1.65939e-07
-7.23319e-06
1.72994e-06
3.89858e-07
-4.86091e-06
-5.26959e-06
5.18927e-06
8.03204e-08
5.25808e-06
-4.72294e-07
-2.45596e-06
-3.26653e-06
-7.36669e-06
5.46051e-07
-2.95554e-06
-8.75043e-07
2.24552e-08
5.41643e-06
-4.82204e-06
-5.18947e-06
-5.19784e-06
1.35361e-07
5.06247e-06
7.33803e-06
1.0377e-06
4.22942e-06
2.12538e-06
5.11773e-06
-2.27676e-06
5.34495e-06
-3.03404e-07
1.22593e-05
-9.00691e-06
-8.3883e-06
-2.68808e-06
-2.89512e-06
-6.77658e-08
5.69804e-06
-5.33845e-06
-3.5959e-07
5.40105e-06
1.24423e-07
6.24718e-07
-5.17742e-06
-3.84184e-06
4.41692e-06
5.23624e-06
4.54739e-08
4.11287e-06
1.82258e-06
5.49352e-06
2.04524e-07
5.48864e-06
-5.40993e-06
-7.87077e-08
-2.47136e-06
-3.49836e-06
-2.47355e-07
5.05456e-06
9.40058e-08
-5.82191e-06
4.55105e-06
-3.5852e-06
-7.64031e-08
1.14961e-07
4.43952e-06
-4.82049e-06
3.80963e-07
8.11187e-07
4.67583e-06
7.44805e-06
-7.2438e-06
2.59156e-06
3.28048e-06
-5.25588e-06
5.19426e-06
6.16224e-08
-1.21182e-07
-3.05505e-06
1.67291e-06
1.38214e-06
-5.47383e-08
5.71045e-06
-5.71045e-06
6.45127e-06
-3.74037e-06
-2.7109e-06
-4.73297e-06
-7.94758e-07
3.99179e-06
1.89294e-06
5.46239e-06
3.11265e-08
-5.1497e-06
5.10938e-06
3.2473e-08
-5.14185e-06
4.1833e-06
5.82191e-06
-5.7837e-06
1.47271e-07
6.79807e-06
-6.01952e-06
5.26428e-06
-5.60761e-06
5.22747e-06
-1.18094e-07
4.71908e-06
-5.10632e-06
5.07942e-06
2.69074e-08
2.3892e-07
4.09726e-06
-4.33618e-06
-4.64683e-06
3.83825e-06
-3.48189e-07
4.86026e-06
6.60786e-07
-4.65198e-08
-4.49381e-06
-7.846e-07
-6.72894e-06
4.25757e-06
7.32434e-09
-5.11969e-06
-5.452e-06
-2.58647e-07
7.3026e-06
-3.94486e-06
5.24589e-08
-9.44393e-07
5.80675e-06
-4.86235e-06
-2.48104e-06
-5.7401e-07
5.08627e-06
-5.14114e-06
5.48672e-08
-5.26428e-06
5.22002e-06
2.26398e-06
3.23449e-06
-5.49847e-06
5.47264e-06
-1.03312e-06
4.54661e-07
4.85906e-06
5.36656e-06
5.19389e-07
5.85541e-07
7.10775e-07
-5.70858e-06
1.26521e-07
-4.53191e-06
5.15663e-06
-2.62489e-06
3.17094e-06
4.84284e-07
-4.76156e-06
4.27727e-06
-3.85304e-08
1.0076e-07
-4.74985e-06
-5.40226e-06
5.30329e-06
9.89619e-08
-5.18251e-06
5.3956e-07
3.38202e-06
3.06926e-06
-2.91668e-06
5.98021e-06
-3.06353e-06
5.99299e-06
-5.59483e-06
-3.9816e-07
1.49221e-07
3.68903e-06
-5.14283e-06
-5.50034e-08
5.21986e-06
7.611e-09
2.58113e-06
-9.08221e-07
6.64452e-06
-5.96974e-06
4.76424e-06
7.30239e-07
3.00395e-07
-5.29985e-06
8.06038e-07
8.1011e-08
-4.61292e-06
5.91823e-06
-4.78311e-06
4.82526e-06
-2.93693e-07
-4.59337e-06
4.88706e-06
-5.19462e-06
5.40942e-06
-6.40699e-08
-7.86952e-06
6.29111e-07
-3.3349e-08
5.09575e-06
9.85106e-08
-4.81176e-06
-5.28037e-06
5.25831e-06
2.20668e-08
6.3198e-06
-3.6703e-06
-2.6495e-06
-4.43135e-06
-3.98499e-07
4.82985e-06
-1.1921e-08
-5.22227e-06
1.12289e-07
-5.64616e-07
5.57756e-06
-5.01294e-06
-5.11325e-06
5.13861e-06
-7.42053e-06
-1.08325e-06
-7.17808e-06
6.99824e-06
1.7984e-07
4.09723e-06
2.0823e-06
4.7956e-06
4.3012e-07
-5.22572e-06
5.09618e-06
-2.09557e-07
4.109e-06
2.0505e-06
-3.6382e-06
1.15716e-06
-5.1506e-06
4.47453e-06
-5.09097e-06
-6.91507e-06
6.88997e-06
2.50992e-08
6.24664e-06
-5.01412e-06
5.09482e-06
-1.53998e-08
3.13241e-07
-4.7514e-06
4.43816e-06
-7.68189e-08
-6.83825e-06
6.17436e-06
-6.17436e-06
-2.80983e-06
5.29729e-06
-2.48747e-06
-5.099e-06
5.099e-06
5.21432e-06
-4.60978e-06
-6.04535e-07
4.84887e-06
1.15177e-06
5.43342e-06
-4.45758e-06
5.37285e-06
-6.01164e-08
-4.20612e-06
-6.73766e-07
4.87989e-06
-6.83079e-06
6.85396e-06
-2.31658e-08
6.3017e-06
-3.7935e-06
-2.5082e-06
9.20962e-07
4.51246e-06
-6.90229e-06
6.86774e-06
3.45531e-08
-1.29172e-09
-5.02628e-08
6.81132e-06
-6.76105e-06
-6.87603e-06
6.87603e-06
-8.18502e-08
5.16812e-06
7.37871e-06
-6.8785e-06
-5.00216e-07
-6.90659e-06
6.85633e-06
6.90063e-06
-6.86545e-06
-3.51781e-08
-5.02783e-06
-1.1331e-07
5.88129e-06
-7.84715e-08
6.85477e-06
-6.7763e-06
6.85692e-06
-6.86982e-06
1.29032e-08
-5.18272e-06
6.82127e-06
-9.95077e-09
-5.2742e-06
5.22709e-06
4.71173e-08
-6.81996e-06
6.84453e-06
-2.45671e-08
5.2237e-06
-5.08834e-06
-6.88833e-06
6.80986e-06
5.28282e-06
-1.6792e-06
2.51621e-06
3.29054e-06
-3.81951e-06
-2.90943e-06
-6.86442e-06
6.86442e-06
-6.89587e-06
-1.0714e-08
6.38371e-06
-1.17014e-06
-5.21356e-06
-4.50017e-06
3.05697e-06
1.72013e-07
6.83224e-06
-6.85338e-06
2.11436e-08
5.02876e-06
-5.02404e-06
-4.7206e-09
7.0451e-06
-6.86214e-06
-1.82958e-07
6.79674e-06
3.54991e-08
6.78423e-06
7.05411e-08
-1.39517e-08
-5.08505e-06
-6.29286e-06
3.46287e-06
2.82998e-06
-5.07791e-06
5.11038e-06
6.81826e-06
-2.15248e-08
7.15907e-07
4.62904e-06
3.66693e-06
-1.40295e-06
-6.8784e-06
-9.93548e-09
5.60975e-06
3.32904e-06
-5.6723e-06
-8.63986e-07
-7.00553e-06
5.11772e-06
-5.14741e-06
2.96895e-08
-2.37225e-07
-6.94086e-06
5.32899e-06
-5.9452e-08
5.92517e-06
-4.05384e-06
-1.87133e-06
-5.12881e-06
6.82865e-06
-6.82865e-06
4.88589e-06
6.31156e-08
-4.949e-06
5.25907e-06
-6.843e-06
6.83403e-06
8.97012e-09
6.79463e-06
-6.86008e-06
6.54497e-08
4.3252e-06
-5.72424e-06
-1.82345e-08
-6.79484e-06
6.81307e-06
6.77917e-06
-6.7974e-06
-2.2688e-07
7.22512e-06
-5.42832e-06
5.87977e-06
-6.1425e-06
4.26038e-06
-1.07998e-07
6.99796e-06
5.8854e-07
3.03162e-06
5.71793e-08
6.32653e-06
-1.85676e-08
5.47576e-06
-5.45719e-06
-4.65611e-08
-6.8594e-06
-4.28931e-08
5.63034e-06
-5.6339e-07
-5.06695e-06
-6.81377e-06
6.81377e-06
4.00138e-06
-3.44496e-06
-6.87023e-06
6.85224e-06
1.79919e-08
5.24679e-06
-5.24679e-06
5.10824e-06
-7.94801e-08
6.82309e-06
-6.83405e-06
1.09581e-08
-6.58655e-06
1.80118e-06
6.75587e-09
-5.06818e-06
5.06142e-06
5.49681e-06
-4.5958e-08
6.83744e-06
6.31837e-08
4.14774e-06
7.08009e-07
-4.85575e-06
6.85833e-06
-3.70584e-08
5.32776e-06
-5.32776e-06
6.81472e-06
-6.79104e-06
-2.3686e-08
-5.21092e-06
5.17243e-06
3.84874e-08
6.86683e-06
-6.846e-06
-2.08258e-08
-6.82505e-06
6.82505e-06
1.01622e-06
4.7786e-06
1.61272e-07
-4.93987e-06
-6.87079e-06
6.85291e-06
1.78726e-08
-2.53329e-08
-5.14493e-06
5.11532e-06
2.40544e-09
6.38613e-06
-1.20724e-06
-5.17889e-06
4.41197e-06
6.79743e-06
-6.81618e-06
1.87521e-08
5.25332e-06
5.61156e-06
7.91042e-08
4.80678e-06
6.97013e-06
-1.32685e-07
6.77511e-06
2.23156e-08
4.98557e-06
-4.98557e-06
-2.62489e-06
6.89331e-06
-6.83915e-06
-2.0926e-08
6.83562e-06
-6.80988e-06
-2.57451e-08
1.33661e-07
-6.96534e-06
6.83168e-06
7.16118e-07
-6.89048e-06
-6.85836e-06
6.84655e-06
1.1816e-08
4.95142e-06
-4.94872e-06
-2.70369e-09
5.21432e-06
-4.60178e-06
4.60178e-06
6.78885e-06
-1.37434e-08
-5.09023e-06
-4.7514e-06
4.7956e-06
5.28122e-06
-5.49056e-08
-1.54333e-08
5.40991e-07
-6.74237e-06
6.83449e-06
-6.83666e-06
2.1713e-09
1.63583e-07
4.78784e-06
1.57678e-07
5.47266e-06
5.14826e-06
-4.00256e-08
-6.84306e-06
6.83512e-06
7.93262e-09
6.78274e-06
-6.80167e-06
1.89275e-08
-6.83693e-06
-3.33037e-08
6.81836e-06
-6.80044e-06
-1.79172e-08
5.14831e-06
9.84822e-08
6.82261e-06
2.96337e-08
-8.57217e-09
6.80731e-06
2.78135e-08
-1.03556e-09
-5.04261e-06
-6.91106e-06
7.28108e-08
-5.11478e-06
5.11478e-06
6.31472e-08
6.32298e-06
-5.19753e-06
9.91412e-07
3.57775e-08
6.82114e-06
2.83976e-07
-4.91503e-06
4.63105e-06
4.73839e-08
6.82864e-06
6.51473e-06
-7.10538e-06
5.14349e-06
1.84271e-07
6.77917e-06
-5.25766e-08
4.83118e-06
-4.97363e-06
2.49081e-08
4.90041e-06
-7.52668e-07
-6.7961e-06
6.7961e-06
-6.83251e-06
-3.82734e-08
4.60978e-06
-4.77744e-06
1.67655e-07
-6.82864e-06
5.03297e-06
-5.02622e-06
6.81926e-06
3.36589e-08
-6.82243e-06
-6.06786e-06
4.2224e-06
-6.85155e-06
6.84015e-06
1.13948e-08
4.6584e-06
4.37771e-07
5.06818e-06
3.08241e-08
-6.77413e-06
6.82056e-06
-4.64358e-08
-5.14573e-06
5.1e-06
4.57305e-08
-6.79581e-06
2.1685e-08
5.12584e-06
-1.05261e-08
2.84084e-07
-5.29904e-06
5.01496e-06
6.79422e-06
-6.8243e-06
3.00733e-08
5.52679e-06
-5.78544e-06
6.79347e-06
-6.79273e-06
-7.41745e-10
-4.34172e-06
4.34172e-06
-5.34551e-06
5.34551e-06
-6.78567e-06
-1.01425e-08
-3.17094e-06
3.75948e-06
-6.80507e-06
6.79506e-06
1.00101e-08
5.30581e-08
6.81136e-06
4.24376e-06
-3.75948e-06
-4.24376e-06
4.48268e-06
4.50537e-06
-5.17913e-06
6.21229e-06
-3.68133e-06
-2.53096e-06
-6.82944e-06
-2.89265e-08
-9.84768e-07
-4.48268e-06
5.46745e-06
6.82088e-06
2.56632e-08
-5.16768e-06
4.78934e-06
6.84046e-06
-6.82664e-06
-1.38189e-08
-6.80032e-06
-5.12141e-06
5.14453e-06
-1.58962e-07
-1.82127e-08
6.83648e-06
6.80788e-06
-5.06142e-06
-6.97014e-06
-4.08963e-06
5.22572e-06
-1.13609e-06
-6.77036e-06
-2.44786e-08
6.79903e-06
8.28394e-09
3.96522e-06
-4.05057e-06
8.53435e-08
7.80052e-09
4.77744e-06
-4.96935e-06
1.91913e-07
3.13301e-06
3.18679e-06
-6.82636e-06
-2.51921e-08
-5.17008e-06
6.76913e-06
-6.76348e-06
-5.64934e-09
6.8182e-06
2.19504e-08
-6.83794e-06
6.83059e-06
7.34897e-09
5.22684e-06
5.14831e-06
-6.78649e-06
6.77165e-06
1.48394e-08
6.83439e-06
-6.83139e-06
-3.00028e-09
-5.08258e-06
5.14349e-06
6.78328e-06
-6.78328e-06
2.6994e-08
6.84075e-06
-4.28311e-06
-9.14426e-07
6.79752e-06
-3.30136e-09
-8.73987e-07
4.64343e-06
-3.76944e-06
6.78009e-06
-6.77422e-06
-5.86954e-09
2.0747e-08
6.8079e-06
6.76777e-06
-6.77379e-06
6.01335e-09
-6.84686e-06
-6.82225e-06
-4.10853e-06
5.86891e-09
6.82816e-06
-7.15577e-09
-6.80379e-06
6.81094e-06
-6.78374e-06
6.76894e-06
1.47976e-08
-6.82608e-06
-1.1855e-08
-5.16736e-06
-4.99032e-06
1.66946e-08
6.81913e-06
1.146e-08
-6.77759e-06
6.77473e-06
2.86254e-09
-6.78225e-06
2.54878e-08
6.75676e-06
6.82404e-06
1.64134e-08
-6.80293e-06
-2.37083e-08
-4.96218e-06
-2.33821e-08
6.82069e-06
-6.8249e-06
4.20411e-09
6.78021e-06
-6.78736e-06
-6.79419e-06
6.78482e-06
9.37105e-09
6.77726e-06
-6.77177e-06
-5.49119e-09
5.11028e-06
4.4993e-09
6.82295e-06
1.14337e-08
-6.81344e-06
-1.79465e-08
-6.83845e-06
5.14453e-06
-6.7809e-06
6.76739e-06
1.35126e-08
4.5007e-06
-4.79439e-06
-6.76177e-06
6.78712e-06
-2.53524e-08
6.78272e-06
-6.79284e-06
1.01187e-08
-1.65482e-08
-6.81951e-06
-6.57023e-09
-1.7672e-08
-6.01995e-06
4.27103e-06
-1.16302e-08
6.78021e-06
-1.12324e-08
-7.22791e-09
-6.82526e-06
5.74757e-09
2.60984e-06
5.73436e-06
-8.3442e-06
-1.41309e-06
6.82075e-06
-5.09315e-11
-6.8079e-06
1.25593e-08
6.80121e-06
-6.81203e-06
-1.28634e-08
-5.1272e-06
-6.83205e-06
6.78982e-09
2.38432e-08
6.79925e-06
-1.07417e-09
3.22746e-08
-6.71645e-06
6.68417e-06
6.83015e-06
-6.82666e-06
-3.48547e-09
-5.21878e-06
9.3567e-07
6.81699e-06
-6.80505e-06
-1.19415e-08
-6.82149e-06
-5.05792e-06
-2.66695e-07
6.77583e-06
-6.77048e-06
-5.35183e-09
3.55816e-08
-6.72284e-06
6.68725e-06
-6.82844e-06
6.81572e-06
1.2725e-08
-5.16298e-06
5.12036e-06
4.26167e-08
6.00217e-09
-6.82838e-06
-3.66851e-09
-5.19172e-06
1.07698e-06
4.11474e-06
-6.81947e-06
-8.97837e-09
6.8279e-06
2.243e-09
-6.81672e-06
-9.93909e-09
-2.7132e-08
-6.82882e-06
4.3909e-10
-4.91046e-06
-5.73136e-07
5.4836e-06
3.92351e-06
2.86709e-08
-6.80121e-06
5.12139e-06
-2.13957e-08
-6.77547e-06
6.77547e-06
-1.31023e-08
6.82463e-06
3.27577e-09
-5.40617e-09
1.06045e-08
1.09188e-08
6.82721e-06
-2.5833e-09
4.0243e-09
6.82543e-06
-6.82549e-06
5.73935e-11
4.92659e-06
-4.92659e-06
-6.81134e-06
6.79671e-06
1.46362e-08
6.7868e-06
-6.77983e-06
-6.96502e-09
-9.57416e-09
6.82294e-06
4.27083e-09
6.82327e-06
2.16556e-09
-2.5529e-09
6.82394e-06
6.81728e-06
-6.82105e-06
3.77338e-09
-6.88306e-06
-6.79548e-06
-1.58592e-08
5.25364e-06
-6.43765e-08
6.81117e-06
6.10594e-09
5.7106e-08
6.81635e-06
-6.80888e-06
-7.47218e-09
-4.86888e-06
4.86888e-06
3.81401e-08
6.78691e-06
-6.77437e-06
6.78525e-06
-1.08759e-08
6.8149e-06
1.44538e-09
5.33565e-08
5.09491e-06
6.80684e-06
-6.80427e-06
-2.56465e-09
-6.75317e-06
-2.12035e-08
6.78759e-06
-6.79314e-06
5.55341e-09
6.80244e-06
4.39829e-09
6.81502e-06
8.25087e-09
-6.75524e-08
-6.73623e-06
-1.12744e-08
-6.00237e-07
-4.57718e-06
6.77694e-06
-6.78351e-06
6.57053e-09
2.03515e-07
4.72308e-06
6.80597e-06
-6.79959e-06
-6.38088e-09
-6.03056e-09
-1.16263e-07
-5.66248e-06
5.77874e-06
-4.92985e-06
4.9859e-06
-5.60482e-08
-6.74517e-06
6.74733e-06
-2.16348e-09
6.79813e-06
7.83411e-09
-6.77804e-06
-4.23744e-06
6.84729e-06
6.80079e-06
-6.79112e-06
-9.66414e-09
-6.80738e-06
6.80756e-06
-1.75114e-10
6.78781e-06
-6.78166e-06
-6.15363e-09
-6.59823e-07
-5.82201e-06
6.48183e-06
6.79381e-06
6.97737e-09
-6.75032e-06
5.15936e-09
6.80177e-06
-6.79305e-06
-8.71533e-09
5.11028e-06
-5.23355e-06
5.23355e-06
6.79924e-06
-6.78644e-06
-1.28013e-08
-1.31248e-08
6.80198e-06
-1.06764e-08
-5.11751e-06
6.78966e-06
9.58196e-09
-6.80676e-06
-1.27041e-08
-6.73998e-06
6.74356e-06
-3.57661e-09
6.80746e-06
3.70764e-09
1.14918e-07
6.73904e-06
-1.41529e-09
6.80111e-06
1.72515e-08
5.0941e-06
2.72919e-08
7.95953e-10
-6.74663e-06
6.6496e-09
5.19638e-07
1.88605e-08
2.19594e-07
6.78145e-06
-6.78781e-06
6.36033e-09
-6.73283e-06
6.74066e-06
-7.82819e-09
1.20491e-07
-5.10133e-06
4.98084e-06
9.11852e-07
-5.31378e-06
4.40192e-06
1.94831e-06
4.81715e-06
-4.81715e-06
6.77677e-06
-6.77677e-06
-5.58045e-06
3.11896e-09
-6.78961e-06
5.20068e-06
6.79962e-06
1.52883e-08
-1.28282e-06
-2.38472e-06
3.66754e-06
-6.74265e-06
9.81619e-09
-6.74649e-06
-2.18853e-07
2.88317e-06
-4.75753e-06
1.87437e-06
-4.65576e-09
4.60407e-08
6.74108e-06
1.84973e-08
5.10735e-06
-6.80923e-06
1.43205e-08
6.78178e-06
4.32614e-06
-5.2786e-06
9.52453e-07
4.40255e-06
-1.51939e-06
-8.47038e-09
-6.77527e-06
6.81023e-06
-6.76419e-06
-6.79075e-06
-6.72394e-06
6.71755e-06
6.38342e-09
1.49736e-09
6.79357e-06
6.76974e-06
7.03094e-09
6.18594e-06
-4.10521e-06
-2.08073e-06
-2.4198e-08
5.16768e-06
6.79172e-06
1.07143e-08
6.1836e-06
-6.84342e-06
4.58878e-08
6.74091e-06
-8.0054e-09
-6.77289e-06
-6.73179e-06
7.85091e-09
-4.94532e-06
1.5473e-08
5.19575e-06
-4.16579e-06
-1.02996e-06
6.75768e-06
-6.75827e-06
5.87981e-10
-7.86238e-09
1.9499e-06
-2.74079e-06
-2.56801e-06
5.3088e-06
6.77025e-06
-6.78067e-06
1.0423e-08
5.39511e-06
-5.33199e-06
-1.90525e-08
5.16736e-06
-4.43753e-06
3.15471e-06
6.76343e-06
-6.77023e-06
6.80182e-09
6.8023e-06
-6.75641e-06
-5.09556e-06
1.6897e-07
-5.11512e-06
5.10888e-06
6.23245e-09
4.96935e-06
-5.08562e-06
1.07713e-07
6.73682e-06
-5.16021e-06
5.00574e-06
-1.82232e-07
6.79179e-06
-6.78356e-06
-8.23225e-09
5.28842e-06
-5.05203e-06
-2.36393e-07
6.76974e-06
-4.08557e-09
-6.77351e-06
-5.00697e-06
1.66455e-08
6.27674e-07
3.84618e-06
-4.47386e-06
-6.71535e-06
6.70807e-06
7.28396e-09
6.75909e-06
2.36363e-08
-4.28087e-06
-8.98264e-07
4.9153e-08
6.73866e-06
6.7806e-06
-6.79641e-06
1.58113e-08
6.77225e-06
-1.25148e-08
-6.75097e-06
-5.29636e-06
-8.92634e-07
6.78405e-06
1.40856e-08
7.21222e-06
-1.47787e-06
-4.10215e-08
6.77728e-06
-6.73626e-06
6.77432e-06
6.27517e-09
-6.7249e-06
9.54729e-09
-6.74448e-06
-4.82477e-08
-1.29481e-08
6.68676e-06
-6.67381e-06
8.79309e-09
6.77449e-06
6.80319e-06
-6.75403e-06
-6.78178e-06
-2.55503e-08
5.17008e-06
-7.07603e-09
5.12831e-06
-2.65146e-07
-4.86316e-06
6.89295e-08
5.05938e-06
-6.69629e-06
6.68334e-06
-6.78081e-06
-1.46735e-08
4.30449e-06
8.91261e-07
-2.57325e-08
5.24495e-06
-5.21921e-06
-4.34455e-06
-3.63472e-06
4.2624e-06
-5.66794e-06
7.00488e-07
4.96745e-06
6.77162e-06
5.1624e-09
-6.77938e-06
6.72395e-08
6.74299e-06
6.76145e-06
-6.76244e-06
9.96351e-10
6.77623e-06
-6.75607e-06
-2.01632e-08
-6.78539e-06
4.44094e-09
-9.79728e-09
-5.11997e-06
5.12976e-06
9.83863e-10
6.78383e-06
-4.70681e-06
1.37763e-06
-6.77649e-06
6.77271e-06
3.78154e-09
-6.70592e-06
6.69793e-06
7.98816e-09
6.57428e-08
5.54381e-06
-5.38254e-06
4.06245e-06
-9.72255e-08
-3.51382e-08
6.78107e-06
-6.74593e-06
-6.04697e-06
3.30618e-06
6.76926e-06
5.99505e-09
-6.77777e-06
6.77631e-06
1.74975e-08
-6.33381e-06
6.36857e-08
6.27012e-06
1.05896e-08
-6.71651e-06
6.76291e-06
-6.7558e-06
-7.10998e-09
-2.13952e-07
6.80299e-06
-6.58903e-06
-1.01286e-08
-1.39021e-06
6.36617e-06
-4.97596e-06
-5.09556e-06
-5.65349e-06
6.76717e-06
-3.73971e-09
5.93524e-08
6.74294e-06
6.59741e-06
6.831e-06
-6.82577e-06
-5.22322e-09
-2.86021e-10
-5.12786e-06
5.12815e-06
-6.77105e-06
6.76646e-06
4.59296e-09
1.36774e-07
-5.09896e-06
4.96218e-06
6.78001e-06
-6.77718e-06
-2.83435e-09
-5.24982e-06
5.22408e-06
6.76006e-06
-6.75486e-06
-5.20178e-09
1.89595e-08
6.75727e-06
-7.32732e-08
6.79607e-06
-6.77542e-06
7.11713e-08
-4.99812e-06
6.77503e-06
-6.77388e-06
-1.15479e-09
6.77174e-06
3.95662e-09
-6.77443e-06
6.73708e-06
1.43174e-08
-6.7514e-06
1.61378e-09
6.77591e-06
-6.75695e-06
-1.60719e-08
-5.13099e-06
5.14706e-06
3.63797e-06
-5.35348e-06
1.71552e-06
-1.1415e-06
-5.19231e-06
-4.9732e-06
-1.11957e-06
-4.36674e-06
-6.76759e-06
3.89716e-08
6.72862e-06
-5.16231e-06
5.13099e-06
3.13255e-08
-1.57084e-06
-4.1534e-06
-6.76412e-06
6.03872e-06
-6.75013e-06
6.762e-06
-1.18739e-08
-5.64172e-06
5.6098e-07
5.08074e-06
5.38448e-06
-4.13777e-06
-1.2467e-06
-6.77374e-06
1.35612e-08
6.76018e-06
5.13898e-06
-5.07495e-06
1.41519e-08
6.74876e-06
-6.77449e-06
6.87273e-09
6.7686e-06
6.76766e-06
2.20014e-08
-1.12019e-09
-6.77267e-06
-2.18572e-08
-6.75464e-06
-6.7569e-06
5.1329e-06
-5.06921e-06
-2.87491e-08
1.44657e-06
4.4786e-06
-4.63763e-06
4.63763e-06
5.87145e-08
6.74447e-06
-7.67763e-06
-6.2466e-06
6.24632e-06
6.77682e-06
5.12918e-06
-5.0925e-06
-6.76636e-06
6.7445e-06
-5.71883e-06
5.85561e-06
6.76167e-06
-6.75577e-06
-5.90536e-09
8.17103e-09
6.76877e-06
-6.84787e-06
5.15301e-06
-5.16908e-06
-6.76448e-06
1.13115e-08
2.54711e-06
6.78105e-06
-6.77281e-06
-8.23885e-09
-6.77664e-06
6.76199e-06
-6.75635e-06
-5.63952e-09
-6.76084e-06
-6.75123e-09
6.74656e-06
-6.7259e-06
-5.17243e-06
6.21761e-06
6.75616e-06
-6.75394e-06
-2.2268e-09
-1.19155e-08
6.749e-06
-5.16231e-06
4.47387e-06
-4.84887e-06
3.75001e-07
-8.32129e-06
8.32129e-06
6.77361e-06
6.77494e-06
-1.71532e-08
1.13224e-08
-6.77309e-06
6.79652e-06
-2.34296e-08
6.75995e-06
-6.7543e-06
-5.6511e-09
-5.60975e-06
5.34305e-06
2.08219e-08
6.75646e-06
-6.77367e-06
1.82685e-08
6.7554e-06
-6.75387e-06
6.76846e-06
-6.75939e-06
-5.18713e-06
-6.76805e-06
2.25722e-08
6.74548e-06
-5.19481e-06
-1.45811e-08
5.07019e-06
-5.10885e-06
3.86668e-08
6.75109e-06
-6.75678e-06
5.69017e-09
1.24861e-07
-6.76794e-06
6.75673e-06
1.12077e-08
6.76345e-06
-4.95893e-06
-4.92386e-06
-8.31042e-08
6.7723e-06
-6.7723e-06
-3.4739e-08
5.14502e-06
-6.7686e-06
6.75869e-06
-6.75305e-06
-5.63887e-09
6.77134e-06
-3.76886e-08
-6.76276e-06
-5.03409e-06
-6.28381e-07
-5.16039e-06
4.04583e-06
-4.51895e-06
4.73121e-07
-1.0135e-06
-4.36911e-06
5.38261e-06
6.74631e-06
-6.72846e-06
4.37098e-06
-5.10133e-06
-1.45491e-08
-6.75919e-06
6.76232e-06
-6.75671e-06
-5.60835e-09
5.19519e-06
-5.22078e-06
-1.42969e-06
-9.42915e-07
2.37261e-06
-5.38931e-06
5.43438e-06
5.21395e-06
-5.14502e-06
-2.04753e-08
-5.05611e-06
5.07658e-06
-2.37253e-08
-5.01774e-06
5.04146e-06
1.69625e-08
-5.25697e-06
5.24e-06
4.80811e-08
-5.27815e-06
5.23007e-06
2.4294e-08
-5.1726e-06
5.1483e-06
-1.01552e-08
-5.06225e-06
5.0724e-06
-1.19121e-08
-5.05803e-06
5.06994e-06
3.04569e-06
-2.05201e-06
-9.93683e-07
4.49138e-06
3.2888e-08
6.74818e-06
4.95168e-06
-4.97906e-06
2.73809e-08
1.59037e-08
-6.75966e-06
6.74376e-06
6.77713e-06
-6.77713e-06
6.68739e-06
-1.6889e-09
-6.6857e-06
-2.24642e-08
-6.7439e-06
6.7582e-06
-6.75231e-06
-5.88245e-09
-4.20031e-06
-5.51543e-06
-1.2629e-07
4.42875e-06
8.59674e-07
6.7717e-06
-6.76264e-06
-9.06061e-09
-5.15473e-06
5.35578e-06
2.23999e-08
6.75351e-06
-3.71488e-06
-2.3321e-06
4.96614e-08
4.85245e-06
-4.90212e-06
-3.4648e-06
-5.85764e-07
-1.16248e-06
-7.20302e-07
1.88278e-06
5.08384e-06
5.08466e-06
5.30712e-06
5.30715e-06
5.27028e-06
5.20311e-06
-2.36701e-08
-5.09803e-06
5.1217e-06
5.10048e-06
-6.37892e-09
-2.00941e-06
6.76037e-06
-6.74446e-06
-1.66854e-07
5.43755e-06
-6.78096e-06
-4.62966e-06
5.72267e-06
6.67836e-06
5.93921e-09
-6.6843e-06
6.786e-06
-1.36967e-08
-6.77145e-06
2.42532e-08
6.74719e-06
-5.10696e-06
-5.11997e-06
5.1195e-06
-5.14317e-06
-4.6596e-06
5.63016e-06
-9.70558e-07
-1.20804e-08
-6.75597e-06
3.52878e-06
-4.40277e-06
1.11643e-08
-6.76696e-06
-6.75901e-06
-1.79821e-06
-2.63932e-06
-6.74689e-06
-1.2771e-08
5.18021e-06
1.616e-06
3.93798e-06
6.75166e-06
-6.74646e-06
-5.1984e-09
5.14758e-06
-3.40984e-06
-1.73774e-06
-2.45047e-06
1.28799e-06
-2.83993e-06
6.14611e-06
-2.463e-06
5.1204e-06
-2.6574e-06
2.05043e-09
6.7682e-06
-6.72196e-06
6.75635e-06
-6.76029e-06
3.9462e-09
-3.82704e-06
1.63273e-06
2.19431e-06
-2.25978e-08
-5.09653e-06
5.11913e-06
7.07737e-06
-3.1343e-06
-3.94307e-06
5.06403e-09
6.68232e-06
-1.47083e-06
-2.35621e-06
-4.938e-06
4.98766e-06
4.21203e-06
2.79349e-07
-4.91316e-06
-1.03728e-08
-5.10378e-06
5.11416e-06
5.27271e-06
-5.10913e-06
-3.13969e-06
-1.18979e-06
4.32949e-06
-6.74602e-06
6.74798e-06
-1.96426e-09
-4.98825e-06
5.05942e-06
6.75352e-06
-6.7579e-06
-4.51476e-06
-1.2287e-07
-6.80366e-06
6.77792e-06
-3.52284e-06
5.10438e-09
6.75689e-06
5.8943e-06
-3.25762e-06
-2.63668e-06
4.99036e-06
-9.44534e-07
5.57344e-06
-7.20982e-07
5.11126e-06
-5.13386e-06
6.74429e-06
-6.74463e-06
3.48714e-10
5.11733e-06
-5.1277e-06
6.20402e-09
-6.74086e-06
6.73466e-06
-2.84382e-06
-6.79023e-07
1.16975e-08
-5.18413e-06
-6.75987e-06
9.54303e-09
4.51476e-06
-4.77831e-06
2.63557e-07
-7.33746e-07
5.52158e-06
-2.70074e-08
-5.00709e-06
5.08021e-06
5.26891e-08
6.75179e-06
-6.74739e-06
-4.39566e-09
8.16182e-09
6.76158e-06
3.4313e-06
-5.10475e-06
5.11645e-06
3.32219e-06
-1.93191e-08
-6.75213e-06
-2.57957e-06
-1.97327e-06
4.55285e-06
-4.87887e-06
-4.49958e-08
4.59985e-06
-4.14739e-06
-4.52454e-07
-9.18035e-07
5.34679e-06
-4.42876e-06
6.75614e-06
-6.75093e-06
-5.21199e-09
9.02452e-09
6.75265e-06
4.55848e-08
5.14868e-06
-5.19427e-06
4.42143e-09
-6.76019e-06
-5.05526e-06
5.07191e-06
6.75369e-06
-6.76121e-06
7.51973e-09
6.786e-06
-2.84626e-08
-4.72532e-06
-2.07103e-07
4.93242e-06
-6.79912e-06
-2.55189e-09
6.74505e-08
-5.18257e-06
-6.93129e-06
6.75094e-06
-6.74473e-06
-4.33546e-06
9.2695e-09
-1.63127e-08
-6.74877e-06
6.75211e-06
7.83663e-09
-7.03973e-06
1.10094e-09
-6.7554e-06
-3.06914e-07
-3.79894e-06
1.41422e-06
-6.76983e-06
6.76983e-06
-4.267e-06
5.20709e-06
-9.40088e-07
6.78288e-06
-4.04593e-06
5.04301e-06
-9.97079e-07
-4.36126e-06
5.27913e-06
-9.17873e-07
-5.06718e-06
-7.43691e-08
5.22089e-06
-5.14652e-06
-4.40622e-06
4.27418e-06
-1.11948e-06
6.76106e-06
-6.76995e-06
8.89594e-09
6.75992e-06
-6.76882e-06
8.89419e-09
6.75529e-06
-6.76485e-06
9.56291e-09
-7.36874e-09
-6.76057e-06
-4.06031e-06
5.1261e-06
-1.06579e-06
6.75739e-06
-6.7522e-06
-5.18563e-09
6.75553e-06
9.55565e-07
-5.41314e-06
6.75152e-06
7.16769e-09
-6.75464e-06
1.59052e-09
1.58447e-06
6.75433e-06
-6.75996e-06
5.63601e-09
1.39221e-07
5.07473e-06
-5.21395e-06
-4.9644e-06
-2.38519e-08
4.98825e-06
-6.76889e-06
-6.75417e-06
6.74544e-06
8.72532e-09
5.14738e-06
-5.07993e-06
-6.75917e-06
6.75076e-06
8.41015e-09
-5.0011e-06
4.79662e-06
2.04485e-07
-6.75994e-06
6.75176e-06
8.18019e-09
6.77063e-06
-6.76237e-06
-8.26245e-09
-5.06499e-06
5.11057e-06
-5.46503e-06
-2.94517e-06
-5.5477e-06
-1.15018e-06
5.57549e-06
-4.42531e-06
6.74552e-06
-1.8753e-08
-6.73611e-06
-5.09896e-06
5.52324e-09
-6.7624e-06
6.75687e-06
-5.40588e-06
5.14073e-06
1.07252e-08
6.76431e-06
6.7499e-06
8.30036e-09
-6.75407e-06
1.75414e-09
-5.32769e-07
-1.9177e-06
-5.16373e-06
5.08936e-06
-5.37399e-06
9.33354e-07
4.44063e-06
-1.80679e-06
-1.99215e-06
-5.12786e-06
5.35741e-06
8.28524e-07
1.70271e-09
6.74769e-06
-6.7494e-06
5.08562e-06
-5.11262e-06
-6.76572e-06
6.79772e-06
-6.77879e-06
-1.69316e-06
-1.42584e-06
3.119e-06
-4.81525e-06
-1.82863e-07
-6.80187e-06
1.08374e-08
-1.75841e-07
-5.10524e-06
5.09653e-06
8.71163e-09
5.59598e-06
-5.36604e-07
6.75806e-06
-6.75191e-06
-6.14945e-09
6.74914e-06
2.51537e-09
-6.75315e-06
6.69145e-09
6.75424e-06
-6.75647e-06
2.23682e-09
-5.94065e-09
3.14471e-09
-6.78194e-06
-4.98766e-06
-1.07896e-07
1.93055e-07
-5.59705e-06
-3.53988e-08
6.77968e-06
-6.84917e-06
-2.02262e-09
-6.73884e-06
-5.52679e-06
5.35994e-06
6.56183e-10
4.95103e-06
-5.10789e-06
5.10378e-06
4.10511e-09
-4.40115e-06
-9.12621e-07
5.16624e-06
4.84976e-06
-5.05686e-06
6.75212e-06
-6.75086e-06
-5.22847e-06
5.11338e-06
-4.54004e-06
-2.39124e-06
6.74991e-06
-4.33793e-09
-6.75201e-06
6.1836e-06
-5.1489e-06
6.83636e-07
4.46526e-06
1.06208e-06
-5.16728e-06
8.09382e-07
6.67514e-08
8.78952e-07
-5.36236e-06
4.48341e-06
1.02316e-06
-6.30376e-06
5.2806e-06
6.7503e-06
5.83956e-09
-6.50375e-09
-6.75177e-06
8.39394e-07
-5.29438e-06
4.45498e-06
-6.75288e-06
1.94851e-09
7.19893e-08
5.03689e-06
-5.74194e-06
-5.67327e-06
7.94408e-07
-4.66627e-06
5.09803e-06
-5.11489e-06
1.68536e-08
-2.16717e-08
-6.74856e-06
2.35998e-08
6.73677e-06
-3.94183e-06
-3.76372e-06
5.12848e-06
-5.12848e-06
-4.9644e-06
-4.83911e-06
-5.15473e-06
-6.71679e-06
-1.53524e-08
6.73214e-06
-4.69788e-06
-4.62328e-07
9.5348e-07
4.44745e-06
-5.40093e-06
1.00887e-06
4.22744e-06
-5.23631e-06
9.26202e-07
-5.49929e-06
4.57309e-06
4.94373e-06
5.3604e-06
-4.40483e-06
5.34305e-06
5.61034e-06
-4.94054e-06
4.97049e-06
-5.14633e-06
6.75709e-06
-6.75183e-06
-5.25973e-09
-6.53949e-06
-5.11218e-06
6.7493e-06
8.08911e-09
-6.753e-06
8.04325e-10
6.74924e-06
-2.98919e-07
6.75072e-06
-6.75764e-06
6.92165e-09
6.76225e-06
-6.73438e-06
1.11728e-07
-4.18976e-06
4.07803e-06
5.20715e-09
5.18999e-06
4.95013e-08
5.56084e-06
5.7352e-06
-4.87743e-06
-4.09031e-06
-1.05859e-06
3.41909e-07
4.64845e-06
-5.23027e-06
-6.7554e-06
6.75627e-06
-8.75728e-10
5.24982e-06
-5.35994e-06
1.10122e-07
-5.3503e-06
9.49151e-07
-7.31722e-06
1.01772e-06
6.29951e-06
6.75879e-06
3.23498e-06
4.50744e-06
6.76332e-06
-6.76332e-06
-2.356e-06
8.51566e-09
5.07473e-06
-5.17189e-06
2.2891e-08
5.149e-06
-6.75219e-06
-6.76158e-06
6.74927e-06
8.79239e-09
-6.75208e-06
1.66432e-10
6.743e-06
-1.50528e-10
-6.75656e-06
-5.27656e-06
4.80914e-08
5.25987e-06
-4.42048e-06
-4.03361e-06
4.95073e-06
-6.77069e-06
5.48167e-06
-4.41959e-06
5.28218e-06
-4.40323e-06
5.4301e-06
-4.40694e-06
-7.12781e-09
6.75342e-06
-6.78043e-06
5.15905e-06
-5.08706e-06
-4.96698e-06
4.96764e-06
-6.73804e-06
-3.14037e-09
6.74118e-06
1.11397e-06
5.13235e-06
-1.37424e-08
-6.7487e-06
8.94632e-08
5.03972e-06
-3.24873e-06
2.48728e-06
7.61453e-07
-5.10524e-06
5.30998e-06
-4.3565e-06
5.34713e-06
-4.33826e-06
5.3535e-06
-4.4273e-06
5.12168e-06
6.21502e-08
-5.73542e-06
6.84342e-06
-6.56124e-06
-7.55977e-07
5.13372e-06
-5.13372e-06
4.53296e-06
-6.86776e-07
-3.14527e-06
2.46624e-06
4.4543e-06
8.92492e-07
6.75051e-06
6.58316e-09
6.81651e-06
-6.77018e-06
-4.63283e-08
-6.75254e-06
7.09733e-10
-6.75712e-06
6.74842e-06
-6.75392e-06
5.50228e-09
-5.12019e-06
6.40816e-08
-5.11053e-06
9.27883e-08
-5.12041e-06
-1.36558e-07
-5.07777e-06
-2.00377e-07
-5.27265e-06
1.00053e-07
-5.19652e-06
1.3427e-07
-5.18567e-06
1.2764e-07
-9.29596e-09
6.74622e-06
-6.73692e-06
-6.75737e-06
1.07442e-08
-1.46452e-08
6.80065e-06
6.74898e-06
-6.75713e-06
8.14264e-09
-6.15011e-06
1.17691e-06
-2.10372e-09
4.31789e-06
1.75766e-07
-5.43899e-06
5.26323e-06
-5.88994e-06
3.74511e-07
6.76077e-06
-6.75519e-06
-4.56468e-06
4.84403e-06
4.90636e-09
-6.7603e-06
6.74116e-06
9.77364e-09
5.1181e-06
-5.1181e-06
-4.938e-06
3.17317e-06
4.57859e-06
1.20368e-09
-6.74584e-06
-5.10789e-06
-2.9969e-08
-3.28555e-06
1.22011e-05
-8.91552e-06
-3.99176e-06
-4.96722e-06
8.95898e-06
-6.74515e-06
6.74513e-06
2.27878e-11
5.13471e-06
-5.12951e-06
4.9791e-06
-4.9296e-06
-5.11416e-06
5.11465e-06
-4.95946e-10
4.7038e-06
-4.59207e-06
1.74042e-06
-1.66497e-06
-7.54565e-08
-5.52814e-06
4.35648e-07
-9.4524e-07
5.04705e-06
-4.47204e-07
1.25821e-09
-5.8912e-06
6.74442e-06
1.92035e-09
-6.74931e-06
5.22684e-06
5.27574e-06
5.11292e-06
-3.63447e-06
3.18552e-06
-4.653e-06
6.75479e-06
-6.75218e-06
-9.45653e-07
-4.40465e-06
-1.67127e-08
-6.9433e-06
7.96102e-06
4.29232e-06
9.36656e-07
-5.22898e-06
-8.75058e-06
6.76067e-06
5.11047e-06
-4.97563e-06
-6.74092e-06
-6.74634e-06
6.75516e-06
-8.82364e-09
5.35578e-06
4.76161e-06
-4.85884e-06
-4.38606e-06
5.15171e-06
-7.65652e-07
-3.09912e-08
6.70935e-06
6.74804e-06
-6.75343e-06
5.38353e-09
-1.34516e-08
-5.5196e-06
5.6067e-07
-5.07668e-06
-3.21708e-08
-3.29307e-09
-2.75293e-09
-2.52716e-09
-2.54662e-09
-3.253e-09
-3.73875e-09
-2.701e-09
-2.78196e-09
-3.27237e-09
5.35916e-09
6.77751e-06
3.9001e-08
-5.22526e-06
6.4863e-08
-5.11489e-06
5.05686e-06
-5.19063e-06
-6.75342e-06
6.75189e-06
-1.64786e-08
6.75104e-06
4.68864e-06
8.86847e-07
-1.19999e-07
5.29256e-06
-3.98291e-06
-5.22408e-06
6.17706e-08
1.0644e-06
-6.38985e-06
7.45794e-07
-4.45174e-06
3.70595e-06
7.84047e-07
-5.21982e-06
4.43577e-06
7.4969e-07
-5.05318e-06
4.30349e-06
1.27216e-06
-6.08392e-06
6.26285e-07
-4.7805e-06
4.15421e-06
1.93612e-06
-5.43447e-06
3.47656e-08
-5.19817e-06
9.31172e-07
-1.54881e-09
6.76261e-06
-5.00419e-06
9.58258e-07
-2.04181e-09
6.76197e-06
-6.75402e-06
-5.27726e-06
9.15997e-07
-6.75511e-06
2.16465e-09
6.75313e-06
-6.75134e-06
9.29035e-07
-5.29814e-06
-5.07757e-06
-5.07204e-06
-5.07329e-06
-5.05571e-06
-5.17369e-06
-5.16961e-06
-5.12405e-06
5.82929e-06
-4.11377e-06
6.75592e-06
-6.75213e-06
5.10993e-06
1.32394e-06
-5.51928e-06
4.98464e-06
-4.98674e-06
-6.74061e-06
-1.0885e-06
5.08028e-06
-1.07351e-06
5.63549e-06
-5.8443e-08
-6.67439e-08
-8.04061e-08
-8.78997e-08
1.65145e-07
-5.44222e-06
1.48231e-07
-5.44507e-06
2.11985e-07
-5.53591e-06
-6.7366e-06
-6.73569e-06
1.28277e-10
6.74531e-06
6.80066e-09
6.74396e-06
-4.44611e-06
-5.14467e-06
2.71627e-08
-5.20354e-06
8.21312e-08
-5.22675e-06
8.18189e-08
-5.21922e-06
9.04089e-08
-5.24981e-06
6.70818e-08
-5.23207e-06
8.14672e-08
-5.24888e-06
5.42639e-08
5.16019e-06
1.36622e-07
-5.29682e-06
6.74544e-06
-6.75091e-06
1.14565e-08
6.74031e-06
-1.85731e-07
6.54111e-10
-5.22143e-06
-5.02522e-06
-6.75142e-06
5.08762e-09
6.74693e-06
8.22684e-09
1.41996e-08
5.12374e-06
-5.13794e-06
1.7757e-07
-1.78479e-07
4.9751e-06
6.21725e-06
3.65639e-10
-4.96521e-06
-1.3857e-08
-5.05179e-06
-7.19471e-08
5.12374e-06
5.73535e-06
-1.05192e-07
6.74098e-06
-6.76279e-06
2.18152e-08
1.02012e-06
-3.88018e-06
-1.03485e-06
-5.33171e-06
-5.37073e-06
9.46808e-07
-4.99048e-06
9.30168e-07
3.19261e-06
7.16823e-07
-5.77408e-06
-9.76345e-09
4.34874e-06
9.67235e-07
-5.31597e-06
-5.34279e-06
7.29398e-07
4.61339e-06
4.27766e-06
9.29425e-07
4.41412e-06
9.39374e-07
4.41759e-06
9.29541e-07
4.0902e-06
9.52806e-07
4.3779e-06
9.32076e-07
4.36764e-06
9.11491e-07
4.33731e-06
9.22562e-07
9.33058e-07
-5.35353e-06
-6.75804e-06
-4.35277e-09
-6.76274e-06
-1.03531e-08
-5.11125e-06
7.9685e-07
4.3144e-06
-4.3414e-06
-4.15098e-06
8.49238e-06
6.75299e-06
-6.06095e-09
-6.77999e-09
-6.74716e-06
6.75272e-06
-6.7951e-06
8.69732e-08
6.70813e-06
-4.23909e-06
-6.1666e-07
6.75599e-06
-6.74931e-06
4.88901e-07
-7.4322e-06
4.22376e-06
9.02341e-07
5.06999e-06
4.79809e-06
7.62747e-07
5.2794e-06
-8.25102e-07
1.54432e-07
-4.83522e-06
4.68079e-06
-5.16944e-06
8.04879e-07
-5.27671e-06
4.47183e-06
-6.99337e-08
5.13701e-06
-9.55492e-08
5.10117e-06
1.3883e-07
5.10494e-06
1.25133e-07
5.03711e-06
1.11197e-07
5.18966e-06
-1.17258e-07
5.18153e-06
-1.11584e-07
5.14161e-06
1.7445e-08
4.99236e-06
-6.46002e-09
-5.11509e-06
3.84079e-08
6.03201e-08
6.76478e-06
-6.76164e-06
-5.11015e-06
4.51622e-08
3.127e-08
4.33014e-06
-5.21976e-06
8.89628e-07
-4.47715e-06
4.95027e-06
-1.02624e-08
-5.97975e-06
8.07859e-07
4.77736e-06
6.98401e-07
6.74635e-06
-6.7519e-06
5.54338e-09
-6.75041e-06
6.75041e-06
5.29797e-06
-1.00565e-06
-5.16417e-06
8.66018e-08
-5.18331e-06
1.11268e-07
-5.18676e-06
1.13464e-07
-5.12751e-06
7.18075e-08
-5.25674e-06
8.30556e-08
-5.26299e-06
9.33812e-08
-5.19587e-06
7.18235e-08
-5.12898e-06
4.90494e-08
-1.1823e-08
-6.77012e-06
2.47642e-08
6.74502e-06
7.9716e-09
-6.78483e-06
5.02346e-06
-4.92475e-06
3.80527e-06
-9.39947e-07
5.067e-06
4.35729e-08
-4.62672e-06
4.43491e-06
-5.02068e-06
6.75584e-06
4.70105e-06
-3.83157e-07
3.4164e-06
-4.57847e-06
-4.8979e-06
7.77879e-06
-7.28989e-06
4.41488e-06
-5.31562e-06
9.0074e-07
-5.28703e-06
9.30532e-07
6.72584e-06
-6.75683e-06
-5.26892e-06
9.30655e-07
-5.37148e-06
9.44184e-07
4.39443e-06
8.84975e-07
4.50845e-06
9.21647e-07
4.36013e-06
9.22046e-07
4.54296e-06
9.38712e-07
4.39599e-06
9.8662e-07
-7.48522e-06
6.75741e-06
-6.74934e-06
-6.60343e-07
5.12875e-06
6.75046e-06
-6.75189e-06
-2.19773e-06
4.67422e-09
-1.24629e-06
7.5458e-06
6.74178e-06
-6.74961e-06
7.82182e-09
-3.68531e-06
2.1286e-06
-4.79018e-06
-3.34354e-06
-1.21173e-07
6.84553e-06
9.52441e-07
-5.35709e-06
1.83977e-06
2.71308e-06
5.27853e-06
-5.01929e-06
-6.74248e-06
6.73318e-06
6.75037e-06
-6.75141e-06
-2.9941e-08
-6.76405e-06
6.75811e-06
-5.19869e-06
6.74592e-06
-4.13779e-09
-8.25743e-07
-2.64972e-06
-3.74013e-06
4.93466e-06
-5.18201e-06
-4.58313e-09
-4.8074e-06
6.75069e-06
-6.73353e-06
-5.10475e-06
4.02332e-06
3.66598e-06
-4.97049e-06
4.79201e-06
5.11681e-06
-5.11645e-06
4.80045e-06
-4.79201e-06
-8.43988e-09
-4.98084e-06
4.96698e-06
4.89569e-06
-4.96764e-06
5.12885e-06
-5.11465e-06
-4.75203e-06
4.9296e-06
-5.12885e-06
5.12951e-06
-4.9556e-06
4.59207e-06
3.6353e-07
-5.05223e-06
-6.83196e-07
6.74465e-06
-6.74998e-06
5.32805e-09
4.41075e-06
9.49647e-07
1.29766e-08
-6.26983e-07
2.81591e-06
6.75698e-06
-6.74914e-06
-7.84235e-09
9.62326e-09
-6.77236e-06
-7.2684e-10
6.76081e-06
-6.76008e-06
6.74533e-06
-4.99736e-06
-5.86025e-06
5.86151e-06
-6.7597e-06
1.52126e-08
-5.38273e-06
1.21694e-06
5.21467e-06
-5.29778e-06
6.74995e-06
6.86314e-06
-6.71543e-06
-1.47712e-07
6.74885e-06
-6.74759e-06
-5.56451e-06
-4.15237e-07
-6.77005e-06
-4.89756e-06
-4.93165e-06
3.37519e-08
-7.78577e-07
5.00748e-06
7.27872e-07
6.73546e-06
-9.08787e-07
6.7494e-06
-1.70854e-09
-6.50501e-06
-8.67053e-09
6.78659e-06
4.98464e-06
5.1217e-06
4.93466e-06
5.12815e-06
4.9791e-06
5.05942e-06
-4.98674e-06
-4.75203e-06
5.14706e-06
5.13471e-06
5.27853e-06
-4.9556e-06
5.11913e-06
4.84976e-06
-5.14633e-06
4.7038e-06
4.72308e-06
4.80045e-06
-5.11262e-06
4.89569e-06
5.11681e-06
4.19367e-06
-4.19367e-06
5.12976e-06
-6.76579e-06
-5.31998e-06
5.34287e-06
-4.40689e-06
5.35933e-06
6.74189e-06
-6.74988e-06
7.998e-09
-2.14207e-07
-6.67133e-09
-5.21106e-06
1.23628e-08
-5.23405e-07
5.10667e-06
6.27735e-09
-6.70031e-06
6.69403e-06
6.22971e-09
1.47003e-08
-6.67623e-06
2.93859e-09
6.67329e-06
3.01661e-07
-6.95849e-06
6.65683e-06
6.73721e-06
8.99469e-09
-6.7462e-06
6.73662e-06
9.30066e-09
-4.83132e-06
4.41088e-06
8.87087e-07
-6.7098e-06
-3.87143e-08
6.74851e-06
6.78876e-06
1.42231e-08
6.69754e-06
1.65596e-07
6.74652e-06
-6.74381e-06
-6.75046e-06
6.74047e-06
6.73163e-09
3.21675e-07
-6.18192e-06
-7.67304e-09
5.3293e-06
-4.36207e-06
5.1813e-06
-5.11078e-06
-7.05208e-08
6.14287e-06
-4.13299e-06
-2.00988e-06
5.82535e-06
-5.09595e-06
5.34585e-06
-4.41642e-06
5.34529e-06
-4.41412e-06
5.35127e-06
-4.4119e-06
5.34985e-06
-4.42031e-06
5.25172e-06
-4.29891e-06
5.25791e-06
-4.29966e-06
-5.45183e-07
-6.88702e-06
5.32664e-06
-4.39456e-06
5.32353e-06
-4.41204e-06
5.33161e-06
-4.41561e-06
5.33686e-06
-4.4143e-06
5.34209e-06
-4.40903e-06
-2.98941e-09
4.31196e-09
-6.7039e-06
6.69958e-06
-1.58552e-08
7.04318e-06
-1.32065e-07
-6.91111e-06
5.28211e-06
-4.29549e-06
5.35333e-06
-4.40914e-06
6.76572e-06
6.14297e-06
-4.29493e-06
-1.84804e-06
5.35161e-06
-4.42096e-06
5.32575e-06
-4.39522e-06
5.19776e-06
-4.40092e-06
5.35069e-06
-4.41734e-06
5.22285e-06
5.30881e-06
-4.42384e-06
6.7464e-06
-9.19518e-09
-5.46554e-06
4.67119e-06
7.94346e-07
-6.16103e-06
4.41988e-06
6.67364e-09
6.74152e-06
-6.74693e-06
5.41044e-09
7.77879e-06
-9.24959e-08
6.87001e-06
5.32627e-06
-4.42393e-06
-6.66925e-06
6.70483e-06
-1.26287e-08
-3.51299e-08
-6.7622e-06
5.60079e-10
-5.57465e-09
-6.83207e-06
7.13373e-06
-4.86447e-06
-5.01929e-06
-5.08121e-06
5.01503e-06
5.08738e-06
-6.28034e-06
7.15826e-07
5.34915e-06
-4.41898e-06
1.64612e-08
-9.129e-07
-6.73018e-06
-4.30979e-09
6.73449e-06
3.85566e-07
-5.18201e-06
-5.12678e-06
5.15237e-06
-2.55882e-08
5.96584e-06
-5.06474e-06
-1.19394e-07
-7.10643e-06
5.42111e-06
-6.14332e-07
5.22057e-06
6.74536e-06
-6.74119e-06
6.74911e-06
6.74512e-06
-6.74339e-06
-5.07622e-06
5.06643e-06
9.78339e-09
-4.81279e-06
-2.63157e-08
5.47187e-06
-4.58224e-06
5.23245e-06
1.12426e-08
-4.40745e-06
5.48234e-06
-4.55331e-06
-4.74768e-06
5.36266e-06
-4.42395e-06
5.35518e-06
-4.43313e-06
5.32418e-06
-4.40253e-06
5.3605e-06
-4.50083e-06
-5.12746e-06
5.20457e-06
-7.71134e-08
4.66348e-08
-1.28894e-09
4.92715e-06
-9.59744e-08
5.4064e-06
-4.50566e-06
5.32176e-06
-4.42927e-06
-6.73912e-06
6.74812e-06
-6.7797e-06
6.78763e-06
1.12248e-08
9.00691e-06
-7.9692e-06
4.99247e-06
-4.79942e-06
5.56389e-06
-5.63382e-06
5.01759e-06
-4.95351e-06
5.09813e-06
-5.01153e-06
5.51037e-06
-5.60592e-06
4.82707e-06
-4.73428e-06
5.06495e-06
-4.95368e-06
5.34069e-06
-5.20186e-06
6.106e-06
-6.24256e-06
5.08471e-06
-4.97125e-06
5.35192e-06
-5.22678e-06
6.06295e-06
-6.26332e-06
4.83119e-06
-4.75938e-06
4.91699e-06
-4.80579e-06
5.20429e-06
-5.10423e-06
5.46624e-06
-5.38319e-06
5.88042e-06
-5.99768e-06
5.02698e-06
-4.89271e-06
5.44904e-06
-5.35566e-06
5.85296e-06
-5.96455e-06
5.01148e-06
-4.88384e-06
5.37316e-06
-5.30134e-06
5.45156e-06
-5.43412e-06
5.27673e-06
-5.21641e-06
5.33425e-06
-5.2852e-06
5.39278e-06
-5.39924e-06
5.2141e-06
-5.19863e-06
5.11732e-06
-5.07866e-06
5.10997e-06
-5.07157e-06
-9.5813e-09
5.10688e-06
-5.06331e-06
-6.74208e-06
-5.66295e-10
5.10496e-06
-5.0598e-06
6.74697e-06
-6.74011e-06
5.10335e-06
-5.05067e-06
5.09257e-06
-5.0613e-06
7.04318e-06
8.17316e-09
5.09396e-06
-5.06667e-06
-6.73572e-06
-2.70728e-08
-6.74271e-06
6.74271e-06
-6.77542e-06
3.97067e-08
-5.11959e-06
5.10329e-06
-5.05756e-06
6.74633e-06
-5.95866e-06
-2.60949e-07
7.19078e-09
6.74154e-06
-6.74034e-06
-6.96413e-06
6.83965e-06
-6.80065e-06
-6.68197e-06
-9.34572e-08
5.44627e-06
5.09676e-06
-5.072e-06
1.87402e-08
-3.7893e-08
-3.22464e-08
5.38071e-06
-4.49386e-06
3.21715e-08
-6.73896e-06
6.74678e-06
5.49137e-06
-4.56745e-06
5.07649e-06
-5.08702e-06
6.76108e-06
-6.76392e-06
-6.82428e-06
-1.92629e-06
-6.74047e-06
6.74013e-06
-7.28989e-06
6.76789e-06
4.86921e-06
8.65989e-07
-6.88355e-06
6.94066e-06
2.00593e-06
3.30287e-06
7.9692e-06
-7.34009e-06
6.83965e-06
5.89959e-09
4.05622e-09
-6.76798e-06
1.61214e-08
6.75192e-06
6.73591e-06
1.03022e-08
-6.94066e-06
7.1205e-06
-4.88754e-09
6.73728e-06
9.12546e-09
5.10618e-06
-5.0765e-06
-4.49595e-07
-6.88355e-06
3.12658e-09
-6.69043e-06
6.68731e-06
6.85845e-06
-6.78564e-06
-6.80792e-06
-6.85845e-06
5.36904e-06
-4.41659e-06
6.77165e-06
-2.50162e-08
-1.11957e-08
6.78285e-06
-6.77664e-06
8.85684e-07
-6.75929e-06
6.75822e-06
7.1205e-06
7.34009e-06
6.75929e-06
-6.76924e-06
-6.79854e-06
-2.20154e-08
3.80618e-08
-6.74786e-06
-6.78344e-06
6.75975e-06
6.75822e-06
-6.75967e-06
-6.79277e-06
6.78564e-06
-6.73928e-06
6.7475e-06
6.73959e-06
6.79277e-06
6.76966e-06
-6.76924e-06
-6.79126e-06
-3.94815e-08
6.81442e-06
-6.74388e-06
6.7475e-06
6.04779e-09
-6.75355e-06
8.36147e-09
6.7613e-06
6.77823e-06
-1.39197e-08
-6.81442e-06
6.79126e-06
6.74591e-06
1.59749e-09
6.76563e-06
6.75218e-06
-6.74388e-06
-6.78336e-06
1.09969e-08
-6.74792e-06
8.40345e-09
-6.74753e-06
-6.80923e-06
6.75589e-06
-8.68526e-09
6.70579e-06
-6.6971e-06
6.75086e-06
1.32254e-09
6.74375e-06
8.24948e-09
-6.74721e-06
6.74738e-06
-3.62825e-09
7.69765e-09
-4.67087e-09
6.74947e-06
-6.7448e-06
6.74743e-06
-5.64126e-11
-6.74597e-06
6.73715e-06
6.73977e-06
-6.7434e-06
9.36154e-09
-6.27894e-10
6.69583e-06
-6.69521e-06
6.75037e-06
-6.75722e-06
-2.84003e-09
6.75027e-06
-6.74753e-06
6.74453e-06
-9.8991e-09
6.74416e-06
-6.73426e-06
-6.75436e-06
-6.73834e-06
6.7432e-06
-4.85667e-09
6.75127e-06
1.06334e-08
5.88498e-09
6.75454e-06
-3.26858e-09
6.74266e-06
-6.76201e-06
6.76236e-06
-6.73782e-06
6.74318e-06
6.74126e-06
-6.74722e-06
8.88165e-09
6.74015e-06
-6.73971e-06
6.74015e-06
-6.73601e-06
6.75218e-06
8.93679e-09
6.73417e-06
-6.73943e-06
-5.04717e-09
6.74771e-06
-6.74714e-06
6.75134e-06
-3.64881e-09
6.73581e-06
-6.73908e-06
6.74442e-06
-6.73969e-06
6.73969e-06
-6.73986e-06
4.29254e-09
6.73528e-06
-6.74143e-06
8.27032e-09
-2.66088e-09
6.74846e-06
-4.04034e-09
6.73781e-06
-6.74059e-06
8.71601e-09
6.73708e-06
-6.74226e-06
6.74255e-06
-3.61635e-09
6.73869e-06
-6.74139e-06
6.7473e-06
-3.80696e-09
1.47908e-08
6.7376e-06
-6.74281e-06
6.74667e-06
-4.11958e-09
6.73937e-06
-6.74311e-06
6.75132e-06
-3.62166e-09
-3.51146e-09
6.74392e-06
6.73924e-06
-6.74444e-06
-6.7472e-06
6.74372e-06
6.74133e-06
-6.74459e-06
-3.57277e-09
-3.79131e-09
5.84962e-09
6.74047e-06
-6.74632e-06
1.85103e-08
6.74304e-06
-6.74893e-06
6.74784e-06
-3.9155e-09
6.74218e-06
-6.74557e-06
6.74302e-06
1.43295e-08
-6.74704e-06
6.7414e-06
-3.44002e-09
-3.86761e-09
-6.7463e-06
6.74377e-06
-6.73331e-06
6.73331e-06
-6.73528e-06
-4.63386e-11
6.74752e-06
-6.74747e-06
-4.11156e-09
1.9061e-08
-3.10731e-09
-1.54254e-09
6.7398e-06
-5.26055e-12
-3.27018e-09
-4.16607e-09
-5.90635e-09
-1.71457e-08
6.74664e-06
-6.72949e-06
-6.78133e-06
-6.72557e-06
6.72557e-06
-6.72871e-06
-6.744e-06
6.74228e-06
1.71864e-09
2.07403e-08
-9.08448e-10
-6.75217e-06
8.17066e-09
6.7178e-06
-6.72211e-06
6.7178e-06
1.27824e-08
-6.7493e-06
3.82215e-09
1.06251e-08
6.73266e-06
-6.72824e-06
-4.4187e-09
6.73266e-06
-6.73178e-06
6.73453e-06
-2.75638e-09
6.73178e-06
8.84376e-10
-6.72824e-06
-6.72982e-06
1.58035e-09
6.75247e-06
-6.74065e-06
6.75247e-06
-8.91552e-06
6.75903e-06
-6.74104e-06
-6.74049e-06
6.74049e-06
6.80793e-06
-6.74248e-06
6.75903e-06
6.80793e-06
-6.73946e-06
6.73946e-06
6.7399e-06
-6.7399e-06
6.74248e-06
-6.84686e-06
-6.74237e-06
6.74037e-06
-6.74037e-06
-6.73959e-06
6.73959e-06
-6.72211e-06
6.67983e-06
-6.67983e-06
6.73453e-06
6.73208e-06
-6.73208e-06
6.74013e-06
6.74084e-06
-6.74084e-06
-6.7974e-06
-6.73982e-06
6.73982e-06
-6.78336e-06
-6.73986e-06
-6.72871e-06
-6.73528e-06
6.72492e-06
-6.72492e-06
6.75053e-06
-6.75053e-06
-6.73985e-06
6.73985e-06
-6.73956e-06
6.73956e-06
-6.91111e-06
-6.78043e-06
-6.73974e-06
6.73974e-06
-6.72982e-06
-6.74104e-06
6.74065e-06
-6.75188e-06
-6.73971e-06
6.73946e-06
-6.73946e-06
-6.73892e-06
6.73892e-06
6.75871e-06
-6.74772e-06
-6.75871e-06
6.74772e-06
-6.75188e-06
-7.1332e-09
1.16725e-08
-6.74605e-06
-6.74122e-06
6.75011e-06
-6.14694e-09
6.76265e-06
-6.78129e-09
-6.75587e-06
-6.74089e-06
6.75151e-06
6.75552e-06
6.76719e-06
-6.74969e-06
8.47241e-09
6.76132e-06
9.22743e-09
-6.73258e-06
6.74214e-06
6.76701e-06
1.89338e-08
6.76087e-06
5.35156e-09
-5.17405e-09
-6.72342e-06
6.72724e-06
6.76622e-06
6.76073e-06
-6.72152e-06
6.72969e-06
1.87197e-08
6.76532e-06
6.76015e-06
-5.72271e-09
6.70291e-06
-6.69719e-06
6.75863e-06
1.51527e-09
1.03649e-08
-6.76556e-06
6.75328e-06
-6.72842e-06
6.7412e-06
-9.23781e-10
1.27563e-09
6.76364e-06
-6.72161e-06
6.74235e-06
6.76272e-06
-6.73709e-06
6.74264e-06
1.95903e-08
8.58758e-09
6.76667e-06
-5.26094e-09
6.71335e-06
-6.70809e-06
6.77268e-06
6.78127e-06
-6.74324e-06
6.73997e-06
6.75591e-06
-1.95258e-08
6.76061e-06
-6.74257e-06
6.74166e-06
6.76343e-06
7.17595e-11
2.66143e-09
-6.72388e-06
6.74294e-06
6.74391e-06
-6.73726e-06
6.74362e-06
1.7783e-08
6.74657e-06
-5.67459e-09
6.72252e-06
-6.71685e-06
-6.74411e-06
6.7382e-06
6.7549e-06
-8.32684e-09
-1.75291e-08
6.75844e-06
6.61307e-09
6.76053e-06
6.75357e-06
-6.74227e-06
6.74227e-06
6.76018e-06
1.35306e-09
6.74265e-06
-6.72549e-06
6.744e-06
-6.74414e-06
6.74103e-06
6.74489e-06
-6.73604e-06
6.74646e-06
1.67711e-08
6.65303e-09
-7.96599e-09
6.7339e-06
-6.72593e-06
6.75157e-06
-6.68332e-09
6.75822e-06
-1.2744e-08
6.75207e-06
-6.74498e-06
6.74154e-06
-6.49755e-09
-6.73681e-06
6.75114e-06
6.75899e-06
9.64792e-09
5.99916e-09
6.74625e-06
-6.74449e-06
6.75461e-06
8.5853e-09
7.88969e-09
-6.744e-06
6.75225e-06
-6.65542e-09
6.74331e-06
-6.73665e-06
6.74033e-06
-6.7459e-06
6.74233e-06
-6.74111e-06
-6.74964e-06
6.73506e-06
6.74583e-06
2.78148e-09
4.96208e-09
6.73666e-06
9.16985e-09
-6.72726e-06
6.74205e-06
-6.73329e-06
6.74201e-06
6.73945e-06
-7.79974e-09
6.7464e-06
-6.7386e-06
6.74734e-06
-6.73462e-06
6.74334e-06
-6.74652e-06
6.7429e-06
8.76654e-09
5.04089e-09
6.75272e-06
6.74752e-06
7.38837e-09
6.75256e-06
-6.73499e-06
6.7434e-06
6.74606e-06
-6.65084e-09
6.75057e-06
-6.74318e-06
6.7516e-06
-6.74693e-06
6.74331e-06
8.35151e-09
-6.737e-06
6.74527e-06
5.33164e-09
6.74596e-06
-6.73882e-06
6.747e-06
-6.31196e-09
6.39621e-09
6.74855e-06
-6.74215e-06
6.7513e-06
6.74465e-06
6.45823e-09
-6.73705e-06
6.74134e-06
-6.7462e-06
5.01899e-09
6.74997e-06
-6.74886e-06
-6.73446e-06
6.74334e-06
6.74437e-06
9.94888e-09
6.74938e-06
6.74307e-06
-6.75801e-06
6.7615e-06
-3.48693e-09
1.79214e-09
6.73975e-06
6.88112e-09
6.7461e-06
-6.73922e-06
6.74848e-06
-6.71347e-06
6.73275e-06
-1.9281e-08
6.74409e-06
-6.7343e-06
6.74323e-06
-2.73676e-09
9.04372e-09
6.7372e-06
-6.74565e-06
8.45297e-09
6.74588e-06
-6.73546e-06
6.74609e-06
-6.74163e-06
6.72982e-06
1.18093e-08
6.74314e-06
-6.73987e-06
6.74801e-06
-6.78264e-06
6.78201e-06
7.77479e-09
-9.24609e-09
-6.70422e-06
6.74734e-06
-4.19406e-09
-6.22103e-09
-6.73717e-06
6.46559e-09
6.73689e-06
-6.74336e-06
6.74511e-06
-2.08132e-08
6.7452e-06
-9.28984e-09
6.75383e-06
-8.71603e-09
1.55302e-09
-6.74318e-06
6.74105e-06
-9.9401e-09
6.7537e-06
-6.73622e-06
-9.74414e-09
-6.74017e-06
6.74606e-06
-6.76049e-06
6.73595e-06
2.45372e-08
6.74752e-06
-6.75018e-06
6.73396e-06
1.62168e-08
-9.37062e-09
6.73919e-06
-6.74293e-06
6.73605e-06
6.88125e-09
-6.74027e-06
6.74963e-06
6.73758e-06
-5.83982e-09
6.74299e-06
-1.18267e-08
6.74649e-06
-5.78556e-09
6.73913e-06
-6.74137e-06
6.74937e-06
-6.28954e-09
6.73965e-06
-5.21371e-10
6.73028e-06
6.72826e-06
6.71558e-06
1.26816e-08
-6.74395e-06
6.75165e-06
6.70375e-06
-6.74341e-06
6.75167e-06
-8.26489e-09
-6.74272e-06
6.74437e-06
-1.65292e-09
-5.418e-09
-6.76409e-06
6.7528e-06
1.12955e-08
6.72383e-06
-2.00772e-08
2.74007e-08
6.65979e-06
-6.68719e-06
-6.7459e-06
6.75415e-06
-6.73905e-06
6.72916e-06
9.89174e-09
-6.74999e-06
8.88031e-09
6.74534e-06
-6.76786e-06
2.25149e-08
6.71409e-06
-9.85265e-09
-6.7328e-06
6.74265e-06
6.81136e-06
5.77581e-09
-3.43585e-09
-6.73487e-06
6.73831e-06
6.74149e-06
-6.73964e-06
6.73535e-06
4.29466e-09
6.73565e-06
-6.75533e-06
6.74665e-06
-6.74591e-06
6.75447e-06
-8.55603e-09
6.73919e-06
-3.54135e-09
-7.59009e-09
-6.72899e-06
6.73658e-06
6.73666e-06
2.53256e-09
-6.7486e-06
6.757e-06
-6.74829e-06
6.75761e-06
-9.32488e-09
-6.74039e-06
6.7306e-06
9.78732e-09
6.72907e-06
6.68399e-06
-2.42046e-08
-5.87196e-09
-2.12095e-08
6.72563e-06
6.73913e-06
-6.92489e-09
-6.75065e-06
6.76165e-06
6.68045e-06
6.71401e-06
1.1619e-08
-4.85419e-08
-6.72483e-06
-4.99592e-09
-6.72483e-06
-6.69756e-06
6.69756e-06
-1.77244e-08
6.7058e-06
8.20975e-09
6.95688e-09
2.57611e-08
6.66752e-06
-6.69328e-06
-6.7395e-06
6.73095e-06
8.55083e-09
-6.74971e-06
6.76001e-06
-6.73362e-06
-6.02626e-09
-4.60183e-09
6.7387e-06
-6.7341e-06
5.06698e-06
-6.73959e-06
6.73013e-06
9.46318e-09
-6.74061e-06
6.73142e-06
9.19349e-09
6.7248e-06
-1.9001e-08
6.71495e-06
-6.76388e-06
6.74071e-06
-6.73517e-06
6.73802e-06
-2.8514e-09
1.64902e-09
-6.27386e-09
6.74162e-06
6.73487e-06
5.84115e-09
-6.72575e-06
6.72575e-06
5.92195e-09
-6.74174e-06
6.73582e-06
-6.74109e-06
6.74157e-06
-6.69991e-09
2.48467e-08
6.82091e-06
-6.76291e-06
6.77329e-06
-1.03747e-08
6.73697e-06
-6.73814e-06
6.73038e-06
7.75954e-09
-6.74964e-06
8.55369e-09
6.74289e-06
6.76453e-06
5.08149e-09
6.74076e-06
-6.73415e-06
-6.61145e-09
6.748e-06
-6.75514e-06
7.13971e-09
-2.81901e-08
9.21309e-10
6.73686e-06
-2.48954e-08
6.70662e-06
-3.91072e-08
-6.76335e-06
6.77857e-06
-1.52191e-08
-6.73127e-06
6.72607e-06
5.1987e-09
6.69992e-06
6.74249e-06
-5.62309e-09
6.05891e-09
-6.74212e-06
6.73606e-06
-4.18203e-08
6.73371e-06
7.05454e-09
-6.73695e-06
6.73115e-06
5.80277e-09
6.73621e-06
6.73924e-06
-6.73387e-06
6.73842e-06
-4.54559e-09
6.74215e-06
-6.3301e-09
-6.73043e-06
6.73825e-06
-7.8243e-09
-4.46969e-08
6.85456e-06
-6.72605e-06
-8.18722e-08
6.74227e-06
6.73563e-06
5.90272e-09
-6.74153e-06
6.73653e-06
-6.73237e-06
6.71445e-06
1.79212e-08
7.46932e-09
1.86571e-06
4.99052e-06
-6.85623e-06
-6.72302e-06
-9.34841e-09
-5.59066e-09
6.73566e-06
-5.6871e-06
-6.87569e-09
6.74059e-06
6.74094e-06
-5.31466e-09
-6.73603e-06
6.73625e-06
-2.20256e-10
-4.41246e-06
6.74156e-06
5.93671e-09
6.73501e-06
-6.76546e-06
6.77977e-06
-1.43071e-08
-1.22605e-10
-2.70426e-08
-6.17636e-06
-8.28983e-07
6.73469e-06
-6.76905e-06
6.79515e-06
-2.60934e-08
-6.76841e-06
6.77747e-06
-9.06104e-09
-6.76152e-06
6.74062e-06
6.74949e-06
6.74949e-06
6.76873e-06
-6.76873e-06
-6.75547e-06
-5.47076e-09
6.76865e-06
-6.73898e-06
8.55802e-09
6.73627e-06
-6.71651e-06
-1.97625e-08
1.2384e-08
-6.76335e-06
5.60412e-09
-6.73715e-06
6.73154e-06
6.73304e-06
7.58702e-09
-9.96192e-09
-6.7351e-06
6.74359e-06
-8.49744e-09
-6.72967e-06
6.74979e-06
-2.01107e-08
6.7314e-06
9.18881e-09
-2.46709e-07
6.73903e-06
-5.99115e-09
2.67359e-08
6.74694e-06
-6.74694e-06
6.74308e-06
-6.73897e-06
1.52279e-08
-6.75665e-06
6.78258e-06
-2.59362e-08
-5.35317e-06
-6.72949e-06
6.77238e-06
-4.289e-08
6.72854e-06
4.6585e-09
-6.7332e-06
6.7312e-06
-6.76177e-06
1.68905e-09
6.7268e-06
1.73996e-09
6.73925e-06
-4.24692e-09
-1.26264e-08
6.72708e-06
6.73681e-06
-6.73326e-06
-3.885e-09
6.74092e-06
-6.74092e-06
-6.76807e-06
6.80613e-06
6.77766e-06
2.49473e-08
-6.7877e-06
6.72746e-06
5.09797e-06
-5.0933e-06
6.7497e-06
-6.74592e-06
6.78691e-06
6.79053e-06
-6.6545e-09
-6.78388e-06
5.12171e-06
-1.45186e-08
6.74309e-06
-6.74934e-06
6.25317e-09
2.2874e-09
6.72451e-06
5.12938e-06
-2.03653e-06
-2.40958e-06
-7.14685e-08
2.02965e-08
6.73212e-06
-6.77568e-06
6.74827e-06
-6.77095e-06
6.83651e-06
-6.55617e-08
6.74235e-06
8.51967e-07
-7.02833e-06
-1.65556e-09
6.71949e-06
-1.34352e-08
6.69192e-06
-6.67849e-06
-6.73443e-06
-1.79427e-07
-3.08482e-06
3.26425e-06
4.23156e-06
-4.91834e-06
6.72178e-06
6.71082e-06
1.09556e-08
5.15385e-06
6.73692e-06
-6.73946e-06
6.67648e-06
-6.67217e-06
3.56663e-10
-7.69427e-09
-6.7017e-06
6.70939e-06
6.70886e-06
1.9598e-09
9.2447e-07
8.19235e-07
1.03209e-06
1.69236e-06
9.33389e-07
9.28872e-07
9.37151e-07
9.30261e-07
1.86163e-07
8.48488e-07
9.59004e-07
1.02698e-06
-6.76887e-06
9.41428e-07
9.16587e-07
9.19573e-07
9.21243e-07
9.31302e-07
9.27792e-07
-6.73986e-06
-2.34881e-08
9.31193e-07
9.41659e-07
6.69991e-06
8.95747e-09
1.09094e-06
-6.70383e-06
6.78697e-06
-8.31482e-08
9.02836e-07
1.02893e-08
-6.76492e-06
9.07899e-07
-6.73539e-06
9.63738e-10
6.71643e-06
8.08585e-09
-6.65982e-06
6.69209e-06
6.69221e-06
6.73758e-06
-6.73758e-06
-6.90991e-06
6.15393e-06
1.18685e-06
-6.71014e-06
6.85098e-06
-1.40844e-07
9.53519e-07
9.34218e-07
9.28957e-07
9.43165e-07
8.97512e-07
-6.74055e-06
6.71839e-06
5.31019e-06
-4.42311e-06
-7.68336e-08
6.67878e-06
-6.76222e-06
-1.01384e-08
-1.60256e-06
1.66885e-08
6.74891e-06
-6.55666e-09
6.60997e-06
-1.90149e-08
-6.59096e-06
9.2522e-07
-6.71045e-06
8.97919e-07
-6.76066e-06
-9.38556e-09
-5.2026e-09
-6.75147e-06
5.55111e-09
-6.50094e-06
-2.24432e-08
6.52338e-06
6.73823e-06
-6.70563e-06
-3.77271e-08
-6.73951e-06
-3.70598e-08
-6.63097e-06
6.66802e-06
-6.72911e-06
1.86638e-08
6.66037e-06
1.84074e-08
-6.76602e-06
-6.76415e-06
3.85164e-09
-6.16749e-06
1.51449e-06
6.6441e-06
1.62701e-08
6.78039e-06
-6.78594e-06
6.60704e-06
6.64351e-06
4.84111e-08
-1.14719e-06
1.05289e-06
-6.59575e-06
6.96163e-06
-3.65884e-07
6.73853e-06
1.09036e-07
6.66803e-06
6.74003e-06
-6.73586e-06
-6.74118e-06
-6.15496e-06
2.63761e-07
6.58802e-06
6.89325e-06
-2.25219e-07
-6.74084e-06
-6.74238e-06
6.73417e-06
-6.74783e-06
6.67352e-06
3.58703e-08
-6.65978e-06
6.88235e-08
-1.12994e-07
-6.4382e-06
6.55119e-06
4.84016e-06
-6.7129e-06
6.7129e-06
-6.77808e-06
5.13989e-06
5.06266e-06
-5.10269e-06
9.1178e-07
-5.27852e-06
5.27762e-06
-5.27762e-06
-5.15661e-07
-6.16286e-06
6.67852e-06
-2.97499e-07
6.69193e-06
7.6447e-07
-6.16233e-07
1.4462e-07
4.98848e-07
-7.78857e-07
3.30674e-07
3.87005e-07
-1.15785e-06
3.80668e-07
-1.43214e-06
1.57606e-07
3.62011e-07
-9.70698e-07
5.56327e-07
-9.53063e-07
4.89317e-07
-2.59209e-08
-6.156e-06
1.17841e-07
-8.13042e-08
6.52148e-06
6.65426e-08
3.13159e-08
6.74664e-06
-8.10056e-09
3.53148e-08
4.16508e-08
4.35575e-08
-6.74786e-06
2.88424e-11
6.09649e-08
4.19065e-08
6.73879e-06
-6.73371e-06
6.73371e-06
-1.13673e-06
3.26589e-08
-6.71434e-06
-5.08689e-06
-6.18088e-06
-6.76121e-06
3.66253e-08
6.71086e-06
-6.70773e-06
4.65937e-06
-4.65937e-06
-1.82524e-08
-6.75562e-06
6.76234e-06
-6.72809e-09
6.49904e-06
6.73142e-06
6.55676e-06
1.1126e-07
6.3637e-06
1.59685e-07
-6.47432e-06
3.91988e-08
-6.36088e-06
1.8e-07
6.73346e-06
6.46141e-06
-6.7393e-06
4.87653e-06
-1.32404e-06
6.38604e-06
2.5164e-08
-5.96618e-06
8.59226e-07
6.74198e-06
-6.74043e-06
4.4925e-09
6.7422e-06
-1.07847e-08
5.66914e-07
-6.72978e-06
-7.97388e-07
6.62331e-06
5.70347e-06
-6.94976e-06
1.85112e-07
-5.6195e-06
-6.78427e-06
1.96932e-07
6.73712e-06
-6.78462e-06
6.77147e-06
3.56151e-07
-7.12762e-06
-6.38886e-06
2.32858e-07
5.97766e-06
-6.43048e-06
4.52815e-07
6.68507e-06
-6.68507e-06
-5.51269e-06
1.91682e-08
-6.73306e-06
-6.24147e-06
-5.59167e-06
6.73766e-06
6.7384e-06
-6.7384e-06
2.16301e-08
6.24142e-06
6.25048e-06
3.00713e-07
6.49751e-07
3.66883e-07
-1.48799e-06
6.69678e-06
2.35121e-08
-6.72029e-06
5.08963e-06
-5.09435e-06
6.70574e-06
5.22801e-06
6.77533e-06
-6.76734e-06
4.88313e-06
-4.88313e-06
-6.75545e-06
6.74509e-06
-6.74107e-06
2.1476e-08
-6.58589e-06
3.44423e-07
-5.84954e-06
6.56537e-06
-4.9293e-06
4.9293e-06
-4.01307e-06
4.01307e-06
5.1647e-06
-5.08505e-06
-4.2575e-06
4.2575e-06
5.48483e-06
-5.48483e-06
-4.62536e-06
-4.98711e-06
4.98711e-06
5.34791e-06
-4.87105e-06
4.87105e-06
-4.76841e-06
4.76841e-06
-4.71366e-06
4.71366e-06
5.60555e-06
-5.60555e-06
4.43816e-06
5.24438e-06
-5.24438e-06
5.24742e-06
5.44514e-06
-5.44514e-06
5.32484e-06
5.24061e-06
-4.8213e-06
4.8213e-06
-5.60761e-06
-5.02167e-06
-4.77831e-06
5.47696e-06
-5.47696e-06
4.89317e-06
-4.89317e-06
5.36498e-06
5.22002e-06
5.28291e-06
5.40982e-06
6.73356e-06
-6.72969e-06
5.28915e-06
-4.35249e-06
6.74762e-06
-9.96726e-09
-6.8977e-06
1.42378e-07
6.75532e-06
6.73332e-06
6.75423e-06
-5.85565e-09
6.38535e-06
-6.75124e-06
6.75729e-06
-5.30826e-06
-6.76247e-06
-6.7708e-06
6.72698e-06
-6.72698e-06
8.84882e-07
6.66913e-06
-6.66285e-06
-1.80564e-08
-5.00631e-06
5.02437e-06
6.73389e-06
6.67019e-06
-6.67019e-06
6.76226e-06
-6.765e-06
-6.74616e-06
-6.72889e-06
6.69018e-06
-6.75493e-06
7.06474e-09
-4.95824e-06
4.50579e-06
6.73519e-06
-6.73519e-06
-5.34261e-06
9.35164e-07
-5.48762e-06
-5.34933e-06
9.2538e-07
-5.37468e-06
9.41552e-07
-5.32285e-06
9.20319e-07
-5.45016e-06
9.49337e-07
6.74555e-06
-1.22358e-08
-6.75195e-06
2.36602e-06
-6.4262e-06
-5.32581e-06
8.96544e-07
-5.1953e-06
-3.06359e-08
6.71946e-06
4.42332e-06
1.37196e-06
-5.79528e-06
-4.923e-06
4.52787e-06
1.74093e-06
-6.1847e-06
4.44377e-06
5.18207e-06
-5.38707e-06
-6.72601e-06
6.77531e-06
-4.93061e-08
6.73898e-06
-6.73519e-06
-6.77193e-06
-6.14723e-09
6.77756e-06
-6.799e-06
6.20926e-06
-3.19456e-06
-3.0147e-06
-4.39239e-06
5.34591e-06
-4.37957e-06
5.30852e-06
-9.59411e-07
6.73518e-06
-1.57253e-08
-5.3663e-06
-6.7297e-06
-5.0663e-06
8.66041e-07
-3.00235e-07
-4.54863e-06
-6.78736e-06
6.72612e-06
-1.2154e-06
-6.73842e-06
1.26456e-06
6.74829e-06
-2.21683e-08
-4.421e-06
4.7629e-06
6.73173e-06
-6.73173e-06
-5.28459e-06
-8.35997e-07
-4.04144e-06
-2.70973e-09
6.77418e-06
6.72235e-06
6.73827e-06
-6.7558e-06
-6.52811e-06
-2.23124e-07
-1.18943e-07
-5.27918e-06
5.27429e-06
-4.41814e-06
4.85317e-06
-3.82108e-06
-4.55424e-06
-4.06532e-06
5.00247e-06
-4.41907e-06
-6.10934e-06
3.64677e-06
2.46258e-06
-4.5262e-06
-4.08935e-06
5.11633e-06
-4.40627e-06
5.18082e-06
-4.25958e-06
5.33226e-06
-4.3906e-06
-4.35922e-06
-1.77362e-08
-6.71315e-06
6.73089e-06
5.0534e-06
-5.08853e-06
-4.14628e-06
5.05418e-06
5.86268e-06
-4.25183e-06
5.18605e-06
6.70934e-06
-6.54155e-06
6.73595e-06
-6.73244e-06
-6.75333e-06
-1.3055e-08
-4.4283e-06
5.13103e-06
1.23514e-06
4.40751e-06
7.48718e-07
-5.15623e-06
4.47227e-06
5.28022e-07
-5.00029e-06
4.43663e-06
3.88795e-07
-4.82542e-06
4.43114e-06
1.62676e-06
-6.0579e-06
4.4397e-06
8.62249e-07
-5.30195e-06
6.72898e-06
6.41945e-06
2.72518e-08
4.84559e-06
-5.14583e-06
-1.15276e-06
6.74427e-06
-6.68295e-06
-6.13203e-08
-9.15802e-07
6.09787e-06
6.72061e-06
-6.72061e-06
-6.75939e-06
-4.28128e-06
4.4259e-06
5.50364e-06
-5.17296e-06
-5.22091e-06
-5.47642e-06
5.32057e-06
5.33819e-06
2.5924e-08
-6.77241e-06
6.70633e-06
-6.71052e-06
4.18855e-09
-5.33695e-06
-4.81457e-10
-6.76198e-06
6.66112e-06
5.10523e-06
-5.06992e-06
-6.46102e-06
5.12141e-06
-5.07785e-06
4.44026e-06
6.65663e-06
-6.75008e-06
6.76253e-06
-6.75868e-06
-6.70538e-06
6.73327e-06
5.12311e-06
-5.08649e-06
6.73269e-06
-6.73248e-06
6.73248e-06
-6.6119e-06
-1.41429e-07
8.33142e-07
-5.327e-06
6.72796e-06
-6.75275e-06
-6.64933e-06
5.36201e-06
5.32783e-06
5.42161e-06
6.77361e-06
-6.77884e-06
7.22043e-07
5.21627e-06
-4.01088e-06
5.38284e-06
-3.76926e-06
5.51018e-06
5.33624e-06
5.37961e-06
-4.43806e-06
6.72671e-06
4.5237e-06
5.24326e-07
-5.04802e-06
5.12695e-06
-5.10778e-06
6.73324e-06
-6.72943e-06
1.20838e-08
4.74682e-09
-6.84771e-06
6.39811e-06
6.73604e-06
-7.41843e-09
-3.32469e-06
6.82814e-06
6.73418e-06
-6.76622e-06
-4.58222e-09
-4.16852e-06
-4.80943e-06
3.53925e-07
-4.91926e-06
-4.52482e-06
-6.71328e-06
6.72933e-06
-6.72933e-06
6.72608e-06
6.72523e-06
-6.72523e-06
-9.69615e-07
5.49749e-06
-9.48263e-07
5.39203e-06
-5.2368e-06
1.03649e-06
6.77237e-06
-1.70445e-08
-6.5326e-06
-3.15104e-07
-6.54029e-06
-2.3589e-08
-6.66684e-06
6.73314e-06
6.75258e-06
2.27307e-08
-6.68172e-06
6.73051e-06
-6.72686e-06
4.32937e-06
-4.09569e-08
-4.44212e-06
1.12778e-06
-4.76026e-06
6.72235e-06
-6.75292e-06
6.60521e-06
-4.42044e-06
5.31836e-06
-5.11413e-06
4.9284e-06
5.1251e-06
-5.13815e-06
1.95332e-06
-1.95332e-06
-5.05242e-06
5.99384e-06
5.29274e-07
-4.05734e-06
4.98864e-06
-4.2414e-06
5.17259e-06
-4.40856e-06
5.22779e-06
-4.24525e-06
5.16482e-06
-4.27266e-06
5.20045e-06
4.95474e-06
-4.0519e-06
-9.16254e-08
5.31168e-06
-4.38645e-06
-6.70238e-06
-1.09024e-08
6.71017e-06
-3.88419e-09
-6.75733e-06
6.73154e-06
6.72936e-06
-6.73771e-06
3.20193e-06
-3.20193e-06
4.98071e-06
-5.08591e-06
-6.6129e-06
-4.57707e-09
-6.76042e-06
-6.79355e-06
6.72157e-06
-6.71644e-06
6.73013e-06
-3.65883e-06
4.8456e-07
-4.8456e-07
-6.73511e-06
3.32375e-09
-5.81127e-06
6.7179e-06
6.76326e-06
-6.76374e-06
5.1533e-06
-5.12199e-06
-6.72597e-07
5.18097e-06
-4.50837e-06
-6.64518e-06
-1.07737e-07
6.65611e-06
-6.71743e-06
-8.25475e-07
5.14751e-06
-4.32204e-06
-6.70149e-06
6.72106e-06
1.44002e-08
6.73312e-06
5.17797e-06
-4.37411e-06
-8.03856e-07
-1.31929e-06
-6.75078e-06
6.75078e-06
2.93493e-07
1.06713e-06
6.7174e-06
-6.75142e-06
6.70452e-06
-6.72847e-06
6.73532e-06
-7.26676e-07
6.06718e-09
-6.76501e-06
1.1287e-06
1.17208e-06
1.92853e-06
5.69575e-07
4.44616e-07
8.09654e-07
1.0596e-06
9.35575e-07
7.58556e-07
9.40872e-07
2.09226e-06
5.9552e-07
1.00227e-06
-2.55056e-08
6.79e-06
8.83376e-07
2.033e-06
-1.07812e-07
-4.25585e-06
-4.39767e-06
-4.40477e-06
-5.24824e-06
-4.41857e-06
-6.76587e-06
7.60322e-09
-6.68383e-06
3.28691e-06
-6.70811e-06
6.62115e-09
-4.08963e-06
-6.06579e-07
-4.44144e-06
6.75156e-06
-6.76033e-06
5.46745e-06
-6.71566e-07
-6.73915e-06
-4.38784e-07
5.48584e-06
3.60581e-06
-4.44181e-06
-2.06642e-08
-4.8925e-06
7.53116e-07
4.50497e-06
-6.72706e-06
5.0487e-06
-4.18266e-06
3.13821e-06
3.07104e-06
-5.65757e-07
5.38909e-06
-4.82333e-06
-6.71253e-06
4.98742e-06
-4.8163e-07
6.74163e-06
-6.74163e-06
6.77558e-06
-6.77829e-06
-3.71025e-06
4.78723e-06
1.57511e-07
-5.21413e-06
5.05662e-06
-7.72242e-07
4.96264e-06
-4.1904e-06
-2.68533e-07
5.14635e-06
-4.46272e-06
-6.77647e-06
-8.7251e-08
-6.70785e-06
-6.70455e-06
-7.98176e-09
-6.71003e-06
6.66714e-06
6.77766e-06
6.74996e-06
-6.75492e-06
3.2427e-06
1.16926e-06
6.74225e-06
-1.88345e-07
-4.16128e-07
-3.46448e-06
-1.00938e-06
5.06219e-06
-6.67845e-06
-3.15811e-08
9.64855e-07
-6.70297e-06
6.73566e-06
-6.73566e-06
-4.77845e-06
-6.73593e-06
2.81978e-08
-1.73136e-06
-1.22418e-06
4.64997e-06
2.60879e-07
-4.91085e-06
1.90815e-09
-5.18145e-06
4.85337e-06
-5.99188e-08
6.6922e-06
-1.58332e-07
-6.53387e-06
-6.69856e-06
-6.70636e-06
3.39107e-09
-5.11793e-07
6.74372e-06
-6.75336e-06
-4.73448e-06
-4.11344e-07
7.18249e-07
-3.83093e-06
-1.08741e-06
6.09014e-07
-5.11739e-06
-4.27798e-07
6.40601e-07
-4.26186e-06
-6.71136e-06
-5.21611e-06
6.71017e-06
6.73275e-06
-6.73275e-06
-6.70032e-06
6.68385e-06
-6.69235e-06
-7.68295e-07
-1.01223e-06
6.71644e-06
-1.47061e-08
7.95836e-07
-6.60711e-06
4.85082e-06
-5.76465e-06
-6.69816e-06
-1.31954e-08
-6.72003e-06
4.92601e-06
-6.68697e-06
-5.37481e-09
4.97775e-06
5.25898e-06
6.69763e-06
-4.58811e-06
-3.82952e-08
-6.68719e-06
-5.09769e-06
-6.76427e-06
6.8361e-06
-7.18314e-08
4.2256e-06
7.76867e-07
-5.15447e-06
-6.69724e-06
-5.60868e-06
6.73037e-06
6.67121e-06
1.38613e-08
-4.85082e-06
-4.26805e-07
-6.72852e-06
3.62039e-09
6.70424e-08
6.62515e-06
-4.84031e-06
-6.68792e-06
7.31153e-10
-6.65857e-06
-3.86748e-08
6.72889e-06
-6.72889e-06
-5.18809e-06
-6.69191e-06
-6.68273e-06
5.96342e-09
4.25801e-06
-5.34543e-06
4.41152e-06
6.66451e-06
5.67449e-09
-3.75249e-06
6.70119e-06
-6.69525e-06
-6.71078e-06
-6.68682e-06
4.09401e-09
-5.35469e-06
-6.68102e-06
3.29813e-06
2.79092e-06
-5.08544e-06
5.04379e-06
4.40115e-06
-4.47443e-06
6.72289e-06
6.75713e-06
7.87455e-09
-6.77161e-06
-6.6864e-06
5.38262e-09
6.79e-06
-6.67864e-06
-6.71311e-06
6.68952e-06
-6.15429e-06
3.97023e-09
6.72143e-06
-6.72143e-06
-6.68524e-06
6.60441e-09
-6.808e-06
5.10969e-06
-6.69533e-06
-6.79558e-06
-6.70212e-06
-6.67669e-06
-4.16862e-06
-6.05161e-07
-1.22251e-09
6.71413e-06
6.86471e-07
-5.5098e-06
-5.25632e-06
4.52964e-06
-6.68408e-06
7.38576e-09
6.7135e-06
-5.23748e-06
1.04708e-06
4.87581e-06
3.38867e-07
-4.51923e-06
-6.67462e-06
-7.99679e-07
-4.38283e-06
5.08898e-06
-6.71413e-06
-6.71773e-06
-6.68206e-06
7.44304e-09
-7.39748e-07
5.59312e-06
4.93682e-06
-4.56994e-06
-6.67287e-06
4.03408e-06
-4.30113e-06
-1.02349e-08
-6.68696e-06
6.73917e-06
3.56671e-07
-7.09584e-06
-5.08403e-06
-6.7619e-06
-6.6807e-06
7.83481e-09
-6.42162e-06
-9.98306e-07
-6.67091e-06
-3.48707e-07
-4.56214e-06
-2.46894e-06
-6.685e-06
1.40856e-08
5.21979e-06
-5.11804e-06
-6.66608e-06
-6.67511e-06
-6.69855e-06
2.34426e-08
6.66451e-06
6.67121e-06
-1.26948e-08
-6.68058e-06
6.36537e-06
-6.68048e-06
5.07796e-06
3.56069e-07
4.66627e-06
-2.86421e-08
4.71901e-06
5.46684e-09
2.88689e-06
-6.69228e-06
6.6872e-06
-5.04465e-06
6.70766e-06
9.20917e-09
-5.09426e-06
-6.49536e-06
-5.78544e-06
-1.37498e-06
4.17462e-06
-4.19528e-06
-6.70326e-06
5.07037e-06
-1.32365e-08
-6.67395e-06
-6.69014e-06
6.68848e-06
-6.73172e-06
-6.68763e-06
-6.69471e-06
4.57529e-09
-6.68371e-06
-4.66694e-06
-5.14059e-07
-6.68783e-06
-6.57245e-06
-5.20165e-06
-6.68019e-06
5.01333e-06
-6.70039e-06
1.25596e-08
-6.69925e-06
5.10969e-06
2.68223e-06
-2.15985e-07
-6.61922e-06
4.2173e-06
-5.34205e-06
3.17371e-06
3.12799e-06
5.06718e-06
-6.6769e-06
3.92276e-09
-6.61725e-06
-1.68855e-06
-6.67459e-07
-9.77997e-07
-6.67914e-06
-6.68e-06
-6.693e-06
-6.64327e-06
1.94075e-06
-5.95163e-06
-6.67485e-06
-6.68882e-06
6.68533e-06
-6.72297e-06
-5.02461e-06
-6.66248e-06
4.93721e-06
-4.93721e-06
-6.70134e-06
1.25238e-08
-6.69289e-06
-6.65816e-06
-6.70089e-06
8.00553e-09
6.72017e-06
-1.20421e-08
3.92241e-06
-6.67287e-06
-6.66478e-06
-8.56034e-07
2.9786e-07
4.63935e-06
-2.85238e-06
-2.27871e-06
-2.6928e-06
-2.59378e-06
5.39513e-06
-6.60315e-06
-5.07614e-06
-6.67016e-06
5.05082e-06
-6.68195e-06
5.89043e-08
4.27716e-06
-6.68253e-06
6.50302e-07
-6.66842e-06
6.69491e-06
-2.60449e-06
-2.72153e-06
-2.20555e-06
-2.964e-06
-6.71478e-06
6.64489e-06
-6.66769e-06
-2.68076e-06
-2.64724e-06
-2.86712e-06
-2.37781e-06
-2.83384e-06
-2.47851e-06
-2.70726e-06
-2.35549e-06
-2.6572e-06
-2.63922e-06
-2.03904e-06
-3.15437e-06
5.09426e-06
-6.66934e-06
-6.66525e-06
-4.8245e-06
1.65131e-07
-6.66913e-06
3.34403e-06
-1.24498e-06
-4.31972e-06
5.5647e-06
-3.64541e-06
-6.66375e-06
4.8245e-06
-1.50954e-06
-6.668e-06
-4.992e-06
-4.58402e-06
1.89595e-06
4.42399e-06
-6.66139e-06
-6.66824e-06
-6.67305e-06
-5.68853e-09
6.6769e-06
-6.66671e-06
-1.54916e-08
6.68e-06
-6.70514e-06
-5.10303e-06
-6.74499e-07
-6.66405e-06
-6.65932e-06
-5.00961e-06
-6.64511e-06
-6.66479e-06
-5.31024e-06
-6.65735e-06
8.87002e-07
-6.65602e-06
-6.66294e-06
5.27814e-06
-6.64679e-06
-6.6551e-06
5.0487e-06
-6.66143e-06
-5.07527e-06
-6.64017e-06
-6.89852e-07
-6.64735e-06
-6.68917e-06
-6.63169e-06
-6.66573e-06
5.10908e-06
-6.63968e-06
4.77487e-06
2.55874e-08
5.02411e-07
4.50333e-06
4.76964e-06
-6.6308e-06
3.79107e-06
2.42054e-06
-6.68958e-06
-6.6274e-06
-8.61766e-09
-4.3388e-06
6.27955e-06
6.71357e-06
4.43069e-08
-6.61885e-06
-6.63205e-06
4.13893e-06
-4.83875e-06
-6.6319e-06
6.63648e-06
-6.62491e-06
-9.87788e-09
-6.68045e-06
4.94198e-06
-4.94198e-06
-5.54199e-06
2.73216e-06
-6.66789e-06
-6.66358e-06
3.26466e-07
-5.10958e-06
-5.27832e-06
-1.49628e-06
5.15624e-08
-6.69153e-06
-4.98541e-06
-5.34176e-06
5.34176e-06
-4.48319e-06
-5.09269e-06
-6.60864e-06
6.62117e-06
5.09269e-06
4.67049e-06
-1.69219e-08
-6.59683e-06
-3.28994e-06
-2.85256e-06
-6.58883e-06
6.59512e-06
-6.60716e-06
5.39198e-06
3.46496e-07
-5.04026e-06
-4.77487e-06
5.18596e-06
2.09035e-07
-1.52723e-07
5.1076e-06
-4.95488e-06
6.72206e-06
-5.05531e-06
6.01803e-06
-6.60315e-06
-5.24438e-06
3.77775e-06
-6.20643e-06
2.42868e-06
6.7269e-06
-6.4422e-08
-4.63935e-06
3.81844e-07
1.19799e-06
-4.88706e-06
2.13439e-07
4.9269e-06
-5.21407e-06
-4.97052e-06
-5.37873e-06
-5.00304e-06
3.89885e-06
-6.68079e-06
1.83722e-06
-5.5146e-06
-5.57438e-06
-5.09408e-06
1.82437e-08
-5.40404e-06
5.20519e-06
-5.01806e-06
5.00127e-06
-6.67273e-06
-5.11623e-06
-1.25203e-06
-3.81155e-06
4.98363e-06
-1.25609e-08
6.51158e-06
-6.51158e-06
6.49249e-06
-6.49249e-06
5.00353e-06
-5.00353e-06
-5.21407e-06
-4.59337e-06
-1.30413e-06
-4.6475e-06
-4.69021e-06
5.73729e-06
-5.71374e-06
4.71543e-06
-3.60294e-06
-2.46492e-06
3.11598e-06
5.51561e-07
4.76964e-06
-5.14652e-06
-4.69703e-06
-5.24438e-06
-4.8498e-06
4.69703e-06
-1.19534e-06
-9.85594e-07
-2.1405e-06
-3.56126e-06
-2.45869e-06
-6.53493e-07
-3.43614e-06
-5.31117e-06
-5.27832e-06
3.07371e-06
3.13858e-06
3.4264e-06
-6.51254e-07
-6.51317e-08
-4.23036e-07
4.928e-06
-4.16388e-06
3.51039e-06
1.13071e-06
-5.31024e-06
4.36998e-06
8.90906e-07
5.01662e-06
-4.21276e-06
4.6604e-06
-7.94371e-07
5.6178e-06
-5.03616e-06
4.27051e-06
-3.8259e-06
3.12079e-06
-1.70657e-06
-1.41244e-06
-2.508e-06
-2.79245e-06
-2.55797e-06
-2.57657e-06
-5.34205e-06
-4.66546e-06
5.15524e-06
-3.12662e-06
-2.02862e-06
1.43623e-07
4.43739e-06
-4.80524e-06
1.64781e-06
-4.17733e-07
8.17745e-07
3.85274e-06
3.28691e-06
-4.53176e-06
2.58871e-06
-4.86742e-06
2.51086e-06
-5.10464e-06
-4.93578e-06
5.12733e-06
-1.30188e-07
7.96743e-07
-4.12491e-06
5.96213e-06
-2.59232e-06
-2.79783e-06
4.33173e-06
-5.29073e-06
5.22366e-06
3.05692e-07
4.3981e-06
-4.3981e-06
4.9096e-06
4.06426e-06
5.95725e-06
4.65454e-06
5.97841e-06
2.28632e-06
4.76906e-06
-1.53837e-06
-5.33832e-06
-5.07128e-06
3.77512e-06
-3.40403e-06
-4.03929e-06
-1.86035e-07
4.93818e-06
1.1847e-06
1.93609e-06
-4.53649e-07
-3.99809e-06
-5.04714e-06
-1.65071e-07
-4.37585e-06
4.29063e-06
-4.91173e-06
-3.22415e-06
-5.09408e-06
4.24859e-06
4.89509e-06
4.12136e-06
4.07155e-06
1.16913e-06
3.8145e-06
-7.62801e-06
3.43614e-06
-4.86728e-06
-2.53064e-06
-3.17981e-06
2.14004e-06
-2.35603e-06
1.10653e-07
-5.32854e-06
4.10226e-06
1.7334e-06
3.66171e-06
-3.46769e-06
-2.64165e-06
5.29479e-06
-1.20258e-06
-5.98255e-07
4.73477e-07
4.50162e-06
-3.41223e-06
-4.33069e-06
-5.1911e-07
5.18086e-06
2.19375e-07
-1.96141e-06
2.45511e-07
-4.92463e-06
-3.99693e-07
-5.0407e-06
4.16209e-06
-2.69707e-06
-3.0276e-06
-5.38828e-06
-5.23708e-07
-4.56886e-06
-4.16559e-06
3.22415e-06
2.24017e-06
3.06357e-06
4.17311e-06
-3.78754e-06
-5.42963e-06
9.14929e-08
-1.99246e-06
-2.04021e-06
-3.86187e-06
4.93833e-06
1.8276e-06
3.71621e-06
4.66672e-06
4.82278e-07
-4.02918e-06
-4.53623e-06
4.84192e-06
-5.08921e-06
-4.36876e-06
5.48495e-06
-1.51806e-06
-4.00121e-06
-3.60469e-06
-4.40619e-06
-3.99821e-06
5.46955e-06
-3.99987e-06
4.1811e-06
8.70312e-07
3.97025e-06
-4.00413e-06
5.65169e-06
2.30311e-06
5.6984e-06
2.25411e-06
-4.01165e-06
5.65169e-06
5.6984e-06
-4.33011e-06
-4.29819e-06
-4.58296e-06
4.74809e-06
4.11777e-06
3.71151e-06
-3.83399e-07
2.52344e-06
5.58585e-06
1.1982e-06
4.20539e-06
-3.88352e-06
-4.53669e-06
4.17715e-07
4.02045e-06
3.5645e-06
-4.85523e-06
-4.24265e-07
4.69478e-06
4.17807e-06
4.53652e-06
-4.06304e-06
1.09637e-06
4.06267e-06
4.14562e-06
1.81301e-06
-3.73445e-06
4.46926e-06
-3.67204e-06
5.43602e-06
-4.3388e-06
-6.08069e-07
-4.2851e-06
3.50581e-06
-4.4694e-06
5.53453e-06
9.93556e-07
1.37905e-06
4.25757e-06
-2.37825e-07
3.94377e-06
1.27268e-06
3.94008e-06
-3.94008e-06
-4.35349e-06
4.02403e-06
-7.62657e-07
-3.4271e-06
-3.28607e-06
-3.02695e-06
3.28607e-06
-4.35558e-06
1.06883e-06
3.57962e-06
-8.42019e-09
-4.55372e-06
3.08091e-07
-4.12917e-06
4.56826e-06
-3.76384e-06
-4.29756e-06
-1.54937e-06
-3.43737e-06
6.43034e-07
-5.02587e-06
1.88388e-06
3.56126e-06
-4.12491e-06
4.33507e-06
-4.171e-06
-6.09577e-06
2.96915e-06
3.17981e-06
4.27103e-06
1.87402e-06
3.60294e-06
4.26038e-06
4.2224e-06
-4.06992e-06
4.06992e-06
-4.3653e-06
-1.37036e-06
-3.92742e-06
7.23125e-07
3.28994e-06
3.56583e-06
1.25708e-06
4.24655e-06
-3.98285e-06
-4.37473e-06
-3.66341e-06
-1.441e-06
-3.83818e-06
-1.65421e-07
6.49632e-07
1.74981e-07
2.0292e-07
-4.45877e-06
4.33842e-06
-4.81677e-06
-9.45154e-07
3.15229e-06
2.41241e-06
4.49991e-06
4.60332e-06
2.40361e-06
3.33368e-06
2.23763e-06
-5.53057e-09
4.10779e-06
2.43142e-06
3.92536e-06
1.40301e-06
3.62136e-06
3.11239e-07
-4.89509e-06
4.46292e-06
3.79475e-06
-3.79475e-06
3.67483e-06
-3.67483e-06
5.098e-07
3.72688e-06
-3.72688e-06
3.78615e-06
-3.78615e-06
-4.87996e-06
-4.74397e-07
-3.72088e-06
3.67204e-06
5.21037e-06
-1.2703e-06
-6.34229e-07
-1.01981e-06
-4.3702e-06
-4.0468e-06
-3.04738e-06
-3.15905e-06
1.14046e-06
-4.52649e-06
-4.35701e-06
-1.39929e-06
-4.0397e-06
-4.16969e-06
-7.76636e-07
3.53647e-06
-4.141e-06
4.10214e-06
3.62596e-06
2.6536e-06
2.55931e-06
-3.90231e-06
-3.87671e-06
4.65358e-06
2.66041e-06
-4.55279e-06
2.69339e-06
4.32382e-06
-1.51893e-06
-1.58462e-06
-4.15676e-06
4.15394e-06
-4.15136e-06
4.57419e-06
-4.49318e-06
4.24926e-06
4.44474e-06
-4.29268e-06
-1.59627e-06
-1.54651e-06
-1.58989e-06
-3.81598e-06
3.97276e-06
5.23433e-06
4.07812e-06
3.77512e-06
-3.97616e-06
4.59978e-06
3.60874e-06
-3.94663e-06
-2.10132e-07
-1.573e-06
-4.74853e-07
3.20398e-06
2.78216e-06
4.29063e-06
4.29018e-06
-7.7344e-08
-4.74937e-06
-4.06088e-06
-2.96125e-07
4.78845e-06
-1.47569e-06
3.93438e-06
-1.46889e-06
-4.36032e-06
3.81951e-06
4.37991e-07
2.87521e-06
3.95632e-06
-3.87459e-06
-1.4914e-06
4.43896e-06
-3.60848e-07
2.24042e-06
3.19613e-06
5.067e-06
-3.98814e-06
3.95897e-06
4.25191e-06
-1.39935e-06
1.46338e-06
4.03451e-06
-3.51897e-07
-3.28069e-06
3.68576e-06
-4.49527e-06
-1.36292e-06
3.73445e-06
3.6863e-06
3.43737e-06
2.52476e-06
4.20488e-06
-3.01985e-06
4.2851e-06
1.24698e-06
-7.63999e-08
-3.9492e-06
-4.08125e-06
9.26943e-07
1.41957e-06
-4.19765e-06
-4.14134e-06
3.49642e-06
-4.09363e-06
4.46863e-06
-4.14268e-07
-3.28177e-06
3.69604e-06
-2.69536e-06
2.82309e-06
2.41125e-06
-4.31624e-06
-4.58995e-06
5.68024e-07
-3.82163e-06
-3.62596e-06
-5.67718e-07
4.92333e-06
-4.51509e-07
4.13781e-06
1.55936e-06
6.14832e-07
1.3922e-06
3.11894e-06
-3.53321e-06
4.31625e-06
3.84403e-06
1.61997e-07
-4.15451e-06
3.99252e-06
-1.49687e-07
3.27291e-07
-9.9489e-07
3.78223e-06
-3.62023e-06
-2.12353e-06
8.9447e-07
-5.10516e-06
9.51755e-07
-3.55439e-06
-1.35663e-07
1.49932e-06
8.10623e-07
2.48765e-06
-3.39072e-06
-4.04879e-06
1.34227e-06
-4.29688e-06
5.56888e-07
3.72707e-06
4.10759e-06
2.64657e-06
-3.64292e-06
9.208e-07
-8.13175e-07
-8.408e-07
-3.85052e-06
-2.52103e-06
-2.83211e-06
-5.50913e-07
6.81054e-06
-2.44493e-06
6.8327e-06
-3.97429e-06
3.65608e-06
1.28336e-07
-4.09062e-06
-4.12085e-06
-1.04412e-06
3.0903e-06
-3.33006e-06
3.76952e-06
7.0005e-07
-2.33195e-07
4.27235e-06
3.49502e-06
4.12307e-06
4.38872e-06
-1.43575e-06
-3.54019e-06
-3.77539e-06
-3.4481e-06
-1.08769e-06
4.11125e-06
4.38245e-06
4.28125e-07
1.20724e-06
2.66119e-06
-4.15292e-06
3.99901e-06
4.26837e-06
-1.75246e-07
)
;

boundaryField
{
    front
    {
        type            empty;
    }
    back
    {
        type            empty;
    }
    wall
    {
        type            calculated;
        value           uniform 0;
    }
    inlet
    {
        type            calculated;
        value           nonuniform List<scalar> 
12
(
-7.74242e-06
-7.75176e-06
-7.7578e-06
-7.6893e-06
-7.93359e-06
-7.78313e-06
-7.9147e-06
-7.9548e-06
-7.95251e-06
-8.01088e-06
-8.00234e-06
-8.01152e-06
)
;
    }
    outletLeft
    {
        type            calculated;
        value           nonuniform List<scalar> 9(5.28659e-06 5.32602e-06 5.328e-06 5.31235e-06 5.29642e-06 5.30045e-06 5.30868e-06 5.37077e-06 5.39102e-06);
    }
    aneurysm
    {
        type            calculated;
        value           uniform 0;
    }
    outletRight
    {
        type            calculated;
        value           nonuniform List<scalar> 9(5.13109e-06 5.16955e-06 5.24493e-06 5.06275e-06 5.1934e-06 5.13453e-06 5.18103e-06 5.24581e-06 5.22134e-06);
    }
}


// ************************************************************************* //
