/*--------------------------------*- C++ -*----------------------------------*\
  =========                 |
  \\      /  F ield         | OpenFOAM: The Open Source CFD Toolbox
   \\    /   O peration     | Website:  https://openfoam.org
    \\  /    A nd           | Version:  12
     \\/     M anipulation  |
\*---------------------------------------------------------------------------*/
FoamFile
{
    format      ascii;
    class       surfaceScalarField;
    location    "0.07";
    object      phi;
}
// * * * * * * * * * * * * * * * * * * * * * * * * * * * * * * * * * * * * * //

dimensions      [0 3 -1 0 0 0 0];

internalField   nonuniform List<scalar> 
6438
(
-1.15073e-08
1.42026e-06
-1.40875e-06
-1.26258e-08
1.64976e-06
-1.63713e-06
-1.54478e-06
-2.59939e-07
1.80472e-06
1.46537e-06
-1.60756e-06
1.4219e-07
2.25673e-06
-1.76182e-06
-4.94908e-07
5.18962e-07
1.73776e-06
-1.75018e-06
2.05405e-07
-1.52462e-06
1.512e-06
1.6445e-06
-1.96619e-06
3.21691e-07
1.53105e-06
-1.79307e-06
2.62023e-07
-1.48204e-06
1.7977e-06
-3.15653e-07
3.57263e-07
-1.62717e-06
1.26991e-06
-1.82679e-06
3.44741e-07
1.40675e-06
6.47113e-07
-2.05386e-06
1.32163e-06
-1.33314e-06
-7.35377e-08
1.54732e-06
-1.47379e-06
-1.95106e-06
1.89061e-06
6.04466e-08
-1.47783e-06
1.79112e-06
-3.13292e-07
-1.82377e-06
3.45944e-07
5.80076e-07
1.23036e-06
-1.81043e-06
-4.23949e-07
-2.77573e-07
7.01522e-07
-9.09771e-08
1.62352e-06
-1.53254e-06
-1.5025e-06
-2.44673e-07
1.74717e-06
-1.83683e-06
8.07813e-07
1.02902e-06
-1.59962e-06
1.50865e-06
-1.42049e-06
1.72844e-06
-3.07954e-07
-1.72884e-06
2.26345e-07
1.64578e-06
-1.28852e-06
-1.49358e-06
-2.75242e-07
1.76882e-06
-1.80139e-06
3.80897e-07
1.38887e-06
-1.7366e-06
3.47724e-07
7.55673e-09
-1.69492e-06
1.68736e-06
1.65682e-06
-1.66475e-06
7.92856e-09
-1.64165e-06
2.77709e-07
1.36394e-06
-2.22149e-06
3.58824e-07
1.86266e-06
1.56011e-06
-1.55256e-06
1.57182e-06
-1.06447e-07
1.02123e-06
1.42853e-06
-2.44976e-06
-4.98522e-07
1.90527e-06
-1.46327e-06
1.60809e-06
-1.44813e-07
-1.6987e-06
1.68232e-06
1.6373e-08
-7.07788e-07
1.28786e-06
1.51827e-06
1.27803e-08
-1.82417e-06
1.78747e-06
3.6702e-08
1.63867e-06
-2.49799e-07
-1.21704e-06
1.1435e-06
-2.11932e-06
3.57499e-07
1.60851e-06
1.55749e-07
-1.76426e-06
-1.25684e-06
-3.84805e-07
-2.2832e-07
-1.50707e-06
1.7108e-06
-2.03729e-07
-1.1293e-06
1.62369e-06
-4.94386e-07
1.62725e-06
-1.62725e-06
5.09373e-07
1.23519e-06
1.62506e-07
-1.39769e-06
7.23556e-07
3.49402e-07
-1.07296e-06
1.37905e-06
2.83406e-07
-1.66246e-06
1.33087e-06
-5.23056e-07
-7.71668e-07
-1.34765e-06
-1.53823e-08
1.43389e-06
-1.41851e-06
-1.77026e-06
1.77026e-06
-1.83138e-06
1.84858e-06
-1.72025e-08
7.32139e-08
1.36501e-06
-1.43822e-06
5.19916e-09
-1.67147e-06
1.66627e-06
1.55059e-06
-1.54539e-06
-1.68999e-06
1.96404e-07
-1.69465e-06
-1.29524e-07
-1.45473e-06
1.59784e-06
-1.43108e-07
1.6124e-07
1.39499e-06
-1.55623e-06
-1.71291e-06
1.64758e-06
6.5335e-08
1.67037e-06
-1.67037e-06
1.55428e-06
9.02199e-08
-1.02003e-06
-7.73041e-07
1.45308e-06
3.08056e-07
-1.76113e-06
-1.42723e-06
-2.71467e-07
1.2671e-06
9.81007e-07
-2.24811e-06
-1.96397e-06
1.25618e-06
-1.25507e-06
-7.08903e-07
1.72114e-06
-2.68058e-07
1.03024e-06
-3.06684e-07
1.40074e-06
1.56776e-07
-1.55752e-06
-1.72617e-06
-1.05202e-07
-2.48119e-07
-4.20136e-07
-1.35012e-06
1.87113e-06
-1.87113e-06
-1.23948e-06
-4.73435e-07
-1.13428e-07
-2.10806e-06
-1.61404e-06
1.60848e-06
5.56785e-09
5.8105e-08
-1.63752e-06
1.57942e-06
-1.7996e-07
1.5807e-06
1.61631e-06
4.0504e-08
-1.68856e-06
-2.62495e-07
-1.70396e-06
1.74565e-06
-4.16845e-08
1.78284e-06
-9.96973e-07
-7.85871e-07
1.59821e-06
-1.54011e-06
3.35331e-08
1.79496e-06
-9.13162e-07
-8.81793e-07
1.01878e-06
7.6406e-07
1.64478e-06
-1.64478e-06
-1.26192e-06
1.80834e-06
-5.46428e-07
-1.58451e-06
7.74371e-08
-2.17283e-07
-1.2823e-06
1.49958e-06
-1.48582e-06
5.85923e-08
-1.59191e-06
3.3e-07
1.37101e-06
2.99348e-07
-1.67036e-06
-1.01672e-07
1.47269e-06
-1.43424e-06
1.65668e-06
-2.22438e-07
-1.52111e-06
5.78357e-08
1.05572e-06
7.39235e-07
1.5872e-06
-3.17292e-07
6.81413e-08
1.55911e-06
-1.36994e-06
-1.15885e-07
1.43077e-06
3.06552e-07
-1.73733e-06
-7.91653e-07
-6.83793e-07
1.47545e-06
1.04251e-06
-1.34676e-07
-9.07829e-07
-1.69492e-06
3.45715e-07
1.69398e-06
-2.03969e-06
-7.88066e-07
3.64117e-07
1.69361e-06
3.48348e-08
1.84156e-06
-9.53727e-07
-8.87829e-07
6.19318e-07
1.22224e-06
1.70777e-06
-2.76998e-07
2.09177e-06
-1.07054e-06
-1.549e-06
6.01174e-09
1.54299e-06
-2.21742e-06
2.23758e-07
1.99366e-06
-2.59937e-08
-1.5404e-06
1.5664e-06
1.69203e-06
9.54344e-08
-1.30668e-06
1.2913e-06
-1.55854e-06
1.58953e-06
-3.09888e-08
1.57901e-06
-1.605e-06
1.62968e-06
-1.62968e-06
1.60203e-06
4.77312e-08
1.60618e-06
-3.70995e-07
1.58427e-06
-1.51106e-06
-1.39552e-06
1.17824e-06
1.48921e-08
1.53852e-06
-1.55341e-06
1.81421e-06
-1.26827e-06
-5.45941e-07
-1.67147e-06
-2.45497e-08
1.91222e-08
-1.54375e-06
-1.54416e-06
8.94306e-08
1.71099e-08
1.543e-06
1.49333e-06
-1.33209e-06
-1.53969e-06
1.05445e-07
1.56125e-06
-4.29799e-08
-5.66457e-08
1.35983e-06
-1.30318e-06
1.07377e-06
7.40446e-07
-1.60081e-06
3.45599e-07
1.25521e-06
1.63065e-06
-6.9682e-09
-2.15882e-06
1.94565e-07
1.96425e-06
-2.22639e-08
-1.53241e-06
1.55467e-06
1.01786e-06
2.46455e-08
9.81674e-08
1.53249e-06
1.51706e-06
1.28725e-07
1.57002e-06
-1.59229e-06
-1.63474e-06
-5.38256e-08
1.67016e-06
-1.79725e-06
1.27089e-07
-1.49067e-06
-5.8332e-08
-1.81528e-06
7.87295e-07
1.02799e-06
-1.03724e-09
1.56852e-06
5.50024e-08
-1.47821e-06
1.71862e-06
-2.40409e-07
-1.62345e-06
1.40125e-06
2.22197e-07
-2.20455e-07
5.68644e-07
-3.48189e-07
-5.10041e-07
-1.29135e-06
-1.63752e-06
-1.32459e-08
1.56383e-06
4.82858e-07
1.32548e-06
-2.66924e-08
-1.59169e-06
-7.93196e-09
-3.41405e-08
-1.73947e-06
1.46881e-06
2.70658e-07
-1.01933e-07
1.29831e-06
2.55961e-07
2.54346e-06
-1.11493e-06
-5.36921e-07
-1.28685e-06
1.59452e-06
2.17914e-08
-1.36606e-06
5.74411e-07
-6.17625e-07
-9.69641e-07
1.58727e-06
-5.48925e-07
-1.27786e-06
-8.90159e-07
2.15726e-06
-1.64628e-06
5.45838e-08
-1.55422e-06
1.56018e-06
-5.9607e-09
-1.28028e-06
1.22364e-06
-1.89068e-08
-1.52313e-06
1.54203e-06
-1.67539e-06
2.91133e-08
1.39582e-06
-1.66052e-06
2.64704e-07
1.55633e-06
-1.57524e-06
1.38919e-06
-5.25013e-07
-8.64176e-07
-2.10332e-06
7.4866e-07
1.35466e-06
1.42423e-06
1.37012e-07
1.17518e-06
7.15436e-07
3.4324e-07
1.52789e-06
-4.10808e-07
-1.46032e-06
-1.69691e-06
1.68147e-06
1.54394e-08
-1.69212e-06
-4.79256e-09
-1.68402e-06
-8.10002e-09
6.08498e-09
4.38746e-07
-2.44977e-06
2.01102e-06
-1.81595e-06
2.16166e-06
1.43436e-06
-1.41947e-06
1.53406e-06
6.41551e-08
1.25151e-07
1.26404e-06
-1.5404e-06
-1.39623e-06
1.38985e-06
1.72641e-07
-1.56249e-06
-7.84634e-09
-3.33479e-07
2.44389e-06
-2.11042e-06
2.31752e-06
-1.67041e-06
-7.0432e-07
1.05372e-06
-4.47624e-07
-1.36766e-06
-1.2126e-06
-8.90721e-07
-1.53913e-06
-9.56103e-08
-1.55127e-06
1.55103e-06
2.34828e-10
-2.43864e-07
1.4544e-06
-1.21053e-06
-1.66711e-06
1.67857e-06
-1.14572e-08
-1.64948e-06
-1.76344e-08
-2.11844e-06
1.34178e-07
1.98426e-06
-1.47795e-06
-9.59262e-08
1.57388e-06
1.66157e-06
1.70003e-08
-2.95001e-07
-1.81335e-06
6.64828e-07
1.14852e-06
9.97926e-09
-9.59884e-07
-8.53466e-07
-2.24518e-08
-1.71169e-08
-1.5138e-06
1.53092e-06
-1.55543e-06
7.74836e-08
1.40565e-06
1.88871e-07
1.61952e-06
-1.55138e-06
1.54081e-06
-1.55792e-06
1.5349e-06
4.41028e-08
7.55278e-07
1.56224e-06
1.58967e-06
-2.91353e-07
-1.25825e-07
-2.0916e-06
-9.01642e-08
1.26476e-06
-1.1746e-06
-1.64174e-06
-7.74275e-09
-1.64142e-06
-3.1977e-10
1.65407e-06
-1.64197e-06
-1.21086e-08
1.63674e-06
1.73381e-08
-1.53241e-06
3.77974e-07
-5.17914e-07
1.3994e-07
-1.85317e-06
1.08658e-06
7.66594e-07
8.28367e-07
-1.66128e-06
8.32911e-07
-1.45007e-06
-1.34442e-07
-1.54605e-06
1.53839e-06
7.66208e-09
-1.60648e-06
1.54892e-06
5.756e-08
-1.28313e-07
1.64424e-06
-1.51593e-06
-1.5952e-06
3.97633e-08
-1.77179e-06
2.21053e-06
-1.62944e-07
-1.43786e-06
-1.66558e-06
1.53727e-06
-1.30511e-06
-1.1947e-07
1.42458e-06
-1.21753e-06
1.62649e-06
1.0243e-08
-1.11019e-06
-2.97695e-07
3.30244e-07
-3.25488e-08
-1.49223e-08
6.03488e-08
-2.11339e-06
2.05304e-06
-1.17892e-06
-5.7126e-07
-1.64755e-06
1.61503e-06
3.25246e-08
-1.62238e-06
-2.51707e-08
-5.82225e-07
3.6177e-07
1.53204e-06
3.79853e-08
1.63078e-06
-2.65772e-07
1.62155e-06
-1.62044e-06
-1.11192e-09
-4.22566e-09
-1.50195e-06
1.50617e-06
1.69877e-06
-1.21591e-06
-2.0417e-08
1.67837e-06
9.52066e-07
-2.63044e-06
1.662e-06
-1.662e-06
2.59865e-07
1.51039e-06
-5.8672e-07
-1.04053e-06
-1.32654e-06
1.59905e-06
-2.72511e-07
-1.74008e-07
-1.43248e-06
1.53293e-06
-1.53716e-06
-1.46646e-06
2.31354e-08
1.44333e-06
2.82201e-07
-1.48839e-06
1.20619e-06
-1.54133e-06
1.52486e-06
1.64638e-08
9.86604e-07
7.12169e-07
-4.78055e-08
-2.4989e-07
-9.28138e-07
-9.25036e-07
-3.59885e-07
-1.64537e-06
1.67167e-07
-1.52313e-06
1.38004e-06
2.90119e-07
-1.27829e-06
-1.43862e-06
1.33509e-07
-1.46832e-06
8.50695e-07
1.66628e-06
-1.35422e-06
-3.12059e-07
2.83645e-07
1.33588e-06
-1.17271e-06
-5.56134e-07
-1.62791e-06
1.62791e-06
1.63038e-06
-1.56839e-06
-6.19924e-08
9.2892e-08
-1.54296e-06
-1.30368e-06
1.47381e-06
-1.70137e-07
-5.14969e-07
2.37396e-07
1.5182e-06
-1.52574e-06
7.53418e-09
1.59802e-06
1.70032e-08
1.61251e-06
1.78664e-08
2.43365e-06
-1.55324e-06
-4.19563e-08
-1.3628e-06
1.11894e-06
1.52948e-06
2.68506e-08
1.60805e-06
-1.59979e-06
-8.26336e-09
-1.4331e-08
-2.24125e-08
1.6896e-07
-1.37903e-06
1.21007e-06
-4.72356e-08
-2.11158e-06
5.05226e-07
1.12082e-07
-1.41576e-06
-1.53725e-06
1.51359e-06
2.36636e-08
1.53261e-06
-1.36791e-07
-7.13261e-07
-9.51486e-07
-2.14943e-06
1.59032e-07
-8.63351e-07
-2.55523e-07
7.35147e-09
1.57912e-06
-1.40648e-06
-1.5138e-06
-1.51601e-06
3.97566e-08
1.47626e-06
2.13918e-06
3.04714e-07
1.23385e-06
6.1473e-07
1.49309e-06
-6.64723e-07
1.55719e-06
-8.83835e-08
3.58256e-06
-2.63049e-06
-2.44977e-06
-7.86364e-07
-8.37085e-07
-2.0166e-08
1.66232e-06
-1.55752e-06
-1.04799e-07
1.57678e-06
3.57292e-08
1.8251e-07
-1.50905e-06
-1.11921e-06
1.28817e-06
1.52715e-06
1.36599e-08
1.19288e-06
5.28254e-07
1.60251e-06
5.98101e-08
1.60153e-06
-1.57865e-06
-2.28727e-08
-7.23436e-07
-1.01316e-06
-7.22747e-08
1.47353e-06
2.71725e-08
-1.69754e-06
1.3277e-06
-1.04549e-06
-2.30039e-08
3.3139e-08
1.29724e-06
-1.40734e-06
1.10096e-07
2.38428e-07
1.36062e-06
2.17071e-06
-2.11036e-06
7.56364e-07
9.54438e-07
-1.53272e-06
1.51572e-06
1.70017e-08
-3.50406e-08
-8.92878e-07
4.90905e-07
4.01973e-07
-1.63655e-08
1.66401e-06
-1.66401e-06
1.88629e-06
-1.09562e-06
-7.90679e-07
-1.37283e-06
-2.34728e-07
1.15847e-06
5.49302e-07
1.59383e-06
8.68714e-09
-1.50195e-06
1.49004e-06
9.69407e-09
-1.49974e-06
1.21865e-06
1.69754e-06
-1.68736e-06
4.25808e-08
1.98193e-06
-1.75817e-06
1.53248e-06
-1.62717e-06
1.52469e-06
-3.46522e-08
1.37539e-06
-1.48999e-06
1.48255e-06
7.44175e-09
6.8104e-08
1.19634e-06
-1.26444e-06
-1.35349e-06
1.11875e-06
-1.00892e-07
1.4139e-06
1.94187e-07
-1.40112e-08
-1.31128e-06
-2.28407e-07
-1.96717e-06
1.24373e-06
4.01115e-09
-1.49468e-06
-1.59018e-06
-7.53963e-08
2.12714e-06
-1.14613e-06
1.51724e-08
-2.76347e-07
1.69186e-06
-1.41552e-06
-7.22222e-07
-1.70656e-07
1.48363e-06
-1.49912e-06
1.54899e-08
-1.53248e-06
1.52271e-06
6.60659e-07
9.41286e-07
-1.60194e-06
1.59042e-06
-2.93181e-07
1.3003e-07
1.41729e-06
1.56431e-06
1.54303e-07
1.7024e-07
2.07734e-07
-1.66627e-06
3.65943e-08
-1.32074e-06
1.50325e-06
-7.65879e-07
9.24911e-07
1.41258e-07
-1.38773e-06
1.24647e-06
-1.18435e-08
2.65567e-08
-1.38357e-06
-1.57703e-06
1.54761e-06
2.94121e-08
-1.51019e-06
1.55975e-07
9.88314e-07
8.97981e-07
-8.49227e-07
1.74079e-06
-8.91563e-07
1.74812e-06
-1.63167e-06
-1.16456e-07
4.46538e-08
1.0741e-06
-1.5001e-06
-1.59128e-08
1.52253e-06
2.16314e-09
7.49883e-07
-2.58978e-07
1.93791e-06
-1.74334e-06
1.38111e-06
2.16725e-07
8.67195e-08
-1.54569e-06
2.3441e-07
2.31373e-08
-1.34388e-06
1.72532e-06
-1.39532e-06
1.40598e-06
-8.53853e-08
-1.33889e-06
1.42428e-06
-1.51561e-06
1.57904e-06
-1.88518e-08
-2.29573e-06
1.85316e-07
-1.01058e-08
1.48655e-06
2.91709e-08
-1.40066e-06
-1.54104e-06
1.53494e-06
6.10315e-09
1.84724e-06
-1.07505e-06
-7.72186e-07
-1.29108e-06
-1.16757e-07
1.40784e-06
-3.20496e-09
-1.5194e-06
3.28344e-08
-1.65722e-07
1.62671e-06
-1.46099e-06
-1.49119e-06
1.49872e-06
-2.16568e-06
-3.1533e-07
-2.09353e-06
2.04072e-06
5.28134e-08
1.19168e-06
6.06015e-07
1.39603e-06
1.26373e-07
-1.52241e-06
1.48497e-06
-6.07354e-08
1.19422e-06
5.96902e-07
-1.06099e-06
3.38769e-07
-1.50324e-06
1.30363e-06
-1.48359e-06
-2.01635e-06
2.0091e-06
7.24498e-09
1.81823e-06
-1.45941e-06
1.48698e-06
-4.43233e-09
9.18943e-08
-1.38695e-06
1.29506e-06
-2.24317e-08
-1.99391e-06
1.80141e-06
-1.80141e-06
-8.2137e-07
1.54552e-06
-7.24147e-07
-1.48718e-06
1.48718e-06
1.52184e-06
-1.34479e-06
-1.77049e-07
1.40874e-06
3.36907e-07
1.58456e-06
-1.30092e-06
1.56866e-06
-1.76229e-08
-1.2248e-06
-1.96809e-07
1.42161e-06
-1.99198e-06
1.99892e-06
-6.94201e-09
1.84206e-06
-1.1092e-06
-7.32862e-07
2.68253e-07
1.31631e-06
-2.01283e-06
2.00266e-06
1.01681e-08
-6.08734e-10
-1.49006e-08
1.98619e-06
-1.97129e-06
-2.00543e-06
2.00543e-06
-2.39024e-08
1.50753e-06
2.15325e-06
-2.0065e-06
-1.46751e-07
-2.01417e-06
1.99927e-06
2.01217e-06
-2.00203e-06
-1.01435e-08
-1.46593e-06
-3.319e-08
1.71563e-06
-2.31801e-08
1.99907e-06
-1.97589e-06
1.99966e-06
-2.00346e-06
3.80382e-09
-1.51287e-06
1.98913e-06
-2.94013e-09
-1.53944e-06
1.52589e-06
1.35552e-08
-1.98878e-06
1.9961e-06
-7.32652e-09
1.52364e-06
-1.48388e-06
-2.00884e-06
1.98566e-06
1.54165e-06
-4.91255e-07
7.32649e-07
9.59216e-07
-1.11202e-06
-8.55146e-07
-2.00188e-06
2.00188e-06
-2.01108e-06
-3.09549e-09
1.86172e-06
-3.42438e-07
-1.51928e-06
-1.30913e-06
8.88991e-07
5.03213e-08
1.99238e-06
-1.99864e-06
6.25653e-09
1.46642e-06
-1.46609e-06
-3.26085e-10
2.05447e-06
-2.00096e-06
-5.35106e-08
1.98179e-06
1.05873e-08
1.97819e-06
2.08779e-08
-4.22289e-09
-1.48296e-06
-1.82962e-06
1.00799e-06
8.21626e-07
-1.48084e-06
1.49053e-06
1.98821e-06
-6.42088e-09
2.08475e-07
1.34872e-06
1.06903e-06
-4.08372e-07
-2.00602e-06
-2.81904e-09
1.63568e-06
9.69699e-07
-1.65349e-06
-2.53301e-07
-2.04243e-06
1.49456e-06
-1.50411e-06
9.55053e-09
-6.94608e-08
-2.02407e-06
1.55592e-06
-1.7532e-08
1.72793e-06
-1.18119e-06
-5.46746e-07
-1.49694e-06
1.99131e-06
-1.99131e-06
1.42699e-06
2.06237e-08
-1.44762e-06
1.53517e-06
-1.99554e-06
1.99288e-06
2.65913e-09
1.98116e-06
-2.0005e-06
1.93422e-08
1.25594e-06
-1.66675e-06
-5.43604e-09
-1.98145e-06
1.98688e-06
1.97685e-06
-1.98229e-06
-6.54344e-08
2.10615e-06
-1.57888e-06
1.71305e-06
-1.79442e-06
1.24549e-06
-3.15204e-08
2.04062e-06
1.71221e-07
8.825e-07
1.98895e-08
1.84183e-06
-5.35614e-09
1.5931e-06
-1.58774e-06
-1.37866e-08
-2.00025e-06
-1.25855e-08
1.64425e-06
-1.65645e-07
-1.4786e-06
-1.98697e-06
1.98697e-06
1.16332e-06
-1.00082e-06
-2.00346e-06
1.99814e-06
5.32584e-09
1.53082e-06
-1.53082e-06
1.48887e-06
-2.24528e-08
1.9897e-06
-1.99291e-06
3.20968e-09
-1.92077e-06
5.24538e-07
8.55694e-10
-1.47836e-06
1.4775e-06
1.60294e-06
-1.34123e-08
1.99368e-06
1.84937e-08
1.20978e-06
2.06083e-07
-1.41586e-06
1.99996e-06
-1.08252e-08
1.556e-06
-1.556e-06
1.98728e-06
-1.98026e-06
-7.02172e-09
-1.52109e-06
1.50904e-06
1.20501e-08
2.00235e-06
-1.99633e-06
-6.02631e-09
-1.99035e-06
1.99035e-06
2.98403e-07
1.39488e-06
4.71836e-08
-1.44207e-06
-2.00363e-06
1.99834e-06
5.28812e-09
-7.61827e-09
-1.50146e-06
1.49282e-06
1.74611e-09
1.86159e-06
-3.49143e-07
-1.51244e-06
1.28688e-06
1.98222e-06
-1.98773e-06
5.51387e-09
1.53355e-06
1.63565e-06
2.30302e-08
1.40396e-06
2.0327e-06
-3.90237e-08
1.97555e-06
6.67057e-09
1.45496e-06
-1.45496e-06
-7.65879e-07
2.01027e-06
-1.99438e-06
-6.12159e-09
1.9935e-06
-1.98604e-06
-7.46473e-09
3.94487e-08
-2.03155e-06
1.9921e-06
2.09616e-07
-2.01102e-06
-1.99998e-06
1.99649e-06
3.49843e-09
1.44402e-06
-1.44325e-06
-7.72671e-10
1.52184e-06
-1.34296e-06
1.34296e-06
1.97963e-06
-4.07986e-09
-1.48422e-06
-1.38695e-06
1.39603e-06
1.54126e-06
-1.63919e-08
-4.58029e-09
1.57937e-07
-1.96599e-06
1.99306e-06
-1.99382e-06
7.58128e-10
4.66726e-08
1.39735e-06
4.6608e-08
1.59764e-06
1.49941e-06
-1.0533e-08
-1.99567e-06
1.99324e-06
2.42863e-09
1.97797e-06
-1.98375e-06
5.78747e-09
-1.99363e-06
-9.82976e-09
1.98838e-06
-1.98304e-06
-5.34004e-09
1.50197e-06
2.88421e-08
1.9894e-06
8.73455e-09
-2.60635e-09
1.98512e-06
8.11753e-09
-3.19622e-10
-1.47145e-06
-2.01537e-06
2.14598e-08
-1.49151e-06
1.49151e-06
1.99859e-08
1.8416e-06
-1.51566e-06
2.90855e-07
1.06684e-08
1.98899e-06
8.32765e-08
-1.43742e-06
1.35414e-06
1.42274e-08
1.99121e-06
1.89995e-06
-2.07193e-06
1.50199e-06
5.40046e-08
1.97685e-06
-1.51485e-08
1.41003e-06
-1.44954e-06
6.29542e-09
1.42906e-06
-2.1928e-07
-1.98181e-06
1.98181e-06
-1.99235e-06
-1.12766e-08
1.34479e-06
-1.39327e-06
4.84819e-08
-1.99121e-06
1.46645e-06
-1.4656e-06
1.9884e-06
9.93718e-09
-1.98923e-06
-1.7712e-06
1.23428e-06
-1.99799e-06
1.99461e-06
3.37662e-09
1.35631e-06
1.28658e-07
1.47836e-06
8.82767e-09
-1.97528e-06
1.98903e-06
-1.37514e-08
-1.50331e-06
1.49025e-06
1.30609e-08
-1.98158e-06
6.30541e-09
1.49526e-06
-2.44509e-09
8.14084e-08
-1.54393e-06
1.46253e-06
1.98122e-06
-1.99012e-06
8.90362e-09
1.61197e-06
-1.68736e-06
1.98097e-06
-1.98076e-06
-2.19197e-10
-1.26363e-06
1.26363e-06
-1.55891e-06
1.55891e-06
-1.97866e-06
-2.91806e-09
-9.24911e-07
1.09613e-06
-1.98443e-06
1.98149e-06
2.93766e-09
1.5768e-08
1.98611e-06
1.23739e-06
-1.09613e-06
-1.23739e-06
1.30549e-06
1.31109e-06
-1.5079e-06
1.81621e-06
-1.07434e-06
-7.41869e-07
-1.99146e-06
-8.52445e-09
-2.85993e-07
-1.30549e-06
1.59149e-06
1.98891e-06
7.57972e-09
-1.50779e-06
1.39437e-06
1.99477e-06
-1.99071e-06
-4.06712e-09
-1.98287e-06
-1.49424e-06
1.50322e-06
-4.82614e-08
-5.38398e-09
1.9936e-06
1.98501e-06
-1.4775e-06
-2.03248e-06
-1.19407e-06
1.52241e-06
-3.28342e-07
-1.9742e-06
-7.25033e-09
1.98263e-06
2.49526e-09
1.15605e-06
-1.18202e-06
2.59691e-08
2.31008e-09
1.39327e-06
-1.4494e-06
5.61266e-08
9.19894e-07
9.27343e-07
-1.99058e-06
-7.41349e-09
-1.50939e-06
1.97391e-06
-1.97223e-06
-1.68344e-09
1.98813e-06
6.4818e-09
-1.994e-06
1.99182e-06
2.18023e-09
1.5255e-06
1.50197e-06
-1.97903e-06
1.9746e-06
4.42531e-09
1.99299e-06
-1.99208e-06
-9.08762e-10
-1.48332e-06
1.50199e-06
1.97808e-06
-1.97808e-06
8.01482e-09
1.99465e-06
-1.2487e-06
-2.66959e-07
1.98213e-06
-9.14855e-10
-2.53732e-07
1.35333e-06
-1.09959e-06
1.97711e-06
-1.97541e-06
-1.70649e-09
6.11008e-09
1.9852e-06
1.97348e-06
-1.97529e-06
1.80965e-09
-1.9967e-06
-1.98943e-06
-1.19916e-06
1.77227e-09
1.9911e-06
-2.23953e-09
-1.9845e-06
1.98674e-06
-1.9782e-06
1.97383e-06
4.36379e-09
-1.99051e-06
-3.49461e-09
-1.50666e-06
-1.45623e-06
6.68566e-09
1.98841e-06
3.40658e-09
-1.97639e-06
1.97555e-06
8.39249e-10
-1.97773e-06
7.54235e-09
1.97019e-06
1.98993e-06
4.8466e-09
-1.98372e-06
-6.98501e-09
-1.4482e-06
-6.75866e-09
1.98897e-06
-1.99017e-06
1.20177e-09
1.97754e-06
-1.97978e-06
-1.98124e-06
1.9785e-06
2.74655e-09
1.97628e-06
-1.97468e-06
-1.59936e-09
1.49036e-06
1.15261e-09
1.98959e-06
3.39331e-09
-1.98678e-06
-5.30097e-09
-1.99401e-06
1.50322e-06
-1.97736e-06
1.97338e-06
3.98274e-09
1.31272e-06
-1.3981e-06
-1.97178e-06
1.97923e-06
-7.4472e-09
1.97796e-06
-1.98094e-06
2.98193e-09
-4.97761e-09
-1.98854e-06
-1.96286e-09
-5.23174e-09
-1.75631e-06
1.24627e-06
-3.4435e-09
1.97754e-06
-3.32949e-09
-2.16062e-09
-1.99026e-06
1.71619e-09
7.63109e-07
1.6713e-06
-2.43441e-06
-4.11985e-07
1.98893e-06
3.11826e-11
-1.9852e-06
3.75011e-09
1.98322e-06
-1.98635e-06
-3.81586e-09
-1.49541e-06
-1.99226e-06
1.99842e-09
7.12241e-09
1.98258e-06
-2.90272e-10
9.53091e-09
-1.95863e-06
1.9491e-06
1.99172e-06
-1.99071e-06
-1.01208e-09
-1.5219e-06
2.73197e-07
1.98789e-06
-1.98442e-06
-3.4765e-09
-1.98916e-06
-1.47534e-06
-7.80737e-08
1.97588e-06
-1.9743e-06
-1.5726e-09
1.04773e-08
-1.96048e-06
1.95001e-06
-1.99122e-06
1.98748e-06
3.74367e-09
-1.50603e-06
1.49316e-06
1.28651e-08
1.70081e-09
-1.99117e-06
-1.08396e-09
-1.51581e-06
3.14423e-07
1.20138e-06
-1.98861e-06
-2.61454e-09
1.99104e-06
6.87689e-10
-1.98776e-06
-2.9571e-09
-8.06991e-09
-1.99131e-06
1.39982e-10
-1.43256e-06
-1.64241e-07
1.5968e-06
1.14516e-06
8.43166e-09
-1.98322e-06
1.49402e-06
-3.77181e-09
-1.9758e-06
1.9758e-06
-3.83841e-09
1.99009e-06
9.42674e-10
-1.5878e-09
3.15142e-09
3.24127e-09
1.99084e-06
-7.46221e-10
1.17891e-09
1.99033e-06
-1.99034e-06
6.68738e-12
1.43658e-06
-1.43658e-06
-1.98624e-06
1.98192e-06
4.32031e-09
1.97915e-06
-1.97713e-06
-2.01563e-09
-2.84139e-09
1.9896e-06
1.23848e-09
1.98969e-06
6.41206e-10
-7.33374e-10
1.98977e-06
1.98797e-06
-1.98905e-06
1.07468e-09
-2.00715e-06
-1.98159e-06
-4.65009e-09
1.53245e-06
-1.88609e-08
1.98619e-06
1.78684e-09
1.65504e-08
1.9877e-06
-1.98548e-06
-2.21743e-09
-1.42028e-06
1.42028e-06
1.13209e-08
1.97903e-06
-1.97544e-06
1.97864e-06
-3.20294e-09
1.98727e-06
4.29357e-10
1.18117e-08
1.48759e-06
1.98493e-06
-1.98413e-06
-7.94695e-10
-1.96919e-06
-6.24861e-09
1.97947e-06
-1.98109e-06
1.61267e-09
1.98362e-06
1.30859e-09
1.98726e-06
2.43154e-09
-1.96132e-08
-1.96489e-06
-2.81836e-09
-1.75205e-07
-1.33384e-06
1.97622e-06
-1.97814e-06
1.92397e-09
5.90176e-08
1.37757e-06
1.98469e-06
-1.98278e-06
-1.90596e-09
-1.79069e-09
-3.47349e-08
-1.64828e-06
1.68301e-06
-1.43754e-06
1.4541e-06
-1.6566e-08
-1.96688e-06
1.96753e-06
-6.53056e-10
1.98236e-06
2.33166e-09
-1.97641e-06
-1.23397e-06
1.99708e-06
1.98318e-06
-1.98031e-06
-2.86928e-09
-1.98505e-06
1.9851e-06
-4.44105e-11
1.97949e-06
-1.9777e-06
-1.78291e-09
-1.93107e-07
-1.69807e-06
1.89117e-06
1.9811e-06
2.08045e-09
-1.96845e-06
1.57695e-09
1.98348e-06
-1.98095e-06
-2.53168e-09
1.49036e-06
-1.52531e-06
1.52531e-06
1.98273e-06
-1.97894e-06
-3.79607e-09
-3.88771e-09
1.98352e-06
-3.13041e-09
-1.49237e-06
1.97987e-06
2.86577e-09
-1.98485e-06
-3.75267e-09
-1.96536e-06
1.96643e-06
-1.07021e-09
1.98508e-06
1.10529e-09
3.40124e-08
1.96491e-06
-4.02824e-10
1.98333e-06
5.05099e-09
1.48656e-06
7.45594e-09
2.44201e-10
-1.96737e-06
2.0102e-09
1.51372e-07
5.59932e-09
6.37237e-08
1.97766e-06
-1.97951e-06
1.84412e-09
-1.96327e-06
1.96559e-06
-2.31691e-09
3.62152e-08
-1.48914e-06
1.45293e-06
2.65998e-07
-1.54978e-06
1.28379e-06
5.63332e-07
1.40617e-06
-1.40617e-06
1.97621e-06
-1.97621e-06
-1.6203e-06
9.03377e-10
-1.97993e-06
1.51683e-06
1.98276e-06
4.5085e-09
-3.72744e-07
-6.95462e-07
1.06821e-06
-1.9662e-06
2.93008e-09
-1.96711e-06
-6.4439e-08
8.40613e-07
-1.3863e-06
5.45685e-07
-1.37204e-09
1.35702e-08
1.96566e-06
3.79045e-09
1.49147e-06
-1.9857e-06
4.20345e-09
1.9776e-06
1.2616e-06
-1.53956e-06
2.77956e-07
1.28359e-06
-4.42976e-07
-2.4924e-09
-1.9757e-06
1.98606e-06
-1.97249e-06
-1.98023e-06
-1.96068e-06
1.95879e-06
1.88225e-09
4.75831e-10
1.98102e-06
1.97414e-06
2.07463e-09
1.80392e-06
-1.19803e-06
-6.05889e-07
-5.79263e-09
1.50779e-06
1.98044e-06
3.17986e-09
1.80382e-06
-1.99693e-06
1.3569e-08
1.96558e-06
-2.34821e-09
-1.97502e-06
-1.96304e-06
2.3645e-09
-1.4411e-06
3.56653e-09
1.51512e-06
-1.21502e-06
-3.00106e-07
1.97058e-06
-1.97073e-06
1.47878e-10
-2.34454e-09
5.68644e-07
-7.9932e-07
-7.48147e-07
1.54747e-06
1.97434e-06
-1.97735e-06
3.01413e-09
1.56701e-06
-1.54639e-06
-4.68839e-09
1.50666e-06
-1.29338e-06
9.20637e-07
1.97231e-06
-1.97427e-06
1.96152e-09
1.98374e-06
-1.97017e-06
-1.48679e-06
5.02033e-08
-1.4921e-06
1.48958e-06
2.52711e-09
1.4494e-06
-1.48414e-06
3.18861e-08
1.96422e-06
-1.50747e-06
1.45882e-06
-5.31661e-08
1.98057e-06
-1.97817e-06
-2.40453e-09
1.5414e-06
-1.47335e-06
-6.8044e-08
1.97414e-06
-1.20088e-09
-1.97519e-06
-1.46079e-06
4.56566e-09
1.83496e-07
1.1214e-06
-1.3049e-06
-1.95817e-06
1.95602e-06
2.14939e-09
1.97094e-06
7.01989e-09
-1.24764e-06
-2.60259e-07
1.4542e-08
1.96495e-06
1.97717e-06
-1.98187e-06
4.69943e-09
1.97481e-06
-3.62696e-09
-1.9686e-06
-1.53848e-06
-2.60293e-07
1.9782e-06
4.16147e-09
2.10473e-06
-4.33435e-07
-1.22275e-08
1.97639e-06
-1.96416e-06
1.97533e-06
1.83979e-09
-1.96103e-06
2.8653e-09
-1.96641e-06
-1.43458e-08
-3.72803e-09
1.94985e-06
-1.94613e-06
2.59059e-09
1.97549e-06
1.98401e-06
-1.96947e-06
-1.9776e-06
-6.16733e-09
1.50939e-06
-2.11616e-09
1.49581e-06
-7.56328e-08
-1.42018e-06
2.04462e-08
1.47536e-06
-1.95269e-06
1.94896e-06
-1.97726e-06
-4.33042e-09
1.2552e-06
2.59921e-07
-7.20895e-09
1.52936e-06
-1.52216e-06
-1.26629e-06
-1.05947e-06
1.24297e-06
-1.65116e-06
2.05915e-07
1.44525e-06
1.97462e-06
1.52996e-09
-1.97694e-06
1.98864e-08
1.96617e-06
1.9717e-06
-1.97201e-06
3.05743e-10
1.97601e-06
-1.9701e-06
-5.91171e-09
-1.97865e-06
1.38209e-09
-2.89601e-09
-1.49357e-06
1.49647e-06
3.12189e-10
1.97818e-06
-1.37172e-06
4.02082e-07
-1.97615e-06
1.975e-06
1.15318e-09
-1.95541e-06
1.95304e-06
2.36849e-09
1.9213e-08
1.61178e-06
-1.56459e-06
1.18535e-06
-2.93023e-08
-1.04713e-08
1.97751e-06
-1.96703e-06
-1.76201e-06
9.62693e-07
1.97393e-06
1.74941e-09
-1.97643e-06
1.97593e-06
5.16803e-09
-1.84602e-06
1.76389e-08
1.82838e-06
3.16146e-09
-1.95857e-06
1.97211e-06
-1.97004e-06
-2.0699e-09
-6.29475e-08
1.98404e-06
-1.92109e-06
-3.00227e-09
-4.06668e-07
1.857e-06
-1.45033e-06
-1.48679e-06
-1.636e-06
1.97335e-06
-1.03822e-09
1.75598e-08
1.96618e-06
1.92524e-06
1.99237e-06
-1.99151e-06
-8.5912e-10
1.04076e-09
-1.49798e-06
1.49694e-06
-1.97453e-06
1.97318e-06
1.35014e-09
4.03349e-08
-1.48854e-06
1.4482e-06
1.97712e-06
-1.97635e-06
-7.71711e-10
-1.53097e-06
1.52376e-06
1.97132e-06
-1.96979e-06
-1.53387e-09
5.55599e-09
1.97046e-06
-2.42499e-08
1.98177e-06
-1.97568e-06
1.79331e-08
-1.45616e-06
1.9757e-06
-1.97533e-06
-3.61035e-10
1.97468e-06
1.14932e-09
-1.97545e-06
1.96454e-06
4.12416e-09
-1.96866e-06
4.79075e-10
1.97593e-06
-1.97037e-06
-4.95506e-09
-1.49656e-06
1.50151e-06
1.06208e-06
-1.56172e-06
4.99637e-07
-3.28762e-07
-1.51725e-06
-1.45341e-06
-3.24215e-07
-1.27356e-06
-1.97352e-06
1.15371e-08
1.96198e-06
-1.50551e-06
1.49656e-06
8.94835e-09
-4.57411e-07
-1.20934e-06
-1.97239e-06
1.76154e-06
-1.96834e-06
1.97184e-06
-3.50788e-09
-1.6438e-06
1.62496e-07
1.4813e-06
1.57378e-06
-1.20856e-06
-3.65217e-07
-1.97534e-06
4.01902e-09
1.97132e-06
1.49917e-06
-1.48005e-06
4.18747e-09
1.96793e-06
-1.97549e-06
2.03293e-09
1.97377e-06
1.97338e-06
6.4869e-09
-3.39298e-10
-1.97495e-06
-6.54804e-09
-1.9696e-06
-1.97034e-06
1.49778e-06
-1.48014e-06
-8.49183e-09
4.22494e-07
1.30544e-06
-1.34725e-06
1.34725e-06
1.73219e-08
1.96669e-06
-2.23922e-06
-1.82251e-06
1.82355e-06
1.97613e-06
1.49627e-06
-1.48477e-06
-1.97319e-06
1.96664e-06
-1.66835e-06
1.70868e-06
1.97175e-06
-1.97002e-06
-1.7308e-09
2.4415e-09
1.97378e-06
-1.99688e-06
1.50247e-06
-1.50743e-06
-1.97255e-06
3.36115e-09
7.44125e-07
1.97743e-06
-1.97503e-06
-2.40201e-09
-1.97611e-06
1.97186e-06
-1.97022e-06
-1.64366e-09
-1.97156e-06
-1.96435e-09
1.96724e-06
-1.9612e-06
-1.5078e-06
1.81436e-06
1.97014e-06
-1.96952e-06
-6.23213e-10
-3.49654e-09
1.96804e-06
-1.50551e-06
1.30543e-06
-1.41391e-06
1.08482e-07
-2.43036e-06
2.43036e-06
1.97521e-06
1.97558e-06
-5.02227e-09
3.36749e-09
-1.97483e-06
1.98193e-06
-7.09888e-09
1.97125e-06
-1.96959e-06
-1.66116e-09
-1.63568e-06
1.55761e-06
6.20116e-09
1.97019e-06
-1.97527e-06
5.38586e-09
1.96989e-06
-1.96941e-06
1.97365e-06
-1.97101e-06
-1.5126e-06
-1.97364e-06
6.67057e-09
1.96697e-06
-1.51445e-06
-4.33364e-09
1.47832e-06
-1.48907e-06
1.07525e-08
1.96866e-06
-1.97032e-06
1.65673e-09
3.72127e-08
-1.97362e-06
1.97031e-06
3.30587e-09
1.97276e-06
-1.44675e-06
-1.43693e-06
-2.38643e-08
1.97491e-06
-1.97491e-06
-1.00635e-08
1.50042e-06
-1.97377e-06
1.97088e-06
-1.96922e-06
-1.66034e-09
1.97453e-06
-1.1094e-08
-1.97195e-06
-1.46859e-06
-1.79685e-07
-1.50865e-06
1.17883e-06
-1.31715e-06
1.38325e-07
-2.9428e-07
-1.27466e-06
1.56894e-06
1.96719e-06
-1.96195e-06
1.2795e-06
-1.48914e-06
-4.32331e-09
-1.97101e-06
1.97196e-06
-1.97032e-06
-1.63875e-09
1.51518e-06
-1.52311e-06
-4.1593e-07
-2.75852e-07
6.91782e-07
-1.57107e-06
1.58385e-06
1.52087e-06
-1.50042e-06
-5.93324e-09
-1.47483e-06
1.48077e-06
-7.82434e-09
-1.4633e-06
1.47113e-06
5.00469e-09
-1.53592e-06
1.53091e-06
1.41164e-08
-1.54159e-06
1.52747e-06
7.35689e-09
-1.50959e-06
1.50223e-06
-2.54388e-09
-1.47809e-06
1.48063e-06
-2.34036e-09
-1.47701e-06
1.47935e-06
8.87588e-07
-5.98147e-07
-2.89441e-07
1.3105e-06
9.79287e-09
1.96771e-06
1.4428e-06
-1.4526e-06
9.80027e-09
4.63494e-09
-1.97116e-06
1.96653e-06
1.97633e-06
-1.97633e-06
1.95015e-06
-2.08482e-10
-1.94994e-06
-6.72525e-09
-1.96646e-06
1.97074e-06
-1.96901e-06
-1.72679e-09
-1.22495e-06
-1.60818e-06
-3.56237e-08
1.29224e-06
2.49155e-07
1.97479e-06
-1.97201e-06
-2.77679e-09
-1.50318e-06
1.56362e-06
6.60775e-09
1.96932e-06
-1.08424e-06
-6.77777e-07
1.53236e-08
1.41399e-06
-1.42931e-06
-1.01004e-06
-1.71984e-07
-3.38848e-07
-2.0867e-07
5.47518e-07
1.48421e-06
1.48444e-06
1.54901e-06
1.54929e-06
1.53855e-06
1.51768e-06
-7.01576e-09
-1.48732e-06
1.49434e-06
1.48877e-06
-2.20796e-09
-5.84428e-07
1.97138e-06
-1.96675e-06
-4.91124e-08
1.58638e-06
-1.97707e-06
-1.34918e-06
1.67087e-06
1.94788e-06
1.21217e-09
-1.94909e-06
1.97894e-06
-4.03474e-09
-1.97466e-06
7.17564e-09
1.96749e-06
-1.48867e-06
-1.49357e-06
1.49322e-06
-1.50023e-06
-1.35875e-06
1.63977e-06
-2.81022e-07
-3.55661e-09
-1.97009e-06
1.0301e-06
-1.28383e-06
3.25028e-09
-1.97329e-06
-1.97093e-06
-5.24073e-07
-7.69307e-07
-1.96742e-06
-3.74165e-09
1.51089e-06
4.71657e-07
1.1522e-06
1.96881e-06
-1.96728e-06
-1.52371e-09
1.4997e-06
-9.92162e-07
-5.07534e-07
-7.14835e-07
3.75987e-07
-8.29158e-07
1.79185e-06
-7.18193e-07
1.49236e-06
-7.74171e-07
7.44504e-10
1.97359e-06
-1.96003e-06
1.97018e-06
-1.97133e-06
1.14749e-09
-1.11561e-06
4.7513e-07
6.40485e-07
-6.50831e-09
-1.48695e-06
1.49346e-06
2.06313e-06
-9.11691e-07
-1.15144e-06
1.37449e-09
1.94877e-06
-4.29236e-07
-6.86379e-07
-1.44003e-06
1.45535e-06
1.22945e-06
8.10568e-08
-1.43333e-06
-2.95482e-09
-1.48859e-06
1.49155e-06
1.53658e-06
-1.48991e-06
-9.1425e-07
-3.47785e-07
1.26204e-06
-1.96723e-06
1.9678e-06
-5.74944e-10
-1.45323e-06
1.47117e-06
1.9693e-06
-1.97059e-06
-1.31652e-06
-3.07313e-08
-1.9841e-06
1.97663e-06
-1.02738e-06
1.47735e-09
1.97037e-06
1.71778e-06
-9.49309e-07
-7.68475e-07
1.45258e-06
-2.73749e-07
1.62564e-06
-2.11651e-07
1.49112e-06
-1.49763e-06
1.96672e-06
-1.96674e-06
2.68432e-11
1.49208e-06
-1.49504e-06
1.80826e-09
-1.96564e-06
1.96383e-06
-8.28771e-07
-1.98612e-07
5.51869e-09
-1.51332e-06
-1.97125e-06
2.7989e-09
1.31652e-06
-1.39331e-06
7.67925e-08
-2.1323e-07
1.61058e-06
-6.71163e-09
-1.46188e-06
1.48352e-06
1.42625e-08
1.96886e-06
-1.96759e-06
-1.26788e-09
2.4051e-09
1.97173e-06
9.99591e-07
-1.48906e-06
1.49458e-06
9.68291e-07
-5.69661e-09
-1.96897e-06
-7.51549e-07
-5.75657e-07
1.32721e-06
-1.42402e-06
-1.29095e-08
1.33919e-06
-1.20731e-06
-1.31885e-07
-2.69852e-07
1.56139e-06
-1.29154e-06
1.97014e-06
-1.96861e-06
-1.52654e-09
2.64706e-09
1.9691e-06
1.27975e-08
1.50095e-06
-1.51375e-06
1.28842e-09
-1.97131e-06
-1.47433e-06
1.47889e-06
1.96942e-06
-1.97161e-06
2.18716e-09
1.97894e-06
-8.43311e-09
-1.37473e-06
-6.02081e-08
1.43493e-06
-1.98295e-06
-8.05738e-10
1.8268e-08
-1.51037e-06
-2.01985e-06
1.96861e-06
-1.9668e-06
-1.26265e-06
2.72267e-09
-4.82366e-09
-1.96791e-06
1.96895e-06
2.30821e-09
-2.05446e-06
3.0316e-10
-1.9699e-06
-8.77057e-08
-1.10693e-06
4.1147e-07
-1.97419e-06
1.97419e-06
-1.24396e-06
1.51977e-06
-2.75808e-07
1.97793e-06
-1.18014e-06
1.47148e-06
-2.91337e-07
-1.27253e-06
1.54031e-06
-2.67781e-07
-1.47753e-06
-2.19475e-08
1.52278e-06
-1.50083e-06
-1.28221e-06
1.24726e-06
-3.26618e-07
1.97156e-06
-1.97416e-06
2.59746e-09
1.97124e-06
-1.97384e-06
2.59709e-09
1.96989e-06
-1.97268e-06
2.79103e-09
-2.1733e-09
-1.97145e-06
-1.18462e-06
1.49546e-06
-3.10846e-07
1.9705e-06
-1.96898e-06
-1.52445e-09
1.96987e-06
2.77609e-07
-1.57852e-06
1.96878e-06
2.1055e-09
-1.96967e-06
4.45876e-10
4.64254e-07
1.9696e-06
-1.97126e-06
1.65679e-09
4.09552e-08
1.47992e-06
-1.52087e-06
-1.44667e-06
-6.56276e-09
1.45323e-06
-1.97385e-06
-1.96955e-06
1.96701e-06
2.5306e-09
1.50074e-06
-1.48247e-06
-1.97106e-06
1.9686e-06
2.46128e-09
-1.45907e-06
1.39847e-06
6.0602e-08
-1.9713e-06
1.96891e-06
2.39184e-09
1.97437e-06
-1.97199e-06
-2.3836e-09
-1.47695e-06
1.48974e-06
-1.59074e-06
-8.59018e-07
-1.61903e-06
-3.36925e-07
1.62696e-06
-1.29004e-06
1.967e-06
-5.57815e-09
-1.96421e-06
-1.48854e-06
1.49578e-09
-1.97189e-06
1.97039e-06
-1.57099e-06
1.49535e-06
3.17683e-09
1.97252e-06
1.96831e-06
2.42806e-09
-1.9695e-06
4.95294e-10
-1.55587e-07
-5.59248e-07
-1.50618e-06
1.48424e-06
-1.56765e-06
2.71116e-07
1.29653e-06
-5.26817e-07
-5.80116e-07
-1.49798e-06
1.562e-06
2.41924e-07
4.58147e-10
1.96767e-06
-1.96813e-06
1.48414e-06
-1.49085e-06
-1.97293e-06
1.98263e-06
-1.97685e-06
-4.93559e-07
-4.15424e-07
9.08983e-07
-1.40484e-06
-5.13205e-08
-1.98349e-06
3.23151e-09
-5.30908e-08
-1.4896e-06
1.48695e-06
2.64776e-09
1.62966e-06
-1.54294e-07
1.97071e-06
-1.96889e-06
-1.81945e-09
1.96808e-06
7.23162e-10
-1.96925e-06
1.96175e-09
1.96958e-06
-1.97023e-06
6.45213e-10
-1.46244e-09
1.24179e-09
-1.97809e-06
-1.45535e-06
-3.14313e-08
5.68514e-08
-1.62011e-06
-1.0364e-08
1.97708e-06
-1.99593e-06
-5.7614e-10
-1.96506e-06
-1.61197e-06
1.56285e-06
4.94054e-10
1.4423e-06
-1.48995e-06
1.48859e-06
1.36278e-09
-1.28357e-06
-2.66212e-07
1.50649e-06
1.41595e-06
-1.47615e-06
1.9689e-06
-1.96854e-06
-1.52412e-06
1.48998e-06
-1.32277e-06
-6.97084e-07
1.9683e-06
-1.30997e-09
-1.96891e-06
1.80382e-06
-1.50403e-06
1.98811e-07
1.30522e-06
3.10068e-07
-1.5081e-06
2.37219e-07
1.91472e-08
2.56044e-07
-1.56402e-06
1.30798e-06
3.00448e-07
-1.84015e-06
1.5397e-06
1.96842e-06
1.71681e-09
-1.89641e-09
-1.96883e-06
2.44569e-07
-1.54398e-06
1.29941e-06
-1.96917e-06
5.61322e-10
2.00336e-08
1.46954e-06
-1.66994e-06
-1.65232e-06
2.28304e-07
-1.36531e-06
1.48732e-06
-1.49215e-06
4.82319e-09
-6.37603e-09
-1.9679e-06
6.94577e-09
1.96444e-06
-1.14861e-06
-1.0995e-06
1.49592e-06
-1.49592e-06
-1.44667e-06
-1.4114e-06
-1.50318e-06
-1.95874e-06
-4.52992e-09
1.96327e-06
-1.3695e-06
-1.37964e-07
2.79722e-07
1.29375e-06
-1.57347e-06
2.9557e-07
1.23109e-06
-1.52666e-06
2.69367e-07
-1.6025e-06
1.33313e-06
1.44066e-06
1.56338e-06
-1.28577e-06
1.55761e-06
1.63663e-06
-1.44022e-06
1.44976e-06
-1.50285e-06
1.97044e-06
-1.96887e-06
-1.56511e-09
-1.908e-06
-1.49044e-06
1.96813e-06
2.37892e-09
-1.9692e-06
2.22546e-10
1.96807e-06
-8.74679e-08
1.96855e-06
-1.97055e-06
2.00649e-09
1.97191e-06
-1.96371e-06
3.26519e-08
-1.22174e-06
1.18909e-06
1.01473e-09
1.51416e-06
1.34913e-08
1.62314e-06
1.67061e-06
-1.42178e-06
-1.19322e-06
-3.10812e-07
1.00147e-07
1.35243e-06
-1.5251e-06
-1.96993e-06
1.96998e-06
-4.6358e-11
1.53097e-06
-1.56285e-06
3.18871e-08
-1.56026e-06
2.76692e-07
-2.13412e-06
2.97872e-07
1.83625e-06
1.97081e-06
9.33376e-07
1.30107e-06
1.97228e-06
-1.97228e-06
-6.87837e-07
2.35148e-09
1.47992e-06
-1.50836e-06
6.3329e-09
1.50203e-06
-1.96911e-06
-1.97173e-06
1.96812e-06
2.59237e-09
-1.96893e-06
3.99331e-11
1.96626e-06
-7.1942e-11
-1.97025e-06
-1.53766e-06
1.35336e-08
1.53446e-06
-1.28989e-06
-1.17656e-06
1.44385e-06
-1.97413e-06
1.59921e-06
-1.28915e-06
1.54085e-06
-1.28481e-06
1.58534e-06
-1.28489e-06
-2.23206e-09
1.96934e-06
-1.97724e-06
1.50414e-06
-1.48411e-06
-1.44754e-06
1.44804e-06
-1.9649e-06
-9.34612e-10
1.96583e-06
3.25726e-07
1.49782e-06
-4.09378e-09
-1.96792e-06
2.63988e-08
1.46988e-06
-9.46787e-07
7.27112e-07
2.19675e-07
-1.4896e-06
1.54975e-06
-1.27003e-06
1.56067e-06
-1.2651e-06
1.56112e-06
-1.29175e-06
1.49421e-06
1.7566e-08
-1.66989e-06
1.99693e-06
-1.91308e-06
-2.21048e-07
1.49701e-06
-1.49701e-06
1.32231e-06
-2.00908e-07
-9.17097e-07
7.18485e-07
1.29904e-06
2.62348e-07
1.96849e-06
1.94796e-09
1.98784e-06
-1.97428e-06
-1.35695e-08
-1.96907e-06
1.97048e-10
-1.97052e-06
1.96787e-06
-1.96948e-06
1.60824e-09
-1.49306e-06
1.82216e-08
-1.49179e-06
2.84829e-08
-1.49425e-06
-4.16683e-08
-1.48237e-06
-5.92217e-08
-1.53917e-06
2.95803e-08
-1.51657e-06
3.84823e-08
-1.51251e-06
3.55047e-08
-2.70868e-09
1.96721e-06
-1.9645e-06
-1.97054e-06
3.16555e-09
-4.26322e-09
1.98321e-06
1.96807e-06
-1.97044e-06
2.37106e-09
-1.79383e-06
3.40424e-07
-4.58414e-09
1.26077e-06
5.11041e-08
-1.5822e-06
1.5311e-06
-1.71749e-06
1.09317e-07
1.97147e-06
-1.96985e-06
-1.33212e-06
1.41318e-06
1.13664e-09
-1.97107e-06
1.96574e-06
2.86854e-09
1.49314e-06
-1.49314e-06
-1.44003e-06
9.15301e-07
1.32216e-06
4.18894e-10
-1.96716e-06
-1.48995e-06
-8.88146e-09
-9.6093e-07
3.56469e-06
-2.60376e-06
-1.16695e-06
-1.43859e-06
2.60554e-06
-1.96693e-06
1.96692e-06
5.4288e-12
1.49798e-06
-1.49697e-06
1.45235e-06
-1.43886e-06
-1.49155e-06
1.49184e-06
-2.95782e-10
1.37308e-06
-1.34042e-06
5.0688e-07
-4.853e-07
-2.15802e-08
-1.61225e-06
1.27477e-07
-2.75402e-07
1.46935e-06
-1.30154e-07
9.40434e-11
-1.71759e-06
1.96668e-06
5.21507e-10
-1.96811e-06
1.51861e-06
1.5384e-06
1.49211e-06
-1.06185e-06
9.27169e-07
-1.35581e-06
1.96972e-06
-1.96896e-06
-2.75531e-07
-1.28473e-06
-4.94944e-09
-2.02468e-06
2.32255e-06
1.25136e-06
2.73986e-07
-1.52534e-06
-2.55167e-06
1.97145e-06
1.4908e-06
-1.45015e-06
-1.96563e-06
-1.96727e-06
1.96985e-06
-2.57647e-09
1.56362e-06
1.3904e-06
-1.4197e-06
-1.27937e-06
1.50236e-06
-2.22989e-07
-8.57048e-09
1.95645e-06
1.96777e-06
-1.96935e-06
1.5798e-09
-3.9759e-09
-1.60801e-06
1.61252e-07
-1.48049e-06
-8.58294e-09
-9.4219e-10
-7.92019e-10
-7.2379e-10
-7.25923e-10
-9.37107e-10
-1.08838e-09
-7.81744e-10
-8.03599e-10
-9.50928e-10
1.55782e-09
1.97642e-06
1.1427e-08
-1.52792e-06
1.92684e-08
-1.49215e-06
1.47615e-06
-1.51479e-06
-1.96934e-06
1.96889e-06
-4.70826e-09
1.96862e-06
1.36813e-06
2.58834e-07
-3.57368e-08
1.54438e-06
-1.16036e-06
-1.52376e-06
1.82527e-08
3.1093e-07
-1.86231e-06
2.17993e-07
-1.29822e-06
1.08022e-06
2.28885e-07
-1.52201e-06
1.29312e-06
2.1871e-07
-1.47151e-06
1.2528e-06
3.70489e-07
-1.77114e-06
1.81766e-07
-1.39192e-06
1.21015e-06
5.65317e-07
-1.57848e-06
8.47176e-09
-1.516e-06
2.72039e-07
-4.26765e-10
1.97199e-06
-1.45932e-06
2.79185e-07
-5.66671e-10
1.97181e-06
-1.96948e-06
-1.53964e-06
2.67108e-07
-1.96973e-06
6.57627e-10
1.96923e-06
-1.9687e-06
2.70816e-07
-1.54548e-06
-1.48019e-06
-1.47974e-06
-1.48069e-06
-1.47627e-06
-1.50976e-06
-1.50913e-06
-1.49551e-06
1.69959e-06
-1.19995e-06
1.97005e-06
-1.96895e-06
1.48987e-06
3.86964e-07
-1.60449e-06
1.45019e-06
-1.45477e-06
-1.96553e-06
-3.17395e-07
1.47586e-06
-3.14322e-07
1.63981e-06
-1.66691e-08
-1.93246e-08
-2.3629e-08
-2.59631e-08
4.80402e-08
-1.58815e-06
4.26761e-08
-1.58806e-06
6.10679e-08
-1.61363e-06
-1.96439e-06
-1.96413e-06
7.69442e-11
1.96694e-06
2.06844e-09
1.96653e-06
-1.29612e-06
-1.50101e-06
8.63849e-09
-1.51923e-06
2.49942e-08
-1.52566e-06
2.42026e-08
-1.52305e-06
2.61084e-08
-1.53248e-06
1.96105e-08
-1.52689e-06
2.36481e-08
-1.53061e-06
1.49948e-08
1.5048e-06
3.97492e-08
-1.54455e-06
1.96696e-06
-1.96858e-06
3.43702e-09
1.96547e-06
-5.33197e-08
2.01109e-10
-1.52331e-06
-1.46438e-06
-1.96874e-06
1.46204e-09
1.96745e-06
2.39913e-09
4.9273e-09
1.4942e-06
-1.49913e-06
5.31057e-08
-5.20868e-08
1.45055e-06
1.81514e-06
-7.85812e-10
-1.44721e-06
-5.38498e-09
-1.46886e-06
-2.20571e-08
1.49092e-06
1.66998e-06
-3.02134e-08
1.96622e-06
-1.97158e-06
5.35985e-09
2.9821e-07
-1.13198e-06
-3.05444e-07
-1.5549e-06
-1.5629e-06
2.74383e-07
-1.4558e-06
2.71189e-07
9.31113e-07
2.10574e-07
-1.68436e-06
-4.84174e-09
1.26759e-06
2.82746e-07
-1.55034e-06
-1.5558e-06
2.11512e-07
1.34429e-06
1.24819e-06
2.71576e-07
1.28712e-06
2.74006e-07
1.28939e-06
2.71275e-07
1.19353e-06
2.77943e-07
1.27756e-06
2.72195e-07
1.27484e-06
2.6548e-07
1.26543e-06
2.69029e-07
2.71404e-07
-1.5613e-06
-1.97079e-06
-1.09398e-09
-1.97186e-06
-2.9691e-09
-1.49079e-06
2.32319e-07
1.25847e-06
-1.25856e-06
-1.21047e-06
2.46903e-06
1.96921e-06
-1.76073e-09
-2.03362e-09
-1.96749e-06
1.96908e-06
-1.9816e-06
2.54823e-08
1.95612e-06
-1.23615e-06
-1.79712e-07
1.97008e-06
-1.96812e-06
1.43304e-07
-2.16798e-06
1.23207e-06
2.63391e-07
1.47843e-06
1.39714e-06
2.25999e-07
1.54152e-06
-2.42475e-07
4.59155e-08
-1.4098e-06
1.36388e-06
-1.50755e-06
2.3528e-07
-1.53867e-06
1.3034e-06
-2.00629e-08
1.4982e-06
-2.70714e-08
1.4889e-06
4.2014e-08
1.48937e-06
3.81057e-08
1.46948e-06
3.27556e-08
1.515e-06
-3.43702e-08
1.51275e-06
-3.34042e-08
1.50033e-06
3.81042e-09
1.45649e-06
-2.38445e-09
-1.49116e-06
1.06728e-08
1.66325e-08
1.97296e-06
-1.97172e-06
-1.48915e-06
1.22069e-08
8.62683e-09
1.26303e-06
-1.5227e-06
2.59673e-07
-1.30614e-06
1.44446e-06
-2.99579e-09
-1.74332e-06
2.34961e-07
1.39196e-06
2.01143e-07
1.96728e-06
-1.9689e-06
1.62411e-09
-1.9685e-06
1.9685e-06
1.54652e-06
-2.95165e-07
-1.50684e-06
2.66462e-08
-1.51389e-06
3.41564e-08
-1.51357e-06
3.28785e-08
-1.49559e-06
1.93188e-08
-1.53461e-06
2.48528e-08
-1.5364e-06
2.72755e-08
-1.51532e-06
1.98111e-08
-1.49624e-06
1.37657e-08
-3.79414e-09
-1.97429e-06
8.1516e-09
1.96688e-06
2.33094e-09
-1.97854e-06
1.46619e-06
-1.43557e-06
1.10896e-06
-2.74208e-07
1.47762e-06
1.21182e-08
-1.34973e-06
1.29261e-06
-1.4646e-06
1.97001e-06
1.37324e-06
-1.12475e-07
9.82812e-07
-1.3355e-06
-1.43024e-06
2.26977e-06
-2.12646e-06
1.28742e-06
-1.55032e-06
2.62893e-07
-1.54187e-06
2.71834e-07
1.96139e-06
-1.96996e-06
-1.53678e-06
2.71688e-07
-1.56719e-06
2.75432e-07
1.28022e-06
2.61302e-07
1.31606e-06
2.69276e-07
1.27181e-06
2.69046e-07
1.32526e-06
2.73952e-07
1.28142e-06
2.87524e-07
-2.18179e-06
1.97051e-06
-1.96812e-06
-1.92775e-07
1.49775e-06
1.96847e-06
-1.96889e-06
-6.40887e-07
3.37023e-09
-3.64168e-07
2.20042e-06
1.96594e-06
-1.96822e-06
2.27474e-09
-1.07368e-06
6.19886e-07
-1.39293e-06
-9.74672e-07
-3.36287e-08
1.99788e-06
2.77615e-07
-1.56235e-06
5.36173e-07
7.91032e-07
1.54046e-06
-1.46302e-06
-1.96614e-06
1.96343e-06
1.96843e-06
-1.96875e-06
-5.63391e-09
-1.97237e-06
1.9709e-06
-1.51946e-06
1.96714e-06
-1.2024e-09
-2.40418e-07
-7.72261e-07
-1.09005e-06
1.43818e-06
-1.51046e-06
-1.33697e-09
-1.40166e-06
1.96853e-06
-1.9635e-06
-1.48906e-06
1.15975e-06
1.05557e-06
-1.44976e-06
1.39767e-06
1.4938e-06
-1.49458e-06
1.39997e-06
-1.39767e-06
-2.29089e-09
-1.45293e-06
1.44754e-06
1.42598e-06
-1.44804e-06
1.49677e-06
-1.49184e-06
-1.38575e-06
1.43886e-06
-1.49677e-06
1.49697e-06
-1.4482e-06
1.34042e-06
1.0778e-07
-1.47415e-06
-1.95743e-07
1.96679e-06
-1.96835e-06
1.55981e-09
1.28665e-06
2.76731e-07
3.92718e-09
-1.8219e-07
8.09307e-07
1.97038e-06
-1.9681e-06
-2.27914e-09
2.47266e-09
-1.97433e-06
-5.9391e-10
1.97168e-06
-1.97108e-06
1.9669e-06
-1.45866e-06
-1.70884e-06
1.70893e-06
-1.97088e-06
4.47195e-09
-1.56867e-06
3.53653e-07
1.5168e-06
-1.54066e-06
1.96828e-06
2.00151e-06
-1.95827e-06
-4.32353e-08
1.96799e-06
-1.96763e-06
-1.62219e-06
-1.21138e-07
-1.97385e-06
-1.4284e-06
-1.43605e-06
5.80708e-09
-2.25806e-07
1.46108e-06
2.08907e-07
1.96386e-06
-2.64979e-07
1.96815e-06
-4.83593e-10
-1.89704e-06
-2.403e-09
1.97904e-06
1.45019e-06
1.49434e-06
1.43818e-06
1.49694e-06
1.45235e-06
1.47117e-06
-1.45477e-06
-1.38575e-06
1.50151e-06
1.49798e-06
1.54046e-06
-1.4482e-06
1.49346e-06
1.41595e-06
-1.50285e-06
1.37308e-06
1.37757e-06
1.39997e-06
-1.49085e-06
1.42598e-06
1.4938e-06
1.22066e-06
-1.22066e-06
1.49647e-06
-1.97292e-06
-1.55217e-06
1.5585e-06
-1.28527e-06
1.56289e-06
1.96599e-06
-1.96831e-06
2.32129e-09
-6.07969e-08
-1.53752e-09
-1.52454e-06
5.07468e-09
-1.52556e-07
1.48844e-06
1.74406e-09
-1.9538e-06
1.95205e-06
2.06385e-09
5.67979e-09
-1.94675e-06
7.92438e-10
1.94596e-06
8.82797e-08
-2.0294e-06
1.94112e-06
1.9646e-06
2.61912e-09
-1.96722e-06
1.96442e-06
2.72334e-09
-1.41077e-06
1.28811e-06
2.58411e-07
-1.95658e-06
-1.12662e-08
1.96785e-06
1.97979e-06
4.17294e-09
1.95304e-06
4.84638e-08
1.96732e-06
-1.96652e-06
-1.96847e-06
1.96554e-06
2.01314e-09
9.34285e-08
-1.80227e-06
-2.01862e-09
1.55596e-06
-1.27321e-06
1.51293e-06
-1.49014e-06
-2.2789e-08
1.79162e-06
-1.20643e-06
-5.85183e-07
1.69678e-06
-1.48527e-06
1.56e-06
-1.28842e-06
1.55971e-06
-1.28767e-06
1.561e-06
-1.28699e-06
1.56087e-06
-1.28959e-06
1.53229e-06
-1.25435e-06
1.53376e-06
-1.25458e-06
-1.59556e-07
-2.00842e-06
1.55413e-06
-1.28194e-06
1.55285e-06
-1.28737e-06
1.55565e-06
-1.28854e-06
1.55732e-06
-1.28829e-06
1.55878e-06
-1.28738e-06
-8.54884e-10
1.19806e-09
-1.95487e-06
1.95367e-06
-3.74289e-09
2.05422e-06
-3.86557e-08
-2.01556e-06
1.54024e-06
-1.25272e-06
1.56167e-06
-1.28624e-06
1.97281e-06
1.7914e-06
-1.25636e-06
-5.35034e-07
1.56133e-06
-1.28964e-06
1.55392e-06
-1.28209e-06
1.51853e-06
-1.28621e-06
1.56071e-06
-1.28959e-06
1.52618e-06
1.55184e-06
-1.29053e-06
1.9673e-06
-2.69491e-09
-1.59421e-06
1.36104e-06
2.33167e-07
-1.78984e-06
1.29132e-06
1.94462e-09
1.96588e-06
-1.96746e-06
1.57456e-09
2.26977e-06
-2.70915e-08
2.00351e-06
1.55435e-06
-1.29096e-06
-1.94477e-06
1.95525e-06
-3.68911e-09
-1.03751e-08
-1.97237e-06
6.5477e-10
-7.04633e-11
-1.99239e-06
2.08067e-06
-1.42108e-06
-1.46302e-06
-1.4814e-06
1.4642e-06
1.48398e-06
-1.83104e-06
2.08858e-07
1.56034e-06
-1.28915e-06
4.73951e-09
-2.64768e-07
-1.9626e-06
-1.27918e-09
1.96388e-06
1.14999e-07
-1.51046e-06
-1.49775e-06
1.50412e-06
-6.3741e-09
1.73983e-06
-1.47728e-06
-3.60453e-08
-2.07263e-06
1.57916e-06
-1.75202e-07
1.52042e-06
1.96699e-06
-1.96576e-06
1.96801e-06
1.96689e-06
-1.96639e-06
-1.48049e-06
1.4777e-06
2.79518e-09
-1.40282e-06
-8.58035e-09
1.59648e-06
-1.33681e-06
1.52831e-06
3.50892e-09
-1.28562e-06
1.59947e-06
-1.32865e-06
-1.3834e-06
1.5639e-06
-1.28995e-06
1.56198e-06
-1.29294e-06
1.5536e-06
-1.28433e-06
1.56312e-06
-1.31396e-06
-1.49841e-06
1.51929e-06
-2.0885e-08
1.01563e-08
6.59491e-10
1.43489e-06
-2.48635e-08
1.57722e-06
-1.31433e-06
1.55429e-06
-1.29194e-06
-1.96517e-06
1.96779e-06
-1.97702e-06
1.97944e-06
3.29013e-09
2.63049e-06
-2.32578e-06
1.45795e-06
-1.4011e-06
1.62082e-06
-1.64088e-06
1.46278e-06
-1.44456e-06
1.4881e-06
-1.46145e-06
1.60627e-06
-1.63334e-06
1.40944e-06
-1.38096e-06
1.47963e-06
-1.44548e-06
1.56173e-06
-1.51972e-06
1.77966e-06
-1.82132e-06
1.48544e-06
-1.45256e-06
1.56137e-06
-1.52327e-06
1.76794e-06
-1.82716e-06
1.41113e-06
-1.39181e-06
1.43526e-06
-1.4025e-06
1.51926e-06
-1.48968e-06
1.59518e-06
-1.57033e-06
1.71514e-06
-1.74951e-06
1.46771e-06
-1.42923e-06
1.59084e-06
-1.56356e-06
1.70667e-06
-1.74007e-06
1.46234e-06
-1.42684e-06
1.56768e-06
-1.54787e-06
1.58955e-06
-1.58574e-06
1.53801e-06
-1.52138e-06
1.55557e-06
-1.54181e-06
1.5728e-06
-1.57518e-06
1.52018e-06
-1.51661e-06
1.49182e-06
-1.48106e-06
1.48958e-06
-1.47891e-06
-2.80226e-09
1.48875e-06
-1.47663e-06
-1.96604e-06
-1.62249e-10
1.48848e-06
-1.47627e-06
1.96745e-06
-1.96544e-06
1.48849e-06
-1.47423e-06
1.48594e-06
-1.47731e-06
2.05422e-06
2.36453e-09
1.48653e-06
-1.47908e-06
-1.96636e-06
-5.22035e-09
-1.96623e-06
1.96623e-06
-1.97707e-06
1.07069e-08
-1.49325e-06
1.48948e-06
-1.47642e-06
1.96734e-06
-1.73762e-06
-7.63572e-08
2.07508e-09
1.96589e-06
-1.96551e-06
-2.03105e-06
1.99463e-06
-1.98321e-06
-1.95063e-06
-2.64328e-08
1.58779e-06
1.48817e-06
-1.48002e-06
5.59089e-09
-1.09329e-08
-9.55924e-09
1.56985e-06
-1.31102e-06
9.36571e-09
-1.96512e-06
1.96739e-06
1.60027e-06
-1.32961e-06
1.48207e-06
-1.48452e-06
1.97163e-06
-1.9724e-06
-1.98855e-06
-5.63122e-07
-1.96554e-06
1.96548e-06
-2.12646e-06
1.97359e-06
1.42171e-06
2.48905e-07
-2.00738e-06
2.02393e-06
5.85001e-07
9.62466e-07
2.32578e-06
-2.14046e-06
1.99463e-06
1.76478e-09
1.2564e-09
-1.97366e-06
4.75622e-09
1.96888e-06
1.96423e-06
2.98618e-09
-2.02393e-06
2.07674e-06
-7.01055e-10
1.96464e-06
2.65875e-09
1.4906e-06
-1.48105e-06
-1.31512e-07
-2.00738e-06
9.72792e-10
-1.95097e-06
1.95e-06
2.00013e-06
-1.97867e-06
-1.98536e-06
-2.00013e-06
1.56635e-06
-1.28839e-06
1.97463e-06
-7.4022e-09
-3.38983e-09
1.97802e-06
-1.97601e-06
2.57626e-07
-1.97102e-06
1.97073e-06
2.07674e-06
2.14046e-06
1.97102e-06
-1.97396e-06
-1.98258e-06
-6.3813e-09
1.11256e-08
-1.96771e-06
-1.97816e-06
1.97114e-06
1.97073e-06
-1.97121e-06
-1.9809e-06
1.97867e-06
-1.9652e-06
1.9676e-06
1.96523e-06
1.9809e-06
1.97413e-06
-1.97396e-06
-1.98035e-06
-1.16713e-08
1.98729e-06
-1.96641e-06
1.96759e-06
1.7991e-09
-1.96939e-06
2.47219e-09
1.97166e-06
1.97663e-06
-4.11277e-09
-1.98729e-06
1.98035e-06
1.96714e-06
4.48608e-10
1.97293e-06
1.96895e-06
-1.96641e-06
-1.97808e-06
3.22975e-09
-1.96773e-06
2.44674e-09
-1.96762e-06
-1.9857e-06
1.97007e-06
-2.49823e-09
1.95544e-06
-1.95294e-06
1.96858e-06
3.74488e-10
1.96651e-06
2.40857e-09
-1.96752e-06
1.96755e-06
-1.04385e-09
2.24435e-09
-1.35296e-09
1.96817e-06
-1.96682e-06
1.96757e-06
-1.09412e-11
-1.96716e-06
1.96459e-06
1.96534e-06
-1.96638e-06
2.73673e-09
-1.49059e-10
1.95253e-06
-1.95238e-06
1.96849e-06
-1.97045e-06
-8.67403e-10
1.96843e-06
-1.96762e-06
1.96671e-06
-2.85531e-09
1.9666e-06
-1.96375e-06
-1.9696e-06
-1.96495e-06
1.96635e-06
-1.39971e-09
1.96874e-06
3.10415e-09
1.70766e-09
1.96968e-06
-9.46454e-10
1.96618e-06
-1.97188e-06
1.97191e-06
-1.96478e-06
1.96634e-06
1.96577e-06
-1.96753e-06
2.58632e-09
1.9655e-06
-1.96536e-06
1.9655e-06
-1.96423e-06
1.96901e-06
2.60181e-09
1.96368e-06
-1.96524e-06
-1.48521e-09
1.96766e-06
-1.96752e-06
1.96872e-06
-1.10828e-09
1.96421e-06
-1.96516e-06
1.96672e-06
-1.96537e-06
1.96537e-06
-1.96542e-06
1.24466e-09
1.96401e-06
-1.96583e-06
2.4075e-09
-8.20383e-10
1.96788e-06
-1.1604e-09
1.9648e-06
-1.9656e-06
2.54517e-09
1.96455e-06
-1.96607e-06
1.96615e-06
-1.03099e-09
1.96505e-06
-1.96584e-06
1.96756e-06
-1.14765e-09
4.36236e-09
1.9647e-06
-1.96623e-06
1.96738e-06
-1.22918e-09
1.96524e-06
-1.96633e-06
1.96874e-06
-1.03225e-09
-1.05741e-09
1.96659e-06
1.96519e-06
-1.96671e-06
-1.96751e-06
1.9665e-06
1.96582e-06
-1.96676e-06
-1.01634e-09
-1.137e-09
1.75441e-09
1.96547e-06
-1.96722e-06
5.43716e-09
1.96629e-06
-1.96801e-06
1.96771e-06
-1.11898e-09
1.96604e-06
-1.96704e-06
1.96632e-06
4.18804e-09
-1.96747e-06
1.96581e-06
-9.85727e-10
-1.13998e-09
-1.96725e-06
1.96653e-06
-1.96351e-06
1.96351e-06
-1.96408e-06
-1.69369e-11
1.96754e-06
-1.96752e-06
-1.2072e-09
5.59514e-09
-8.88518e-10
-4.74737e-10
1.96538e-06
-3.15863e-11
-9.46051e-10
-1.23029e-09
-1.69505e-09
-4.93982e-09
1.96725e-06
-1.96231e-06
-1.97743e-06
-1.96123e-06
1.96123e-06
-1.96217e-06
-1.96659e-06
1.96607e-06
5.19482e-10
6.05196e-09
-2.79235e-10
-1.96898e-06
2.38855e-09
1.95896e-06
-1.96024e-06
1.95896e-06
3.75692e-09
-1.96814e-06
1.09607e-09
3.11054e-09
1.9633e-06
-1.96201e-06
-1.28797e-09
1.9633e-06
-1.96306e-06
1.96387e-06
-8.16318e-10
1.96306e-06
2.41357e-10
-1.96201e-06
-1.96247e-06
4.60798e-10
1.9691e-06
-1.96561e-06
1.9691e-06
-2.60376e-06
1.97104e-06
-1.96572e-06
-1.96556e-06
1.96556e-06
1.98541e-06
-1.96607e-06
1.97104e-06
1.98541e-06
-1.9653e-06
1.9653e-06
1.96543e-06
-1.96543e-06
1.96607e-06
-1.9967e-06
-1.96599e-06
1.96554e-06
-1.96554e-06
-1.96535e-06
1.96535e-06
-1.96024e-06
1.94785e-06
-1.94785e-06
1.96387e-06
1.96312e-06
-1.96312e-06
1.96548e-06
1.96566e-06
-1.96566e-06
-1.98229e-06
-1.96539e-06
1.96539e-06
-1.97808e-06
-1.96542e-06
-1.96217e-06
-1.96408e-06
1.96103e-06
-1.96103e-06
1.96867e-06
-1.96867e-06
-1.96541e-06
1.96541e-06
-1.96534e-06
1.96534e-06
-2.01556e-06
-1.97724e-06
-1.96539e-06
1.96539e-06
-1.96247e-06
-1.96572e-06
1.96561e-06
-1.96893e-06
-1.96536e-06
1.96527e-06
-1.96527e-06
-1.96516e-06
1.96516e-06
1.97095e-06
-1.96772e-06
-1.97095e-06
1.96772e-06
-1.96893e-06
-2.12429e-09
3.44528e-09
-1.96716e-06
-1.96576e-06
1.96835e-06
-1.81187e-09
1.97203e-06
-1.99434e-09
-1.97004e-06
-1.9657e-06
1.96881e-06
1.96991e-06
1.97335e-06
-1.96824e-06
2.48852e-09
1.97165e-06
2.65396e-09
-1.96325e-06
1.96604e-06
1.9733e-06
5.55638e-09
1.97149e-06
1.57114e-09
-1.51842e-09
-1.96056e-06
1.96166e-06
1.97306e-06
1.97146e-06
-1.96002e-06
1.96241e-06
5.48056e-09
1.97281e-06
1.97129e-06
-1.6397e-09
1.9546e-06
-1.95296e-06
1.97084e-06
4.59809e-10
3.05718e-09
-1.97291e-06
1.96926e-06
-1.96205e-06
1.96581e-06
-2.76664e-10
3.55035e-10
1.97232e-06
-1.96003e-06
1.96608e-06
1.97204e-06
-1.96458e-06
1.9662e-06
5.78349e-09
2.51164e-09
1.97319e-06
-1.49457e-09
1.95763e-06
-1.95613e-06
1.975e-06
1.97751e-06
-1.96636e-06
1.96541e-06
1.97006e-06
-5.7425e-09
1.9714e-06
-1.96619e-06
1.96591e-06
1.97225e-06
3.86675e-12
7.75319e-10
-1.96066e-06
1.96626e-06
1.96651e-06
-1.96464e-06
1.96648e-06
5.25213e-09
1.96728e-06
-1.62056e-09
1.96031e-06
-1.95869e-06
-1.96662e-06
1.96492e-06
1.96977e-06
-2.48167e-09
-5.174e-09
1.97075e-06
1.92322e-09
1.97142e-06
1.96941e-06
-1.96612e-06
1.96608e-06
1.97133e-06
3.62999e-10
1.96616e-06
-1.96113e-06
1.96657e-06
-1.96663e-06
1.96574e-06
1.9668e-06
-1.96427e-06
1.96728e-06
4.95363e-09
1.95441e-09
-2.30005e-09
1.96363e-06
-1.96133e-06
1.96879e-06
-1.98753e-09
1.97074e-06
-3.71933e-09
1.96896e-06
-1.96689e-06
1.96591e-06
-1.9072e-09
-1.9645e-06
1.96868e-06
1.97097e-06
2.78713e-09
1.75301e-09
1.96725e-06
-1.96672e-06
1.9697e-06
2.51332e-09
2.35928e-09
-1.96657e-06
1.969e-06
-1.96055e-09
1.96636e-06
-1.96439e-06
1.9655e-06
-1.96715e-06
1.96614e-06
-1.96573e-06
-1.96828e-06
1.96395e-06
1.96711e-06
8.01903e-10
1.42533e-09
1.96441e-06
2.6989e-09
-1.96164e-06
1.96601e-06
-1.96347e-06
1.966e-06
1.96522e-06
-2.30099e-09
1.96727e-06
-1.96497e-06
1.96758e-06
-1.96385e-06
1.9664e-06
-1.96734e-06
1.9663e-06
2.5356e-09
1.46822e-09
1.96916e-06
1.96762e-06
2.15093e-09
1.96909e-06
-1.96396e-06
1.96643e-06
1.96718e-06
-1.94798e-09
1.96851e-06
-1.96636e-06
1.96881e-06
-1.96745e-06
1.96642e-06
2.43259e-09
-1.96454e-06
1.96695e-06
1.55772e-09
1.96716e-06
-1.96509e-06
1.96749e-06
-1.84709e-09
1.88732e-09
1.96796e-06
-1.96608e-06
1.96872e-06
1.96677e-06
1.85045e-09
-1.96457e-06
1.96581e-06
-1.96719e-06
1.47585e-09
1.96833e-06
-1.96801e-06
-1.96379e-06
1.96637e-06
1.96669e-06
2.9192e-09
1.96817e-06
1.96632e-06
-1.97069e-06
1.97169e-06
-1.00389e-09
4.96e-10
1.96539e-06
2.02701e-09
1.96722e-06
-1.9652e-06
1.9679e-06
-1.95765e-06
1.96329e-06
-5.64213e-09
1.96663e-06
-1.96377e-06
1.96637e-06
-8.02024e-10
2.60336e-09
1.96457e-06
-1.96709e-06
2.52216e-09
1.96712e-06
-1.96409e-06
1.9672e-06
-1.96592e-06
1.9625e-06
3.41891e-09
1.96632e-06
-1.96538e-06
1.96775e-06
-1.97795e-06
1.9778e-06
2.27708e-09
-2.86393e-09
-1.95478e-06
1.96755e-06
-1.23162e-09
-1.81968e-09
-1.96457e-06
1.86829e-09
1.96457e-06
-1.96644e-06
1.96693e-06
-6.11912e-09
1.96695e-06
-2.72457e-09
1.96947e-06
-2.54208e-09
4.54784e-10
-1.96638e-06
1.96573e-06
-2.89064e-09
1.96942e-06
-1.96433e-06
-2.83017e-09
-1.96547e-06
1.96718e-06
-1.97138e-06
1.96417e-06
7.20871e-09
1.9676e-06
-1.96834e-06
1.96363e-06
4.71444e-09
-2.76323e-09
1.96527e-06
-1.96629e-06
1.96426e-06
2.0312e-09
-1.96548e-06
1.96822e-06
1.96471e-06
-1.70377e-09
1.96629e-06
-3.49704e-09
1.96733e-06
-1.69372e-09
1.96516e-06
-1.96584e-06
1.96816e-06
-1.80832e-09
1.96535e-06
-1.81428e-10
1.96258e-06
1.96201e-06
1.95824e-06
3.7705e-09
-1.96657e-06
1.96882e-06
1.95474e-06
-1.96641e-06
1.96882e-06
-2.40881e-09
-1.9662e-06
1.96668e-06
-4.74492e-10
-1.58716e-09
-1.97248e-06
1.9692e-06
3.28028e-09
1.96068e-06
-5.9429e-09
8.04642e-09
1.94195e-06
-1.95e-06
-1.96714e-06
1.96955e-06
-1.96512e-06
1.96222e-06
2.8998e-09
-1.96831e-06
2.57961e-09
1.96697e-06
-1.97355e-06
6.58214e-09
1.95785e-06
-2.86433e-09
-1.96333e-06
1.9662e-06
1.98611e-06
1.68417e-09
-1.00129e-09
-1.96391e-06
1.96491e-06
1.9659e-06
-1.96532e-06
1.96407e-06
1.24603e-09
1.96419e-06
-1.96989e-06
1.96739e-06
-1.96714e-06
1.96964e-06
-2.49749e-09
1.96521e-06
-1.02039e-09
-2.26088e-09
-1.96234e-06
1.96461e-06
1.9645e-06
7.17562e-10
-1.96793e-06
1.97037e-06
-1.96784e-06
1.97055e-06
-2.71364e-09
-1.96551e-06
1.96266e-06
2.84879e-09
1.96224e-06
1.949e-06
-7.04738e-09
-1.7137e-09
-6.16421e-09
1.96123e-06
1.96514e-06
-2.01165e-09
-1.96852e-06
1.97175e-06
1.94798e-06
1.95778e-06
3.44963e-09
-1.43639e-08
-1.96103e-06
-1.43817e-09
-1.96103e-06
-1.95303e-06
1.95303e-06
-5.17608e-09
1.95536e-06
2.42741e-09
2.03339e-09
7.55169e-09
1.94419e-06
-1.95174e-06
-1.96528e-06
1.9628e-06
2.48526e-09
-1.96827e-06
1.97126e-06
-1.96355e-06
-1.76307e-09
-1.33089e-09
1.96503e-06
-1.9637e-06
1.4768e-06
-1.96529e-06
1.96254e-06
2.75703e-09
-1.9656e-06
1.96293e-06
2.67447e-09
1.96098e-06
-5.61838e-09
1.95811e-06
-1.97238e-06
1.96566e-06
-1.96395e-06
1.9648e-06
-8.44002e-10
4.5351e-10
-1.82636e-09
1.9659e-06
1.96396e-06
1.69939e-09
-1.9613e-06
1.9613e-06
1.71815e-09
-1.966e-06
1.96428e-06
-1.96571e-06
1.96588e-06
-1.92068e-09
7.30794e-09
1.98908e-06
-1.97212e-06
1.97512e-06
-2.99345e-09
1.96455e-06
-1.96487e-06
1.96262e-06
2.2538e-09
-1.96822e-06
2.50781e-09
1.96627e-06
1.9726e-06
1.48233e-09
1.96563e-06
-1.96372e-06
-1.9134e-09
1.96777e-06
-1.96992e-06
2.15123e-09
-8.26927e-09
2.6386e-10
1.96451e-06
-7.32738e-09
1.95564e-06
-1.14512e-08
-1.9723e-06
1.97673e-06
-4.43546e-09
-1.96286e-06
1.96136e-06
1.50355e-09
1.95372e-06
1.96614e-06
-1.63232e-09
1.76265e-09
-1.96604e-06
1.96428e-06
-1.22762e-08
1.96359e-06
2.03798e-09
-1.96454e-06
1.96286e-06
1.6851e-09
1.96431e-06
1.96519e-06
-1.96353e-06
1.96486e-06
-1.32424e-09
1.96605e-06
-1.77337e-09
-1.96264e-06
1.96491e-06
-2.27023e-09
-1.32017e-08
1.99886e-06
-1.96138e-06
-2.39855e-08
1.96608e-06
1.96415e-06
1.71276e-09
-1.96586e-06
1.96442e-06
-1.96318e-06
1.95795e-06
5.22247e-09
2.17712e-09
5.44487e-07
1.45456e-06
-1.99904e-06
-1.96047e-06
-2.70354e-09
-1.61934e-09
1.96416e-06
-1.66051e-06
-1.99961e-09
1.96559e-06
1.96569e-06
-1.53541e-09
-1.96428e-06
1.96437e-06
-9.14306e-11
-1.28785e-06
1.96588e-06
1.71616e-09
1.96397e-06
-1.97286e-06
1.97701e-06
-4.14407e-09
-6.68814e-12
-8.00746e-09
-1.79988e-06
-2.39811e-07
1.96388e-06
-1.97391e-06
1.98156e-06
-7.65216e-09
-1.97369e-06
1.97628e-06
-2.59089e-09
-1.97172e-06
1.96559e-06
1.96835e-06
1.96835e-06
1.97386e-06
-1.97386e-06
-1.96992e-06
-1.58908e-09
1.97377e-06
-1.96511e-06
2.47311e-09
1.96432e-06
-1.95846e-06
-5.86204e-09
3.64562e-09
-1.97224e-06
1.61836e-09
-1.96458e-06
1.96296e-06
1.96339e-06
2.19943e-09
-2.91628e-09
-1.96401e-06
1.96652e-06
-2.51392e-09
-1.96241e-06
1.96831e-06
-5.9034e-09
1.96291e-06
2.67906e-09
-7.22455e-08
1.96513e-06
-1.7391e-09
7.879e-09
1.9675e-06
-1.9675e-06
1.96633e-06
-1.96512e-06
4.43887e-09
-1.97025e-06
1.97782e-06
-7.57518e-09
-1.55488e-06
-1.96237e-06
1.97495e-06
-1.25772e-08
1.96209e-06
1.33917e-09
-1.96343e-06
1.96286e-06
-1.97211e-06
1.02408e-09
1.96156e-06
5.33598e-10
1.9652e-06
-1.23127e-09
-3.68149e-09
1.96163e-06
1.96448e-06
-1.96346e-06
-1.11863e-09
1.96574e-06
-1.96574e-06
-1.97358e-06
1.98471e-06
1.97674e-06
7.29506e-09
-1.97924e-06
1.96178e-06
1.48836e-06
-1.48499e-06
1.96825e-06
-1.9671e-06
1.97903e-06
1.98013e-06
-2.00523e-09
-1.97812e-06
1.49431e-06
-4.243e-09
1.96628e-06
-1.96808e-06
1.80457e-09
6.39779e-10
1.96092e-06
1.49684e-06
-5.93496e-07
-7.02628e-07
-2.09277e-08
5.94178e-09
1.96312e-06
-1.97585e-06
1.96758e-06
-1.97456e-06
1.99369e-06
-1.91254e-08
1.96611e-06
2.49479e-07
-2.04936e-06
-4.64465e-10
1.95943e-06
-3.87369e-09
1.95135e-06
-1.94747e-06
-1.9638e-06
-5.13792e-08
-8.96889e-07
9.48268e-07
1.23338e-06
-1.43429e-06
1.96007e-06
1.95691e-06
3.16721e-09
1.50358e-06
1.96453e-06
-1.96525e-06
1.94693e-06
-1.94573e-06
1.67234e-10
-2.29152e-09
-1.95422e-06
1.95651e-06
1.95629e-06
6.12262e-10
2.70189e-07
2.39716e-07
3.01476e-07
4.9035e-07
2.72147e-07
2.71284e-07
2.7333e-07
2.71724e-07
5.49695e-08
2.47481e-07
2.79416e-07
2.99554e-07
-1.97391e-06
2.74678e-07
2.67964e-07
2.68277e-07
2.68783e-07
2.71738e-07
2.7049e-07
-1.96527e-06
-6.97165e-09
2.71987e-07
2.73325e-07
1.95373e-06
2.56767e-09
3.1804e-07
-1.95467e-06
1.9789e-06
-2.42365e-08
2.62171e-07
3.09856e-09
-1.9727e-06
2.65623e-07
-1.96408e-06
2.83593e-10
1.95852e-06
2.39527e-09
-1.94199e-06
1.95152e-06
1.95144e-06
1.96475e-06
-1.96475e-06
-2.01512e-06
1.79408e-06
3.46753e-07
-1.95669e-06
1.99784e-06
-4.11497e-08
2.77661e-07
2.72338e-07
2.71515e-07
2.73529e-07
2.62811e-07
-1.96555e-06
1.95913e-06
1.54839e-06
-1.28998e-06
-2.22128e-08
1.94756e-06
-1.97163e-06
-2.70442e-09
-4.67282e-07
4.91131e-09
1.968e-06
-1.8894e-09
1.92734e-06
-5.45281e-09
-1.92189e-06
2.69378e-07
-1.95679e-06
2.63759e-07
-1.97104e-06
-2.80753e-09
-1.49942e-09
-1.96874e-06
1.6449e-09
-1.89558e-06
-6.39848e-09
1.90198e-06
1.96489e-06
-1.95533e-06
-1.11112e-08
-1.96511e-06
-1.09161e-08
-1.93354e-06
1.94445e-06
-1.96223e-06
5.44807e-09
1.94212e-06
5.44609e-09
-1.97294e-06
-1.97256e-06
1.48838e-09
-1.79828e-06
4.42478e-07
1.93743e-06
4.68271e-09
1.97721e-06
-1.97886e-06
1.92652e-06
1.93724e-06
1.41067e-08
-3.34734e-07
3.07335e-07
-1.92322e-06
2.03034e-06
-1.07122e-07
1.965e-06
3.17591e-08
1.94433e-06
1.96542e-06
-1.96419e-06
-1.96564e-06
-1.79482e-06
7.72325e-08
1.92106e-06
2.01014e-06
-6.58124e-08
-1.96565e-06
-1.96614e-06
1.96371e-06
-1.96765e-06
1.94597e-06
1.05441e-08
-1.94192e-06
2.0033e-08
-3.31761e-08
-1.87721e-06
1.91039e-06
1.41124e-06
-1.9575e-06
1.9575e-06
-1.97537e-06
1.50141e-06
1.47736e-06
-1.4879e-06
2.65915e-07
-1.53948e-06
1.53561e-06
-1.53561e-06
-1.49627e-07
-1.79609e-06
1.94572e-06
-8.69211e-08
1.95141e-06
2.19713e-07
-1.78097e-07
4.35354e-08
1.44822e-07
-2.23899e-07
9.86722e-08
1.16253e-07
-3.35886e-07
1.08814e-07
-4.16035e-07
4.34508e-08
1.05502e-07
-2.81802e-07
1.61606e-07
-2.77728e-07
1.40841e-07
-7.21638e-09
-1.79505e-06
3.41934e-08
-2.47954e-08
1.9015e-06
1.95623e-08
8.51378e-09
1.96735e-06
-2.3434e-09
9.84218e-09
1.18461e-08
1.22191e-08
-1.96754e-06
-1.0939e-10
1.7876e-08
1.17126e-08
1.96508e-06
-1.9636e-06
1.9636e-06
-3.33996e-07
9.21976e-09
-1.95787e-06
-1.48369e-06
-1.80204e-06
-1.97145e-06
1.04004e-08
1.95687e-06
-1.9559e-06
1.35893e-06
-1.35893e-06
-5.36366e-09
-1.96957e-06
1.9717e-06
-2.13032e-09
1.8951e-06
1.96291e-06
1.91185e-06
3.2606e-08
1.85553e-06
4.64469e-08
-1.88724e-06
1.17596e-08
-1.85483e-06
5.27972e-08
1.9635e-06
1.88359e-06
-1.9652e-06
1.41618e-06
-3.87168e-07
1.86193e-06
7.09394e-09
-1.74001e-06
2.51342e-07
1.966e-06
-1.96552e-06
2.04878e-09
1.96606e-06
-3.15218e-09
1.65766e-07
-1.96186e-06
-2.33192e-07
1.93141e-06
1.66239e-06
-2.02656e-06
5.41977e-08
-1.6373e-06
-1.9783e-06
5.82796e-08
1.96461e-06
-1.97834e-06
1.97398e-06
1.03742e-07
-2.07772e-06
-1.86263e-06
6.75775e-08
1.74289e-06
-1.8752e-06
1.32316e-07
1.94961e-06
-1.94961e-06
-1.60502e-06
6.08566e-09
-1.96337e-06
-1.81967e-06
-1.63069e-06
1.96474e-06
1.96498e-06
-1.96498e-06
6.37456e-09
1.82012e-06
1.82241e-06
8.79822e-08
1.89429e-07
1.07037e-07
-4.33685e-07
1.9528e-06
6.84737e-09
-1.95964e-06
1.48478e-06
-1.4851e-06
1.95536e-06
1.52474e-06
1.97573e-06
-1.97341e-06
1.42307e-06
-1.42307e-06
-1.9699e-06
1.96688e-06
-1.96573e-06
7.3115e-09
-1.9201e-06
1.00434e-07
-1.70591e-06
1.91477e-06
-1.43693e-06
1.43693e-06
-1.16926e-06
1.16926e-06
1.50617e-06
-1.48296e-06
-1.24009e-06
1.24009e-06
1.59146e-06
-1.59146e-06
-1.35012e-06
-1.44488e-06
1.44488e-06
1.55911e-06
-1.41699e-06
1.41699e-06
-1.39152e-06
1.39152e-06
-1.3736e-06
1.3736e-06
1.63601e-06
-1.63601e-06
1.29506e-06
1.52678e-06
-1.52678e-06
1.53092e-06
1.58022e-06
-1.58022e-06
1.55467e-06
1.52789e-06
-1.40555e-06
1.40555e-06
-1.62717e-06
-1.46032e-06
-1.39331e-06
1.59023e-06
-1.59023e-06
1.429e-06
-1.429e-06
1.5664e-06
1.52271e-06
1.54203e-06
1.57942e-06
1.96352e-06
-1.96238e-06
1.54293e-06
-1.26894e-06
1.96764e-06
-2.89995e-09
-2.00986e-06
4.15169e-08
1.96834e-06
1.96349e-06
1.96954e-06
-1.76403e-09
1.86143e-06
-1.96855e-06
1.97042e-06
-1.54694e-06
-1.97153e-06
-1.97375e-06
1.96162e-06
-1.96162e-06
2.58356e-07
1.94478e-06
-1.94304e-06
-5.60395e-09
-1.45691e-06
1.46252e-06
1.96363e-06
1.94582e-06
-1.94582e-06
1.9719e-06
-1.97238e-06
-1.96721e-06
-1.96216e-06
1.95089e-06
-1.96971e-06
2.16762e-09
-1.44571e-06
1.31383e-06
1.96404e-06
-1.96404e-06
-1.55863e-06
2.73008e-07
-1.60117e-06
-1.56118e-06
2.71234e-07
-1.56828e-06
2.75347e-07
-1.55379e-06
2.6946e-07
-1.59085e-06
2.76885e-07
1.96704e-06
-3.54824e-09
-1.96877e-06
6.90093e-07
-1.87365e-06
-1.55579e-06
2.6385e-07
-1.5146e-06
-7.63088e-09
1.95939e-06
1.28902e-06
3.97327e-07
-1.68635e-06
-1.4349e-06
1.31901e-06
5.06566e-07
-1.80235e-06
1.29578e-06
1.5108e-06
-1.56913e-06
-1.96046e-06
1.97603e-06
-1.55707e-08
1.96511e-06
-1.96397e-06
-1.97406e-06
-1.31042e-09
1.97618e-06
-1.97928e-06
1.81593e-06
-9.3954e-07
-8.76385e-07
-1.28016e-06
1.55782e-06
-1.27775e-06
1.54927e-06
-2.7965e-07
1.96396e-06
-4.56516e-09
-1.56492e-06
-1.9624e-06
-1.47804e-06
2.52948e-07
-8.76673e-08
-1.32624e-06
-1.97978e-06
1.96137e-06
-3.55642e-07
-1.96495e-06
3.66356e-07
1.96786e-06
-6.49257e-09
-1.28938e-06
1.38953e-06
1.963e-06
-1.963e-06
-1.54092e-06
-2.45222e-07
-1.17656e-06
-1.5057e-09
1.97548e-06
1.96028e-06
1.96491e-06
-1.96975e-06
-1.90341e-06
-6.51381e-08
-3.43751e-08
-1.53492e-06
1.53422e-06
-1.28844e-06
1.41502e-06
-1.11354e-06
-1.32902e-06
-1.18547e-06
1.4588e-06
-1.28946e-06
-1.78421e-06
1.0631e-06
7.21109e-07
-1.3208e-06
-1.19268e-06
1.49223e-06
-1.28582e-06
1.51181e-06
-1.24303e-06
1.55818e-06
-1.28486e-06
-1.27281e-06
-5.15945e-09
-1.95757e-06
1.96273e-06
1.47363e-06
-1.484e-06
-1.21044e-06
1.47606e-06
1.70737e-06
-1.24032e-06
1.51266e-06
1.95648e-06
-1.90611e-06
1.96423e-06
-1.96317e-06
-1.96922e-06
-3.12008e-09
-1.29298e-06
1.49596e-06
3.61043e-07
1.2857e-06
2.18074e-07
-1.50377e-06
1.30469e-06
1.5381e-07
-1.4585e-06
1.2926e-06
1.13266e-07
-1.40586e-06
1.29192e-06
4.75769e-07
-1.76769e-06
1.29417e-06
2.50641e-07
-1.54481e-06
1.96219e-06
1.87165e-06
7.89055e-09
1.41278e-06
-1.50044e-06
-3.36656e-07
1.96661e-06
-1.94872e-06
-1.78868e-08
-2.68556e-07
1.77935e-06
1.96063e-06
-1.96063e-06
-1.97096e-06
-1.24696e-06
1.29049e-06
1.59935e-06
-1.50067e-06
-1.51481e-06
-1.58874e-06
1.54272e-06
1.54958e-06
7.47476e-09
-1.97458e-06
1.95557e-06
-1.95682e-06
1.24484e-09
-1.55734e-06
5.45728e-10
-1.97208e-06
1.94237e-06
1.48816e-06
-1.47831e-06
-1.8836e-06
1.49371e-06
-1.48149e-06
1.29596e-06
1.93777e-06
-1.9642e-06
1.97188e-06
-1.97039e-06
-1.95531e-06
1.96344e-06
1.49468e-06
-1.48428e-06
1.96331e-06
-1.96322e-06
1.96322e-06
-1.92795e-06
-4.12764e-08
2.42699e-07
-1.55371e-06
1.96195e-06
-1.9691e-06
-1.93879e-06
1.56383e-06
1.55516e-06
1.58157e-06
1.97582e-06
-1.97668e-06
2.10248e-07
1.52112e-06
-1.17081e-06
1.56814e-06
-1.09231e-06
1.59888e-06
1.55802e-06
1.56879e-06
-1.29345e-06
1.96155e-06
1.31979e-06
1.52447e-07
-1.47224e-06
1.49597e-06
-1.48988e-06
1.96343e-06
-1.96229e-06
6.08186e-09
1.90801e-09
-1.99702e-06
1.8655e-06
1.96419e-06
-2.2025e-09
-9.68476e-07
1.99225e-06
1.96372e-06
-1.97218e-06
-1.5659e-09
-1.21058e-06
-1.40242e-06
1.01775e-07
-1.43386e-06
-1.31849e-06
-1.95763e-06
1.9623e-06
-1.9623e-06
1.96138e-06
1.9611e-06
-1.9611e-06
-2.83673e-07
1.60268e-06
-2.77404e-07
1.57319e-06
-1.52749e-06
3.02535e-07
1.97349e-06
-5.15369e-09
-1.90484e-06
-9.21799e-08
-1.90703e-06
-7.09426e-09
-1.94387e-06
1.96342e-06
1.96929e-06
6.74366e-09
-1.94831e-06
1.96263e-06
-1.96152e-06
1.26278e-06
-1.14746e-08
-1.29536e-06
3.28475e-07
-1.38847e-06
1.96027e-06
-1.9693e-06
1.92606e-06
-1.28946e-06
1.55322e-06
-1.49053e-06
1.43721e-06
1.49501e-06
-1.49813e-06
5.6764e-07
-5.6764e-07
-1.47352e-06
1.7482e-06
1.55079e-07
-1.18392e-06
1.45565e-06
-1.23602e-06
1.50801e-06
-1.28552e-06
1.52524e-06
-1.23874e-06
1.50702e-06
-1.247e-06
1.51749e-06
1.44508e-06
-1.18291e-06
-2.67248e-08
1.55152e-06
-1.28214e-06
-1.95439e-06
-3.24536e-09
1.95667e-06
-2.57052e-10
-1.97119e-06
1.96294e-06
1.96226e-06
-1.96469e-06
9.34043e-07
-9.34043e-07
1.453e-06
-1.48321e-06
-1.92827e-06
-1.54575e-09
-1.97084e-06
-1.98119e-06
1.96004e-06
-1.95851e-06
1.96252e-06
-1.06754e-06
1.40455e-07
-1.40455e-07
-1.96401e-06
9.67748e-10
-1.69417e-06
1.95897e-06
1.97194e-06
-1.97139e-06
1.50276e-06
-1.49424e-06
-1.9631e-07
1.51146e-06
-1.31515e-06
-1.93774e-06
-3.15545e-08
1.94089e-06
-1.95878e-06
-2.41278e-07
1.50133e-06
-1.26006e-06
-1.95415e-06
1.95992e-06
3.94467e-09
1.96341e-06
1.51022e-06
-1.27516e-06
-2.35058e-07
-3.83582e-07
-1.96863e-06
1.96863e-06
8.43008e-08
3.13247e-07
1.95884e-06
-1.96877e-06
1.955e-06
-1.96203e-06
1.96407e-06
-2.12329e-07
1.82497e-09
-1.9724e-06
3.28741e-07
3.42783e-07
5.62726e-07
1.66196e-07
1.29493e-07
2.36801e-07
3.11179e-07
2.73072e-07
2.21194e-07
2.74465e-07
6.10665e-07
1.72275e-07
2.93147e-07
-7.4241e-09
1.98008e-06
2.58537e-07
5.89507e-07
-3.10019e-08
-1.23967e-06
-1.28258e-06
-1.28622e-06
-1.53088e-06
-1.28627e-06
-1.97233e-06
2.30368e-09
-1.94906e-06
9.58688e-07
-1.95613e-06
1.98697e-09
-1.19407e-06
-1.76868e-07
-1.29537e-06
1.96885e-06
-1.97138e-06
1.59149e-06
-1.98239e-07
-1.96516e-06
-1.28312e-07
1.59766e-06
1.05065e-06
-1.29587e-06
-9.10456e-09
-1.42423e-06
2.18956e-07
1.31365e-06
-1.96173e-06
1.47223e-06
-1.21928e-06
9.17474e-07
8.98451e-07
-1.65398e-07
1.5715e-06
-1.4061e-06
-1.95742e-06
1.45455e-06
-1.40727e-07
1.96592e-06
-1.96592e-06
1.97241e-06
-1.97392e-06
-1.08086e-06
1.39528e-06
4.60049e-08
-1.52043e-06
1.47443e-06
-2.25623e-07
1.44765e-06
-1.22202e-06
-7.77535e-08
1.50079e-06
-1.30198e-06
-1.97599e-06
-2.55944e-08
-1.95601e-06
-1.95505e-06
-2.37344e-09
-1.95674e-06
1.94416e-06
1.97674e-06
1.96837e-06
-1.96979e-06
9.47099e-07
3.39786e-07
1.96607e-06
-5.513e-08
-1.20446e-07
-1.00996e-06
-2.94933e-07
1.47667e-06
-1.94747e-06
-9.27235e-09
2.82055e-07
-1.95459e-06
1.96419e-06
-1.96419e-06
-1.39224e-06
-1.9643e-06
8.40677e-09
-5.03283e-07
-3.60068e-07
1.3553e-06
7.58278e-08
-1.43112e-06
7.51853e-10
-1.51019e-06
1.41458e-06
-1.7567e-08
1.95172e-06
-4.63594e-08
-1.90536e-06
-1.95337e-06
-1.95563e-06
1.03865e-09
-1.4962e-07
1.96656e-06
-1.96934e-06
-1.3806e-06
-1.19839e-07
2.09484e-07
-1.11662e-06
-3.17668e-07
1.78207e-07
-1.49336e-06
-1.2591e-07
1.87589e-07
-1.24316e-06
-1.95706e-06
-1.52133e-06
1.95667e-06
1.96334e-06
-1.96334e-06
-1.9539e-06
1.94904e-06
-1.95156e-06
-2.22835e-07
-2.95079e-07
1.95851e-06
-4.32879e-09
2.32481e-07
-1.92665e-06
1.41468e-06
-1.68133e-06
-1.95321e-06
-3.85284e-09
-1.95956e-06
1.43832e-06
-1.94996e-06
-1.59884e-09
1.45166e-06
1.5335e-06
1.95282e-06
-1.33828e-06
-1.14827e-08
-1.95005e-06
-1.48738e-06
-1.97266e-06
1.99374e-06
-2.10744e-08
1.23294e-06
2.25863e-07
-1.50422e-06
-1.95295e-06
-1.63393e-06
1.96268e-06
1.94542e-06
4.1958e-09
-1.41468e-06
-1.2093e-07
-1.96209e-06
1.05742e-09
1.90778e-08
1.93265e-06
-1.41156e-06
-1.95024e-06
1.88397e-10
-1.94159e-06
-1.13623e-08
1.9622e-06
-1.9622e-06
-1.51347e-06
-1.95142e-06
-1.94873e-06
1.79412e-09
1.2412e-06
-1.55887e-06
1.28657e-06
1.94384e-06
1.98052e-09
-1.09439e-06
1.95434e-06
-1.95312e-06
-1.95687e-06
-1.94992e-06
1.18336e-09
-1.5601e-06
-1.94823e-06
9.55286e-07
8.13539e-07
-1.48311e-06
1.47126e-06
1.2801e-06
-1.30435e-06
1.96049e-06
1.97033e-06
2.07266e-09
-1.97347e-06
-1.94979e-06
1.55642e-09
1.98008e-06
-1.94753e-06
-1.9578e-06
1.9507e-06
-1.79433e-06
-1.05444e-09
1.96002e-06
-1.96002e-06
-1.94945e-06
1.91839e-09
-1.98507e-06
1.49026e-06
-1.95241e-06
-1.98146e-06
-1.95434e-06
-1.94697e-06
-1.21483e-06
-1.76816e-07
-3.68602e-10
1.95787e-06
2.00803e-07
-1.6069e-06
-1.53286e-06
1.32053e-06
-1.94911e-06
2.14802e-09
1.95776e-06
-1.52807e-06
3.06044e-07
1.41754e-06
9.92566e-08
-1.31858e-06
-1.94636e-06
-2.32724e-07
-1.27747e-06
1.48474e-06
-1.95787e-06
-1.95894e-06
-1.94852e-06
2.15749e-09
-2.14922e-07
1.6295e-06
1.44092e-06
-1.33389e-06
-1.94584e-06
1.17666e-06
-1.25429e-06
-3.00455e-09
-1.94996e-06
1.96664e-06
1.06267e-07
-2.07291e-06
-1.48323e-06
-1.97339e-06
-1.94812e-06
2.27607e-09
-1.86765e-06
-2.91654e-07
-1.94527e-06
-1.02646e-07
-1.32848e-06
-7.21205e-07
-1.94937e-06
4.10379e-09
1.52119e-06
-1.49295e-06
-1.94395e-06
-1.94647e-06
-1.95329e-06
6.81604e-09
1.94384e-06
1.94542e-06
-3.69085e-09
-1.94805e-06
1.85597e-06
-1.94815e-06
1.48158e-06
1.04438e-07
1.36531e-06
-1.80595e-08
1.37603e-06
1.53866e-09
8.41924e-07
-1.95142e-06
1.95152e-06
-1.4717e-06
1.95624e-06
2.72e-09
-1.48568e-06
-1.89395e-06
-1.68736e-06
-4.01233e-07
1.21734e-06
-1.22644e-06
-1.95461e-06
1.47976e-06
-3.89071e-09
-1.94611e-06
-1.95087e-06
1.9504e-06
-1.96304e-06
-1.95003e-06
-1.95222e-06
1.34925e-09
-1.94908e-06
-1.36166e-06
-1.49398e-07
-1.95019e-06
-1.91648e-06
-1.51707e-06
-1.94803e-06
1.46275e-06
-1.95381e-06
3.62568e-09
-1.9536e-06
1.49026e-06
7.83296e-07
-6.48108e-08
-1.93016e-06
1.22958e-06
-1.55925e-06
9.31777e-07
9.10282e-07
1.47841e-06
-1.94706e-06
1.10409e-09
-1.9293e-06
-4.93855e-07
-1.93982e-07
-2.85023e-07
-1.94772e-06
-1.94824e-06
-1.95162e-06
-1.93718e-06
5.66484e-07
-1.73729e-06
-1.94645e-06
-1.95047e-06
1.94946e-06
-1.9605e-06
-1.46695e-06
-1.94373e-06
1.43951e-06
-1.43951e-06
-1.95414e-06
3.67276e-09
-1.95162e-06
-1.94154e-06
-1.95397e-06
2.35675e-09
1.95962e-06
-3.49737e-09
1.14403e-06
-1.94587e-06
-1.94347e-06
-2.48202e-07
8.72087e-08
1.3523e-06
-8.31926e-07
-6.61819e-07
-7.8577e-07
-7.51546e-07
1.57313e-06
-1.92674e-06
-1.48124e-06
-1.94507e-06
1.47355e-06
-1.94846e-06
1.79718e-08
1.24607e-06
-1.94856e-06
1.8532e-07
-1.94454e-06
1.9523e-06
-7.59747e-07
-7.93102e-07
-6.4352e-07
-8.62189e-07
-1.95812e-06
1.93768e-06
-1.94435e-06
-7.80652e-07
-7.7076e-07
-8.39039e-07
-6.93141e-07
-8.24524e-07
-7.23648e-07
-7.8257e-07
-6.82567e-07
-7.72038e-07
-7.69442e-07
-5.94832e-07
-9.23616e-07
1.48568e-06
-1.94482e-06
-1.94363e-06
-1.40655e-06
4.76176e-08
-1.94475e-06
9.74801e-07
-3.63232e-07
-1.25768e-06
1.62091e-06
-1.0641e-06
-1.94319e-06
1.40655e-06
-4.4033e-07
-1.94443e-06
-1.45736e-06
-1.33711e-06
5.5075e-07
1.2899e-06
-1.94251e-06
-1.94447e-06
-1.94588e-06
-1.64295e-09
1.94706e-06
-1.94404e-06
-4.40004e-09
1.94824e-06
-1.95536e-06
-1.48898e-06
-1.9631e-07
-1.94323e-06
-1.9419e-06
-1.46062e-06
-1.93767e-06
-1.94348e-06
-1.55003e-06
-1.94133e-06
2.59508e-07
-1.94092e-06
-1.94295e-06
1.53838e-06
-1.93826e-06
-1.94067e-06
1.47201e-06
-1.94244e-06
-1.48026e-06
-1.93628e-06
-2.03744e-07
-1.93834e-06
-1.95062e-06
-1.93379e-06
-1.9438e-06
1.4896e-06
-1.93616e-06
1.39366e-06
6.3028e-09
1.46759e-07
1.31206e-06
1.38789e-06
-1.93358e-06
1.10004e-06
7.0468e-07
-1.95114e-06
-1.93254e-06
-2.54789e-09
-1.26627e-06
1.83275e-06
1.95775e-06
1.3188e-08
-1.93004e-06
-1.93389e-06
1.20442e-06
-1.40871e-06
-1.93374e-06
1.93509e-06
-1.93174e-06
-2.91478e-09
-1.9481e-06
1.44219e-06
-1.44219e-06
-1.61711e-06
7.95744e-07
-1.94448e-06
-1.9431e-06
9.54792e-08
-1.4908e-06
-1.54066e-06
-4.36755e-07
1.52407e-08
-1.9513e-06
-1.45519e-06
-1.557e-06
1.557e-06
-1.3077e-06
-1.4838e-06
-1.92704e-06
1.93071e-06
1.4838e-06
1.36239e-06
-4.82896e-09
-1.92362e-06
-9.59484e-07
-8.34932e-07
-1.92126e-06
1.92307e-06
-1.92657e-06
1.57268e-06
1.01031e-07
-1.46869e-06
-1.39366e-06
1.51039e-06
6.08366e-08
-4.58198e-08
1.48811e-06
-1.44229e-06
1.96019e-06
-1.4756e-06
1.75547e-06
-1.92674e-06
-1.53019e-06
1.1054e-06
-1.81211e-06
7.06705e-07
1.96223e-06
-1.84984e-08
-1.3523e-06
1.12204e-07
3.47826e-07
-1.42428e-06
6.15115e-08
1.43593e-06
-1.52081e-06
-1.45004e-06
-1.56514e-06
-1.45702e-06
1.13638e-06
-1.94828e-06
5.3847e-07
-1.60518e-06
-1.62161e-06
-1.48648e-06
5.34051e-09
-1.57007e-06
1.51244e-06
-1.46438e-06
1.4586e-06
-1.94595e-06
-1.49174e-06
-3.65399e-07
-1.11311e-06
1.45589e-06
-5.62713e-09
1.8998e-06
-1.8998e-06
1.8942e-06
-1.8942e-06
1.45872e-06
-1.45872e-06
-1.52081e-06
-1.33889e-06
-3.79845e-07
-1.35745e-06
-1.36701e-06
1.67305e-06
-1.66648e-06
1.37483e-06
-1.05088e-06
-7.20318e-07
9.07672e-07
1.60534e-07
1.38789e-06
-1.49719e-06
-1.37013e-06
-1.53019e-06
-1.41298e-06
1.37013e-06
-3.48189e-07
-2.85317e-07
-6.22512e-07
-1.03841e-06
-7.17901e-07
-1.90723e-07
-1.00334e-06
-1.54441e-06
-1.54066e-06
9.03463e-07
9.12744e-07
1.00056e-06
-1.88512e-07
-2.11561e-08
-1.216e-07
1.43525e-06
-1.21317e-06
1.02245e-06
3.30244e-07
-1.55003e-06
1.27247e-06
2.60021e-07
1.462e-06
-1.22694e-06
1.35983e-06
-2.32076e-07
1.63818e-06
-1.46814e-06
1.24515e-06
-1.11397e-06
9.08374e-07
-4.96904e-07
-4.12079e-07
-7.33722e-07
-8.07786e-07
-7.46678e-07
-7.44539e-07
-1.55925e-06
-1.35898e-06
1.50448e-06
-9.1281e-07
-5.91672e-07
4.03758e-08
1.29549e-06
-1.40042e-06
4.81642e-07
-1.2064e-07
2.39465e-07
1.12293e-06
9.58688e-07
-1.3229e-06
7.57325e-07
-1.41914e-06
7.33737e-07
-1.48528e-06
-1.43982e-06
1.49578e-06
-3.66604e-08
2.31095e-07
-1.20539e-06
1.74386e-06
-7.49267e-07
-8.09712e-07
1.26382e-06
-1.54324e-06
1.52339e-06
8.90989e-08
1.28398e-06
-1.28398e-06
1.43205e-06
1.18466e-06
1.73126e-06
1.35466e-06
1.74372e-06
6.66242e-07
1.3885e-06
-4.49446e-07
-1.55716e-06
-1.47922e-06
1.09707e-06
-9.92856e-07
-1.17887e-06
-5.48539e-08
1.43988e-06
3.46385e-07
5.61989e-07
-1.34145e-07
-1.16407e-06
-1.47301e-06
-4.78055e-08
-1.27643e-06
1.252e-06
-1.43198e-06
-9.40879e-07
-1.48648e-06
1.24104e-06
1.42789e-06
1.19929e-06
1.18661e-06
3.43348e-07
1.11255e-06
-2.22379e-06
1.00334e-06
-1.42079e-06
-7.34007e-07
-9.29999e-07
6.24479e-07
-6.8929e-07
3.25413e-08
-1.55436e-06
1.19483e-06
4.97518e-07
1.06949e-06
-1.01522e-06
-7.68993e-07
1.54256e-06
-3.5099e-07
-1.76456e-07
1.36664e-07
1.31389e-06
-9.94855e-07
-1.26101e-06
-1.51976e-07
1.50985e-06
6.40235e-08
-5.72699e-07
7.60004e-08
-1.43646e-06
-1.18235e-07
-1.46933e-06
1.21095e-06
-7.84704e-07
-8.77753e-07
-1.56529e-06
-1.51833e-07
-1.33122e-06
-1.20744e-06
9.40879e-07
6.50126e-07
8.92867e-07
1.21889e-06
-1.1039e-06
-1.57644e-06
2.8303e-08
-5.8075e-07
-5.92712e-07
-1.12713e-06
1.44094e-06
5.25048e-07
1.08673e-06
1.36088e-06
1.41156e-07
-1.17539e-06
-1.3226e-06
1.4117e-06
-1.48474e-06
-1.2753e-06
1.60043e-06
-4.36593e-07
-1.1679e-06
-1.06404e-06
-1.29875e-06
-1.17821e-06
1.59599e-06
-1.17629e-06
1.21536e-06
2.51144e-07
1.15836e-06
-1.18286e-06
1.65748e-06
6.78995e-07
1.67178e-06
6.64026e-07
-1.18365e-06
1.65748e-06
1.67178e-06
-1.26349e-06
-1.25549e-06
-1.3366e-06
1.38422e-06
1.19945e-06
1.08048e-06
-1.08997e-07
7.33476e-07
1.62126e-06
3.50891e-07
1.2253e-06
-1.13474e-06
-1.31915e-06
1.20462e-07
1.1746e-06
1.03688e-06
-1.41443e-06
-1.23774e-07
1.36893e-06
1.21629e-06
1.32151e-06
-1.18485e-06
3.20915e-07
1.18562e-06
1.20793e-06
5.24621e-07
-1.0901e-06
1.29758e-06
-1.0706e-06
1.58559e-06
-1.26627e-06
-1.7816e-07
-1.25084e-06
1.02067e-06
-1.30318e-06
1.61476e-06
2.88946e-07
4.02836e-07
1.24373e-06
-6.96975e-08
1.14992e-06
3.72362e-07
1.15353e-06
-1.15353e-06
-1.27079e-06
1.17349e-06
-2.21097e-07
-1.00065e-06
-9.59706e-07
-8.82154e-07
9.59706e-07
-1.27224e-06
3.06606e-07
1.04582e-06
-1.79161e-09
-1.32669e-06
8.89799e-08
-1.20252e-06
1.32995e-06
-1.09527e-06
-1.25243e-06
-4.49452e-07
-1.00532e-06
1.88641e-07
-1.46611e-06
5.41813e-07
1.03841e-06
-1.20539e-06
1.26476e-06
-1.2126e-06
-1.78113e-06
8.6832e-07
9.29999e-07
1.24627e-06
5.39349e-07
1.05088e-06
1.24549e-06
1.23428e-06
-1.19412e-06
1.19412e-06
-1.27258e-06
-3.92462e-07
-1.1482e-06
2.09771e-07
9.59484e-07
1.04053e-06
3.60226e-07
1.23912e-06
-1.16094e-06
-1.27466e-06
-1.06412e-06
-4.11744e-07
-1.12318e-06
-4.83203e-08
1.8826e-07
4.94202e-08
6.03961e-08
-1.30006e-06
1.26665e-06
-1.40569e-06
-2.76187e-07
9.15667e-07
7.05243e-07
1.31213e-06
1.34098e-06
7.00321e-07
9.72729e-07
6.50716e-07
-1.16582e-09
1.196e-06
7.10502e-07
1.14489e-06
4.02046e-07
1.06047e-06
9.17673e-08
-1.42789e-06
1.2987e-06
1.11089e-06
-1.11089e-06
1.07604e-06
-1.07604e-06
1.49762e-07
1.08905e-06
-1.08905e-06
1.10883e-06
-1.10883e-06
-1.42126e-06
-1.38872e-07
-1.08757e-06
1.0706e-06
1.52616e-06
-3.72627e-07
-1.8533e-07
-2.92256e-07
-1.27274e-06
-1.17907e-06
-8.94291e-07
-9.17815e-07
3.32039e-07
-1.31637e-06
-1.26959e-06
-4.01522e-07
-1.18068e-06
-1.2177e-06
-2.23337e-07
1.02991e-06
-1.20696e-06
1.19793e-06
1.05427e-06
7.7848e-07
7.51223e-07
-1.13603e-06
-1.13035e-06
1.35621e-06
7.72264e-07
-1.32731e-06
7.85707e-07
1.26045e-06
-4.48554e-07
-4.67337e-07
-1.21123e-06
1.2022e-06
-1.20946e-06
1.33473e-06
-1.3116e-06
1.23928e-06
1.29537e-06
-1.2506e-06
-4.71485e-07
-4.56704e-07
-4.56294e-07
-1.11469e-06
1.15394e-06
1.52655e-06
1.18922e-06
1.09707e-06
-1.1589e-06
1.34104e-06
1.04584e-06
-1.14883e-06
-6.23959e-08
-4.58287e-07
-1.3907e-07
9.27822e-07
8.09942e-07
1.252e-06
1.24616e-06
-2.21642e-08
-1.38303e-06
-1.18128e-06
-8.8303e-08
1.39208e-06
-4.20814e-07
1.13872e-06
-4.28588e-07
-1.26989e-06
1.11202e-06
1.28071e-07
8.38207e-07
1.14536e-06
-1.12965e-06
-4.25046e-07
1.2943e-06
-1.05085e-07
6.52947e-07
9.34319e-07
1.47874e-06
-1.15836e-06
1.15554e-06
1.23987e-06
-4.04937e-07
4.19811e-07
1.16864e-06
-1.0237e-07
-9.56281e-07
1.06693e-06
-1.31088e-06
-3.91863e-07
1.0901e-06
1.07502e-06
1.00532e-06
7.38544e-07
1.22607e-06
-8.8261e-07
1.25084e-06
3.60106e-07
-2.23675e-08
-1.14461e-06
-1.18314e-06
2.66924e-07
4.10951e-07
-1.22225e-06
-1.20916e-06
1.02324e-06
-1.19495e-06
1.30343e-06
-1.22204e-07
-9.58889e-07
1.08109e-06
-7.86872e-07
8.26974e-07
6.99576e-07
-1.25809e-06
-1.33964e-06
1.65027e-07
-1.11421e-06
-1.05427e-06
-1.66384e-07
1.43412e-06
-1.3207e-07
1.20709e-06
4.50075e-07
1.7458e-07
4.02711e-07
9.12773e-07
-1.03498e-06
1.25855e-06
1.12099e-06
4.70203e-08
-1.20713e-06
1.16011e-06
-4.36812e-08
9.42715e-08
-2.84382e-07
1.10888e-06
-1.06186e-06
-6.17512e-07
2.55798e-07
-1.47554e-06
2.66204e-07
-1.03641e-06
-3.90297e-08
4.33399e-07
2.31862e-07
7.22523e-07
-9.90181e-07
-1.17371e-06
3.94464e-07
-1.25361e-06
1.59711e-07
1.08443e-06
1.19778e-06
7.69396e-07
-1.06049e-06
2.63425e-07
-2.28017e-07
-2.36723e-07
-1.12472e-06
-7.35012e-07
-8.22504e-07
-1.5919e-07
1.98006e-06
-7.12662e-07
1.98618e-06
-1.16032e-06
1.06571e-06
3.80568e-08
-1.19774e-06
-1.19816e-06
-2.97938e-07
8.94713e-07
-9.71322e-07
1.10006e-06
2.04385e-07
-6.63535e-08
1.24701e-06
1.01982e-06
1.20124e-06
1.27927e-06
-4.16817e-07
-1.03372e-06
-1.10185e-06
-1.00758e-06
-3.16659e-07
1.19782e-06
1.27705e-06
1.22188e-07
3.50434e-07
7.75649e-07
-1.21188e-06
1.16677e-06
1.24516e-06
-5.15962e-08
)
;

boundaryField
{
    front
    {
        type            empty;
    }
    back
    {
        type            empty;
    }
    wall
    {
        type            calculated;
        value           uniform 0;
    }
    inlet
    {
        type            calculated;
        value           nonuniform List<scalar> 
12
(
-2.23444e-06
-2.23746e-06
-2.24137e-06
-2.21532e-06
-2.31556e-06
-2.24789e-06
-2.30997e-06
-2.33647e-06
-2.33581e-06
-2.36279e-06
-2.36107e-06
-2.35994e-06
)
;
    }
    outletLeft
    {
        type            calculated;
        value           nonuniform List<scalar> 9(1.53732e-06 1.55285e-06 1.55141e-06 1.54817e-06 1.54148e-06 1.54151e-06 1.54345e-06 1.57617e-06 1.58238e-06);
    }
    aneurysm
    {
        type            calculated;
        value           uniform 0;
    }
    outletRight
    {
        type            calculated;
        value           nonuniform List<scalar> 9(1.49375e-06 1.50571e-06 1.53218e-06 1.46514e-06 1.51845e-06 1.49122e-06 1.50659e-06 1.53761e-06 1.53274e-06);
    }
}


// ************************************************************************* //
