/*--------------------------------*- C++ -*----------------------------------*\
  =========                 |
  \\      /  F ield         | OpenFOAM: The Open Source CFD Toolbox
   \\    /   O peration     | Website:  https://openfoam.org
    \\  /    A nd           | Version:  12
     \\/     M anipulation  |
\*---------------------------------------------------------------------------*/
FoamFile
{
    format      ascii;
    class       surfaceScalarField;
    location    "0.22";
    object      phi;
}
// * * * * * * * * * * * * * * * * * * * * * * * * * * * * * * * * * * * * * //

dimensions      [0 3 -1 0 0 0 0];

internalField   nonuniform List<scalar> 
6438
(
-3.57422e-08
4.46353e-06
-4.42779e-06
-3.87017e-08
5.18541e-06
-5.14671e-06
-4.86491e-06
-8.27761e-07
5.69267e-06
4.61511e-06
-5.06659e-06
4.5148e-07
7.08953e-06
-5.53922e-06
-1.55031e-06
1.60335e-06
5.48618e-06
-5.53187e-06
6.66963e-07
-4.79259e-06
4.75389e-06
5.18108e-06
-6.18342e-06
1.00234e-06
4.81232e-06
-5.64515e-06
8.32827e-07
-4.65325e-06
5.66362e-06
-1.01037e-06
1.11629e-06
-5.09851e-06
3.98221e-06
-5.7671e-06
1.11385e-06
4.42241e-06
2.03098e-06
-6.45339e-06
4.15613e-06
-4.19187e-06
-2.35071e-07
4.87092e-06
-4.63585e-06
-6.13681e-06
5.95224e-06
1.84576e-07
-4.64634e-06
5.64507e-06
-9.98731e-07
-5.76572e-06
1.11937e-06
1.83007e-06
3.8652e-06
-5.69527e-06
-1.33242e-06
-8.70361e-07
2.20278e-06
-2.83194e-07
5.10081e-06
-4.81762e-06
-4.73289e-06
-7.66392e-07
5.49928e-06
-5.79605e-06
2.54079e-06
3.25526e-06
-5.02487e-06
4.74168e-06
-4.46252e-06
5.42452e-06
-9.61997e-07
-5.46215e-06
7.29258e-07
5.17148e-06
-4.05519e-06
-4.69793e-06
-8.82718e-07
5.58065e-06
-5.68632e-06
1.2238e-06
4.34869e-06
-5.47182e-06
1.12312e-06
2.40169e-08
-5.32591e-06
5.30189e-06
5.21266e-06
-5.24505e-06
3.23901e-08
-5.16481e-06
8.67042e-07
4.29777e-06
-6.97292e-06
1.12936e-06
5.84356e-06
4.90421e-06
-4.8802e-06
4.94929e-06
-3.34185e-07
3.21068e-06
4.49805e-06
-7.70872e-06
-1.59413e-06
6.01653e-06
-4.60558e-06
5.0609e-06
-4.55317e-07
-5.33674e-06
5.28856e-06
4.8183e-08
-2.21485e-06
4.04492e-06
4.77091e-06
4.14079e-08
-5.73585e-06
5.61873e-06
1.17119e-07
5.13418e-06
-7.85492e-07
-3.8673e-06
3.63223e-06
-6.66864e-06
1.12942e-06
5.07141e-06
4.87473e-07
-5.55889e-06
-3.9347e-06
-1.23011e-06
-7.24636e-07
-4.74302e-06
5.38188e-06
-6.3886e-07
-3.52539e-06
5.09227e-06
-1.56688e-06
5.11645e-06
-5.11645e-06
1.6088e-06
3.88009e-06
5.10136e-07
-4.39022e-06
2.27735e-06
1.10891e-06
-3.38626e-06
4.33172e-06
9.14938e-07
-5.24666e-06
4.18401e-06
-1.64322e-06
-2.42574e-06
-4.2429e-06
-5.05595e-08
4.51107e-06
-4.46051e-06
-5.56302e-06
5.56302e-06
-5.76416e-06
5.82435e-06
-6.01842e-08
2.33349e-07
4.28334e-06
-4.51669e-06
1.58558e-08
-5.249e-06
5.23315e-06
4.87144e-06
-4.85559e-06
-5.31197e-06
6.14037e-07
-5.32533e-06
-4.10518e-07
-4.58104e-06
5.03623e-06
-4.5519e-07
5.06616e-07
4.38593e-06
-4.89255e-06
-5.38693e-06
5.1804e-06
2.06538e-07
5.25069e-06
-5.25069e-06
4.87829e-06
3.0279e-07
-3.2058e-06
-2.43935e-06
4.57363e-06
9.63996e-07
-5.53763e-06
-4.48573e-06
-8.5101e-07
3.98535e-06
3.07839e-06
-7.06374e-06
-6.17075e-06
3.9559e-06
-3.93625e-06
-2.2345e-06
5.43978e-06
-8.66143e-07
3.23986e-06
-9.62505e-07
4.40196e-06
5.04668e-07
-4.90662e-06
-5.42835e-06
-3.35816e-07
-7.66789e-07
-1.32247e-06
-4.24055e-06
5.88531e-06
-5.88531e-06
-3.88912e-06
-1.49781e-06
-3.52307e-07
-6.62062e-06
-5.078e-06
5.05748e-06
2.05199e-08
1.82862e-07
-5.1422e-06
4.95933e-06
-5.65198e-07
4.96716e-06
5.08263e-06
1.30023e-07
-5.30939e-06
-8.27424e-07
-5.36229e-06
5.49968e-06
-1.37395e-07
5.59341e-06
-3.1308e-06
-2.46261e-06
5.02035e-06
-4.83749e-06
1.02398e-07
5.62818e-06
-2.86425e-06
-2.76393e-06
3.20269e-06
2.39072e-06
5.16709e-06
-5.16709e-06
-3.96298e-06
5.68598e-06
-1.723e-06
-4.98114e-06
2.38128e-07
-6.80914e-07
-4.0349e-06
4.71582e-06
-4.66816e-06
1.82428e-07
-5.00301e-06
1.04003e-06
4.31723e-06
9.53457e-07
-5.27068e-06
-2.9897e-07
4.6162e-06
-4.50843e-06
5.20913e-06
-7.00694e-07
-4.79074e-06
1.85155e-07
3.30036e-06
2.32782e-06
4.98818e-06
-1.00597e-06
2.14284e-07
4.90216e-06
-4.3059e-06
-3.62265e-07
4.50244e-06
9.57962e-07
-5.4604e-06
-2.48869e-06
-2.14773e-06
4.63642e-06
3.27724e-06
-4.12246e-07
-2.86499e-06
-5.32591e-06
1.08009e-06
5.34118e-06
-6.42127e-06
-2.47536e-06
1.14294e-06
5.32781e-06
9.67026e-08
5.7732e-06
-2.98792e-06
-2.78528e-06
1.93279e-06
3.84041e-06
5.3935e-06
-8.91058e-07
6.578e-06
-3.36733e-06
-4.87418e-06
1.30074e-08
4.86118e-06
-6.97036e-06
7.12912e-07
6.25744e-06
-7.97164e-08
-4.83845e-06
4.91817e-06
5.32272e-06
2.96015e-07
-4.10492e-06
4.05436e-06
-4.89807e-06
4.99665e-06
-9.85726e-08
4.95959e-06
-5.0393e-06
5.11734e-06
-5.11734e-06
5.0408e-06
1.44612e-07
5.05041e-06
-1.17033e-06
4.98239e-06
-4.74904e-06
-4.38865e-06
3.70773e-06
4.4978e-08
4.83601e-06
-4.88099e-06
5.68497e-06
-3.98442e-06
-1.70055e-06
-5.249e-06
-7.52228e-08
5.87991e-08
-4.85139e-06
-4.8628e-06
2.8176e-07
5.60684e-08
4.84815e-06
4.69176e-06
-4.18514e-06
-4.83866e-06
3.30231e-07
4.90948e-06
-1.38566e-07
-1.751e-07
4.27208e-06
-4.09698e-06
3.35993e-06
2.32504e-06
-5.03195e-06
1.07971e-06
3.95224e-06
5.1283e-06
-3.6034e-08
-6.7827e-06
6.17934e-07
6.16476e-06
-6.8452e-08
-4.81293e-06
4.88138e-06
3.19933e-06
7.79031e-08
3.05569e-07
4.82273e-06
4.77358e-06
3.97902e-07
4.93053e-06
-4.99898e-06
-5.13813e-06
-1.71257e-07
5.24054e-06
-5.62972e-06
3.89184e-07
-4.68633e-06
-1.87854e-07
-5.70306e-06
2.47259e-06
3.23047e-06
2.47971e-09
4.93087e-06
1.69944e-07
-4.64026e-06
5.39597e-06
-7.55703e-07
-5.11695e-06
4.40645e-06
7.10502e-07
-6.9166e-07
1.78755e-06
-1.09589e-06
-1.60339e-06
-4.08293e-06
-5.1422e-06
-4.05622e-08
4.91201e-06
1.50474e-06
4.18124e-06
-8.1918e-08
-5.00129e-06
-2.35813e-08
-1.05631e-07
-5.46813e-06
4.62103e-06
8.47098e-07
-3.21495e-07
4.07466e-06
8.03633e-07
7.99366e-06
-3.49562e-06
-1.69167e-06
-4.07405e-06
5.01421e-06
6.84223e-08
-4.3058e-06
1.81711e-06
-1.93192e-06
-3.05152e-06
4.98344e-06
-1.72547e-06
-4.04164e-06
-2.80811e-06
6.79346e-06
-5.17006e-06
1.68765e-07
-4.88136e-06
4.90008e-06
-1.8719e-08
-4.03418e-06
3.85908e-06
-5.86443e-08
-4.78421e-06
4.84286e-06
-5.25966e-06
8.96009e-08
4.38704e-06
-5.22e-06
8.32967e-07
4.88759e-06
-4.94624e-06
4.36802e-06
-1.65396e-06
-2.71405e-06
-6.60591e-06
2.33884e-06
4.26706e-06
4.4792e-06
4.30272e-07
3.69987e-06
2.25237e-06
1.08136e-06
4.80395e-06
-1.28259e-06
-4.60273e-06
-5.32242e-06
5.27532e-06
4.70958e-08
-5.30805e-06
-1.43693e-08
-5.28081e-06
-2.72404e-08
1.56666e-08
1.3737e-06
-7.69014e-06
6.31643e-06
-5.71189e-06
6.79198e-06
4.51033e-06
-4.46535e-06
4.81915e-06
2.01197e-07
3.93068e-07
3.97495e-06
-4.83845e-06
-4.38677e-06
4.366e-06
5.44515e-07
-4.91051e-06
-2.48571e-08
-1.0411e-06
7.67791e-06
-6.63681e-06
7.28343e-06
-5.25245e-06
-2.20918e-06
3.31809e-06
-1.4006e-06
-4.30246e-06
-3.82281e-06
-2.7831e-06
-4.8373e-06
-3.00835e-07
-4.871e-06
4.87028e-06
7.14398e-10
-7.69784e-07
4.5734e-06
-3.80361e-06
-5.2289e-06
5.26576e-06
-3.6853e-08
-5.17429e-06
-5.46138e-08
-6.65056e-06
4.14177e-07
6.23638e-06
-4.64842e-06
-3.01546e-07
4.94996e-06
5.20964e-06
5.61182e-08
-9.2604e-07
-5.69302e-06
2.07399e-06
3.61903e-06
3.27964e-08
-3.01437e-06
-2.67866e-06
-7.11728e-08
-5.30974e-08
-4.75707e-06
4.81017e-06
-4.89228e-06
2.43863e-07
4.42137e-06
5.92847e-07
5.09563e-06
-4.88135e-06
4.84156e-06
-4.89466e-06
4.82079e-06
1.38799e-07
2.36953e-06
4.9139e-06
5.03209e-06
-9.57435e-07
-3.95176e-07
-6.57518e-06
-2.88071e-07
3.9738e-06
-3.68572e-06
-5.1496e-06
-2.46903e-08
-5.14886e-06
-7.39674e-10
5.19024e-06
-5.15318e-06
-3.70543e-08
5.1337e-06
5.65405e-08
-4.81293e-06
1.1887e-06
-1.63257e-06
4.43864e-07
-5.81426e-06
3.40194e-06
2.41232e-06
2.60393e-06
-5.22047e-06
2.61654e-06
-4.55718e-06
-4.23965e-07
-4.85474e-06
4.83069e-06
2.40481e-08
-5.05086e-06
4.87138e-06
1.79482e-07
-4.03339e-07
5.16886e-06
-4.76552e-06
-5.01475e-06
1.22471e-07
-5.56792e-06
6.94162e-06
-5.1697e-07
-4.51498e-06
-5.23476e-06
4.83142e-06
-4.10163e-06
-3.77524e-07
4.47916e-06
-3.84458e-06
5.1006e-06
3.30959e-08
-3.49387e-06
-9.34973e-07
1.03665e-06
-1.01678e-07
-4.82558e-08
1.87401e-07
-6.64274e-06
6.45534e-06
-3.72397e-06
-1.8079e-06
-5.17335e-06
5.06748e-06
1.05862e-07
-5.09396e-06
-7.93864e-08
-1.83193e-06
1.14027e-06
4.81203e-06
1.18502e-07
5.13893e-06
-8.55586e-07
5.08905e-06
-5.08313e-06
-5.9187e-09
-1.3737e-08
-4.72051e-06
4.73425e-06
5.32695e-06
-3.82221e-06
-6.41361e-08
5.28376e-06
2.98208e-06
-8.26584e-06
5.23558e-06
-5.23558e-06
8.09586e-07
4.75344e-06
-1.84758e-06
-3.26887e-06
-4.17316e-06
5.0299e-06
-8.56742e-07
-5.56625e-07
-4.49424e-06
4.81716e-06
-4.8309e-06
-4.61306e-06
7.84011e-08
4.53466e-06
8.85301e-07
-4.67553e-06
3.79022e-06
-4.84087e-06
4.79087e-06
4.99994e-08
3.0922e-06
2.23475e-06
-1.51406e-07
-7.83567e-07
-2.9077e-06
-2.90655e-06
-1.11221e-06
-5.16826e-06
5.28001e-07
-4.78421e-06
4.33531e-06
9.05221e-07
-4.02637e-06
-4.52195e-06
4.2031e-07
-4.6139e-06
2.68198e-06
5.23492e-06
-4.25592e-06
-9.79009e-07
8.94342e-07
4.20129e-06
-3.70616e-06
-1.75599e-06
-5.12108e-06
5.12108e-06
5.1229e-06
-4.92628e-06
-1.96616e-07
2.953e-07
-4.85248e-06
-4.09877e-06
4.63394e-06
-5.35174e-07
-1.62397e-06
7.53604e-07
4.77249e-06
-4.79576e-06
2.32655e-08
5.01333e-06
5.41518e-08
5.06538e-06
5.75131e-08
7.65329e-06
-4.88347e-06
-1.31283e-07
-4.28501e-06
3.51523e-06
4.80543e-06
8.21627e-08
5.05023e-06
-5.02168e-06
-2.85535e-08
-4.37296e-08
-6.97967e-08
5.27306e-07
-4.33061e-06
3.8033e-06
-1.51906e-07
-6.63079e-06
1.5859e-06
3.56808e-07
-4.45558e-06
-4.83048e-06
4.75684e-06
7.36462e-08
4.81976e-06
-4.32728e-07
-2.25094e-06
-2.99411e-06
-6.75299e-06
5.00511e-07
-2.70969e-06
-8.02268e-07
2.08849e-08
4.96468e-06
-4.42017e-06
-4.75707e-06
-4.76464e-06
1.24116e-07
4.64053e-06
6.72631e-06
9.51604e-07
3.87733e-06
1.94701e-06
4.69127e-06
-2.08734e-06
4.89918e-06
-2.78153e-07
1.1239e-05
-8.25696e-06
-7.69014e-06
-2.4644e-06
-2.65255e-06
-6.22106e-08
5.22337e-06
-4.89381e-06
-3.29563e-07
4.95152e-06
1.13864e-07
5.72599e-07
-4.74576e-06
-3.52168e-06
4.04899e-06
4.79983e-06
4.17271e-08
3.76971e-06
1.67006e-06
5.03582e-06
1.8755e-07
5.03152e-06
-4.95938e-06
-7.21423e-08
-2.26608e-06
-3.20574e-06
-2.26864e-07
4.63331e-06
8.6182e-08
-5.33687e-06
4.17194e-06
-3.28664e-06
-7.01568e-08
1.05244e-07
4.0706e-06
-4.41916e-06
3.4856e-07
7.43807e-07
4.2861e-06
6.82717e-06
-6.63977e-06
2.37543e-06
3.00644e-06
-4.81779e-06
4.76141e-06
5.63839e-08
-1.10978e-07
-2.80096e-06
1.53438e-06
1.26659e-06
-5.02129e-08
5.23447e-06
-5.23447e-06
5.91554e-06
-3.43007e-06
-2.48547e-06
-4.33738e-06
-7.29207e-07
3.65886e-06
1.73463e-06
5.00746e-06
2.8364e-08
-4.72051e-06
4.68354e-06
2.98019e-08
-4.71335e-06
3.83433e-06
5.33687e-06
-5.30189e-06
1.34805e-07
6.23123e-06
-5.51832e-06
4.82507e-06
-5.13888e-06
4.7918e-06
-1.08258e-07
4.32582e-06
-4.68089e-06
4.65625e-06
2.4633e-08
2.18804e-07
3.75631e-06
-3.97511e-06
-4.2592e-06
3.51842e-06
-3.19091e-07
4.45459e-06
6.06309e-07
-4.2714e-08
-4.11959e-06
-7.19077e-07
-6.16923e-06
3.90315e-06
6.90938e-09
-4.69324e-06
-4.99763e-06
-2.37124e-07
6.69356e-06
-3.61517e-06
4.80785e-08
-8.6564e-07
5.32267e-06
-4.45703e-06
-2.27428e-06
-5.26684e-07
4.66243e-06
-4.71259e-06
5.01669e-08
-4.82507e-06
4.78527e-06
2.07544e-06
2.96462e-06
-5.04006e-06
5.01602e-06
-9.45416e-07
4.16554e-07
4.45437e-06
4.91871e-06
4.77253e-07
5.36782e-07
6.51922e-07
-5.23315e-06
1.1581e-07
-4.15409e-06
4.72669e-06
-2.40622e-06
2.90673e-06
4.43747e-07
-4.36457e-06
3.92082e-06
-3.54428e-08
9.1911e-08
-4.35343e-06
-4.95221e-06
4.86142e-06
9.07984e-08
-4.75046e-06
4.94548e-07
3.1008e-06
2.81474e-06
-2.67371e-06
5.48149e-06
-2.80778e-06
5.49361e-06
-5.12855e-06
-3.65061e-07
1.371e-07
3.38132e-06
-4.71423e-06
-5.0406e-08
4.78486e-06
6.94591e-09
2.36577e-06
-8.31392e-07
6.09067e-06
-5.47273e-06
4.36622e-06
6.7001e-07
2.75049e-07
-4.85805e-06
7.38459e-07
7.40109e-08
-4.2281e-06
5.4247e-06
-4.38467e-06
4.42292e-06
-2.69179e-07
-4.21052e-06
4.4797e-06
-4.76173e-06
4.95875e-06
-5.86695e-08
-7.21378e-06
5.76964e-07
-3.06529e-08
4.67119e-06
9.02181e-08
-4.41042e-06
-4.84042e-06
4.82029e-06
2.01258e-08
5.79456e-06
-3.36581e-06
-2.42875e-06
-4.06201e-06
-3.65223e-07
4.42724e-06
-1.08991e-08
-4.78665e-06
1.02925e-07
-5.17718e-07
5.11279e-06
-4.59507e-06
-4.68708e-06
4.71034e-06
-6.80247e-06
-9.92846e-07
-6.57993e-06
6.41503e-06
1.64904e-07
3.75553e-06
1.9081e-06
4.39539e-06
3.94382e-07
-4.78977e-06
4.67117e-06
-1.91964e-07
3.76608e-06
1.87899e-06
-3.33534e-06
1.06107e-06
-4.72145e-06
4.10146e-06
-4.66666e-06
-6.33876e-06
6.31577e-06
2.29947e-08
5.72535e-06
-4.59599e-06
4.67042e-06
-1.41659e-08
2.87184e-07
-4.35562e-06
4.06844e-06
-7.04182e-08
-6.26834e-06
5.65986e-06
-5.65986e-06
-2.57609e-06
4.85602e-06
-2.27993e-06
-4.67404e-06
4.67404e-06
4.78018e-06
-4.22592e-06
-5.54258e-07
4.44406e-06
1.05562e-06
4.98061e-06
-4.08627e-06
4.92531e-06
-5.50288e-08
-3.85545e-06
-6.1753e-07
4.47298e-06
-6.26154e-06
6.28281e-06
-2.12681e-08
5.77794e-06
-3.47834e-06
-2.2996e-06
8.44184e-07
4.13643e-06
-6.32709e-06
6.2954e-06
3.16843e-08
-1.28747e-09
-4.61035e-08
6.24368e-06
-6.19758e-06
-6.30306e-06
6.30306e-06
-7.49987e-08
4.73743e-06
6.76407e-06
-6.30538e-06
-4.58683e-07
-6.33104e-06
6.28493e-06
6.32553e-06
-6.29331e-06
-3.22204e-08
-4.6087e-06
-1.03897e-07
5.39131e-06
-7.19724e-08
6.28355e-06
-6.21158e-06
6.28551e-06
-6.29735e-06
1.18355e-08
-4.75102e-06
6.25281e-06
-9.12374e-09
-4.83484e-06
4.79168e-06
4.31586e-08
-6.25162e-06
6.27417e-06
-2.25477e-08
4.78835e-06
-4.66423e-06
-6.3143e-06
6.24233e-06
4.8427e-06
-1.53953e-06
2.30667e-06
3.016e-06
-3.50107e-06
-2.66816e-06
-6.2924e-06
6.2924e-06
-6.32122e-06
-9.81607e-09
5.85166e-06
-1.07262e-06
-4.77904e-06
-4.1246e-06
2.80213e-06
1.57633e-07
6.26288e-06
-6.28227e-06
1.93955e-08
4.60957e-06
-4.6055e-06
-4.07167e-09
6.458e-06
-6.29027e-06
-1.67736e-07
6.2303e-06
3.25772e-08
6.21883e-06
6.47177e-08
-1.28088e-08
-4.66123e-06
-5.76844e-06
3.1741e-06
2.59435e-06
-4.65469e-06
4.68449e-06
6.25005e-06
-1.97538e-08
6.56105e-07
4.24308e-06
3.36153e-06
-1.2861e-06
-6.30521e-06
-9.08959e-09
5.14215e-06
3.05148e-06
-5.19922e-06
-7.92131e-07
-6.42165e-06
4.69152e-06
-4.7189e-06
2.73806e-08
-2.17502e-07
-6.36243e-06
4.88515e-06
-5.44547e-08
5.43138e-06
-3.71577e-06
-1.71562e-06
-4.70162e-06
6.25959e-06
-6.25959e-06
4.47932e-06
5.83616e-08
-4.53769e-06
4.82101e-06
-6.27275e-06
6.26452e-06
8.23011e-09
6.22836e-06
-6.28839e-06
6.00303e-08
3.96413e-06
-5.24671e-06
-1.67247e-08
-6.22859e-06
6.24532e-06
6.21423e-06
-6.23095e-06
-2.07851e-07
6.62288e-06
-4.97516e-06
5.38933e-06
-5.63121e-06
3.90574e-06
-9.90004e-08
6.41477e-06
5.39421e-07
2.77867e-06
5.30016e-08
5.79866e-06
-1.7144e-08
5.01875e-06
-5.00161e-06
-4.27115e-08
-6.28776e-06
-3.93295e-08
5.16154e-06
-5.16704e-07
-4.64483e-06
-6.24595e-06
6.24595e-06
3.66739e-06
-3.15725e-06
-6.29769e-06
6.28119e-06
1.65034e-08
4.80963e-06
-4.80963e-06
4.68229e-06
-7.27153e-08
6.25449e-06
-6.26454e-06
1.00462e-08
-6.03812e-06
1.65135e-06
6.08444e-09
-4.64581e-06
4.63973e-06
5.03876e-06
-4.21153e-08
6.26761e-06
5.79221e-08
3.80216e-06
6.48939e-07
-4.4511e-06
6.28678e-06
-3.39741e-08
4.88407e-06
-4.88407e-06
6.24682e-06
-6.2251e-06
-2.1725e-08
-4.77686e-06
4.74141e-06
3.54574e-08
6.29456e-06
-6.27548e-06
-1.90801e-08
-6.25631e-06
6.25631e-06
9.32254e-07
4.38065e-06
1.47932e-07
-4.52859e-06
-6.2982e-06
6.28181e-06
1.63923e-08
-2.32589e-08
-4.71634e-06
4.68907e-06
2.45449e-09
5.85384e-06
-1.10615e-06
-4.74769e-06
4.04434e-06
6.23096e-06
-6.24816e-06
1.71977e-08
4.81573e-06
5.14366e-06
7.25095e-08
4.40681e-06
6.38929e-06
-1.21682e-07
6.21048e-06
2.04824e-08
4.57029e-06
-4.57029e-06
-2.40622e-06
6.31887e-06
-6.26921e-06
-1.91853e-08
6.26599e-06
-6.2424e-06
-2.35933e-08
1.22584e-07
-6.38491e-06
6.26232e-06
6.56571e-07
-6.31643e-06
-6.28682e-06
6.27598e-06
1.08389e-08
4.53887e-06
-4.53627e-06
-2.60141e-09
4.78018e-06
-4.21853e-06
4.21853e-06
6.22309e-06
-1.26107e-08
-4.6659e-06
-4.35562e-06
4.39539e-06
4.84122e-06
-5.03454e-08
-1.41621e-08
4.95975e-07
-6.18048e-06
6.26493e-06
-6.26694e-06
2.00791e-09
1.49821e-07
4.38905e-06
1.44573e-07
5.01696e-06
4.71874e-06
-3.64562e-08
-6.27281e-06
6.26552e-06
7.29162e-09
6.21751e-06
-6.2349e-06
1.73889e-08
-6.26716e-06
-3.05378e-08
6.25016e-06
-6.23372e-06
-1.64383e-08
4.71936e-06
9.02654e-08
6.25402e-06
2.71729e-08
-7.87429e-09
6.24003e-06
2.54893e-08
-9.47925e-10
-4.62264e-06
-6.33512e-06
6.67768e-08
-4.68851e-06
4.68851e-06
5.81681e-08
5.79567e-06
-4.76447e-06
9.09018e-07
3.28329e-08
6.25268e-06
2.60503e-07
-4.50626e-06
4.24576e-06
4.35004e-08
6.25956e-06
5.97194e-06
-6.51323e-06
4.71511e-06
1.68961e-07
6.21423e-06
-4.81105e-08
4.42876e-06
-4.55892e-06
2.26511e-08
4.49209e-06
-6.89926e-07
-6.22975e-06
6.22975e-06
-6.26311e-06
-3.50904e-08
4.22592e-06
-4.3791e-06
1.53181e-07
-6.25956e-06
4.61336e-06
-4.60728e-06
6.25095e-06
3.08623e-08
-6.25384e-06
-5.56255e-06
3.87089e-06
-6.28057e-06
6.27011e-06
1.04555e-08
4.26968e-06
4.01489e-07
4.64581e-06
2.82204e-08
-6.20958e-06
6.25218e-06
-4.26017e-08
-4.71733e-06
4.67546e-06
4.18744e-08
-6.22946e-06
1.98764e-08
4.69856e-06
-9.49034e-09
2.60033e-07
-4.85723e-06
4.59719e-06
6.22802e-06
-6.2556e-06
2.75853e-08
5.06616e-06
-5.30328e-06
6.22732e-06
-6.22664e-06
-6.81506e-10
-3.97941e-06
3.97941e-06
-4.89976e-06
4.89976e-06
-6.22017e-06
-9.29104e-09
-2.90673e-06
3.44615e-06
-6.23797e-06
6.22879e-06
9.17896e-09
4.8681e-08
6.24372e-06
3.8899e-06
-3.44615e-06
-3.8899e-06
4.1087e-06
4.12957e-06
-4.7471e-06
5.69612e-06
-3.37513e-06
-2.32099e-06
-6.26029e-06
-2.65221e-08
-9.02237e-07
-4.1087e-06
5.01094e-06
6.25245e-06
2.35297e-08
-4.73712e-06
4.39007e-06
6.27041e-06
-6.25773e-06
-1.26729e-08
-6.23359e-06
-4.6947e-06
4.71625e-06
-1.45959e-07
-1.67055e-08
6.26676e-06
6.2405e-06
-4.63973e-06
-6.38927e-06
-3.74923e-06
4.78977e-06
-1.04054e-06
-6.20614e-06
-2.24563e-08
6.23242e-06
7.60327e-09
3.63467e-06
-3.71313e-06
7.84631e-08
7.15928e-09
4.3791e-06
-4.55519e-06
1.76088e-07
2.87386e-06
2.9207e-06
-6.25747e-06
-2.30968e-08
-4.7395e-06
6.20502e-06
-6.19983e-06
-5.18496e-09
6.24999e-06
2.01263e-08
-6.26809e-06
6.26135e-06
6.73791e-09
4.79141e-06
4.71936e-06
-6.22094e-06
6.20732e-06
1.36195e-08
6.26484e-06
-6.26208e-06
-2.75924e-09
-4.65917e-06
4.71511e-06
6.218e-06
-6.218e-06
2.47631e-08
6.27064e-06
-3.92616e-06
-8.38306e-07
6.23104e-06
-3.0213e-09
-8.00799e-07
4.25621e-06
-3.45542e-06
6.21506e-06
-6.20969e-06
-5.37969e-09
1.9028e-08
6.24056e-06
6.20377e-06
-6.20929e-06
5.52238e-09
-6.27629e-06
-6.25372e-06
-3.76649e-06
5.38976e-09
6.25913e-06
-6.57554e-09
-6.23686e-06
6.24343e-06
-6.21841e-06
6.20484e-06
1.35738e-08
-6.25722e-06
-1.08718e-08
-4.73662e-06
-4.57447e-06
1.55548e-08
6.25083e-06
1.05195e-08
-6.21278e-06
6.21015e-06
2.62464e-09
-6.21704e-06
2.33803e-08
6.19366e-06
6.25536e-06
1.50494e-08
-6.236e-06
-2.17358e-08
-4.54879e-06
-2.15027e-08
6.25229e-06
-6.25613e-06
3.84815e-09
6.21523e-06
-6.22181e-06
-6.22799e-06
6.2194e-06
8.5923e-09
6.21247e-06
-6.20744e-06
-5.03297e-09
4.68441e-06
4.09938e-09
6.25435e-06
1.04914e-08
-6.24562e-06
-1.64617e-08
-6.26854e-06
4.71625e-06
-6.21581e-06
6.20341e-06
1.23947e-08
4.12568e-06
-4.39486e-06
-6.19827e-06
6.22152e-06
-2.32497e-08
6.21749e-06
-6.22677e-06
9.28059e-09
-1.51892e-08
-6.2512e-06
-6.01883e-09
-1.62076e-08
-5.51847e-06
3.91508e-06
-1.06655e-08
6.21523e-06
-1.03062e-08
-6.63913e-09
-6.25646e-06
5.26494e-09
2.39271e-06
5.25608e-06
-7.64879e-06
-1.29514e-06
6.25232e-06
-3.77183e-11
-6.24056e-06
1.15267e-08
6.23442e-06
-6.24432e-06
-1.18103e-08
-4.69989e-06
-6.26269e-06
6.22288e-09
2.18832e-08
6.23261e-06
-9.76086e-10
2.96064e-08
-6.15674e-06
6.12713e-06
6.26095e-06
-6.25776e-06
-3.19058e-09
-4.78387e-06
8.57701e-07
6.24889e-06
-6.23795e-06
-1.09432e-08
-6.25301e-06
-4.63652e-06
-2.44469e-07
6.21116e-06
-6.20625e-06
-4.90813e-09
3.26353e-08
-6.16259e-06
6.12996e-06
-6.25938e-06
6.24772e-06
1.16625e-08
-4.7327e-06
4.69357e-06
3.91294e-08
5.49181e-09
-6.25932e-06
-3.36517e-09
-4.75939e-06
9.87382e-07
3.77201e-06
-6.25116e-06
-8.22759e-09
6.25889e-06
2.06188e-09
-6.24864e-06
-9.11796e-09
-2.48914e-08
-6.25973e-06
4.10152e-10
-4.50134e-06
-5.24716e-07
5.02606e-06
3.59707e-06
2.62864e-08
-6.23442e-06
4.69455e-06
-1.90895e-08
-6.21084e-06
6.21084e-06
-1.20106e-08
6.25589e-06
2.99884e-09
-4.95811e-09
9.73425e-09
1.00276e-08
6.25825e-06
-2.36655e-09
3.68481e-09
6.25662e-06
-6.25668e-06
5.49791e-11
4.51593e-06
-4.51593e-06
-6.2437e-06
6.23028e-06
1.34188e-08
6.22123e-06
-6.21485e-06
-6.38079e-09
-8.77976e-09
6.25434e-06
3.91291e-09
6.25464e-06
1.9829e-09
-2.33691e-09
6.25523e-06
6.24915e-06
-6.2526e-06
3.45546e-09
-6.30946e-06
-6.22917e-06
-1.45354e-08
4.81584e-06
-5.90035e-08
6.24356e-06
5.58992e-09
5.23356e-08
6.2483e-06
-6.24145e-06
-6.84633e-09
-4.463e-06
4.463e-06
3.49936e-08
6.22131e-06
-6.20982e-06
6.2198e-06
-9.97574e-09
6.24698e-06
1.32257e-09
4.81912e-08
4.67055e-06
6.23958e-06
-6.23722e-06
-2.35847e-09
-6.19038e-06
-1.94438e-08
6.22196e-06
-6.22705e-06
5.0903e-09
6.23555e-06
4.03446e-09
6.24708e-06
7.56173e-09
-6.19224e-08
-6.17493e-06
-1.01823e-08
-5.5027e-07
-4.19549e-06
6.21218e-06
-6.21821e-06
6.02361e-09
1.86268e-07
4.32966e-06
6.23879e-06
-6.23293e-06
-5.85207e-09
-5.52431e-09
-1.06747e-07
-5.18961e-06
5.29635e-06
-4.51898e-06
4.57041e-06
-5.14337e-08
-6.18304e-06
6.18503e-06
-1.98686e-09
6.23159e-06
7.19148e-09
-6.21317e-06
-3.88394e-06
6.27666e-06
6.23404e-06
-6.22518e-06
-8.85833e-09
-6.24008e-06
6.24024e-06
-1.58253e-10
6.22216e-06
-6.21652e-06
-5.63794e-09
-6.05009e-07
-5.33686e-06
5.94187e-06
6.22763e-06
6.40377e-09
-6.18778e-06
4.74008e-09
6.23493e-06
-6.22695e-06
-7.98616e-09
4.68441e-06
-4.79746e-06
4.79746e-06
6.23262e-06
-6.22088e-06
-1.17356e-08
-1.20403e-08
6.23513e-06
-9.79544e-09
-4.69097e-06
6.22383e-06
8.79036e-09
-6.23951e-06
-1.16495e-08
-6.17829e-06
6.18157e-06
-3.28514e-09
6.24016e-06
3.39409e-09
1.05411e-07
6.1774e-06
-1.2894e-09
6.23434e-06
1.5818e-08
4.66958e-06
2.49668e-08
7.30623e-10
-6.18439e-06
6.10616e-09
4.76269e-07
1.7301e-08
2.01233e-07
6.21633e-06
-6.22216e-06
5.82923e-09
-6.17173e-06
6.17892e-06
-7.18184e-09
1.10642e-07
-4.67629e-06
4.56565e-06
8.35882e-07
-4.87098e-06
4.0351e-06
1.78566e-06
4.41612e-06
-4.41612e-06
6.21204e-06
-6.21204e-06
-5.11426e-06
2.85663e-09
-6.2238e-06
4.76722e-06
6.23296e-06
1.40182e-08
-1.17563e-06
-2.18605e-06
3.36168e-06
-6.18074e-06
9.00905e-09
-6.18423e-06
-2.00677e-07
2.6429e-06
-4.36087e-06
1.71797e-06
-4.26466e-09
4.223e-08
6.17929e-06
1.64738e-08
4.68209e-06
-6.24179e-06
1.31317e-08
6.21662e-06
3.96564e-06
-4.83875e-06
8.7311e-07
4.0354e-06
-1.3925e-06
-7.76925e-09
-6.21064e-06
6.24271e-06
-6.20048e-06
-6.22484e-06
-6.16358e-06
6.15773e-06
5.85206e-09
1.3791e-09
6.22741e-06
6.20559e-06
6.44863e-09
5.67048e-06
-3.76338e-06
-1.9071e-06
-2.20064e-08
4.73712e-06
6.22571e-06
9.8331e-09
5.66835e-06
-6.27336e-06
4.20966e-08
6.17913e-06
-7.34137e-09
-6.20847e-06
-6.17079e-06
7.20891e-09
-4.53294e-06
1.39624e-08
4.76275e-06
-3.81873e-06
-9.4402e-07
6.19452e-06
-6.19506e-06
5.35875e-10
-7.22124e-09
1.78755e-06
-2.51243e-06
-2.35381e-06
4.86624e-06
6.20606e-06
-6.21561e-06
9.55066e-09
4.94442e-06
-4.88606e-06
-1.72624e-08
4.73662e-06
-4.06755e-06
2.89192e-06
6.1998e-06
-6.20603e-06
6.23205e-09
6.23544e-06
-6.19335e-06
-4.67097e-06
1.55041e-07
-4.68894e-06
4.68312e-06
5.81965e-09
4.55519e-06
-4.66194e-06
9.88095e-08
6.17536e-06
-4.73085e-06
4.58847e-06
-1.67106e-07
6.22579e-06
-6.21825e-06
-7.54535e-09
4.84754e-06
-4.63055e-06
-2.16989e-07
6.20559e-06
-3.74693e-09
-6.20903e-06
-4.58966e-06
1.5182e-08
5.75458e-07
3.52566e-06
-4.10112e-06
-6.15571e-06
6.14903e-06
6.67816e-09
6.1958e-06
2.16882e-08
-3.92395e-06
-8.23145e-07
4.50923e-08
6.17707e-06
6.21551e-06
-6.23001e-06
1.4508e-08
6.20787e-06
-1.14681e-08
-6.18836e-06
-4.85408e-06
-8.18226e-07
6.21868e-06
1.29147e-08
6.61155e-06
-1.35547e-06
-3.76475e-08
6.2125e-06
-6.17486e-06
6.20976e-06
5.74844e-09
-6.16448e-06
8.76447e-09
-6.18237e-06
-4.42725e-08
-1.18602e-08
6.1295e-06
-6.11764e-06
8.06475e-09
6.20994e-06
6.23626e-06
-6.19117e-06
-6.21662e-06
-2.32479e-08
4.7395e-06
-6.49949e-09
4.70105e-06
-2.42682e-07
-4.45837e-06
6.32637e-08
4.63779e-06
-6.13825e-06
6.12639e-06
-6.21571e-06
-1.3454e-08
3.94575e-06
8.16996e-07
-2.35656e-08
4.8077e-06
-4.78413e-06
-3.98278e-06
-3.33166e-06
3.90711e-06
-5.19547e-06
6.42379e-07
4.55309e-06
6.2073e-06
4.73636e-09
-6.21442e-06
6.16814e-08
6.18103e-06
6.19798e-06
-6.19889e-06
9.15212e-10
6.21153e-06
-6.19304e-06
-1.84872e-08
-6.21992e-06
4.0815e-09
-8.96742e-09
-4.69339e-06
4.70236e-06
9.06332e-10
6.21849e-06
-4.31444e-06
1.26292e-06
-6.21178e-06
6.20831e-06
3.47628e-09
-6.14706e-06
6.13974e-06
7.32545e-09
6.04924e-08
5.08088e-06
-4.93295e-06
3.72395e-06
-8.9274e-08
-3.22489e-08
6.21598e-06
-6.18373e-06
-5.54278e-06
3.03035e-06
6.20513e-06
5.49558e-09
-6.21293e-06
6.21159e-06
1.60405e-08
-5.80571e-06
5.82631e-08
5.74745e-06
9.71856e-09
-6.15678e-06
6.19932e-06
-6.1928e-06
-6.51595e-09
-1.96341e-07
6.23601e-06
-6.03967e-06
-9.28949e-09
-1.27469e-06
5.83573e-06
-4.56104e-06
-4.67097e-06
-5.1802e-06
6.20322e-06
-3.41955e-09
5.44479e-08
6.18099e-06
6.04788e-06
6.26179e-06
-6.25704e-06
-4.74573e-09
-1.84888e-11
-4.70092e-06
4.70094e-06
-6.20679e-06
6.20258e-06
4.21255e-09
1.25382e-07
-4.67417e-06
4.54879e-06
6.215e-06
-6.2124e-06
-2.59145e-09
-4.81225e-06
4.78868e-06
6.19672e-06
-6.19194e-06
-4.77048e-09
1.73849e-08
6.19414e-06
-6.76087e-08
6.22971e-06
-6.21078e-06
6.46035e-08
-4.5813e-06
6.21044e-06
-6.20938e-06
-1.06484e-09
6.20741e-06
3.62632e-09
-6.20988e-06
6.17563e-06
1.31163e-08
-6.18875e-06
1.48028e-09
6.21124e-06
-6.19386e-06
-1.47533e-08
-4.70334e-06
4.71809e-06
3.33502e-06
-4.90739e-06
1.57237e-06
-1.04561e-06
-4.7601e-06
-4.55969e-06
-1.02584e-06
-4.00287e-06
-6.20361e-06
3.57525e-08
6.16786e-06
-4.73202e-06
4.70334e-06
2.86859e-08
-1.44e-06
-3.80671e-06
-6.20042e-06
5.53535e-06
-6.18759e-06
6.19848e-06
-1.08943e-08
-5.17145e-06
5.14062e-07
4.65739e-06
4.9365e-06
-3.79342e-06
-1.14308e-06
-6.20925e-06
1.2443e-08
6.19681e-06
4.71084e-06
-4.65204e-06
1.2983e-08
6.18633e-06
-6.20994e-06
6.30461e-09
6.20454e-06
6.20365e-06
2.01757e-08
-1.02907e-09
-6.20826e-06
-2.00662e-08
-6.19172e-06
-6.19381e-06
4.70528e-06
-4.64701e-06
-2.63608e-08
1.3262e-06
4.10518e-06
-4.25005e-06
4.25005e-06
5.38551e-08
6.18241e-06
-7.03792e-06
-5.7259e-06
5.72588e-06
6.21206e-06
4.70187e-06
-4.66808e-06
-6.20249e-06
6.18243e-06
-5.2424e-06
5.36779e-06
6.19818e-06
-6.19277e-06
-5.41413e-09
7.50026e-09
6.20468e-06
-6.2772e-06
4.7234e-06
-4.73815e-06
-6.20076e-06
1.03798e-08
2.33511e-06
6.21594e-06
-6.20839e-06
-7.55106e-09
-6.2119e-06
6.19848e-06
-6.19331e-06
-5.16964e-09
-6.19743e-06
-6.18818e-09
6.18431e-06
-6.16537e-06
-4.74141e-06
5.69937e-06
6.19313e-06
-6.1911e-06
-2.03544e-09
-1.09271e-08
6.18656e-06
-4.73202e-06
4.10114e-06
-4.44476e-06
3.4362e-07
-7.62883e-06
7.62883e-06
6.20912e-06
6.21033e-06
-1.57269e-08
1.03913e-08
-6.20861e-06
6.23013e-06
-2.15206e-08
6.19661e-06
-6.19142e-06
-5.18307e-09
-5.14215e-06
4.89768e-06
1.91122e-08
6.19339e-06
-6.20918e-06
1.67564e-08
6.19242e-06
-6.19102e-06
6.2044e-06
-6.19609e-06
-4.75493e-06
-6.20403e-06
2.07057e-08
6.18333e-06
-4.7619e-06
-1.33797e-08
4.64745e-06
-4.68276e-06
3.53095e-08
6.18848e-06
-6.1937e-06
5.21609e-09
1.14511e-07
-6.20393e-06
6.19365e-06
1.028e-08
6.19987e-06
-4.54585e-06
-4.51381e-06
-7.5844e-08
6.20795e-06
-6.20795e-06
-3.17697e-08
4.71618e-06
-6.20454e-06
6.19545e-06
-6.19028e-06
-5.17186e-09
6.20704e-06
-3.4566e-08
-6.19915e-06
-4.61483e-06
-5.74782e-07
-4.73121e-06
3.70851e-06
-4.14219e-06
4.33681e-07
-9.28839e-07
-4.00507e-06
4.93391e-06
6.18409e-06
-6.16772e-06
4.00766e-06
-4.67629e-06
-1.33501e-08
-6.1959e-06
6.19878e-06
-6.19364e-06
-5.14144e-09
4.76225e-06
-4.78583e-06
-1.31008e-06
-8.64678e-07
2.17476e-06
-4.94009e-06
4.9815e-06
4.77945e-06
-4.71618e-06
-1.87341e-08
-4.63481e-06
4.65355e-06
-2.19744e-08
-4.59948e-06
4.62146e-06
1.55414e-08
-4.81928e-06
4.80374e-06
4.40847e-08
-4.8387e-06
4.79462e-06
2.22764e-08
-4.74166e-06
4.71939e-06
-9.22365e-09
-4.64063e-06
4.64985e-06
-1.07402e-08
-4.63675e-06
4.64749e-06
2.79156e-06
-1.88089e-06
-9.10667e-07
4.11701e-06
3.01834e-08
6.1858e-06
4.53876e-06
-4.56435e-06
2.559e-08
1.45774e-08
-6.19634e-06
6.18176e-06
6.21237e-06
-6.21237e-06
6.1301e-06
-1.50807e-09
-6.12859e-06
-2.06229e-08
-6.18187e-06
6.195e-06
-6.1896e-06
-5.39346e-09
-3.85037e-06
-5.05573e-06
-1.15721e-07
4.05966e-06
7.87875e-07
6.2074e-06
-6.19907e-06
-8.32851e-09
-4.72513e-06
4.90971e-06
2.05477e-08
6.19069e-06
-3.40554e-06
-2.13724e-06
4.57802e-08
4.44784e-06
-4.49362e-06
-3.17594e-06
-5.37196e-07
-1.06559e-06
-6.60051e-07
1.72564e-06
4.66045e-06
4.66119e-06
4.86497e-06
4.86509e-06
4.83127e-06
4.76943e-06
-2.1717e-08
-4.67318e-06
4.6949e-06
4.67565e-06
-6.06839e-09
-1.84185e-06
6.19699e-06
-6.18241e-06
-1.53022e-07
4.98444e-06
-6.21581e-06
-4.24363e-06
5.24597e-06
6.12188e-06
5.37347e-09
-6.12725e-06
6.22051e-06
-1.25639e-08
-6.20715e-06
2.22494e-08
6.1849e-06
-4.68141e-06
-4.69339e-06
4.6928e-06
-4.71452e-06
-4.27123e-06
5.16024e-06
-8.89019e-07
-1.10798e-08
-6.19295e-06
3.23534e-06
-4.03614e-06
1.02331e-08
-6.20303e-06
-6.19574e-06
-1.64825e-06
-2.4193e-06
-6.18463e-06
-1.17095e-08
4.74848e-06
1.48148e-06
3.61021e-06
6.189e-06
-6.18423e-06
-4.76712e-09
4.71828e-06
-3.12522e-06
-1.59307e-06
-2.24633e-06
1.18074e-06
-2.60345e-06
5.6338e-06
-2.25769e-06
4.69347e-06
-2.43578e-06
1.90511e-09
6.20415e-06
-6.16175e-06
6.1933e-06
-6.19692e-06
3.61648e-09
-3.50798e-06
1.49641e-06
2.01157e-06
-2.07115e-08
-4.67182e-06
4.69253e-06
6.4874e-06
-2.87268e-06
-3.61471e-06
4.62605e-09
6.12547e-06
-1.34829e-06
-2.15969e-06
-4.52637e-06
4.57215e-06
3.8611e-06
2.55909e-07
-4.50394e-06
-9.5189e-09
-4.67839e-06
4.68791e-06
4.83306e-06
-4.68324e-06
-2.8778e-06
-1.09072e-06
3.96852e-06
-6.18384e-06
6.18564e-06
-1.79622e-09
-4.57256e-06
4.63717e-06
6.1907e-06
-6.19472e-06
-4.13868e-06
-1.11369e-07
-6.23669e-06
6.2131e-06
-3.22918e-06
4.67741e-09
6.19381e-06
5.40281e-06
-2.98598e-06
-2.41682e-06
4.57397e-06
-8.65458e-07
5.10888e-06
-6.61039e-07
4.68529e-06
-4.70601e-06
6.18225e-06
-6.18256e-06
3.03882e-10
4.69068e-06
-4.7002e-06
5.68627e-09
-6.1791e-06
6.17341e-06
-2.6067e-06
-6.22481e-07
1.11048e-08
-4.75251e-06
-6.19653e-06
8.75095e-09
4.13868e-06
-4.38e-06
2.41322e-07
-6.72628e-07
5.06168e-06
-2.45038e-08
-4.59032e-06
4.65713e-06
4.8147e-08
6.18912e-06
-6.18509e-06
-4.02688e-09
7.48533e-09
6.1981e-06
3.14512e-06
-4.67934e-06
4.69045e-06
3.04522e-06
-1.77196e-08
-6.18943e-06
-2.36448e-06
-1.80883e-06
4.17331e-06
-4.47266e-06
-4.1155e-08
4.2161e-06
-3.80127e-06
-4.14828e-07
-8.41845e-07
4.90152e-06
-4.05968e-06
6.19311e-06
-6.18833e-06
-4.77932e-09
8.27561e-09
6.18991e-06
4.16079e-08
4.7194e-06
-4.76101e-06
4.05224e-09
-6.19682e-06
-4.63391e-06
4.6491e-06
6.19086e-06
-6.19776e-06
6.8928e-09
6.22051e-06
-2.61106e-08
-4.33068e-06
-1.89829e-07
4.52051e-06
-6.23255e-06
-2.34679e-09
6.16153e-08
-4.75055e-06
-6.35331e-06
6.18834e-06
-6.18265e-06
-3.97387e-06
8.5e-09
-1.49625e-08
-6.18634e-06
6.18942e-06
7.18773e-09
-6.45339e-06
1.00612e-09
-6.19243e-06
-2.81088e-07
-3.48214e-06
1.29609e-06
-6.20568e-06
6.20568e-06
-3.91135e-06
4.77341e-06
-8.62062e-07
6.21762e-06
-3.70874e-06
4.6229e-06
-9.14166e-07
-3.99798e-06
4.83933e-06
-8.41349e-07
-4.64481e-06
-6.82256e-08
4.78576e-06
-4.71754e-06
-4.03858e-06
3.91812e-06
-1.0262e-06
6.19762e-06
-6.20577e-06
8.15539e-09
6.19658e-06
-6.20473e-06
8.15397e-09
6.19233e-06
-6.2011e-06
8.76667e-09
-6.75828e-09
-6.19717e-06
-3.72206e-06
4.6989e-06
-9.76842e-07
6.19425e-06
-6.1895e-06
-4.75665e-09
6.19254e-06
8.75742e-07
-4.96201e-06
6.18888e-06
6.573e-09
-6.19173e-06
1.45445e-09
1.45281e-06
6.19145e-06
-6.19662e-06
5.16823e-09
1.27702e-07
4.65174e-06
-4.77945e-06
-4.55048e-06
-2.20807e-08
4.57256e-06
-6.2048e-06
-6.1913e-06
6.1833e-06
7.99658e-09
4.71837e-06
-4.65676e-06
-6.1959e-06
6.18819e-06
7.71099e-09
-4.5846e-06
4.39679e-06
1.8781e-07
-6.19661e-06
6.18911e-06
7.50114e-09
6.20639e-06
-6.19883e-06
-7.56593e-09
-4.64282e-06
4.68442e-06
-5.00896e-06
-2.69976e-06
-5.08548e-06
-1.05464e-06
5.11097e-06
-4.05633e-06
6.18337e-06
-1.72107e-08
-6.17473e-06
-4.67417e-06
5.04327e-09
-6.19884e-06
6.19379e-06
-4.95424e-06
4.71156e-06
9.8411e-09
6.2006e-06
6.18739e-06
7.60971e-09
-6.19121e-06
1.60411e-09
-4.88583e-07
-1.75775e-06
-4.73343e-06
4.6652e-06
-4.92642e-06
8.55544e-07
4.07088e-06
-1.65616e-06
-1.82598e-06
-4.70092e-06
4.9109e-06
7.59578e-07
1.55421e-09
6.18537e-06
-6.18692e-06
4.66194e-06
-4.68644e-06
-6.20189e-06
6.23129e-06
-6.2139e-06
-1.55195e-06
-1.30702e-06
2.85896e-06
-4.41393e-06
-1.67367e-07
-6.23504e-06
9.94262e-09
-1.61677e-07
-4.67985e-06
4.67182e-06
8.03048e-09
5.12894e-06
-4.91157e-07
6.19488e-06
-6.18923e-06
-5.64246e-09
6.18669e-06
2.30398e-09
-6.19036e-06
6.13555e-09
6.19137e-06
-6.19342e-06
2.04935e-09
-5.40345e-09
2.92866e-09
-6.21683e-06
-4.57215e-06
-9.88191e-08
1.77068e-07
-5.12854e-06
-3.24562e-08
6.21471e-06
-6.27822e-06
-1.85074e-09
-6.17725e-06
-5.06616e-06
4.91314e-06
5.78397e-10
4.53818e-06
-4.68219e-06
4.67839e-06
3.79792e-09
-4.0344e-06
-8.36585e-07
4.73556e-06
4.44588e-06
-4.63571e-06
6.18942e-06
-6.18827e-06
-4.7925e-06
4.68687e-06
-4.16143e-06
-2.19188e-06
6.1874e-06
-3.98328e-09
-6.18932e-06
5.66835e-06
-4.72013e-06
6.26527e-07
4.0936e-06
9.73537e-07
-4.73691e-06
7.42179e-07
6.10765e-08
8.05699e-07
-4.91546e-06
4.10976e-06
9.38128e-07
-5.77882e-06
4.84069e-06
6.18776e-06
5.35571e-09
-5.96235e-09
-6.1891e-06
7.69372e-07
-4.85321e-06
4.08383e-06
-6.19012e-06
1.78515e-09
6.5795e-08
4.61732e-06
-5.26246e-06
-5.19987e-06
7.27218e-07
-4.27838e-06
4.67318e-06
-4.68864e-06
1.54577e-08
-1.98753e-08
-6.18616e-06
2.1645e-08
6.17534e-06
-3.61319e-06
-3.45055e-06
4.70117e-06
-4.70117e-06
-4.55048e-06
-4.43601e-06
-4.72513e-06
-6.15705e-06
-1.40817e-08
6.17114e-06
-4.30642e-06
-4.24433e-07
8.74256e-07
4.07626e-06
-4.95052e-06
9.25001e-07
3.87499e-06
-4.8e-06
8.48976e-07
-5.04092e-06
4.19195e-06
4.53152e-06
4.91369e-06
-4.03795e-06
4.89768e-06
5.14273e-06
-4.52869e-06
4.55623e-06
-4.7179e-06
6.19399e-06
-6.18916e-06
-4.82703e-09
-5.99473e-06
-4.68597e-06
6.18684e-06
7.41902e-09
-6.19023e-06
7.35386e-10
6.18677e-06
-2.73998e-07
6.18814e-06
-6.19448e-06
6.34246e-09
6.19871e-06
-6.17315e-06
1.02247e-07
-3.84039e-06
3.73814e-06
4.70194e-09
4.75755e-06
4.52119e-08
5.09752e-06
5.25664e-06
-4.47087e-06
-3.7496e-06
-9.70525e-07
3.13653e-07
4.26032e-06
-4.79423e-06
-6.19244e-06
6.1932e-06
-7.65582e-10
4.81225e-06
-4.91314e-06
1.0089e-07
-4.90443e-06
8.7003e-07
-6.70751e-06
9.33135e-07
5.77437e-06
6.19552e-06
2.96325e-06
4.12936e-06
6.19971e-06
-6.19971e-06
-2.15982e-06
7.77533e-09
4.65174e-06
-4.74085e-06
2.09734e-08
4.71987e-06
-6.18951e-06
-6.1981e-06
6.18681e-06
8.06489e-09
-6.18938e-06
1.51405e-10
6.18106e-06
-1.42105e-10
-6.1935e-06
-4.83652e-06
4.40175e-08
4.82164e-06
-4.05227e-06
-3.69742e-06
4.53812e-06
-6.2064e-06
5.02486e-06
-4.05132e-06
4.84207e-06
-4.03637e-06
4.97769e-06
-4.03957e-06
-6.55921e-09
6.19063e-06
-6.21539e-06
4.72905e-06
-4.66325e-06
-4.55269e-06
4.55327e-06
-6.17653e-06
-2.8762e-09
6.1794e-06
1.02076e-06
4.70512e-06
-1.26115e-08
-6.18628e-06
8.20802e-08
4.61979e-06
-2.97789e-06
2.28027e-06
6.97618e-07
-4.67985e-06
4.86744e-06
-3.99319e-06
4.90176e-06
-3.97676e-06
4.90732e-06
-4.05834e-06
4.69484e-06
5.68018e-08
-5.25668e-06
6.27336e-06
-6.01441e-06
-6.93101e-07
4.70587e-06
-4.70587e-06
4.15549e-06
-6.29824e-07
-2.88304e-06
2.26056e-06
4.08314e-06
8.18388e-07
6.18795e-06
6.04032e-09
6.24848e-06
-6.206e-06
-4.24801e-08
-6.18981e-06
6.49368e-10
-6.19402e-06
6.18603e-06
-6.19108e-06
5.04463e-09
-4.69338e-06
5.85671e-08
-4.68488e-06
8.53989e-08
-4.69381e-06
-1.25467e-07
-4.65484e-06
-1.83864e-07
-4.83349e-06
9.18306e-08
-4.76369e-06
1.23063e-07
-4.75359e-06
1.16837e-07
-8.52113e-09
6.18401e-06
-6.17549e-06
-6.19425e-06
9.85508e-09
-1.34238e-08
6.23393e-06
6.18655e-06
-6.19402e-06
7.46393e-09
-5.6374e-06
1.07771e-06
-2.72783e-09
3.95863e-06
1.61131e-07
-4.98494e-06
4.82381e-06
-5.39907e-06
3.43341e-07
6.19735e-06
-6.19224e-06
-4.18447e-06
4.44038e-06
4.44462e-09
-6.19688e-06
6.17938e-06
8.96256e-09
4.69157e-06
-4.69157e-06
-4.52637e-06
2.90658e-06
4.19466e-06
1.11822e-09
-6.18367e-06
-4.68219e-06
-2.7493e-08
-3.01235e-06
1.11858e-05
-8.17341e-06
-3.66014e-06
-4.55102e-06
8.21116e-06
-6.18304e-06
6.18301e-06
2.15075e-11
4.70692e-06
-4.70222e-06
4.5641e-06
-4.51889e-06
-4.68791e-06
4.68843e-06
-5.20884e-10
4.31185e-06
-4.2096e-06
1.59512e-06
-1.52624e-06
-6.88799e-08
-5.0674e-06
3.99324e-07
-8.66761e-07
4.62577e-06
-4.0967e-07
1.11417e-09
-5.40019e-06
6.18236e-06
1.75433e-09
-6.18685e-06
4.79047e-06
4.83597e-06
4.68688e-06
-3.33193e-06
2.91969e-06
-4.26501e-06
6.19187e-06
-6.18948e-06
-8.6682e-07
-4.03761e-06
-1.5331e-08
-6.36466e-06
7.2978e-06
3.93472e-06
8.5872e-07
-4.79344e-06
-8.02131e-06
6.19726e-06
4.68455e-06
-4.56077e-06
-6.17915e-06
-6.18412e-06
6.19221e-06
-8.08947e-09
4.90971e-06
4.36501e-06
-4.45428e-06
-4.02056e-06
4.72238e-06
-7.01816e-07
-2.83357e-08
6.15021e-06
6.18569e-06
-6.19062e-06
4.93645e-09
-1.23403e-08
-5.05913e-06
5.13283e-07
-4.65354e-06
-2.92231e-08
-3.01508e-09
-2.52147e-09
-2.31421e-09
-2.33037e-09
-2.97892e-09
-3.42701e-09
-2.47482e-09
-2.54887e-09
-2.99869e-09
4.91005e-09
6.21271e-06
3.57628e-08
-4.79075e-06
5.95328e-08
-4.68864e-06
4.63571e-06
-4.75853e-06
-6.19063e-06
6.18922e-06
-1.50561e-08
6.18843e-06
4.29793e-06
8.13044e-07
-1.10062e-07
4.85174e-06
-3.65075e-06
-4.78868e-06
5.66617e-08
9.75666e-07
-5.85701e-06
6.83669e-07
-4.08065e-06
3.39699e-06
7.18832e-07
-4.78479e-06
4.06596e-06
6.87214e-07
-4.63186e-06
3.94465e-06
1.1661e-06
-5.57652e-06
5.74217e-07
-4.38183e-06
3.80762e-06
1.7748e-06
-4.98054e-06
3.17019e-08
-4.76501e-06
8.53664e-07
-1.41554e-09
6.19903e-06
-4.58716e-06
8.78423e-07
-1.86662e-09
6.19845e-06
-6.19116e-06
-4.83758e-06
8.39596e-07
-6.19215e-06
1.98862e-09
6.19034e-06
-6.1887e-06
8.51574e-07
-4.85664e-06
-4.65425e-06
-4.64942e-06
-4.65066e-06
-4.63471e-06
-4.7427e-06
-4.73906e-06
-4.69721e-06
5.34335e-06
-3.77098e-06
6.1929e-06
-6.18943e-06
4.68404e-06
1.21366e-06
-5.05824e-06
4.56856e-06
-4.57129e-06
-6.17886e-06
-9.97246e-07
4.65611e-06
-9.83956e-07
5.16519e-06
-5.34376e-08
-6.10884e-08
-7.36685e-08
-8.05519e-08
1.51307e-07
-4.98879e-06
1.35663e-07
-4.99125e-06
1.94059e-07
-5.07426e-06
-6.17519e-06
-6.17436e-06
1.24185e-10
6.18318e-06
6.24741e-09
6.18194e-06
-4.07546e-06
-4.71599e-06
2.50209e-08
-4.77018e-06
7.54817e-08
-4.79143e-06
7.50868e-08
-4.78442e-06
8.28e-08
-4.8125e-06
6.14843e-08
-4.79612e-06
7.46681e-08
-4.81138e-06
4.96538e-08
4.73003e-06
1.25255e-07
-4.85529e-06
6.1833e-06
-6.18831e-06
1.05177e-08
6.17859e-06
-1.70087e-07
5.49245e-10
-4.78638e-06
-4.60617e-06
-6.18878e-06
4.65995e-09
6.18467e-06
7.54067e-09
1.32371e-08
4.69678e-06
-4.71001e-06
1.63066e-07
-1.63513e-07
4.5603e-06
5.69922e-06
1.42186e-10
-4.55139e-06
-1.29578e-08
-4.63009e-06
-6.6189e-08
4.69628e-06
5.25651e-06
-9.62634e-08
6.17931e-06
-6.19917e-06
1.98506e-08
9.35073e-07
-3.55672e-06
-9.4954e-07
-4.88738e-06
-4.9226e-06
8.67409e-07
-4.57457e-06
8.52512e-07
2.92653e-06
6.57154e-07
-5.29301e-06
-9.34292e-09
3.98635e-06
8.87074e-07
-4.87342e-06
-4.89701e-06
6.68013e-07
4.229e-06
3.92138e-06
8.52029e-07
4.04618e-06
8.61133e-07
4.0497e-06
8.52059e-07
3.74936e-06
8.73547e-07
4.01294e-06
8.54496e-07
4.00402e-06
8.35313e-07
3.97598e-06
8.45665e-07
8.55233e-07
-4.9075e-06
-6.19488e-06
-3.95835e-09
-6.19913e-06
-9.48047e-09
-4.68522e-06
7.3034e-07
3.95488e-06
-3.97791e-06
-3.80535e-06
7.78326e-06
6.19023e-06
-5.55454e-09
-6.22446e-09
-6.18487e-06
6.18996e-06
-6.22885e-06
7.97523e-08
6.14909e-06
-3.88579e-06
-5.65306e-07
6.19297e-06
-6.18684e-06
4.48319e-07
-6.81298e-06
3.87181e-06
8.27083e-07
4.64748e-06
4.39801e-06
6.99503e-07
4.83974e-06
-7.56601e-07
1.41697e-07
-4.43228e-06
4.29058e-06
-4.73856e-06
7.37925e-07
-4.83698e-06
4.09905e-06
-6.39939e-08
4.70883e-06
-8.73692e-08
4.67629e-06
1.27448e-07
4.67961e-06
1.15002e-07
4.6173e-06
1.02087e-07
4.75733e-06
-1.0748e-07
4.74987e-06
-1.02376e-07
4.71331e-06
1.57331e-08
4.57642e-06
-6.01079e-09
-4.68863e-06
3.50942e-08
5.51199e-08
6.20109e-06
-6.19816e-06
-4.68405e-06
4.12387e-08
2.86384e-08
3.96924e-06
-4.78485e-06
8.15605e-07
-4.10409e-06
4.53777e-06
-9.40775e-09
-5.48127e-06
7.40428e-07
4.37913e-06
6.39618e-07
6.18414e-06
-6.18922e-06
5.08347e-09
-6.18786e-06
6.18786e-06
4.85681e-06
-9.2209e-07
-4.73385e-06
7.95982e-08
-4.75178e-06
1.02351e-07
-4.7547e-06
1.04044e-07
-4.7001e-06
6.53905e-08
-4.81882e-06
7.61203e-08
-4.82454e-06
8.54806e-08
-4.76297e-06
6.57603e-08
-4.70168e-06
4.49213e-08
-1.08808e-08
-6.20595e-06
2.29199e-08
6.18292e-06
7.30871e-09
-6.21942e-06
4.60505e-06
-4.5142e-06
3.488e-06
-8.61599e-07
4.64462e-06
3.98074e-08
-4.24152e-06
4.0651e-06
-4.6023e-06
6.19283e-06
4.30973e-06
-3.511e-07
3.12879e-06
-4.1971e-06
-4.49014e-06
7.13086e-06
-6.68254e-06
4.04692e-06
-4.87272e-06
8.25798e-07
-4.84627e-06
8.53088e-07
6.16536e-06
-6.19369e-06
-4.82989e-06
8.53133e-07
-4.92392e-06
8.65579e-07
4.02807e-06
8.11668e-07
4.1328e-06
8.44899e-07
3.9968e-06
8.45273e-07
4.16434e-06
8.60515e-07
4.0296e-06
9.04302e-07
-6.86119e-06
6.19427e-06
-6.18687e-06
-6.05325e-07
4.70198e-06
6.1879e-06
-6.18922e-06
-2.01483e-06
4.64789e-09
-1.14258e-06
6.91695e-06
6.17995e-06
-6.18712e-06
7.16875e-09
-3.37792e-06
1.95096e-06
-4.3903e-06
-3.06476e-06
-1.1064e-07
6.2754e-06
8.73034e-07
-4.91064e-06
1.68638e-06
2.48693e-06
4.83901e-06
-4.60088e-06
-6.18059e-06
6.17207e-06
6.18782e-06
-6.18877e-06
-2.69259e-08
-6.20036e-06
6.19496e-06
-4.76617e-06
6.18374e-06
-3.79228e-09
-7.5687e-07
-2.42871e-06
-3.42831e-06
4.52318e-06
-4.75004e-06
-4.20102e-09
-4.40671e-06
6.18811e-06
-6.17237e-06
-4.67934e-06
3.68507e-06
3.35756e-06
-4.55623e-06
4.39271e-06
4.69059e-06
-4.69045e-06
4.40032e-06
-4.39271e-06
-7.6064e-09
-4.56565e-06
4.55269e-06
4.48708e-06
-4.55327e-06
4.70167e-06
-4.68843e-06
-4.35582e-06
4.51889e-06
-4.70167e-06
4.70222e-06
-4.5431e-06
4.2096e-06
3.33491e-07
-4.63145e-06
-6.25229e-07
6.18258e-06
-6.18747e-06
4.88564e-09
4.0432e-06
8.70495e-07
1.19216e-08
-5.74795e-07
2.57869e-06
6.19387e-06
-6.18669e-06
-7.18643e-09
8.76342e-09
-6.20789e-06
-7.29757e-10
6.19743e-06
-6.1967e-06
6.18318e-06
-4.58128e-06
-5.37189e-06
5.373e-06
-6.19632e-06
1.39481e-08
-4.93393e-06
1.1152e-06
4.77942e-06
-4.85527e-06
6.18743e-06
6.29123e-06
-6.15579e-06
-1.35437e-07
6.18642e-06
-6.18527e-06
-5.10067e-06
-3.80601e-07
-6.2058e-06
-4.48937e-06
-4.52021e-06
3.00762e-08
-7.13477e-07
4.59048e-06
6.66031e-07
6.17412e-06
-8.33093e-07
6.18693e-06
-1.56325e-09
-5.96286e-06
-7.92965e-09
6.22103e-06
4.56856e-06
4.6949e-06
4.52318e-06
4.70094e-06
4.5641e-06
4.63717e-06
-4.57129e-06
-4.35582e-06
4.71809e-06
4.70692e-06
4.83901e-06
-4.5431e-06
4.69253e-06
4.44588e-06
-4.7179e-06
4.31185e-06
4.32966e-06
4.40032e-06
-4.68644e-06
4.48708e-06
4.69059e-06
3.84371e-06
-3.84371e-06
4.70236e-06
-6.20195e-06
-4.87668e-06
4.89765e-06
-4.03962e-06
4.91266e-06
6.18005e-06
-6.18737e-06
7.329e-09
-1.95941e-07
-6.08059e-09
-4.77785e-06
1.1674e-08
-4.79704e-07
4.68099e-06
5.74114e-09
-6.14192e-06
6.13618e-06
5.74947e-09
1.36185e-08
-6.11984e-06
2.68397e-09
6.11716e-06
2.7659e-07
-6.37866e-06
6.10207e-06
6.17575e-06
8.24432e-09
-6.184e-06
6.17521e-06
8.52779e-09
-4.42919e-06
4.04378e-06
8.13031e-07
-6.15062e-06
-3.54789e-08
6.1861e-06
6.22304e-06
1.30426e-08
6.1394e-06
1.51834e-07
6.18429e-06
-6.1818e-06
-6.1879e-06
6.17874e-06
6.17708e-09
2.94769e-07
-5.66666e-06
-6.99735e-09
4.88567e-06
-3.99859e-06
4.74988e-06
-4.68406e-06
-6.58219e-08
5.63024e-06
-3.78862e-06
-1.84162e-06
5.33864e-06
-4.67063e-06
4.90061e-06
-4.04858e-06
4.89998e-06
-4.04631e-06
4.90534e-06
-4.04421e-06
4.90412e-06
-4.05206e-06
4.81421e-06
-3.94066e-06
4.81972e-06
-3.9413e-06
-4.99873e-07
-6.31311e-06
4.88269e-06
-4.0282e-06
4.87981e-06
-4.04449e-06
4.88737e-06
-4.04778e-06
4.89224e-06
-4.04658e-06
4.89705e-06
-4.04182e-06
-2.73852e-09
3.94299e-09
-6.14521e-06
6.14127e-06
-1.43762e-08
6.45632e-06
-1.21091e-07
-6.33523e-06
4.8417e-06
-3.93739e-06
4.90728e-06
-4.0417e-06
6.20188e-06
5.63055e-06
-3.93777e-06
-1.69278e-06
4.90572e-06
-4.05259e-06
4.88193e-06
-4.02885e-06
4.76499e-06
-4.03465e-06
4.90492e-06
-4.04937e-06
4.78829e-06
4.86693e-06
-4.05526e-06
6.18419e-06
-8.43201e-09
-5.01006e-06
4.28175e-06
7.28313e-07
-5.64628e-06
4.05216e-06
6.11712e-09
6.17971e-06
-6.18467e-06
4.95937e-09
7.13086e-06
-8.48145e-08
6.29753e-06
4.88235e-06
-4.05527e-06
-6.11346e-06
6.1461e-06
-1.1578e-08
-3.21666e-08
-6.19875e-06
5.89946e-10
-4.936e-09
-6.26274e-06
6.53933e-06
-4.45941e-06
-4.60088e-06
-4.65764e-06
4.59746e-06
4.66344e-06
-5.75684e-06
6.5617e-07
4.90321e-06
-4.05069e-06
1.50535e-08
-8.36626e-07
-6.16932e-06
-3.94825e-09
6.17327e-06
3.54219e-07
-4.75004e-06
-4.70018e-06
4.72323e-06
-2.30488e-08
5.46844e-06
-4.64281e-06
-1.09697e-07
-6.51428e-06
4.96887e-06
-5.62051e-07
4.78545e-06
6.18323e-06
-6.1794e-06
6.18666e-06
6.183e-06
-6.18142e-06
-4.65323e-06
4.64427e-06
8.96781e-09
-4.41163e-06
-2.4376e-08
5.01591e-06
-4.20031e-06
4.79694e-06
1.0341e-08
-4.04014e-06
5.02543e-06
-4.17386e-06
-4.35193e-06
4.91571e-06
-4.0552e-06
4.9089e-06
-4.06363e-06
4.88052e-06
-4.03562e-06
4.91368e-06
-4.12581e-06
-4.70099e-06
4.77124e-06
-7.02504e-08
4.21952e-08
-9.8674e-10
4.51611e-06
-8.73485e-08
4.95601e-06
-4.13021e-06
4.87862e-06
-4.06024e-06
-6.17751e-06
6.18576e-06
-6.21471e-06
6.222e-06
1.02916e-08
8.25696e-06
-7.30536e-06
4.57697e-06
-4.3999e-06
5.09966e-06
-5.16365e-06
4.59936e-06
-4.54079e-06
4.67357e-06
-4.59397e-06
5.05082e-06
-5.13818e-06
4.42532e-06
-4.33992e-06
4.64346e-06
-4.54111e-06
4.89649e-06
-4.76904e-06
5.5968e-06
-5.72227e-06
4.66166e-06
-4.55761e-06
4.9063e-06
-4.7913e-06
5.55769e-06
-5.74156e-06
4.42894e-06
-4.36355e-06
4.50761e-06
-4.40552e-06
4.77074e-06
-4.67891e-06
5.01097e-06
-4.93485e-06
5.39017e-06
-5.49765e-06
4.60856e-06
-4.4855e-06
4.99518e-06
-4.9097e-06
5.36489e-06
-5.46727e-06
4.59416e-06
-4.47732e-06
4.92559e-06
-4.85983e-06
4.99723e-06
-4.98149e-06
4.83688e-06
-4.78176e-06
4.88971e-06
-4.84478e-06
4.94336e-06
-4.94937e-06
4.77942e-06
-4.76546e-06
4.69066e-06
-4.65535e-06
4.68388e-06
-4.64879e-06
-8.78392e-09
4.68107e-06
-4.64126e-06
-6.18022e-06
-5.20209e-10
4.6794e-06
-4.63816e-06
6.18471e-06
-6.17841e-06
4.67807e-06
-4.62992e-06
4.66829e-06
-4.63965e-06
6.45632e-06
7.48876e-09
4.66955e-06
-4.64459e-06
-6.17474e-06
-2.4425e-08
-6.18081e-06
6.18081e-06
-6.21101e-06
3.62681e-08
-4.69294e-06
4.67814e-06
-4.63627e-06
6.18413e-06
-5.46207e-06
-2.3926e-07
6.58766e-09
6.17973e-06
-6.17863e-06
-6.38383e-06
6.2697e-06
-6.23393e-06
-6.12574e-06
-8.5266e-08
4.9924e-06
4.67232e-06
-4.6494e-06
1.71995e-08
-3.46957e-08
-2.95833e-08
4.93248e-06
-4.11944e-06
2.94481e-08
-6.17736e-06
6.18453e-06
5.03373e-06
-4.18663e-06
4.65366e-06
-4.66315e-06
6.19765e-06
-6.20024e-06
-6.25525e-06
-1.76606e-06
-6.17874e-06
6.17844e-06
-6.68254e-06
6.20388e-06
4.46389e-06
7.92757e-07
-6.30992e-06
6.36225e-06
1.83879e-06
3.02745e-06
7.30536e-06
-6.72839e-06
6.2697e-06
5.41376e-09
3.7306e-09
-6.20397e-06
1.47861e-08
6.18924e-06
6.17457e-06
9.44061e-09
-6.36225e-06
6.52716e-06
-4.30894e-09
6.17582e-06
8.36462e-09
4.68083e-06
-4.65345e-06
-4.12214e-07
-6.30992e-06
2.87637e-09
-6.13288e-06
6.13e-06
6.28692e-06
-6.22015e-06
-6.24061e-06
-6.28692e-06
4.9217e-06
-4.04859e-06
6.20733e-06
-2.30209e-08
-1.02792e-08
6.2176e-06
-6.21189e-06
8.11628e-07
-6.196e-06
6.19502e-06
6.52716e-06
6.72839e-06
6.196e-06
-6.20512e-06
-6.232e-06
-2.01779e-08
3.48933e-08
-6.18552e-06
-6.21814e-06
6.19642e-06
6.19502e-06
-6.19636e-06
-6.22671e-06
6.22015e-06
-6.17765e-06
6.18519e-06
6.17793e-06
6.22671e-06
6.20551e-06
-6.20512e-06
-6.2253e-06
-3.62186e-08
6.24657e-06
-6.18185e-06
6.18519e-06
5.54922e-09
-6.19074e-06
7.67059e-09
6.19784e-06
6.21337e-06
-1.2771e-08
-6.24657e-06
6.2253e-06
6.18373e-06
1.46146e-09
6.20182e-06
6.18948e-06
-6.18185e-06
-6.21807e-06
1.00844e-08
-6.18557e-06
7.70209e-09
-6.18521e-06
-6.24179e-06
6.19289e-06
-7.95582e-09
6.14695e-06
-6.139e-06
6.18827e-06
1.20965e-09
6.18175e-06
7.56269e-09
-6.18492e-06
6.18507e-06
-3.32307e-09
7.05557e-09
-4.27922e-09
6.18699e-06
-6.18271e-06
6.18512e-06
-4.96791e-11
-6.18379e-06
6.1757e-06
6.1781e-06
-6.18142e-06
8.58198e-09
-5.69725e-10
6.13783e-06
-6.13726e-06
6.18783e-06
-6.19409e-06
-2.61169e-09
6.18773e-06
-6.18522e-06
6.18246e-06
-9.06773e-09
6.18212e-06
-6.17305e-06
-6.19148e-06
-6.17679e-06
6.18124e-06
-4.4486e-09
6.18865e-06
9.74769e-09
5.39331e-09
6.19165e-06
-2.9967e-09
6.18075e-06
-6.1985e-06
6.1988e-06
-6.17631e-06
6.18122e-06
6.17947e-06
-6.18494e-06
8.14026e-09
6.17846e-06
-6.17805e-06
6.17846e-06
-6.17466e-06
6.18949e-06
8.19098e-09
6.17296e-06
-6.17779e-06
-4.6325e-09
6.18538e-06
-6.18486e-06
6.18871e-06
-3.35226e-09
6.17448e-06
-6.17748e-06
6.18237e-06
-6.17804e-06
6.17804e-06
-6.1782e-06
3.93406e-09
6.17398e-06
-6.17962e-06
7.57961e-09
-2.45184e-09
6.18607e-06
-3.69681e-09
6.17631e-06
-6.17886e-06
7.98978e-09
6.17563e-06
-6.18039e-06
6.18065e-06
-3.30893e-09
6.17712e-06
-6.17959e-06
6.18501e-06
-3.49756e-09
1.35657e-08
6.17611e-06
-6.18089e-06
6.18443e-06
-3.78019e-09
6.17774e-06
-6.18117e-06
6.1887e-06
-3.31549e-09
-3.22615e-09
6.18191e-06
6.17762e-06
-6.18238e-06
-6.18492e-06
6.18173e-06
6.17954e-06
-6.18252e-06
-3.27063e-09
-3.48267e-09
5.36917e-09
6.17873e-06
-6.1841e-06
1.69745e-08
6.1811e-06
-6.18649e-06
6.1855e-06
-3.58695e-09
6.18031e-06
-6.18342e-06
6.18109e-06
1.31361e-08
-6.18477e-06
6.1796e-06
-3.14808e-09
-3.55002e-09
-6.18408e-06
6.18177e-06
-6.1722e-06
6.1722e-06
-6.17399e-06
-4.47361e-11
6.18519e-06
-6.18515e-06
-3.76998e-09
1.74786e-08
-2.84504e-09
-1.41697e-09
6.17814e-06
-1.16507e-11
-2.99737e-09
-3.82147e-09
-5.40628e-09
-1.57072e-08
6.18438e-06
-6.16868e-06
-6.21619e-06
-6.1651e-06
6.1651e-06
-6.16797e-06
-6.18198e-06
6.1804e-06
1.57761e-09
1.90122e-08
-8.35798e-10
-6.18947e-06
7.4905e-09
6.15798e-06
-6.16193e-06
6.15798e-06
1.17238e-08
-6.18684e-06
3.50063e-09
9.74246e-09
6.1716e-06
-6.16755e-06
-4.05025e-09
6.1716e-06
-6.17079e-06
6.17332e-06
-2.52813e-09
6.17079e-06
8.08411e-10
-6.16755e-06
-6.16899e-06
1.44786e-09
6.18975e-06
-6.17891e-06
6.18975e-06
-8.17341e-06
6.19578e-06
-6.17927e-06
-6.17877e-06
6.17877e-06
6.24062e-06
-6.18059e-06
6.19578e-06
6.24062e-06
-6.17783e-06
6.17783e-06
6.17823e-06
-6.17823e-06
6.18059e-06
-6.27629e-06
-6.18048e-06
6.17867e-06
-6.17867e-06
-6.17795e-06
6.17795e-06
-6.16193e-06
6.12316e-06
-6.12316e-06
6.17332e-06
6.17106e-06
-6.17106e-06
6.17844e-06
6.17909e-06
-6.17909e-06
-6.23095e-06
-6.17815e-06
6.17815e-06
-6.21807e-06
-6.1782e-06
-6.16797e-06
-6.17399e-06
6.16449e-06
-6.16449e-06
6.188e-06
-6.188e-06
-6.17818e-06
6.17818e-06
-6.17792e-06
6.17792e-06
-6.33523e-06
-6.21539e-06
-6.17809e-06
6.17809e-06
-6.16899e-06
-6.17927e-06
6.17891e-06
-6.18922e-06
-6.17805e-06
6.17783e-06
-6.17783e-06
-6.17733e-06
6.17733e-06
6.19548e-06
-6.1854e-06
-6.19548e-06
6.1854e-06
-6.18922e-06
-6.54678e-09
1.07075e-08
-6.18386e-06
-6.17943e-06
6.18758e-06
-5.6389e-09
6.19908e-06
-6.21953e-09
-6.19286e-06
-6.17913e-06
6.18887e-06
6.19253e-06
6.20324e-06
-6.1872e-06
7.76949e-09
6.19786e-06
8.45265e-09
-6.17151e-06
6.18028e-06
6.20308e-06
1.73622e-08
6.19744e-06
4.90747e-09
-4.74523e-09
-6.16311e-06
6.16661e-06
6.20235e-06
6.19731e-06
-6.16137e-06
6.16886e-06
1.71621e-08
6.20153e-06
6.19678e-06
-5.24094e-09
6.14431e-06
-6.13907e-06
6.19539e-06
1.39188e-09
9.50792e-09
-6.20175e-06
6.19048e-06
-6.16769e-06
6.17942e-06
-8.48066e-10
1.1697e-09
6.19999e-06
-6.16145e-06
6.18046e-06
6.19914e-06
-6.17565e-06
6.18074e-06
1.79683e-08
7.87302e-09
6.20276e-06
-4.81662e-09
6.15388e-06
-6.14906e-06
6.20828e-06
6.21615e-06
-6.18128e-06
6.17828e-06
6.1929e-06
-1.79081e-08
6.1972e-06
-6.18067e-06
6.17983e-06
6.1998e-06
6.51261e-11
2.43954e-09
-6.16353e-06
6.181e-06
6.18189e-06
-6.17581e-06
6.18164e-06
1.63094e-08
6.18433e-06
-5.19661e-09
6.16229e-06
-6.15709e-06
-6.18208e-06
6.17667e-06
6.19197e-06
-7.64335e-09
-1.60807e-08
6.19521e-06
6.06063e-09
6.19714e-06
6.19076e-06
-6.1804e-06
6.18039e-06
6.19682e-06
1.23618e-09
6.18074e-06
-6.16501e-06
6.18198e-06
-6.1821e-06
6.17926e-06
6.18279e-06
-6.17468e-06
6.18423e-06
1.53817e-08
6.10031e-09
-7.29893e-09
6.17272e-06
-6.16542e-06
6.18892e-06
-6.13415e-09
6.19502e-06
-1.16826e-08
6.18938e-06
-6.18288e-06
6.17973e-06
-5.95884e-09
-6.17539e-06
6.18853e-06
6.19573e-06
8.83886e-09
5.4999e-09
6.18404e-06
-6.18243e-06
6.19171e-06
7.87218e-09
7.242e-09
-6.18198e-06
6.18954e-06
-6.10453e-09
6.18134e-06
-6.17524e-06
6.17862e-06
-6.18373e-06
6.18046e-06
-6.17933e-06
-6.18716e-06
6.17378e-06
6.18366e-06
2.54857e-09
4.54538e-09
6.17525e-06
8.41011e-09
-6.16663e-06
6.18019e-06
-6.17216e-06
6.18016e-06
6.1778e-06
-7.15251e-09
6.18418e-06
-6.17703e-06
6.18504e-06
-6.17338e-06
6.18137e-06
-6.18429e-06
6.18098e-06
8.03299e-09
4.62062e-09
6.18998e-06
6.18521e-06
6.77374e-09
6.18983e-06
-6.17372e-06
6.18143e-06
6.18387e-06
-6.09891e-09
6.188e-06
-6.18123e-06
6.18895e-06
-6.18466e-06
6.18135e-06
7.65137e-09
-6.17557e-06
6.18315e-06
4.8878e-09
6.18378e-06
-6.17723e-06
6.18473e-06
-5.78744e-09
5.86657e-09
6.18616e-06
-6.18029e-06
6.18867e-06
6.18257e-06
5.91483e-09
-6.17561e-06
6.17954e-06
-6.18399e-06
4.60349e-09
6.18746e-06
-6.18644e-06
-6.17323e-06
6.18137e-06
6.18232e-06
9.12644e-09
6.18692e-06
6.18113e-06
-6.19483e-06
6.19802e-06
-3.19521e-09
1.63855e-09
6.17809e-06
6.31039e-09
6.18391e-06
-6.1776e-06
6.18609e-06
-6.15399e-06
6.17166e-06
-1.76752e-08
6.18206e-06
-6.17309e-06
6.18128e-06
-2.50946e-09
8.28366e-09
6.17574e-06
-6.1835e-06
7.7544e-09
6.1837e-06
-6.17415e-06
6.1839e-06
-6.17981e-06
6.16899e-06
1.08202e-08
6.18119e-06
-6.17819e-06
6.18566e-06
-6.21742e-06
6.21685e-06
7.12532e-09
-8.47729e-09
-6.14551e-06
6.18504e-06
-3.84557e-09
-5.70866e-09
-6.17571e-06
5.92327e-09
6.17547e-06
-6.18139e-06
6.183e-06
-1.90844e-08
6.18309e-06
-8.51857e-09
6.19099e-06
-7.9864e-09
1.424e-09
-6.18123e-06
6.17928e-06
-9.10984e-09
6.19087e-06
-6.17486e-06
-8.93062e-09
-6.17847e-06
6.18386e-06
-6.19709e-06
6.17459e-06
2.25024e-08
6.1852e-06
-6.18763e-06
6.17277e-06
1.48621e-08
-8.59367e-09
6.17758e-06
-6.181e-06
6.17469e-06
6.31158e-09
-6.17856e-06
6.18714e-06
6.17609e-06
-5.3537e-09
6.18105e-06
-1.08497e-08
6.18426e-06
-5.30581e-09
6.17752e-06
-6.17957e-06
6.1869e-06
-5.7631e-09
6.178e-06
-4.82396e-10
6.16941e-06
6.16756e-06
6.15592e-06
1.16371e-08
-6.18193e-06
6.18899e-06
6.14507e-06
-6.18144e-06
6.18902e-06
-7.57626e-09
-6.18081e-06
6.18232e-06
-1.51352e-09
-4.96774e-09
-6.20041e-06
6.19005e-06
1.03516e-08
6.16349e-06
-1.84181e-08
2.51275e-08
6.10477e-06
-6.1299e-06
-6.18372e-06
6.19128e-06
-6.17744e-06
6.16837e-06
9.06948e-09
-6.18747e-06
8.14006e-09
6.18321e-06
-6.20385e-06
2.06412e-08
6.15456e-06
-9.03033e-09
-6.17172e-06
6.18075e-06
6.24372e-06
5.29695e-09
-3.14835e-09
-6.17361e-06
6.17676e-06
6.17968e-06
-6.17799e-06
6.17405e-06
3.93484e-09
6.17433e-06
-6.19237e-06
6.18441e-06
-6.18374e-06
6.19158e-06
-7.84377e-09
6.17758e-06
-3.24523e-09
-6.96476e-09
-6.16824e-06
6.17521e-06
6.17526e-06
2.31799e-09
-6.18619e-06
6.1939e-06
-6.18591e-06
6.19446e-06
-8.54714e-09
-6.17867e-06
6.1697e-06
8.97068e-09
6.16829e-06
6.12696e-06
-2.21871e-08
-5.38431e-09
-1.94392e-08
6.16514e-06
6.17751e-06
-6.34589e-09
-6.18808e-06
6.19816e-06
6.12371e-06
6.15448e-06
1.06629e-08
-4.45287e-08
-6.16442e-06
-4.57527e-09
-6.16442e-06
-6.13941e-06
6.13941e-06
-1.62474e-08
6.14695e-06
7.53163e-09
6.37918e-09
2.36222e-08
6.11185e-06
-6.13548e-06
-6.17786e-06
6.17002e-06
7.83636e-09
-6.18722e-06
6.19666e-06
-6.17246e-06
-5.52469e-09
-4.21606e-09
6.17712e-06
-6.1729e-06
4.6445e-06
-6.17794e-06
6.16926e-06
8.67401e-09
-6.17887e-06
6.17045e-06
8.42606e-09
6.16438e-06
-1.74297e-08
6.15535e-06
-6.2002e-06
6.17897e-06
-6.17387e-06
6.17649e-06
-2.6166e-09
1.50798e-09
-5.74992e-09
6.1798e-06
6.17362e-06
5.35399e-09
-6.16525e-06
6.16525e-06
5.42653e-09
-6.17992e-06
6.1745e-06
-6.17931e-06
6.17975e-06
-6.13677e-09
2.27887e-08
6.2525e-06
-6.19932e-06
6.20882e-06
-9.50146e-09
6.17554e-06
-6.17661e-06
6.1695e-06
7.11096e-09
-6.18715e-06
7.84278e-09
6.18096e-06
6.20081e-06
4.65776e-09
6.17901e-06
-6.17296e-06
-6.05662e-09
6.18564e-06
-6.1922e-06
6.55507e-09
-2.58433e-08
8.35232e-10
6.17544e-06
-2.28327e-08
6.14771e-06
-3.58586e-08
-6.19973e-06
6.21368e-06
-1.39496e-08
-6.17031e-06
6.16555e-06
4.76215e-09
6.14158e-06
6.18059e-06
-5.15159e-09
5.55271e-09
-6.18026e-06
6.1747e-06
-3.83481e-08
6.17255e-06
6.462e-09
-6.17552e-06
6.1702e-06
5.31677e-09
6.17484e-06
6.17761e-06
-6.17268e-06
6.17685e-06
-4.16775e-09
6.18029e-06
-5.78906e-09
-6.16954e-06
6.17671e-06
-7.16893e-09
-4.10047e-08
6.28334e-06
-6.16553e-06
-7.50742e-08
6.18039e-06
6.17431e-06
5.40866e-09
-6.17972e-06
6.17513e-06
-6.17132e-06
6.15489e-06
1.64265e-08
6.84619e-09
1.7103e-06
4.57449e-06
-6.28478e-06
-6.16275e-06
-8.56367e-09
-5.12238e-09
6.17434e-06
-5.21336e-06
-6.30129e-09
6.17885e-06
6.17918e-06
-4.86842e-09
-6.17468e-06
6.17489e-06
-2.08285e-10
-4.04501e-06
6.17975e-06
5.43809e-09
6.17374e-06
-6.20166e-06
6.21477e-06
-1.31064e-08
-1.06663e-10
-2.48136e-08
-5.66157e-06
-7.59698e-07
6.17345e-06
-6.20495e-06
6.22888e-06
-2.39266e-08
-6.20435e-06
6.21265e-06
-8.29651e-09
-6.19805e-06
6.17888e-06
6.18705e-06
6.18705e-06
6.20466e-06
-6.20466e-06
-6.1925e-06
-5.01333e-09
6.20458e-06
-6.17738e-06
7.83906e-09
6.1749e-06
-6.15677e-06
-1.81287e-08
1.13574e-08
-6.19972e-06
5.13291e-09
-6.1757e-06
6.17057e-06
6.17193e-06
6.95125e-09
-9.13285e-09
-6.17382e-06
6.18162e-06
-7.79786e-09
-6.16885e-06
6.18729e-06
-1.84438e-08
6.17043e-06
8.42249e-09
-2.26217e-07
6.17742e-06
-5.48965e-09
2.45232e-08
6.18469e-06
-6.18469e-06
6.18114e-06
-6.17737e-06
1.39578e-08
-6.19357e-06
6.21735e-06
-2.37766e-08
-4.90586e-06
-6.16868e-06
6.20801e-06
-3.93315e-08
6.16781e-06
4.26527e-09
-6.17208e-06
6.17025e-06
-6.19835e-06
1.64821e-09
6.16621e-06
1.60119e-09
6.17763e-06
-3.89081e-09
-1.15734e-08
6.16646e-06
6.17539e-06
-6.17214e-06
-3.55757e-09
6.17917e-06
-6.17917e-06
-6.20403e-06
6.23893e-06
6.21289e-06
2.2873e-08
-6.22203e-06
6.16682e-06
4.67335e-06
-4.6687e-06
6.18721e-06
-6.18373e-06
6.22131e-06
6.22463e-06
-6.11333e-09
-6.21852e-06
4.6949e-06
-1.33112e-08
6.18114e-06
-6.18687e-06
5.72895e-09
2.09e-09
6.16412e-06
4.70193e-06
-1.86674e-06
-2.20872e-06
-6.55324e-08
1.8611e-08
6.17109e-06
-6.21103e-06
6.18585e-06
-6.20671e-06
6.2668e-06
-6.00942e-08
6.18047e-06
7.81052e-07
-6.44262e-06
-1.51305e-09
6.15951e-06
-1.2304e-08
6.13423e-06
-6.12193e-06
-6.17321e-06
-1.64427e-07
-2.8274e-06
2.99183e-06
3.8787e-06
-4.50852e-06
6.1616e-06
6.15157e-06
1.00349e-08
4.72429e-06
6.1755e-06
-6.17781e-06
6.12009e-06
-6.11615e-06
3.39216e-10
-7.065e-09
-6.1432e-06
6.15026e-06
6.14976e-06
1.80696e-09
8.47714e-07
7.51287e-07
9.46184e-07
1.55002e-06
8.55597e-07
8.51396e-07
8.59031e-07
8.52804e-07
1.71067e-07
7.7784e-07
8.79059e-07
9.41392e-07
-6.20483e-06
8.63066e-07
8.4024e-07
8.42878e-07
8.44468e-07
8.53658e-07
8.50471e-07
-6.17817e-06
-2.15478e-08
8.53736e-07
8.631e-07
6.14156e-06
8.19915e-09
1e-06
-6.14512e-06
6.22133e-06
-7.62119e-08
8.27224e-07
9.44828e-09
-6.20116e-06
8.32273e-07
-6.17409e-06
8.8497e-10
6.1567e-06
7.42117e-09
-6.10481e-06
6.13441e-06
6.1345e-06
6.1761e-06
-6.1761e-06
-6.3341e-06
5.64099e-06
1.08804e-06
-6.15094e-06
6.28006e-06
-1.29122e-07
8.74013e-07
8.56313e-07
8.51674e-07
8.64311e-07
8.22669e-07
-6.17881e-06
6.15851e-06
4.86754e-06
-4.0545e-06
-7.03956e-08
6.12219e-06
-6.19865e-06
-9.23958e-09
-1.46899e-06
1.53087e-08
6.18647e-06
-6.00433e-09
6.05909e-06
-1.74071e-08
-6.04168e-06
8.4794e-07
-6.15122e-06
8.23367e-07
-6.19718e-06
-8.62169e-09
-4.76576e-09
-6.18883e-06
5.09443e-09
-5.95915e-06
-2.05368e-08
5.97969e-06
6.17669e-06
-6.1468e-06
-3.4592e-08
-6.17784e-06
-3.39974e-08
-6.07835e-06
6.11235e-06
-6.16833e-06
1.71108e-08
6.1053e-06
1.68923e-08
-6.20215e-06
-6.20048e-06
3.60151e-09
-5.65338e-06
1.38837e-06
6.0904e-06
1.48983e-08
6.21534e-06
-6.22044e-06
6.05641e-06
6.08986e-06
4.43723e-08
-1.05166e-06
9.65219e-07
-6.04606e-06
6.38155e-06
-3.35488e-07
6.17697e-06
9.99387e-08
6.11232e-06
6.17834e-06
-6.17452e-06
-6.17938e-06
-5.64204e-06
2.41854e-07
6.039e-06
6.3188e-06
-2.06476e-07
-6.17908e-06
-6.1805e-06
6.17297e-06
-6.18549e-06
6.11736e-06
3.29011e-08
-6.10476e-06
6.30761e-08
-1.0363e-07
-5.90162e-06
6.00525e-06
4.43679e-06
-6.15348e-06
6.15348e-06
-6.21303e-06
4.71197e-06
4.64088e-06
-4.67734e-06
8.35801e-07
-4.83867e-06
4.83687e-06
-4.83687e-06
-4.72531e-07
-5.64906e-06
6.12159e-06
-2.72735e-07
6.13425e-06
6.99758e-07
-5.64296e-07
1.3278e-07
4.56842e-07
-7.12869e-07
3.03545e-07
3.55375e-07
-1.06061e-06
3.4869e-07
-1.31261e-06
1.44053e-07
3.32059e-07
-8.89088e-07
5.09687e-07
-8.73106e-07
4.48268e-07
-2.36758e-08
-5.64298e-06
1.07944e-07
-7.48012e-08
5.97796e-06
6.10342e-08
2.85336e-08
6.18439e-06
-7.42101e-09
3.22766e-08
3.81395e-08
3.99058e-08
-6.18549e-06
-6.58065e-13
5.59064e-08
3.83676e-08
6.17721e-06
-6.17256e-06
6.17256e-06
-1.04255e-06
2.99049e-08
-6.15479e-06
-4.66292e-06
-5.66572e-06
-6.19776e-06
3.35573e-08
6.15159e-06
-6.14871e-06
4.27122e-06
-4.27122e-06
-1.67417e-08
-6.19255e-06
6.19876e-06
-6.20246e-09
5.95743e-06
6.17044e-06
6.01032e-06
1.02025e-07
5.83334e-06
1.46346e-07
-5.93461e-06
3.60484e-08
-5.83079e-06
1.65073e-07
6.17232e-06
5.92287e-06
-6.17767e-06
4.46926e-06
-1.214e-06
5.8538e-06
2.30063e-08
-5.46909e-06
7.87677e-07
6.18013e-06
-6.17871e-06
4.25662e-09
6.18033e-06
-9.88759e-09
5.19756e-07
-6.16882e-06
-7.31059e-07
6.07135e-06
5.22801e-06
-6.37059e-06
1.69734e-07
-5.15089e-06
-6.21889e-06
1.80536e-07
6.17568e-06
-6.2192e-06
6.20738e-06
3.26396e-07
-6.53377e-06
-5.85635e-06
2.13367e-07
5.47947e-06
-5.89461e-06
4.15135e-07
6.128e-06
-6.128e-06
-5.05339e-06
1.76849e-08
-6.17195e-06
-5.72124e-06
-5.12575e-06
6.17616e-06
6.17686e-06
-6.17686e-06
1.98347e-08
5.72133e-06
5.72953e-06
2.75718e-07
5.95579e-07
3.36289e-07
-1.36432e-06
6.13869e-06
2.15489e-08
-6.16024e-06
4.66555e-06
-4.66963e-06
6.14689e-06
4.79222e-06
6.2107e-06
-6.20338e-06
4.47609e-06
-4.47609e-06
-6.19247e-06
6.18298e-06
-6.17929e-06
1.99027e-08
-6.03696e-06
3.1572e-07
-5.36189e-06
6.01806e-06
-4.51813e-06
4.51813e-06
-3.67835e-06
3.67835e-06
4.73425e-06
-4.66123e-06
-3.90249e-06
3.90249e-06
5.02627e-06
-5.02627e-06
-4.24055e-06
-4.56985e-06
4.56985e-06
4.90216e-06
-4.46462e-06
4.46462e-06
-4.37106e-06
4.37106e-06
-4.32071e-06
4.32071e-06
5.13841e-06
-5.13841e-06
4.06844e-06
4.80662e-06
-4.80662e-06
4.81017e-06
4.99026e-06
-4.99026e-06
4.88138e-06
4.80395e-06
-4.41945e-06
4.41945e-06
-5.13888e-06
-4.60273e-06
-4.38e-06
5.01959e-06
-5.01959e-06
4.48574e-06
-4.48574e-06
4.91817e-06
4.78527e-06
4.84286e-06
4.95933e-06
6.17241e-06
-6.16886e-06
4.8484e-06
-3.98968e-06
6.1853e-06
-9.13397e-09
-6.32264e-06
1.30735e-07
6.19191e-06
6.17219e-06
6.19136e-06
-5.37668e-09
5.8531e-06
-6.18858e-06
6.19416e-06
-4.86571e-06
-6.19883e-06
-6.20642e-06
6.16639e-06
-6.16639e-06
8.11208e-07
6.11335e-06
-6.10761e-06
-1.63114e-08
-4.58861e-06
4.60492e-06
6.17271e-06
6.11444e-06
-6.11444e-06
6.19872e-06
-6.20118e-06
-6.18397e-06
-6.16813e-06
6.13265e-06
-6.19199e-06
6.49664e-09
-4.54497e-06
4.13014e-06
6.17392e-06
-6.17392e-06
-4.89737e-06
8.57226e-07
-5.0306e-06
-4.90367e-06
8.48473e-07
-4.92695e-06
8.63317e-07
-4.87944e-06
8.43817e-07
-4.99609e-06
8.70281e-07
6.1834e-06
-1.12114e-08
-6.18924e-06
2.16866e-06
-5.89061e-06
-4.88243e-06
8.22192e-07
-4.76226e-06
-2.7825e-08
6.15948e-06
4.05446e-06
1.25714e-06
-5.3116e-06
-4.51255e-06
4.15028e-06
1.59516e-06
-5.6687e-06
4.07354e-06
4.75009e-06
-4.93794e-06
-6.16549e-06
6.21091e-06
-4.54252e-08
6.17738e-06
-6.17389e-06
-6.20759e-06
-5.43654e-09
6.21271e-06
-6.23201e-06
5.69342e-06
-2.93045e-06
-2.76297e-06
-4.02629e-06
4.9003e-06
-4.0146e-06
4.86628e-06
-8.79473e-07
6.17389e-06
-1.441e-08
-4.9191e-06
-6.16887e-06
-4.64408e-06
7.93892e-07
-2.75362e-07
-4.1694e-06
-6.22181e-06
6.16559e-06
-1.11429e-06
-6.17687e-06
1.15852e-06
6.18592e-06
-2.03263e-08
-4.0525e-06
4.36615e-06
6.17073e-06
-6.17073e-06
-4.84413e-06
-7.66363e-07
-3.70451e-06
-2.30706e-09
6.20968e-06
6.16214e-06
6.17672e-06
-6.19275e-06
-5.98404e-06
-2.04544e-07
-1.08781e-07
-4.83834e-06
4.83403e-06
-4.04966e-06
4.44851e-06
-3.50232e-06
-4.17501e-06
-3.72659e-06
4.58562e-06
-4.05086e-06
-5.60143e-06
3.34313e-06
2.2583e-06
-4.14911e-06
-3.74843e-06
4.68982e-06
-4.0392e-06
4.74911e-06
-3.90465e-06
4.88847e-06
-4.02537e-06
-3.99609e-06
-1.62537e-08
-6.1537e-06
6.16995e-06
4.63216e-06
-4.66433e-06
-3.80104e-06
4.63331e-06
5.37414e-06
-3.8975e-06
4.75381e-06
6.15021e-06
-5.99625e-06
6.1746e-06
-6.17138e-06
-6.19052e-06
-1.17825e-08
-4.05976e-06
4.70329e-06
1.13244e-06
4.04015e-06
6.86309e-07
-4.72646e-06
4.09954e-06
4.84051e-07
-4.58359e-06
4.06662e-06
3.56413e-07
-4.42303e-06
4.06187e-06
1.49118e-06
-5.55305e-06
4.06972e-06
7.90282e-07
-4.86e-06
6.1682e-06
5.88393e-06
2.49655e-08
4.44158e-06
-4.71695e-06
-1.05678e-06
6.18222e-06
-6.12601e-06
-5.62091e-08
-8.39861e-07
5.58995e-06
6.16073e-06
-6.16073e-06
-6.19607e-06
-3.92431e-06
4.05709e-06
5.04395e-06
-4.74041e-06
-4.78458e-06
-5.01877e-06
4.87591e-06
4.89233e-06
2.37619e-08
-6.20799e-06
6.14745e-06
-6.15129e-06
3.84248e-09
-4.89242e-06
-2.98519e-10
-6.19854e-06
6.106e-06
4.67946e-06
-4.64718e-06
-5.92248e-06
4.69458e-06
-4.65468e-06
4.07043e-06
6.10128e-06
-6.18654e-06
6.19895e-06
-6.19535e-06
-6.14658e-06
6.17214e-06
4.6962e-06
-4.66265e-06
6.17162e-06
-6.17142e-06
6.17142e-06
-6.06087e-06
-1.29647e-07
7.63682e-07
-4.88312e-06
6.16728e-06
-6.18999e-06
-6.09516e-06
4.91509e-06
4.88397e-06
4.96982e-06
6.20923e-06
-6.21397e-06
6.61686e-07
4.78155e-06
-3.67692e-06
4.93406e-06
-3.45436e-06
5.04952e-06
4.89191e-06
4.93144e-06
-4.06813e-06
6.16614e-06
4.14683e-06
4.80264e-07
-4.62709e-06
4.69973e-06
-4.68205e-06
6.17212e-06
-6.16862e-06
1.14743e-08
4.39581e-09
-6.27709e-06
5.86487e-06
6.17467e-06
-6.80791e-09
-3.04747e-06
6.2594e-06
6.17298e-06
-6.20216e-06
-4.25915e-09
-3.82041e-06
-4.40849e-06
3.23994e-07
-4.50914e-06
-4.14766e-06
-6.15382e-06
6.16854e-06
-6.16854e-06
6.16556e-06
6.16478e-06
-6.16478e-06
-8.88807e-07
5.03909e-06
-8.69365e-07
4.9429e-06
-4.80039e-06
9.5002e-07
6.20759e-06
-1.56875e-08
-5.98818e-06
-2.88907e-07
-5.99522e-06
-2.16598e-08
-6.11122e-06
6.17202e-06
6.18998e-06
2.09332e-08
-6.12486e-06
6.16962e-06
-6.16626e-06
3.96864e-06
-3.7461e-08
-4.07191e-06
1.03395e-06
-4.36387e-06
6.16214e-06
-6.19018e-06
6.05475e-06
-4.05205e-06
4.87542e-06
-4.68762e-06
4.51754e-06
4.698e-06
-4.70978e-06
1.79026e-06
-1.79026e-06
-4.63134e-06
5.49441e-06
4.85277e-07
-3.71946e-06
4.57311e-06
-3.88754e-06
4.74127e-06
-4.04079e-06
4.79208e-06
-3.89159e-06
4.73447e-06
-3.91673e-06
4.7672e-06
4.5417e-06
-3.71447e-06
-8.39875e-08
4.86945e-06
-4.0215e-06
-6.14382e-06
-1.00024e-08
6.15097e-06
-3.38656e-09
-6.19437e-06
6.17056e-06
6.16856e-06
-6.17621e-06
2.9352e-06
-2.9352e-06
4.56566e-06
-4.66192e-06
-6.06179e-06
-4.24543e-09
-6.19693e-06
-6.22744e-06
6.16142e-06
-6.15672e-06
6.16926e-06
-3.35409e-06
4.43964e-07
-4.43964e-07
-6.17383e-06
3.0439e-09
-5.32691e-06
6.15805e-06
6.1996e-06
-6.1999e-06
4.72366e-06
-4.69512e-06
-6.16548e-07
4.74929e-06
-4.13275e-06
-6.09139e-06
-9.87892e-08
6.1014e-06
-6.15761e-06
-7.56768e-07
4.71837e-06
-3.9616e-06
-6.14301e-06
6.16096e-06
1.31592e-08
6.17201e-06
4.74645e-06
-4.00936e-06
-7.37084e-07
-1.20927e-06
-6.18821e-06
6.18821e-06
2.68955e-07
9.78737e-07
6.1576e-06
-6.18878e-06
6.14578e-06
-6.16774e-06
6.17403e-06
-6.66273e-07
5.56929e-09
-6.20119e-06
1.03436e-06
1.07438e-06
1.76782e-06
5.2225e-07
4.07714e-07
7.42423e-07
9.71741e-07
8.57521e-07
6.95275e-07
8.62553e-07
1.91803e-06
5.45608e-07
9.18839e-07
-2.33752e-08
6.22417e-06
8.09685e-07
1.86243e-06
-9.86737e-08
-3.90078e-06
-4.03118e-06
-4.03798e-06
-4.81063e-06
-4.05031e-06
-6.20192e-06
6.98112e-09
-6.12682e-06
3.0131e-06
-6.14908e-06
6.07487e-09
-3.74923e-06
-5.56037e-07
-4.07106e-06
6.18892e-06
-6.19696e-06
5.01094e-06
-6.15962e-07
-6.17754e-06
-4.0231e-07
5.02808e-06
3.30512e-06
-4.07149e-06
-1.96144e-08
-4.48433e-06
6.90363e-07
4.1294e-06
-6.16647e-06
4.62795e-06
-3.83406e-06
2.87762e-06
2.8158e-06
-5.18768e-07
4.93995e-06
-4.42118e-06
-6.15313e-06
4.57171e-06
-4.41565e-07
6.17982e-06
-6.17982e-06
6.21032e-06
-6.21263e-06
-3.40092e-06
4.3883e-06
1.44383e-07
-4.77946e-06
4.63508e-06
-7.08012e-07
4.54911e-06
-3.8411e-06
-2.4604e-07
4.71737e-06
-4.09085e-06
-6.21173e-06
-8.00057e-08
-6.14884e-06
-6.14581e-06
-7.3212e-09
-6.15085e-06
6.11152e-06
6.21289e-06
6.18745e-06
-6.19199e-06
2.9728e-06
1.07154e-06
6.18037e-06
-1.72695e-07
-3.8129e-07
-3.1757e-06
-9.25418e-07
4.64028e-06
-6.12189e-06
-2.8964e-08
8.84311e-07
-6.14437e-06
6.17435e-06
-6.17435e-06
-4.37987e-06
-6.17459e-06
2.58801e-08
-1.58682e-06
-1.12287e-06
4.26226e-06
2.39181e-07
-4.50144e-06
1.76536e-09
-4.74951e-06
4.44868e-06
-5.49469e-08
6.13435e-06
-1.45208e-07
-5.98914e-06
-6.14033e-06
-6.14748e-06
3.11099e-09
-4.69221e-07
6.18173e-06
-6.19057e-06
-4.3399e-06
-3.77047e-07
6.58448e-07
-3.51154e-06
-9.9698e-07
5.58361e-07
-4.69111e-06
-3.92302e-07
5.87512e-07
-3.90676e-06
-6.15205e-06
-4.78146e-06
6.15097e-06
6.17168e-06
-6.17168e-06
-6.14195e-06
6.12684e-06
-6.13464e-06
-7.04418e-07
-9.2815e-07
6.15672e-06
-1.34901e-08
7.29593e-07
-6.0565e-06
4.44669e-06
-5.28429e-06
-6.13996e-06
-1.20942e-08
-6.16001e-06
4.51585e-06
-6.12971e-06
-4.9345e-09
4.5629e-06
4.82062e-06
6.13944e-06
-4.20583e-06
-3.51541e-08
-6.12991e-06
-4.67291e-06
-6.20057e-06
6.26643e-06
-6.58677e-08
3.87388e-06
7.11737e-07
-4.72528e-06
-6.13912e-06
-5.14066e-06
6.1695e-06
6.11527e-06
1.27275e-08
-4.44669e-06
-3.90183e-07
-6.16779e-06
3.3164e-09
6.12639e-08
6.07308e-06
-4.43696e-06
-6.13058e-06
6.64305e-10
-6.10366e-06
-3.54651e-08
6.16814e-06
-6.16814e-06
-4.75577e-06
-6.13424e-06
-6.12582e-06
5.47361e-09
3.903e-06
-4.89998e-06
4.04378e-06
6.10919e-06
5.25182e-09
-3.43977e-06
6.14277e-06
-6.1374e-06
-6.15152e-06
-6.12957e-06
3.74999e-09
-4.90809e-06
-6.12425e-06
3.02252e-06
2.55813e-06
-4.66155e-06
4.62341e-06
4.03401e-06
-4.10162e-06
6.16264e-06
6.194e-06
7.19375e-09
-6.20709e-06
-6.12918e-06
4.93049e-09
6.22417e-06
-6.12207e-06
-6.15369e-06
6.13203e-06
-5.64136e-06
3.23194e-09
6.16129e-06
-6.16129e-06
-6.12812e-06
6.05233e-09
-6.24062e-06
4.68384e-06
-6.13736e-06
-6.22924e-06
-6.14359e-06
-6.12028e-06
-3.82106e-06
-5.54599e-07
-1.12008e-09
6.1546e-06
6.29462e-07
-5.05064e-06
-4.81827e-06
4.152e-06
-6.12705e-06
6.76897e-09
6.15403e-06
-4.8011e-06
9.60005e-07
4.46877e-06
3.10651e-07
-4.14266e-06
-6.11838e-06
-7.32964e-07
-4.0175e-06
4.66488e-06
-6.1546e-06
-6.1579e-06
-6.1252e-06
6.81977e-09
-6.77961e-07
5.12664e-06
4.52572e-06
-4.18943e-06
-6.11677e-06
3.69796e-06
-3.94269e-06
-9.3846e-09
-6.12969e-06
6.17776e-06
3.27494e-07
-6.50525e-06
-4.66036e-06
-6.19869e-06
-6.12395e-06
7.1805e-09
-5.88514e-06
-9.15278e-07
-6.11498e-06
-3.19886e-07
-4.18155e-06
-2.2638e-06
-6.12789e-06
1.29105e-08
4.78435e-06
-4.69153e-06
-6.11058e-06
-6.11882e-06
-6.14031e-06
2.1484e-08
6.10919e-06
6.11527e-06
-1.16337e-08
-6.12384e-06
5.83487e-06
-6.12377e-06
4.65488e-06
3.26423e-07
4.27838e-06
-2.83339e-08
4.32572e-06
5.00107e-09
2.6463e-06
-6.13455e-06
6.1302e-06
-4.62429e-06
6.14871e-06
8.45118e-09
-4.66968e-06
-5.95404e-06
-5.30328e-06
-1.26047e-06
3.82673e-06
-3.84634e-06
-6.14462e-06
4.64795e-06
-1.21378e-08
-6.11776e-06
-6.1326e-06
6.13109e-06
-6.17074e-06
-6.13028e-06
-6.1368e-06
4.19562e-09
-6.12673e-06
-4.27804e-06
-4.70998e-07
-6.13049e-06
-6.02471e-06
-4.76813e-06
-6.1235e-06
4.5956e-06
-6.142e-06
1.15077e-08
-6.14097e-06
4.68384e-06
2.4587e-06
-1.98144e-07
-6.06759e-06
3.86581e-06
-4.89712e-06
2.91113e-06
2.86681e-06
4.64491e-06
-6.12048e-06
3.58866e-09
-6.06576e-06
-1.54804e-06
-6.11787e-07
-8.96444e-07
-6.12254e-06
-6.12337e-06
-6.13521e-06
-6.08964e-06
1.77909e-06
-5.45601e-06
-6.1186e-06
-6.13139e-06
6.1282e-06
-6.16271e-06
-4.60611e-06
-6.1074e-06
4.5258e-06
-4.5258e-06
-6.14287e-06
1.14805e-08
-6.13512e-06
-6.10329e-06
-6.14246e-06
7.34193e-09
6.16013e-06
-1.10398e-08
3.59564e-06
-6.11678e-06
-6.10936e-06
-7.84225e-07
2.73095e-07
4.25271e-06
-2.61469e-06
-2.08818e-06
-2.46838e-06
-2.37639e-06
4.94548e-06
-6.05317e-06
-4.65316e-06
-6.1143e-06
4.62994e-06
-6.12509e-06
5.42911e-08
3.92066e-06
-6.12562e-06
5.94821e-07
-6.1127e-06
6.13698e-06
-2.38765e-06
-2.4947e-06
-2.02173e-06
-2.71671e-06
-6.1552e-06
6.09113e-06
-6.11203e-06
-2.45723e-06
-2.42633e-06
-2.62916e-06
-2.17971e-06
-2.59739e-06
-2.27207e-06
-2.48015e-06
-2.15808e-06
-2.43506e-06
-2.4192e-06
-1.86912e-06
-2.89233e-06
4.66968e-06
-6.11354e-06
-6.10979e-06
-4.42246e-06
1.51238e-07
-6.11335e-06
3.06526e-06
-1.141e-06
-3.95977e-06
5.10077e-06
-3.34172e-06
-6.10842e-06
4.42246e-06
-1.38342e-06
-6.11231e-06
-4.57619e-06
-4.20188e-06
1.73748e-06
4.0552e-06
-6.10626e-06
-6.11253e-06
-6.11694e-06
-5.21018e-09
6.12048e-06
-6.11113e-06
-1.4183e-08
6.12337e-06
-6.14637e-06
-4.67785e-06
-6.18213e-07
-6.10868e-06
-6.10436e-06
-4.59191e-06
-6.09132e-06
-6.10937e-06
-4.86796e-06
-6.10255e-06
8.13318e-07
-6.10132e-06
-6.10767e-06
4.83795e-06
-6.09287e-06
-6.10049e-06
4.62784e-06
-6.10628e-06
-4.65227e-06
-6.0868e-06
-6.32687e-07
-6.09337e-06
-6.13172e-06
-6.07903e-06
-6.11024e-06
4.68316e-06
-6.08635e-06
4.37714e-06
2.31832e-08
4.60681e-07
4.12779e-06
4.37163e-06
-6.07821e-06
3.47431e-06
2.21836e-06
-6.13215e-06
-6.0751e-06
-7.90561e-09
-3.97754e-06
5.75662e-06
6.15409e-06
4.06563e-08
-6.06726e-06
-6.07935e-06
3.79373e-06
-4.43492e-06
-6.0792e-06
6.0834e-06
-6.07279e-06
-9.06091e-09
-6.12373e-06
4.53009e-06
-4.53009e-06
-5.0805e-06
2.50441e-06
-6.11222e-06
-6.10826e-06
2.99154e-07
-4.68383e-06
-4.83867e-06
-1.3717e-06
4.72971e-08
-6.13389e-06
-4.57006e-06
-4.89639e-06
4.89639e-06
-4.10963e-06
-4.66806e-06
-6.0579e-06
6.06938e-06
4.66806e-06
4.28115e-06
-1.54948e-08
-6.04708e-06
-3.01597e-06
-2.61524e-06
-6.03973e-06
6.0455e-06
-6.05654e-06
4.94273e-06
3.17769e-07
-4.62023e-06
-4.37714e-06
4.75344e-06
1.91562e-07
-1.40298e-07
4.68169e-06
-4.54139e-06
6.16186e-06
-4.63419e-06
5.51661e-06
-6.05317e-06
-4.80741e-06
3.46422e-06
-5.69001e-06
2.22578e-06
6.16646e-06
-5.90645e-08
-4.25271e-06
3.50213e-07
1.09773e-06
-4.4797e-06
1.95273e-07
4.51617e-06
-4.77951e-06
-4.55628e-06
-4.92976e-06
-4.58582e-06
3.57378e-06
-6.12406e-06
1.68457e-06
-5.05462e-06
-5.10931e-06
-4.66972e-06
1.67277e-08
-4.95258e-06
4.77008e-06
-4.60001e-06
4.58448e-06
-6.11667e-06
-4.68973e-06
-1.14765e-06
-3.49447e-06
4.56885e-06
-1.17889e-08
5.96917e-06
-5.96917e-06
5.95165e-06
-5.95165e-06
4.58655e-06
-4.58655e-06
-4.77951e-06
-4.21052e-06
-1.1956e-06
-4.26041e-06
-4.29921e-06
5.25922e-06
-5.23762e-06
4.32235e-06
-3.3032e-06
-2.25936e-06
2.85592e-06
5.05767e-07
4.37163e-06
-4.71653e-06
-4.30558e-06
-4.80741e-06
-4.44541e-06
4.30558e-06
-1.09589e-06
-9.03168e-07
-1.96182e-06
-3.26492e-06
-2.25355e-06
-5.99028e-07
-3.1502e-06
-4.86762e-06
-4.83867e-06
2.81971e-06
2.87641e-06
3.14139e-06
-5.96578e-07
-5.9925e-08
-3.87467e-07
4.51687e-06
-3.81657e-06
3.21754e-06
1.03665e-06
-4.86796e-06
4.00554e-06
8.17197e-07
4.59827e-06
-3.86118e-06
4.27208e-06
-7.28296e-07
5.14948e-06
-4.61638e-06
3.91457e-06
-3.50716e-06
2.86043e-06
-1.56434e-06
-1.29462e-06
-2.29957e-06
-2.55864e-06
-2.34495e-06
-2.36038e-06
-4.89712e-06
-4.27629e-06
4.7259e-06
-2.86622e-06
-1.85968e-06
1.31182e-07
4.06797e-06
-4.40478e-06
1.5103e-06
-3.8267e-07
7.49644e-07
3.53151e-06
3.0131e-06
-4.15452e-06
2.37352e-06
-4.46169e-06
2.30208e-06
-4.67847e-06
-4.52466e-06
4.70018e-06
-1.1906e-07
7.3027e-07
-3.78158e-06
5.46615e-06
-2.37531e-06
-2.56343e-06
3.97074e-06
-4.8498e-06
4.78832e-06
2.80024e-07
4.03183e-06
-4.03183e-06
4.50054e-06
3.7255e-06
5.45991e-06
4.26706e-06
5.48022e-06
2.09548e-06
4.37144e-06
-1.41021e-06
-4.89351e-06
-4.64875e-06
3.45939e-06
-3.12068e-06
-3.70306e-06
-1.7079e-07
4.52664e-06
1.08617e-06
1.77426e-06
-4.16075e-07
-3.66458e-06
-4.6269e-06
-1.51406e-07
-4.01124e-06
3.93324e-06
-4.50218e-06
-2.95561e-06
-4.66972e-06
3.89518e-06
4.48729e-06
3.77776e-06
3.73205e-06
1.07219e-06
3.49666e-06
-6.99208e-06
3.1502e-06
-4.46207e-06
-2.31901e-06
-2.91546e-06
1.96229e-06
-2.16044e-06
1.01528e-07
-4.88454e-06
3.76e-06
1.58735e-06
3.35707e-06
-3.18021e-06
-2.42122e-06
4.85382e-06
-1.10219e-06
-5.48983e-07
4.33547e-07
4.12675e-06
-3.12816e-06
-3.96945e-06
-4.75966e-07
4.74873e-06
2.0123e-07
-1.79818e-06
2.26372e-07
-4.51447e-06
-3.66803e-07
-4.62081e-06
3.81506e-06
-2.47214e-06
-2.77452e-06
-4.93787e-06
-4.79954e-07
-4.18808e-06
-3.81682e-06
2.95561e-06
2.05306e-06
2.80811e-06
3.82609e-06
-3.47187e-06
-4.97563e-06
8.42712e-08
-1.82645e-06
-1.86981e-06
-3.54047e-06
4.52713e-06
1.67361e-06
3.40727e-06
4.27779e-06
4.42081e-07
-3.69382e-06
-4.15845e-06
4.43847e-06
-4.66521e-06
-4.00485e-06
5.02782e-06
-1.39022e-06
-3.66802e-06
-3.30701e-06
-4.04192e-06
-3.66754e-06
5.01365e-06
-3.6686e-06
3.83178e-06
7.97212e-07
3.63957e-06
-3.67368e-06
5.18218e-06
2.11284e-06
5.22498e-06
2.06785e-06
-3.68035e-06
5.18218e-06
5.22498e-06
-3.9695e-06
-3.9403e-06
-4.20104e-06
4.35228e-06
3.77459e-06
3.40204e-06
-3.5094e-07
2.31323e-06
5.11877e-06
1.09883e-06
3.85477e-06
-3.56032e-06
-4.15804e-06
3.82716e-07
3.68572e-06
3.267e-06
-4.45025e-06
-3.88952e-07
4.30352e-06
3.82969e-06
4.15791e-06
-3.72436e-06
1.0054e-06
3.72457e-06
3.79997e-06
1.66148e-06
-3.42336e-06
4.09559e-06
-3.36566e-06
4.98295e-06
-3.97754e-06
-5.57446e-07
-3.9283e-06
3.21323e-06
-4.09698e-06
5.07317e-06
9.10552e-07
1.2642e-06
3.90315e-06
-2.18228e-07
3.61521e-06
1.16687e-06
3.61242e-06
-3.61242e-06
-3.99104e-06
3.68856e-06
-6.98783e-07
-3.1416e-06
-3.01256e-06
-2.77439e-06
3.01256e-06
-3.99266e-06
9.78668e-07
3.28165e-06
-7.59688e-09
-4.17395e-06
2.82449e-07
-3.78477e-06
4.18746e-06
-3.44976e-06
-3.93943e-06
-1.41967e-06
-3.15162e-06
5.89721e-07
-4.60722e-06
1.72534e-06
3.26492e-06
-3.78158e-06
3.9738e-06
-3.82281e-06
-5.58841e-06
2.7222e-06
2.91546e-06
3.91508e-06
1.7164e-06
3.3032e-06
3.90574e-06
3.87089e-06
-3.73202e-06
3.73202e-06
-4.00127e-06
-1.25419e-06
-3.60108e-06
6.62379e-07
3.01597e-06
3.26887e-06
1.15088e-06
3.89308e-06
-3.65114e-06
-4.00976e-06
-3.35729e-06
-1.31887e-06
-3.51947e-06
-1.51506e-07
5.95369e-07
1.59787e-07
1.86141e-07
-4.08692e-06
3.97751e-06
-4.4155e-06
-8.6633e-07
2.88936e-06
2.21141e-06
4.12482e-06
4.2191e-06
2.20321e-06
3.05601e-06
2.05082e-06
-4.94482e-09
3.76494e-06
2.2291e-06
3.5981e-06
1.28428e-06
3.32063e-06
2.85612e-07
-4.48729e-06
4.09045e-06
3.47931e-06
-3.47931e-06
3.36933e-06
-3.36933e-06
4.67488e-07
3.41672e-06
-3.41672e-06
3.47154e-06
-3.47154e-06
-4.47295e-06
-4.34891e-07
-3.41145e-06
3.36566e-06
4.77721e-06
-1.1648e-06
-5.81378e-07
-9.33639e-07
-4.00573e-06
-3.70988e-06
-2.79502e-06
-2.89499e-06
1.04519e-06
-4.14854e-06
-3.99382e-06
-1.28105e-06
-3.70389e-06
-3.82247e-06
-7.10985e-07
3.24161e-06
-3.79587e-06
3.76082e-06
3.32325e-06
2.43337e-06
2.3468e-06
-3.57691e-06
-3.55394e-06
4.26568e-06
2.43809e-06
-4.17332e-06
2.4688e-06
3.96332e-06
-1.39337e-06
-1.45355e-06
-3.81046e-06
3.80571e-06
-3.80514e-06
4.19316e-06
-4.11915e-06
3.89522e-06
4.07449e-06
-3.9348e-06
-1.46442e-06
-1.41871e-06
-1.45573e-06
-3.49851e-06
3.64085e-06
4.79843e-06
3.73821e-06
3.45939e-06
-3.64466e-06
4.21634e-06
3.30649e-06
-3.61767e-06
-1.92788e-07
-1.44192e-06
-4.35245e-07
2.93601e-06
2.55016e-06
3.93324e-06
3.93191e-06
-7.06644e-08
-4.3531e-06
-3.72203e-06
-2.71794e-07
4.38883e-06
-1.35078e-06
3.60433e-06
-1.34666e-06
-3.99668e-06
3.50107e-06
4.01421e-07
2.63559e-06
3.62449e-06
-3.55156e-06
-1.36514e-06
4.06898e-06
-3.30772e-07
2.05355e-06
2.92989e-06
4.64486e-06
-3.65417e-06
3.62939e-06
3.89772e-06
-1.28248e-06
1.33964e-06
3.6966e-06
-3.22463e-07
-3.00745e-06
3.37666e-06
-4.12063e-06
-1.24849e-06
3.42336e-06
3.37906e-06
3.15162e-06
2.31453e-06
3.85454e-06
-2.76871e-06
3.9283e-06
1.14184e-06
-7.01897e-08
-3.61847e-06
-3.73965e-06
8.49205e-07
1.30086e-06
-3.84753e-06
-3.79672e-06
3.20599e-06
-3.75284e-06
4.09646e-06
-3.79831e-07
-3.00884e-06
3.38867e-06
-2.47111e-06
2.58876e-06
2.20967e-06
-3.95657e-06
-4.20758e-06
5.2055e-07
-3.50315e-06
-3.32325e-06
-5.20467e-07
4.51269e-06
-4.14003e-07
3.79306e-06
1.42822e-06
5.62695e-07
1.27524e-06
2.85989e-06
-3.23972e-06
3.95648e-06
3.52377e-06
1.48506e-07
-3.80756e-06
3.65906e-06
-1.37151e-07
2.99737e-07
-9.10724e-07
3.46843e-06
-3.31992e-06
-1.94638e-06
8.18953e-07
-4.67742e-06
8.70708e-07
-3.25807e-06
-1.24345e-07
1.37373e-06
7.42058e-07
2.28003e-06
-3.10835e-06
-3.7098e-06
1.23105e-06
-3.93904e-06
5.09544e-07
3.4163e-06
3.76509e-06
2.42536e-06
-3.33888e-06
8.42995e-07
-7.44189e-07
-7.69466e-07
-3.52987e-06
-2.31112e-06
-2.5955e-06
-5.04546e-07
6.2422e-06
-2.24115e-06
6.26251e-06
-3.64352e-06
3.35109e-06
1.17664e-07
-3.75086e-06
-3.77672e-06
-9.55441e-07
2.83156e-06
-3.05257e-06
3.45538e-06
6.4181e-07
-2.13387e-07
3.91665e-06
3.20381e-06
3.77909e-06
4.02306e-06
-1.3162e-06
-3.24536e-06
-3.46115e-06
-3.16141e-06
-9.9703e-07
3.76868e-06
4.01698e-06
3.92148e-07
1.10623e-06
2.43913e-06
-3.80711e-06
3.66596e-06
3.91303e-06
-1.60611e-07
)
;

boundaryField
{
    front
    {
        type            empty;
    }
    back
    {
        type            empty;
    }
    wall
    {
        type            calculated;
        value           uniform 0;
    }
    inlet
    {
        type            calculated;
        value           nonuniform List<scalar> 
12
(
-7.09261e-06
-7.10124e-06
-7.1067e-06
-7.04263e-06
-7.27333e-06
-7.12971e-06
-7.25591e-06
-7.29502e-06
-7.29283e-06
-7.34894e-06
-7.34122e-06
-7.34895e-06
)
;
    }
    outletLeft
    {
        type            calculated;
        value           nonuniform List<scalar> 9(4.84476e-06 4.88235e-06 4.88356e-06 4.86946e-06 4.85426e-06 4.85821e-06 4.86551e-06 4.92509e-06 4.94373e-06);
    }
    aneurysm
    {
        type            calculated;
        value           uniform 0;
    }
    outletRight
    {
        type            calculated;
        value           nonuniform List<scalar> 9(4.70287e-06 4.73844e-06 4.80887e-06 4.63823e-06 4.76145e-06 4.70533e-06 4.74883e-06 4.81009e-06 4.78804e-06);
    }
}


// ************************************************************************* //
