/*--------------------------------*- C++ -*----------------------------------*\
  =========                 |
  \\      /  F ield         | OpenFOAM: The Open Source CFD Toolbox
   \\    /   O peration     | Website:  https://openfoam.org
    \\  /    A nd           | Version:  12
     \\/     M anipulation  |
\*---------------------------------------------------------------------------*/
FoamFile
{
    format      ascii;
    class       surfaceScalarField;
    location    "0.08";
    object      phi;
}
// * * * * * * * * * * * * * * * * * * * * * * * * * * * * * * * * * * * * * //

dimensions      [0 3 -1 0 0 0 0];

internalField   nonuniform List<scalar> 
6438
(
-1.31183e-08
1.62319e-06
-1.61007e-06
-1.44237e-08
1.88552e-06
-1.8711e-06
-1.76604e-06
-2.9734e-07
2.06338e-06
1.67555e-06
-1.83799e-06
1.62444e-07
2.57931e-06
-2.01381e-06
-5.65492e-07
5.91937e-07
1.98737e-06
-2.00213e-06
2.36082e-07
-1.74249e-06
1.72807e-06
1.87978e-06
-2.24695e-06
3.67173e-07
1.75004e-06
-2.04995e-06
2.99913e-07
-1.69381e-06
2.05517e-06
-3.6136e-07
4.07966e-07
-1.85909e-06
1.45112e-06
-2.08913e-06
3.95318e-07
1.6082e-06
7.39332e-07
-2.34753e-06
1.51053e-06
-1.52365e-06
-8.44359e-08
1.76901e-06
-1.68457e-06
-2.23006e-06
2.16127e-06
6.87938e-08
-1.68919e-06
2.04772e-06
-3.58529e-07
-2.08594e-06
3.96752e-07
6.63171e-07
1.40598e-06
-2.06915e-06
-4.84422e-07
-3.17247e-07
8.01668e-07
-1.0385e-07
1.85537e-06
-1.75152e-06
-1.71783e-06
-2.79332e-07
1.99716e-06
-2.10013e-06
9.23284e-07
1.17684e-06
-1.8281e-06
1.72425e-06
-1.6235e-06
1.97492e-06
-3.51418e-07
-1.9772e-06
2.59371e-07
1.88092e-06
-1.47295e-06
-1.70727e-06
-3.15478e-07
2.02274e-06
-2.06006e-06
4.36557e-07
1.5869e-06
-1.98554e-06
3.98637e-07
8.78125e-09
-1.93712e-06
1.92833e-06
1.89401e-06
-1.90331e-06
9.30149e-09
-1.87655e-06
3.17187e-07
1.55937e-06
-2.53846e-06
4.10046e-07
2.12841e-06
1.78312e-06
-1.77434e-06
1.79697e-06
-1.21422e-07
1.16717e-06
1.63296e-06
-2.80013e-06
-5.70782e-07
2.17898e-06
-1.67304e-06
1.83826e-06
-1.65211e-07
-1.94117e-06
1.92258e-06
1.85929e-08
-8.08645e-07
1.47182e-06
1.73525e-06
1.47871e-08
-2.08502e-06
2.04302e-06
4.19989e-08
1.87254e-06
-2.85644e-07
-1.39319e-06
1.30875e-06
-2.42248e-06
4.08668e-07
1.83902e-06
1.78016e-07
-2.01704e-06
-1.43585e-06
-4.40704e-07
-2.61103e-07
-1.72262e-06
1.95526e-06
-2.32641e-07
-1.28999e-06
1.85584e-06
-5.65851e-07
1.85992e-06
-1.85992e-06
5.8255e-07
1.41144e-06
1.85774e-07
-1.59721e-06
8.27249e-07
3.99752e-07
-1.227e-06
1.57625e-06
3.24892e-07
-1.90115e-06
1.52099e-06
-5.97701e-07
-8.81988e-07
-1.54049e-06
-1.77783e-08
1.63904e-06
-1.62126e-06
-2.02316e-06
2.02316e-06
-2.09344e-06
2.11333e-06
-1.98936e-08
8.37289e-08
1.55987e-06
-1.6436e-06
5.95065e-09
-1.91011e-06
1.90416e-06
1.77203e-06
-1.76608e-06
-1.93151e-06
2.24248e-07
-1.93684e-06
-1.48178e-07
-1.66343e-06
1.82698e-06
-1.6355e-07
1.84254e-07
1.59439e-06
-1.77864e-06
-1.95778e-06
1.8831e-06
7.46857e-08
1.90912e-06
-1.90912e-06
1.77619e-06
1.03588e-07
-1.16596e-06
-8.8399e-07
1.66109e-06
3.51709e-07
-2.0128e-06
-1.63125e-06
-3.09925e-07
1.44829e-06
1.12104e-06
-2.56933e-06
-2.24484e-06
1.43619e-06
-1.43466e-06
-8.10179e-07
1.9688e-06
-3.07709e-07
1.17758e-06
-3.50327e-07
1.60097e-06
1.79763e-07
-1.78074e-06
-1.97307e-06
-1.2037e-07
-2.82837e-07
-4.80077e-07
-1.54308e-06
2.13862e-06
-2.13862e-06
-1.41647e-06
-5.41317e-07
-1.29335e-07
-2.40913e-06
-1.8449e-06
1.83832e-06
6.5875e-09
6.64196e-08
-1.87129e-06
1.80487e-06
-2.05697e-07
1.80667e-06
1.8475e-06
4.65094e-08
-1.93001e-06
-3.00055e-07
-1.94765e-06
1.99558e-06
-4.79355e-08
2.03771e-06
-1.13963e-06
-8.98087e-07
1.82639e-06
-1.75997e-06
3.81956e-08
2.05124e-06
-1.04365e-06
-1.00759e-06
1.16467e-06
8.73041e-07
1.87968e-06
-1.87968e-06
-1.44217e-06
2.06696e-06
-6.24787e-07
-1.81097e-06
8.83524e-08
-2.48297e-07
-1.46572e-06
1.71401e-06
-1.69813e-06
6.68829e-08
-1.81925e-06
3.77081e-07
1.56742e-06
3.42567e-07
-1.90999e-06
-1.15277e-07
1.6827e-06
-1.63908e-06
1.89335e-06
-2.54272e-07
-1.73903e-06
6.59834e-08
1.20633e-06
8.44903e-07
1.81436e-06
-3.63233e-07
7.79527e-08
1.78196e-06
-1.56576e-06
-1.32372e-07
1.63555e-06
3.49869e-07
-1.98542e-06
-9.04946e-07
-7.81261e-07
1.68621e-06
1.19159e-06
-1.53435e-07
-1.03816e-06
-1.93712e-06
3.94843e-07
1.93681e-06
-2.33165e-06
-9.0051e-07
4.16088e-07
1.93579e-06
3.91347e-08
2.10432e-06
-1.08939e-06
-1.01493e-06
7.06965e-07
1.39736e-06
1.95335e-06
-3.17801e-07
2.39077e-06
-1.2236e-06
-1.77066e-06
6.58858e-09
1.76407e-06
-2.53433e-06
2.56098e-07
2.27823e-06
-2.96402e-08
-1.76034e-06
1.78998e-06
1.93408e-06
1.08939e-07
-1.49338e-06
1.4756e-06
-1.78121e-06
1.81667e-06
-3.54589e-08
1.80438e-06
-1.83402e-06
1.86232e-06
-1.86232e-06
1.8312e-06
5.43209e-08
1.83561e-06
-4.24173e-07
1.81058e-06
-1.72685e-06
-1.59502e-06
1.34672e-06
1.69279e-08
1.75838e-06
-1.77531e-06
2.07321e-06
-1.45003e-06
-6.23176e-07
-1.91011e-06
-2.79983e-08
2.17934e-08
-1.76429e-06
-1.76537e-06
1.01941e-07
1.96997e-08
1.76342e-06
1.70661e-06
-1.52236e-06
-1.75967e-06
1.20591e-07
1.78442e-06
-4.91658e-08
-6.46736e-08
1.55409e-06
-1.48941e-06
1.22653e-06
8.46676e-07
-1.82939e-06
3.94683e-07
1.43471e-06
1.86422e-06
-8.38035e-09
-2.46718e-06
2.22555e-07
2.24462e-06
-2.53909e-08
-1.75119e-06
1.77658e-06
1.16337e-06
2.82205e-08
1.12144e-07
1.75208e-06
1.73406e-06
1.46861e-07
1.79409e-06
-1.81949e-06
-1.86843e-06
-6.15719e-08
1.90827e-06
-2.05312e-06
1.44849e-07
-1.7037e-06
-6.69607e-08
-2.07454e-06
8.99552e-07
1.17499e-06
-1.05648e-09
1.79263e-06
6.27496e-08
-1.6891e-06
1.96399e-06
-2.74885e-07
-1.85603e-06
1.60155e-06
2.54474e-07
-2.51881e-07
6.49977e-07
-3.98096e-07
-5.83011e-07
-1.47705e-06
-1.87129e-06
-1.50479e-08
1.78708e-06
5.51232e-07
1.51572e-06
-3.04309e-08
-1.81911e-06
-8.98697e-09
-3.89853e-08
-1.98801e-06
1.67883e-06
3.09186e-07
-1.16445e-07
1.48375e-06
2.92441e-07
2.90685e-06
-1.2739e-06
-6.13845e-07
-1.47209e-06
1.82248e-06
2.50142e-08
-1.56186e-06
6.56914e-07
-7.05383e-07
-1.10831e-06
1.8137e-06
-6.27386e-07
-1.46174e-06
-1.01779e-06
2.46608e-06
-1.88144e-06
6.23332e-08
-1.77613e-06
1.78292e-06
-6.78748e-09
-1.46372e-06
1.39904e-06
-2.15856e-08
-1.74058e-06
1.76217e-06
-1.91463e-06
3.31884e-08
1.59527e-06
-1.89791e-06
3.02642e-07
1.77845e-06
-1.80004e-06
1.58788e-06
-6.00264e-07
-9.87614e-07
-2.40386e-06
8.5474e-07
1.54912e-06
1.62785e-06
1.56569e-07
1.34343e-06
8.17837e-07
3.92288e-07
1.74633e-06
-4.68993e-07
-1.66962e-06
-1.93914e-06
1.92148e-06
1.76568e-08
-1.93365e-06
-5.48466e-09
-1.92435e-06
-9.30096e-09
6.85061e-09
5.01321e-07
-2.79942e-06
2.29809e-06
-2.07558e-06
2.47043e-06
1.63935e-06
-1.62242e-06
1.75311e-06
7.32774e-08
1.43019e-07
1.44486e-06
-1.76034e-06
-1.59573e-06
1.58844e-06
1.97299e-07
-1.78574e-06
-8.96976e-09
-3.80796e-07
2.79287e-06
-2.41207e-06
2.64852e-06
-1.90919e-06
-8.04816e-07
1.20457e-06
-5.11282e-07
-1.56326e-06
-1.38643e-06
-1.01742e-06
-1.75908e-06
-1.09352e-07
-1.77271e-06
1.77242e-06
2.83807e-10
-2.78734e-07
1.66223e-06
-1.38349e-06
-1.90501e-06
1.91818e-06
-1.31627e-08
-1.8849e-06
-2.01151e-08
-2.42083e-06
1.52989e-07
2.26784e-06
-1.68924e-06
-1.09626e-07
1.79887e-06
1.89863e-06
1.95419e-08
-3.37127e-07
-2.07261e-06
7.59205e-07
1.31341e-06
1.14125e-08
-1.09696e-06
-9.75652e-07
-2.57186e-08
-1.95479e-08
-1.73e-06
1.74954e-06
-1.7778e-06
8.85572e-08
1.60666e-06
2.1582e-07
1.85121e-06
-1.77326e-06
1.76081e-06
-1.78036e-06
1.75403e-06
5.03553e-08
8.63106e-07
1.78542e-06
1.81881e-06
-3.35058e-07
-1.43816e-07
-2.39051e-06
-1.03058e-07
1.44525e-06
-1.34219e-06
-1.87601e-06
-8.89238e-09
-1.87565e-06
-3.55329e-10
1.89016e-06
-1.87639e-06
-1.37715e-08
1.87029e-06
1.98695e-08
-1.75119e-06
4.3222e-07
-5.9255e-07
1.60331e-07
-2.1181e-06
1.24175e-06
8.76345e-07
9.46622e-07
-1.89851e-06
9.51884e-07
-1.65725e-06
-1.53722e-07
-1.76674e-06
1.75797e-06
8.77164e-09
-1.83607e-06
1.77045e-06
6.56267e-08
-1.46673e-07
1.87919e-06
-1.73252e-06
-1.82309e-06
4.52846e-08
-2.02487e-06
2.52619e-06
-1.86301e-07
-1.64309e-06
-1.90352e-06
1.75685e-06
-1.49146e-06
-1.36601e-07
1.62806e-06
-1.39221e-06
1.85854e-06
1.17481e-08
-1.26902e-06
-3.40291e-07
3.7742e-07
-3.71283e-08
-1.71117e-08
6.88738e-08
-2.41538e-06
2.34651e-06
-1.34865e-06
-6.53471e-07
-1.88282e-06
1.84552e-06
3.72962e-08
-1.85406e-06
-2.87531e-08
-6.65505e-07
4.13624e-07
1.75075e-06
4.33495e-08
1.86466e-06
-3.04788e-07
1.85303e-06
-1.85163e-06
-1.39951e-09
-4.83659e-09
-1.71649e-06
1.72133e-06
1.9413e-06
-1.39007e-06
-2.33542e-08
1.91843e-06
1.08768e-06
-3.00611e-06
1.89996e-06
-1.89996e-06
2.96695e-07
1.72647e-06
-6.70726e-07
-1.18919e-06
-1.51626e-06
1.82779e-06
-3.11534e-07
-1.99299e-07
-1.63677e-06
1.75186e-06
-1.7567e-06
-1.67633e-06
2.67193e-08
1.64961e-06
3.22365e-07
-1.70092e-06
1.37855e-06
-1.76137e-06
1.74262e-06
1.87569e-08
1.12712e-06
8.14177e-07
-5.4721e-08
-2.8557e-07
-1.06071e-06
-1.05739e-06
-4.10721e-07
-1.88049e-06
1.91383e-07
-1.74058e-06
1.57716e-06
3.31105e-07
-1.46118e-06
-1.64419e-06
1.52733e-07
-1.67801e-06
9.72628e-07
1.90414e-06
-1.54759e-06
-3.56554e-07
3.24304e-07
1.52691e-06
-1.34127e-06
-6.35931e-07
-1.86072e-06
1.86072e-06
1.86326e-06
-1.79239e-06
-7.08746e-08
1.06308e-07
-1.76356e-06
-1.49026e-06
1.68483e-06
-1.94569e-07
-5.88876e-07
2.71629e-07
1.73513e-06
-1.74372e-06
8.5964e-09
1.82606e-06
1.94586e-08
1.84281e-06
2.04515e-08
2.78154e-06
-1.77519e-06
-4.78978e-08
-1.55764e-06
1.27891e-06
1.74787e-06
3.05773e-08
1.83771e-06
-1.82817e-06
-9.54283e-09
-1.63498e-08
-2.55697e-08
1.92979e-07
-1.57607e-06
1.38309e-06
-5.4164e-08
-2.41301e-06
5.77311e-07
1.28071e-07
-1.61833e-06
-1.7568e-06
1.7298e-06
2.70044e-08
1.75172e-06
-1.5645e-07
-8.157e-07
-1.08761e-06
-2.45638e-06
1.81759e-07
-9.86575e-07
-2.9205e-07
8.50003e-09
1.8047e-06
-1.6074e-06
-1.73e-06
-1.73255e-06
4.5385e-08
1.68716e-06
2.44488e-06
3.47992e-07
1.41032e-06
7.0301e-07
1.70636e-06
-7.59736e-07
1.77988e-06
-1.0105e-07
4.09352e-06
-3.00584e-06
-2.79942e-06
-8.98352e-07
-9.57677e-07
-2.30188e-08
1.89976e-06
-1.78001e-06
-1.19747e-07
1.80197e-06
4.08385e-08
2.085e-07
-1.72476e-06
-1.2794e-06
1.47238e-06
1.74527e-06
1.55413e-08
1.36468e-06
6.04112e-07
1.83139e-06
6.83742e-08
1.83028e-06
-1.80413e-06
-2.61474e-08
-8.26527e-07
-1.15901e-06
-8.26282e-08
1.68418e-06
3.11197e-08
-1.94024e-06
1.51738e-06
-1.19502e-06
-2.61968e-08
3.78873e-08
1.48259e-06
-1.60828e-06
1.25692e-07
2.72175e-07
1.55561e-06
2.48108e-06
-2.4122e-06
8.64228e-07
1.09103e-06
-1.75172e-06
1.7321e-06
1.96148e-08
-4.00628e-08
-1.02027e-06
5.60818e-07
4.59455e-07
-1.86795e-08
1.90204e-06
-1.90204e-06
2.15584e-06
-1.25196e-06
-9.03887e-07
-1.56996e-06
-2.68029e-07
1.32524e-06
6.2811e-07
1.8215e-06
9.88654e-09
-1.71649e-06
1.70291e-06
1.10517e-08
-1.71396e-06
1.39286e-06
1.94024e-06
-1.92833e-06
4.86581e-08
2.26505e-06
-2.00895e-06
1.75178e-06
-1.86082e-06
1.74247e-06
-3.9568e-08
1.57206e-06
-1.70275e-06
1.69417e-06
8.57759e-09
7.80221e-08
1.36725e-06
-1.44528e-06
-1.54707e-06
1.27873e-06
-1.15358e-07
1.61637e-06
2.21888e-07
-1.59941e-08
-1.49863e-06
-2.61045e-07
-2.24778e-06
1.42126e-06
4.33065e-09
-1.70803e-06
-1.81733e-06
-8.61921e-08
2.43142e-06
-1.31038e-06
1.73715e-08
-3.1558e-07
1.93395e-06
-1.61837e-06
-8.25718e-07
-1.94555e-07
1.69553e-06
-1.71329e-06
1.77556e-08
-1.75178e-06
1.74035e-06
7.5504e-07
1.07604e-06
-1.83108e-06
1.8186e-06
-3.3601e-07
1.49114e-07
1.61989e-06
1.78758e-06
1.76406e-07
1.94743e-07
2.37476e-07
-1.90416e-06
4.18357e-08
-1.50955e-06
1.71805e-06
-8.75299e-07
1.05706e-06
1.61406e-07
-1.58616e-06
1.42475e-06
-1.34997e-08
3.07605e-08
-1.58132e-06
-1.80209e-06
1.76856e-06
3.35305e-08
-1.72614e-06
1.78556e-07
1.12947e-06
1.02638e-06
-9.70935e-07
1.99007e-06
-1.01914e-06
1.99783e-06
-1.86477e-06
-1.33065e-07
5.09437e-08
1.22779e-06
-1.71436e-06
-1.81896e-08
1.74e-06
2.47694e-09
8.5755e-07
-2.96732e-07
2.21467e-06
-1.99211e-06
1.5798e-06
2.47177e-07
9.91782e-08
-1.7664e-06
2.67773e-07
2.64241e-08
-1.53598e-06
1.97176e-06
-1.59468e-06
1.607e-06
-9.76384e-08
-1.53031e-06
1.62795e-06
-1.73202e-06
1.80443e-06
-2.15114e-08
-2.62361e-06
2.11533e-07
-1.15321e-08
1.69889e-06
3.32106e-08
-1.60122e-06
-1.76102e-06
1.75402e-06
7.00142e-09
2.11111e-06
-1.22852e-06
-8.82592e-07
-1.4759e-06
-1.33305e-07
1.60921e-06
-3.72494e-09
-1.737e-06
3.75025e-08
-1.89246e-07
1.85911e-06
-1.66987e-06
-1.70421e-06
1.71281e-06
-2.47499e-06
-3.60424e-07
-2.39264e-06
2.33234e-06
6.03012e-08
1.36263e-06
6.9254e-07
1.59576e-06
1.44225e-07
-1.73999e-06
1.69725e-06
-6.93994e-08
1.36562e-06
6.82091e-07
-1.21277e-06
3.8705e-07
-1.7178e-06
1.49011e-06
-1.6958e-06
-2.3045e-06
2.29621e-06
8.28932e-09
2.07845e-06
-1.66841e-06
1.69927e-06
-5.09297e-09
1.04909e-07
-1.58494e-06
1.48003e-06
-2.56282e-08
-2.27887e-06
2.05864e-06
-2.05864e-06
-9.38531e-07
1.76633e-06
-8.278e-07
-1.69962e-06
1.69962e-06
1.73912e-06
-1.53693e-06
-2.0219e-07
1.61089e-06
3.84689e-07
1.81097e-06
-1.48667e-06
1.79254e-06
-2.01145e-08
-1.40007e-06
-2.24788e-07
1.62486e-06
-2.27662e-06
2.28453e-06
-7.90796e-09
2.10517e-06
-1.2677e-06
-8.3747e-07
3.06638e-07
1.50433e-06
-2.30045e-06
2.28885e-06
1.16051e-08
-7.0073e-10
-1.6988e-08
2.27003e-06
-2.25304e-06
-2.29197e-06
2.29197e-06
-2.72904e-08
1.72282e-06
2.46073e-06
-2.29314e-06
-1.67589e-07
-2.30197e-06
2.28499e-06
2.29972e-06
-2.28812e-06
-1.16046e-08
-1.67538e-06
-3.79101e-08
1.9607e-06
-2.64455e-08
2.28472e-06
-2.25827e-06
2.28539e-06
-2.28973e-06
4.34214e-09
-1.72881e-06
2.27338e-06
-3.35278e-09
-1.75918e-06
1.74366e-06
1.55256e-08
-2.27298e-06
2.28133e-06
-8.35022e-09
1.74125e-06
-1.69586e-06
-2.29588e-06
2.26943e-06
1.76177e-06
-5.61236e-07
8.37716e-07
1.09624e-06
-1.27121e-06
-9.76579e-07
-2.28793e-06
2.28793e-06
-2.29843e-06
-3.54159e-09
2.12764e-06
-3.91046e-07
-1.7366e-06
-1.49668e-06
1.0166e-06
5.7434e-08
2.27709e-06
-2.28423e-06
7.13659e-09
1.67593e-06
-1.67546e-06
-4.73146e-10
2.34804e-06
-2.28691e-06
-6.11294e-08
2.26503e-06
1.2064e-08
2.2609e-06
2.38191e-08
-4.80607e-09
-1.69481e-06
-2.09219e-06
1.15229e-06
9.39903e-07
-1.69239e-06
1.70344e-06
2.27234e-06
-7.31591e-09
2.38267e-07
1.54161e-06
1.22198e-06
-4.66941e-07
-2.29265e-06
-3.23107e-09
1.86939e-06
1.1084e-06
-1.88966e-06
-2.89257e-07
-2.33435e-06
1.70778e-06
-1.71859e-06
1.08111e-08
-7.93417e-08
-2.3133e-06
1.77797e-06
-1.99985e-08
1.97483e-06
-1.35006e-06
-6.24768e-07
-1.71066e-06
2.27587e-06
-2.27587e-06
1.63075e-06
2.33045e-08
-1.65405e-06
1.7543e-06
-2.28069e-06
2.27766e-06
3.03291e-09
2.2643e-06
-2.28637e-06
2.20652e-08
1.43634e-06
-1.90533e-06
-6.19039e-09
-2.2646e-06
2.27079e-06
2.25935e-06
-2.26554e-06
-7.48737e-08
2.40721e-06
-1.80494e-06
1.95793e-06
-2.05057e-06
1.42318e-06
-3.60168e-08
2.33223e-06
1.95723e-07
1.00885e-06
2.23338e-08
2.10531e-06
-6.19198e-09
1.82124e-06
-1.81504e-06
-1.57244e-08
-2.28608e-06
-1.43714e-08
1.8789e-06
-1.89165e-07
-1.68974e-06
-2.27091e-06
2.27091e-06
1.33011e-06
-1.14433e-06
-2.28975e-06
2.28368e-06
6.07398e-09
1.74942e-06
-1.74942e-06
1.70166e-06
-2.57243e-08
2.27403e-06
-2.27769e-06
3.66551e-09
-2.19554e-06
5.99816e-07
1.1847e-09
-1.68951e-06
1.68833e-06
1.83198e-06
-1.53126e-08
2.2786e-06
2.11216e-08
1.38264e-06
2.35573e-07
-1.61821e-06
2.28575e-06
-1.23697e-08
1.77795e-06
-1.77795e-06
2.27126e-06
-2.26326e-06
-8.00482e-09
-1.73819e-06
1.7245e-06
1.36844e-08
2.2885e-06
-2.28161e-06
-6.89236e-09
-2.27476e-06
2.27476e-06
3.40955e-07
1.59404e-06
5.39255e-08
-1.64797e-06
-2.28994e-06
2.28391e-06
6.03052e-09
-8.6726e-09
-1.71583e-06
1.70592e-06
1.86231e-09
2.12768e-06
-3.99379e-07
-1.7283e-06
1.47073e-06
2.26548e-06
-2.27177e-06
6.29565e-09
1.75243e-06
1.86944e-06
2.63292e-08
1.60442e-06
2.32315e-06
-4.4551e-08
2.25788e-06
7.59934e-09
1.66272e-06
-1.66272e-06
-8.75299e-07
2.29752e-06
-2.27937e-06
-6.99318e-09
2.27835e-06
-2.26981e-06
-8.53681e-09
4.50103e-08
-2.32178e-06
2.27677e-06
2.39454e-07
-2.29809e-06
-2.28578e-06
2.28179e-06
3.98924e-09
1.65038e-06
-1.64943e-06
-9.44797e-10
1.73912e-06
-1.53476e-06
1.53476e-06
2.26253e-06
-4.65262e-09
-1.69626e-06
-1.58494e-06
1.59576e-06
1.76129e-06
-1.86737e-08
-5.22396e-09
1.80506e-07
-2.24696e-06
2.27786e-06
-2.27871e-06
8.47432e-10
5.34767e-08
1.5969e-06
5.31421e-08
1.82576e-06
1.71382e-06
-1.21646e-08
-2.28082e-06
2.27807e-06
2.75969e-09
2.26061e-06
-2.26719e-06
6.57456e-09
-2.27854e-06
-1.12125e-08
2.27251e-06
-2.26642e-06
-6.08292e-09
1.71648e-06
3.29427e-08
2.27371e-06
9.96588e-09
-2.96321e-09
2.26879e-06
9.27238e-09
-3.61065e-10
-1.68165e-06
-2.30336e-06
2.44908e-08
-1.70462e-06
1.70462e-06
2.26709e-08
2.10501e-06
-1.73225e-06
3.32181e-07
1.21565e-08
2.27324e-06
9.52373e-08
-1.64233e-06
1.5471e-06
1.61986e-08
2.27577e-06
2.17147e-06
-2.36801e-06
1.71626e-06
6.16866e-08
2.25935e-06
-1.73039e-08
1.61135e-06
-1.65676e-06
7.33037e-09
1.63329e-06
-2.50651e-07
-2.26501e-06
2.26501e-06
-2.27707e-06
-1.28653e-08
1.53693e-06
-1.59223e-06
5.53065e-08
-2.27577e-06
1.6762e-06
-1.67502e-06
2.27257e-06
1.1334e-08
-2.27354e-06
-2.02421e-06
1.41037e-06
-2.2835e-06
2.27965e-06
3.85137e-09
1.55034e-06
1.46908e-07
1.68951e-06
1.01065e-08
-2.25756e-06
2.27325e-06
-1.5687e-08
-1.71773e-06
1.70274e-06
1.49821e-08
-2.26477e-06
7.2102e-09
1.70877e-06
-2.8565e-09
9.32082e-08
-1.76476e-06
1.67155e-06
2.26434e-06
-2.2745e-06
1.01548e-08
1.84222e-06
-1.92841e-06
2.26407e-06
-2.26382e-06
-2.51859e-10
-1.44451e-06
1.44451e-06
-1.78153e-06
1.78153e-06
-2.26143e-06
-3.34187e-09
-1.05706e-06
1.25278e-06
-2.26801e-06
2.26465e-06
3.35478e-09
1.79755e-08
2.26995e-06
1.41419e-06
-1.25278e-06
-1.41419e-06
1.49221e-06
1.49888e-06
-1.72366e-06
2.07569e-06
-1.22808e-06
-8.47605e-07
-2.27605e-06
-9.72563e-09
-3.26838e-07
-1.49221e-06
1.81905e-06
2.27315e-06
8.64374e-09
-1.72309e-06
1.59411e-06
2.27982e-06
-2.27518e-06
-4.64173e-09
-2.26625e-06
-1.70761e-06
1.71758e-06
-5.48539e-08
-6.14152e-09
2.27848e-06
2.2687e-06
-1.68833e-06
-2.32293e-06
-1.36458e-06
1.73999e-06
-3.75408e-07
-2.25633e-06
-8.26875e-09
2.26595e-06
2.83886e-09
1.32123e-06
-1.35078e-06
2.95576e-08
2.637e-09
1.59223e-06
-1.65643e-06
6.4196e-08
1.05103e-06
1.06007e-06
-2.27504e-06
-8.45932e-09
-1.72481e-06
2.25599e-06
-2.25407e-06
-1.9195e-09
2.27226e-06
7.39205e-09
-2.27895e-06
2.27646e-06
2.48566e-09
1.74326e-06
1.71648e-06
-2.26183e-06
2.25678e-06
5.04366e-09
2.27778e-06
-2.27675e-06
-1.03385e-09
-1.69505e-06
1.71626e-06
2.26075e-06
-2.26075e-06
9.13759e-09
2.27971e-06
-1.42719e-06
-3.05065e-07
2.2654e-06
-1.05435e-09
-2.90033e-07
1.54675e-06
-1.25672e-06
2.25965e-06
-2.2577e-06
-1.95139e-09
6.97439e-09
2.2689e-06
2.2555e-06
-2.25756e-06
2.06032e-09
-2.28201e-06
-2.27372e-06
-1.37048e-06
2.01638e-09
2.27564e-06
-2.53273e-09
-2.26802e-06
2.27056e-06
-2.26088e-06
2.2559e-06
4.98105e-09
-2.27496e-06
-3.98764e-09
-1.72193e-06
-1.66413e-06
7.36778e-09
2.27258e-06
3.88397e-09
-2.25882e-06
2.25786e-06
9.58298e-10
-2.26036e-06
8.60283e-09
2.25175e-06
2.27429e-06
5.52737e-09
-2.26721e-06
-7.9689e-09
-1.65498e-06
-7.7469e-09
2.27319e-06
-2.27457e-06
1.37662e-09
2.26008e-06
-2.26261e-06
-2.26437e-06
2.26123e-06
3.13687e-09
2.2587e-06
-2.25687e-06
-1.82805e-09
1.70328e-06
1.34136e-09
2.27391e-06
3.86919e-09
-2.2707e-06
-6.04783e-09
-2.27898e-06
1.71758e-06
-2.25993e-06
2.25539e-06
4.54626e-09
1.50028e-06
-1.59792e-06
-2.25355e-06
2.26206e-06
-8.50427e-09
2.26061e-06
-2.26401e-06
3.40362e-09
-5.6642e-09
-2.27272e-06
-2.23542e-09
-5.96546e-09
-2.00728e-06
1.42426e-06
-3.92542e-09
2.26008e-06
-3.79647e-09
-2.46323e-09
-2.27468e-06
1.95389e-09
8.71902e-07
1.91016e-06
-2.78206e-06
-4.70762e-07
2.27316e-06
3.09865e-11
-2.2689e-06
4.27265e-09
2.26664e-06
-2.27022e-06
-4.35395e-09
-1.70902e-06
-2.27696e-06
2.28016e-09
8.11436e-09
2.26591e-06
-3.33655e-10
1.08764e-08
-2.23851e-06
2.22764e-06
2.27635e-06
-2.27519e-06
-1.15479e-09
-1.73935e-06
3.12164e-07
2.27197e-06
-2.26799e-06
-3.97314e-09
-2.27342e-06
-1.68615e-06
-8.91577e-08
2.25823e-06
-2.25644e-06
-1.79579e-09
1.19611e-08
-2.24064e-06
2.22867e-06
-2.27577e-06
2.2715e-06
4.26946e-09
-1.7211e-06
1.70646e-06
1.46394e-08
1.95004e-09
-2.27572e-06
-1.23824e-09
-1.73221e-06
3.59361e-07
1.37285e-06
-2.27278e-06
-2.98776e-09
2.27556e-06
7.82323e-10
-2.27182e-06
-3.37385e-09
-9.19799e-09
-2.27588e-06
1.6236e-10
-1.6372e-06
-1.88006e-07
1.8252e-06
1.3089e-06
9.62238e-09
-2.26664e-06
1.70738e-06
-4.63631e-09
-2.25815e-06
2.25815e-06
-4.38333e-09
2.27449e-06
1.07811e-09
-1.81287e-09
3.59307e-09
3.69845e-09
2.27534e-06
-8.53486e-10
1.34467e-09
2.27475e-06
-2.27476e-06
1.13495e-11
1.64184e-06
-1.64184e-06
-2.27007e-06
2.26515e-06
4.9266e-09
2.26196e-06
-2.25966e-06
-2.3054e-09
-3.23782e-09
2.27392e-06
1.41602e-09
2.27402e-06
7.29576e-10
-8.39033e-10
2.27413e-06
2.27205e-06
-2.27329e-06
1.23156e-09
-2.29398e-06
-2.26477e-06
-5.30746e-09
1.75132e-06
-2.15236e-08
2.27002e-06
2.03635e-09
1.89296e-08
2.27174e-06
-2.26922e-06
-2.52432e-09
-1.62312e-06
1.62312e-06
1.29087e-08
2.26185e-06
-2.25774e-06
2.26139e-06
-3.65621e-09
2.27126e-06
4.87072e-10
1.39694e-08
1.69985e-06
2.26858e-06
-2.26768e-06
-9.0037e-10
-2.25061e-06
-7.12988e-09
2.26232e-06
-2.26416e-06
1.84463e-09
2.26709e-06
1.48959e-09
2.27125e-06
2.7721e-09
-2.24375e-08
-2.24559e-06
-3.23057e-09
-2.00239e-07
-1.52452e-06
2.25862e-06
-2.26082e-06
2.19713e-09
6.73891e-08
1.57445e-06
2.2683e-06
-2.26613e-06
-2.1689e-09
-2.03743e-09
-3.95885e-08
-1.88395e-06
1.92354e-06
-1.64294e-06
1.66186e-06
-1.89196e-08
-2.24796e-06
2.2487e-06
-7.43416e-10
2.26565e-06
2.65679e-09
-2.25886e-06
-1.41049e-06
2.2824e-06
2.26658e-06
-2.26331e-06
-3.26723e-09
-2.26873e-06
2.26878e-06
-5.15e-11
2.26234e-06
-2.26031e-06
-2.03912e-09
-2.20632e-07
-1.94066e-06
2.16129e-06
2.26421e-06
2.36954e-09
-2.24975e-06
1.79089e-09
2.26692e-06
-2.26402e-06
-2.89454e-09
1.70328e-06
-1.74352e-06
1.74352e-06
2.26606e-06
-2.26174e-06
-4.32425e-09
-4.43362e-09
2.26696e-06
-3.578e-09
-1.70556e-06
2.2628e-06
3.26177e-09
-2.2685e-06
-4.27913e-09
-2.24622e-06
2.24744e-06
-1.22085e-09
2.26876e-06
1.25738e-09
3.87938e-08
2.24574e-06
-4.57726e-10
2.26674e-06
5.76968e-09
1.69877e-06
8.60747e-09
2.76808e-10
-2.24851e-06
2.28641e-09
1.72961e-07
6.38242e-09
7.28636e-08
2.26025e-06
-2.26236e-06
2.10935e-09
-2.24384e-06
2.24648e-06
-2.64318e-09
4.12477e-08
-1.70162e-06
1.66037e-06
3.03993e-07
-1.77121e-06
1.46722e-06
6.44666e-07
1.60701e-06
-1.60701e-06
2.25861e-06
-2.25861e-06
-1.85279e-06
1.03226e-09
-2.26286e-06
1.73347e-06
2.26611e-06
5.14282e-09
-4.26168e-07
-7.94898e-07
1.22107e-06
-2.24717e-06
3.33864e-09
-2.24824e-06
-7.35392e-08
9.60757e-07
-1.58453e-06
6.2377e-07
-1.563e-09
1.54898e-08
2.24657e-06
4.49918e-09
1.70427e-06
-2.26945e-06
4.80021e-09
2.26021e-06
1.44188e-06
-1.75952e-06
3.17642e-07
1.46694e-06
-5.0618e-07
-2.84612e-09
-2.25804e-06
2.26985e-06
-2.25436e-06
-2.26321e-06
-2.24087e-06
2.23873e-06
2.14676e-09
5.38051e-10
2.26412e-06
2.25624e-06
2.36707e-09
2.06171e-06
-1.36917e-06
-6.92532e-07
-6.82824e-09
1.72309e-06
2.26346e-06
3.6257e-09
2.06147e-06
-2.28211e-06
1.54819e-08
2.24648e-06
-2.6823e-09
-2.25725e-06
-2.24356e-06
2.69119e-09
-1.64712e-06
4.18005e-09
1.73163e-06
-1.38864e-06
-3.42988e-07
2.25218e-06
-2.25236e-06
1.72722e-10
-2.67178e-09
6.49977e-07
-9.13564e-07
-8.55102e-07
1.76867e-06
2.25646e-06
-2.25991e-06
3.44877e-09
1.7919e-06
-1.76859e-06
-5.44977e-09
1.72193e-06
-1.47826e-06
1.05209e-06
2.25415e-06
-2.2564e-06
2.24454e-09
2.2672e-06
-2.25172e-06
-1.69906e-06
5.72248e-08
-1.70525e-06
1.70248e-06
2.76452e-09
1.65643e-06
-1.69602e-06
3.63709e-08
2.24495e-06
-1.72263e-06
1.66741e-06
-6.07485e-08
2.26359e-06
-2.26085e-06
-2.7478e-09
1.76177e-06
-1.68355e-06
-7.82167e-08
2.25624e-06
-1.37128e-09
-2.25745e-06
-1.66941e-06
5.27762e-09
2.09632e-07
1.28172e-06
-1.49135e-06
-2.23801e-06
2.23555e-06
2.45135e-09
2.2526e-06
8.00469e-09
-1.426e-06
-2.9766e-07
1.65903e-08
2.24575e-06
2.25973e-06
-2.26508e-06
5.35797e-09
2.25702e-06
-4.14819e-09
-2.24992e-06
-1.75913e-06
-2.97474e-07
2.2609e-06
4.74485e-09
2.40531e-06
-4.9515e-07
-1.39361e-08
2.25881e-06
-2.24487e-06
2.25763e-06
2.09858e-09
-2.24127e-06
3.26236e-09
-2.24746e-06
-1.63549e-08
-4.26767e-09
2.2285e-06
-2.22423e-06
2.95682e-09
2.25779e-06
2.26751e-06
-2.25092e-06
-2.26021e-06
-7.23039e-09
1.72481e-06
-2.41058e-09
1.70952e-06
-8.66275e-08
-1.62289e-06
2.33159e-08
1.6862e-06
-2.23173e-06
2.22746e-06
-2.25983e-06
-4.93891e-09
1.43457e-06
2.97061e-07
-8.29581e-09
1.74782e-06
-1.73953e-06
-1.44753e-06
-1.21091e-06
1.42055e-06
-1.88743e-06
2.35033e-07
1.6524e-06
2.2568e-06
1.74515e-09
-2.25944e-06
2.26872e-08
2.24716e-06
2.25346e-06
-2.25381e-06
3.46828e-10
2.25839e-06
-2.25164e-06
-6.75222e-09
-2.26141e-06
1.56432e-09
-3.28866e-09
-1.70693e-06
1.71021e-06
3.5325e-10
2.26088e-06
-1.56784e-06
4.59524e-07
-2.25854e-06
2.25722e-06
1.31261e-09
-2.23486e-06
2.23216e-06
2.69952e-09
2.20685e-08
1.84266e-06
-1.78874e-06
1.35459e-06
-3.33595e-08
-1.19356e-08
2.26008e-06
-2.24815e-06
-2.01398e-06
1.10041e-06
2.25602e-06
1.99921e-09
-2.25887e-06
2.25832e-06
5.89212e-09
-2.10985e-06
2.033e-08
2.08952e-06
3.60187e-09
-2.23846e-06
2.25393e-06
-2.25157e-06
-2.36587e-09
-7.19672e-08
2.26749e-06
-2.19552e-06
-3.42183e-09
-4.64656e-07
2.12228e-06
-1.65763e-06
-1.69906e-06
-1.87147e-06
2.25535e-06
-1.19383e-09
2.00322e-08
2.24717e-06
2.20015e-06
2.27703e-06
-2.27592e-06
-1.10626e-09
1.00997e-09
-1.71163e-06
1.71062e-06
-2.25669e-06
2.25515e-06
1.54176e-09
4.60219e-08
-1.701e-06
1.65498e-06
2.25965e-06
-2.25876e-06
-8.9079e-10
-1.74968e-06
1.74138e-06
2.25302e-06
-2.25127e-06
-1.75017e-09
6.34657e-09
2.25204e-06
-2.73568e-08
2.26497e-06
-2.25803e-06
2.08451e-08
-1.66445e-06
2.25802e-06
-2.25761e-06
-4.10675e-10
2.25686e-06
1.31424e-09
-2.25775e-06
2.24528e-06
4.721e-09
-2.25e-06
5.46618e-10
2.25829e-06
-2.25194e-06
-5.61294e-09
-1.7103e-06
1.71591e-06
1.21366e-06
-1.78473e-06
5.71075e-07
-3.76146e-07
-1.7337e-06
-1.66088e-06
-3.70867e-07
-1.45553e-06
-2.25554e-06
1.31602e-08
2.24237e-06
-1.72055e-06
1.7103e-06
1.02512e-08
-5.22933e-07
-1.3824e-06
-2.25426e-06
2.01301e-06
-2.24962e-06
2.25363e-06
-4.00351e-09
-1.87896e-06
1.8588e-07
1.69308e-06
1.79824e-06
-1.38108e-06
-4.17168e-07
-2.25761e-06
4.58445e-09
2.25302e-06
1.71332e-06
-1.69153e-06
4.77711e-09
2.24916e-06
-2.25779e-06
2.31898e-09
2.25583e-06
2.2554e-06
7.40172e-09
-3.85974e-10
-2.25718e-06
-7.46047e-09
-2.25108e-06
-2.25191e-06
1.71165e-06
-1.69132e-06
-9.68474e-09
4.82817e-07
1.49201e-06
-1.54034e-06
1.54034e-06
1.97682e-08
2.24774e-06
-2.5592e-06
-2.08266e-06
2.08367e-06
2.25853e-06
1.71003e-06
-1.69697e-06
-2.25516e-06
2.2477e-06
-1.90682e-06
1.95284e-06
2.25352e-06
-2.25154e-06
-1.97682e-09
2.78197e-09
2.25584e-06
-2.28224e-06
1.71711e-06
-1.72272e-06
-2.25444e-06
3.83254e-09
8.50278e-07
2.26e-06
-2.25726e-06
-2.74585e-09
-2.2585e-06
2.25364e-06
-2.25176e-06
-1.8789e-09
-2.25329e-06
-2.24597e-09
2.24838e-06
-2.24148e-06
-1.72338e-06
2.07325e-06
2.25168e-06
-2.25097e-06
-7.15298e-10
-3.99357e-09
2.24928e-06
-1.72055e-06
1.49182e-06
-1.61598e-06
1.24156e-07
-2.77726e-06
2.77726e-06
2.25748e-06
2.2579e-06
-5.73697e-09
3.8398e-09
-2.25707e-06
2.26515e-06
-8.07517e-09
2.25295e-06
-2.25105e-06
-1.89702e-09
-1.86939e-06
1.78024e-06
7.07065e-09
2.25174e-06
-2.25754e-06
6.14739e-09
2.25139e-06
-2.25085e-06
2.2557e-06
-2.25269e-06
-1.7288e-06
-2.25568e-06
7.61064e-09
2.24806e-06
-1.73095e-06
-4.94142e-09
1.6895e-06
-1.70183e-06
1.23375e-08
2.24999e-06
-2.25188e-06
1.89441e-09
4.23779e-08
-2.25565e-06
2.25188e-06
3.77263e-09
2.25459e-06
-1.65342e-06
-1.64214e-06
-2.72631e-08
2.25712e-06
-2.25712e-06
-1.14736e-08
1.71476e-06
-2.25583e-06
2.25253e-06
-2.25063e-06
-1.89557e-09
2.2567e-06
-1.26657e-08
-2.25376e-06
-1.67842e-06
-2.05525e-07
-1.7238e-06
1.3474e-06
-1.50541e-06
1.5801e-07
-3.36476e-07
-1.45671e-06
1.79318e-06
2.24832e-06
-2.24233e-06
1.46177e-06
-1.70162e-06
-4.92914e-09
-2.25268e-06
2.25376e-06
-2.25188e-06
-1.87246e-09
1.73166e-06
-1.74065e-06
-4.7535e-07
-3.15257e-07
7.90607e-07
-1.79561e-06
1.81039e-06
1.73807e-06
-1.71476e-06
-6.77107e-09
-1.6855e-06
1.69227e-06
-8.85465e-09
-1.67232e-06
1.68117e-06
5.69169e-09
-1.75493e-06
1.74924e-06
1.61121e-08
-1.76154e-06
1.74543e-06
8.35241e-09
-1.72511e-06
1.71676e-06
-2.94863e-09
-1.689e-06
1.69195e-06
-2.82732e-09
-1.68774e-06
1.69056e-06
1.0144e-06
-6.83611e-07
-3.30784e-07
1.49761e-06
1.11641e-08
2.24892e-06
1.6491e-06
-1.66012e-06
1.10206e-08
5.29727e-09
-2.25285e-06
2.24755e-06
2.25874e-06
-2.25874e-06
2.22882e-06
-2.78443e-10
-2.22854e-06
-7.66319e-09
-2.24749e-06
2.25236e-06
-2.25039e-06
-1.97149e-09
-1.40003e-06
-1.83801e-06
-4.09507e-08
1.47669e-06
2.85084e-07
2.25698e-06
-2.25382e-06
-3.15542e-09
-1.71796e-06
1.78676e-06
7.54228e-09
2.25075e-06
-1.23913e-06
-7.74852e-07
1.74177e-08
1.6162e-06
-1.63361e-06
-1.15435e-06
-1.96437e-07
-3.87278e-07
-2.38726e-07
6.26004e-07
1.69606e-06
1.69632e-06
1.77012e-06
1.77041e-06
1.75812e-06
1.73441e-06
-8.00283e-09
-1.6997e-06
1.7077e-06
1.70128e-06
-2.50389e-09
-6.68285e-07
2.2531e-06
-2.2478e-06
-5.608e-08
1.81293e-06
-2.25964e-06
-1.54208e-06
1.90925e-06
2.22618e-06
1.46115e-09
-2.22764e-06
2.26173e-06
-4.60674e-09
-2.25684e-06
8.18591e-09
2.24865e-06
-1.70155e-06
-1.70693e-06
1.70648e-06
-1.71449e-06
-1.55288e-06
1.87411e-06
-3.21232e-07
-4.06017e-09
-2.25162e-06
1.17744e-06
-1.46747e-06
3.71581e-09
-2.25528e-06
-2.25259e-06
-5.98969e-07
-8.79287e-07
-2.24857e-06
-4.2737e-09
1.72669e-06
5.39045e-07
1.31626e-06
2.25016e-06
-2.24842e-06
-1.74069e-09
1.71414e-06
-1.13421e-06
-5.79934e-07
-8.16956e-07
4.29678e-07
-9.47535e-07
2.04795e-06
-8.20796e-07
1.70568e-06
-8.8488e-07
8.29605e-10
2.25563e-06
-2.24014e-06
2.25173e-06
-2.25304e-06
1.31177e-09
-1.27505e-06
5.43124e-07
7.31924e-07
-7.4565e-09
-1.69926e-06
1.70672e-06
2.35803e-06
-1.04229e-06
-1.31574e-06
1.58451e-09
2.22723e-06
-4.90501e-07
-7.84546e-07
-1.64575e-06
1.66317e-06
1.40496e-06
9.26492e-08
-1.63814e-06
-3.39427e-09
-1.7012e-06
1.7046e-06
1.75623e-06
-1.70275e-06
-1.04508e-06
-3.97321e-07
1.4424e-06
-2.24834e-06
2.249e-06
-6.54402e-10
-1.66121e-06
1.68206e-06
2.25073e-06
-2.2522e-06
-1.50475e-06
-3.55969e-08
-2.26762e-06
2.25908e-06
-1.17411e-06
1.69014e-09
2.25194e-06
1.96334e-06
-1.08502e-06
-8.78322e-07
1.66046e-06
-3.13057e-07
1.85777e-06
-2.41575e-07
1.70404e-06
-1.7115e-06
2.24776e-06
-2.2478e-06
4.00339e-11
1.70524e-06
-1.70863e-06
2.06641e-09
-2.24654e-06
2.24447e-06
-9.4727e-07
-2.26843e-07
6.0294e-09
-1.72941e-06
-2.25295e-06
3.1972e-09
1.50475e-06
-1.59239e-06
8.76402e-08
-2.43886e-07
1.84079e-06
-7.79888e-09
-1.67062e-06
1.69517e-06
1.64839e-08
2.25021e-06
-2.24876e-06
-1.45102e-09
2.74477e-09
2.2535e-06
1.14254e-06
-1.70173e-06
1.70776e-06
1.10671e-06
-6.50155e-09
-2.25034e-06
-8.59042e-07
-6.57853e-07
1.51689e-06
-1.62741e-06
-1.47317e-08
1.53083e-06
-1.38001e-06
-1.50822e-07
-3.08064e-07
1.78416e-06
-1.47609e-06
2.25168e-06
-2.24993e-06
-1.74398e-09
3.02355e-09
2.2505e-06
1.46652e-08
1.71548e-06
-1.73014e-06
1.47241e-09
-2.25302e-06
-1.68492e-06
1.6902e-06
2.25086e-06
-2.25336e-06
2.501e-09
2.26173e-06
-9.61751e-09
-1.57137e-06
-6.8846e-08
1.64022e-06
-2.26628e-06
-9.11409e-10
2.10872e-08
-1.72633e-06
-2.30861e-06
2.24993e-06
-2.24786e-06
-1.4433e-06
3.10861e-09
-5.5021e-09
-2.24914e-06
2.25032e-06
2.63498e-09
-2.34789e-06
3.49121e-10
-2.2514e-06
-1.00457e-07
-1.26519e-06
4.70295e-07
-2.2563e-06
2.2563e-06
-1.42178e-06
1.7368e-06
-3.15012e-07
2.26058e-06
-1.34868e-06
1.6816e-06
-3.32924e-07
-1.45431e-06
1.76029e-06
-3.05982e-07
-1.68865e-06
-2.50455e-08
1.74027e-06
-1.71523e-06
-1.4658e-06
1.42536e-06
-3.73268e-07
2.2533e-06
-2.25627e-06
2.96839e-09
2.25294e-06
-2.25591e-06
2.96804e-09
2.25139e-06
-2.25458e-06
3.1895e-09
-2.47992e-09
-2.25317e-06
-1.35382e-06
1.70899e-06
-3.5517e-07
2.25209e-06
-2.25035e-06
-1.74099e-09
2.25138e-06
3.17413e-07
-1.80408e-06
2.25012e-06
2.40421e-09
-2.25115e-06
5.12051e-10
5.30283e-07
2.25106e-06
-2.25295e-06
1.89159e-09
4.67639e-08
1.69131e-06
-1.73807e-06
-1.65352e-06
-7.69159e-09
1.66121e-06
-2.25592e-06
-2.251e-06
2.24811e-06
2.89464e-09
1.71523e-06
-1.69415e-06
-2.25273e-06
2.24992e-06
2.81187e-09
-1.66753e-06
1.59832e-06
6.9208e-08
-2.253e-06
2.25026e-06
2.7334e-09
2.25651e-06
-2.25378e-06
-2.72664e-09
-1.68797e-06
1.70264e-06
-1.8184e-06
-9.81732e-07
-1.85014e-06
-3.8492e-07
1.85928e-06
-1.47436e-06
2.24809e-06
-6.36047e-09
-2.24491e-06
-1.701e-06
1.72402e-09
-2.25369e-06
2.25196e-06
-1.7961e-06
1.70947e-06
3.62454e-09
2.2544e-06
2.24959e-06
2.77386e-09
-2.25096e-06
5.67888e-10
-1.77899e-07
-6.39058e-07
-1.72132e-06
1.69627e-06
-1.79173e-06
3.10102e-07
1.48163e-06
-6.02068e-07
-6.63126e-07
-1.71163e-06
1.78522e-06
2.76485e-07
5.29079e-10
2.24885e-06
-2.24938e-06
1.69602e-06
-1.70382e-06
-2.25487e-06
2.26591e-06
-2.25933e-06
-5.64053e-07
-4.7486e-07
1.03891e-06
-1.60548e-06
-5.89646e-08
-2.26694e-06
3.68076e-09
-6.0533e-08
-1.70229e-06
1.69926e-06
3.02271e-09
1.8626e-06
-1.76396e-07
2.25233e-06
-2.25025e-06
-2.0762e-09
2.24933e-06
8.28015e-10
-2.25066e-06
2.2406e-09
2.25104e-06
-2.25178e-06
7.38533e-10
-1.71019e-09
1.37083e-09
-2.2607e-06
-1.66317e-06
-3.58926e-08
6.48949e-08
-1.8532e-06
-1.18391e-08
2.2596e-06
-2.28142e-06
-6.59692e-10
-2.24588e-06
-1.84222e-06
1.78614e-06
4.95857e-10
1.64861e-06
-1.70274e-06
1.7012e-06
1.53842e-09
-1.46697e-06
-3.0424e-07
1.72168e-06
1.61804e-06
-1.68689e-06
2.25028e-06
-2.24986e-06
-1.74194e-06
1.70295e-06
-1.51192e-06
-7.96698e-07
2.24958e-06
-1.49003e-09
-2.25027e-06
2.06147e-06
-1.71851e-06
2.27286e-07
1.49122e-06
3.54271e-07
-1.72344e-06
2.71009e-07
2.1904e-08
2.92712e-07
-1.78748e-06
1.49476e-06
3.43002e-07
-2.10282e-06
1.75982e-06
2.24972e-06
1.96032e-09
-2.1674e-09
-2.25019e-06
2.79521e-07
-1.76462e-06
1.4851e-06
-2.25057e-06
6.42615e-10
2.30306e-08
1.67945e-06
-1.90906e-06
-1.88851e-06
2.61093e-07
-1.55979e-06
1.6997e-06
-1.70523e-06
5.53636e-09
-7.27788e-09
-2.24912e-06
7.92964e-09
2.24517e-06
-1.31287e-06
-1.25646e-06
1.70963e-06
-1.70963e-06
-1.65352e-06
-1.61317e-06
-1.71796e-06
-2.23864e-06
-5.16966e-09
2.24381e-06
-1.56534e-06
-1.57289e-07
3.19483e-07
1.47902e-06
-1.7985e-06
3.37635e-07
1.40728e-06
-1.74492e-06
3.08009e-07
-1.83173e-06
1.52372e-06
1.6466e-06
1.78674e-06
-1.46933e-06
1.78024e-06
1.87031e-06
-1.64606e-06
1.65683e-06
-1.71736e-06
2.25201e-06
-2.25023e-06
-1.78452e-09
-2.18053e-06
-1.70338e-06
2.24938e-06
2.71629e-09
-2.25061e-06
2.56092e-10
2.24932e-06
-9.98729e-08
2.24986e-06
-2.25215e-06
2.29466e-09
2.2537e-06
-2.24434e-06
3.72519e-08
-1.39627e-06
1.35902e-06
1.23197e-09
1.73043e-06
1.55568e-08
1.85475e-06
1.90936e-06
-1.62501e-06
-1.3637e-06
-3.5481e-07
1.14448e-07
1.54601e-06
-1.74295e-06
-2.25144e-06
2.25152e-06
-7.86318e-11
1.74968e-06
-1.78614e-06
3.64599e-08
-1.78321e-06
3.16234e-07
-2.43905e-06
3.40312e-07
2.09874e-06
2.25246e-06
1.06787e-06
1.48882e-06
2.25412e-06
-2.25412e-06
-7.86019e-07
2.70786e-09
1.69131e-06
-1.72378e-06
7.28267e-09
1.7165e-06
-2.25048e-06
-2.2535e-06
2.24937e-06
2.95899e-09
-2.2503e-06
4.69665e-11
2.24726e-06
-7.78217e-11
-2.25181e-06
-1.75747e-06
1.55372e-08
1.75365e-06
-1.47413e-06
-1.34459e-06
1.65014e-06
-2.25628e-06
1.82758e-06
-1.47331e-06
1.76098e-06
-1.46826e-06
1.81146e-06
-1.46846e-06
-2.52884e-09
2.25077e-06
-2.2598e-06
1.71912e-06
-1.69609e-06
-1.65439e-06
1.65489e-06
-2.24568e-06
-1.06247e-09
2.24675e-06
3.71847e-07
1.71182e-06
-4.66595e-09
-2.24914e-06
3.01467e-08
1.67988e-06
-1.08217e-06
8.30733e-07
2.51435e-07
-1.70229e-06
1.77088e-06
-1.4514e-06
1.78353e-06
-1.44589e-06
1.78418e-06
-1.47617e-06
1.70756e-06
2.01236e-08
-1.90863e-06
2.28211e-06
-2.18649e-06
-2.52563e-07
1.7109e-06
-1.7109e-06
1.51135e-06
-2.29627e-07
-1.04809e-06
8.21243e-07
1.48466e-06
2.99496e-07
2.24979e-06
2.22289e-09
2.2719e-06
-2.2564e-06
-1.55018e-08
-2.25046e-06
2.26958e-10
-2.2521e-06
2.24909e-06
-2.25092e-06
1.83765e-09
-1.70633e-06
2.08336e-08
-1.70473e-06
3.2414e-08
-1.70759e-06
-4.73415e-08
-1.69394e-06
-6.7608e-08
-1.75888e-06
3.37721e-08
-1.73311e-06
4.4112e-08
-1.72861e-06
4.08781e-08
-3.09614e-09
2.24834e-06
-2.24524e-06
-2.25212e-06
3.61394e-09
-4.8737e-09
2.2666e-06
2.24931e-06
-2.25202e-06
2.71032e-09
-2.04989e-06
3.89013e-07
-4.70191e-09
1.44089e-06
5.84368e-08
-1.80881e-06
1.75037e-06
-1.96294e-06
1.24932e-07
2.2532e-06
-2.25135e-06
-1.52235e-06
1.615e-06
1.3356e-09
-2.25278e-06
2.24665e-06
3.27601e-09
1.70634e-06
-1.70634e-06
-1.64575e-06
1.04723e-06
1.51285e-06
4.70525e-10
-2.24827e-06
-1.70274e-06
-1.01287e-08
-1.09789e-06
4.07331e-06
-2.97542e-06
-1.33362e-06
-1.64517e-06
2.97879e-06
-2.24801e-06
2.248e-06
6.89899e-12
1.71196e-06
-1.71073e-06
1.65976e-06
-1.6442e-06
-1.7046e-06
1.70492e-06
-3.2592e-10
1.569e-06
-1.53175e-06
5.79307e-07
-5.54676e-07
-2.46303e-08
-1.84259e-06
1.45617e-07
-3.15044e-07
1.67945e-06
-1.4862e-07
1.42398e-10
-1.96308e-06
2.24773e-06
6.01822e-10
-2.24937e-06
1.73653e-06
1.75822e-06
1.70509e-06
-1.21329e-06
1.05985e-06
-1.5497e-06
2.25121e-06
-2.25033e-06
-3.14937e-07
-1.46827e-06
-5.64477e-09
-2.31401e-06
2.65432e-06
1.43029e-06
3.13017e-07
-1.74331e-06
-2.91629e-06
2.25318e-06
1.70369e-06
-1.65747e-06
-2.24653e-06
-2.2484e-06
2.25135e-06
-2.94461e-09
1.78676e-06
1.5888e-06
-1.62216e-06
-1.46213e-06
1.71703e-06
-2.54898e-07
-9.85884e-09
2.23603e-06
2.24897e-06
-2.25077e-06
1.80404e-09
-4.53719e-09
-1.83785e-06
1.8443e-07
-1.69199e-06
-9.83926e-09
-1.07911e-09
-9.06726e-10
-8.29182e-10
-8.31344e-10
-1.07232e-09
-1.24433e-09
-8.94137e-10
-9.19492e-10
-1.08716e-09
1.78008e-09
2.25885e-06
1.30539e-08
-1.74581e-06
2.20136e-08
-1.70523e-06
1.68689e-06
-1.7312e-06
-2.25077e-06
2.25025e-06
-5.37865e-09
2.24995e-06
1.56345e-06
2.95833e-07
-4.07259e-08
1.76497e-06
-1.32627e-06
-1.74138e-06
2.08288e-08
3.55209e-07
-2.12847e-06
2.49034e-07
-1.48367e-06
1.23463e-06
2.61607e-07
-1.73954e-06
1.47793e-06
2.49888e-07
-1.68211e-06
1.43222e-06
4.23592e-07
-2.02481e-06
2.0801e-07
-1.59116e-06
1.38315e-06
6.45873e-07
-1.80488e-06
9.90223e-09
-1.73262e-06
3.1084e-07
-4.91611e-10
2.2538e-06
-1.66783e-06
3.1915e-07
-6.51823e-10
2.25359e-06
-2.25092e-06
-1.75953e-06
3.05224e-07
-2.25123e-06
7.47611e-10
2.25064e-06
-2.25004e-06
3.09536e-07
-1.76624e-06
-1.69169e-06
-1.69105e-06
-1.69207e-06
-1.68693e-06
-1.72535e-06
-1.72453e-06
-1.709e-06
1.94244e-06
-1.37137e-06
2.25157e-06
-2.25032e-06
1.70279e-06
4.4206e-07
-1.83427e-06
1.65783e-06
-1.66253e-06
-2.24642e-06
-3.62451e-07
1.68769e-06
-3.58863e-07
1.87459e-06
-1.90691e-08
-2.20693e-08
-2.69472e-08
-2.95969e-08
5.48838e-08
-1.81485e-06
4.87824e-08
-1.81486e-06
6.98595e-08
-1.8442e-06
-2.24512e-06
-2.24481e-06
8.20208e-11
2.24802e-06
2.35086e-09
2.24756e-06
-1.48136e-06
-1.71534e-06
9.77803e-09
-1.73605e-06
2.84385e-08
-1.74347e-06
2.76336e-08
-1.74053e-06
2.9862e-08
-1.7512e-06
2.23905e-08
-1.74484e-06
2.70464e-08
-1.74931e-06
1.72944e-08
1.71975e-06
4.54714e-08
-1.76522e-06
2.24805e-06
-2.2499e-06
3.91389e-09
2.24635e-06
-6.10637e-08
2.19971e-10
-1.74087e-06
-1.67374e-06
-2.25008e-06
1.6741e-09
2.2486e-06
2.74176e-09
5.58623e-09
1.70768e-06
-1.71327e-06
6.05509e-08
-5.94688e-08
1.65779e-06
2.07405e-06
-7.97643e-10
-1.65415e-06
-5.97772e-09
-1.67937e-06
-2.50979e-08
1.70447e-06
1.90867e-06
-3.45529e-08
2.24713e-06
-2.2534e-06
6.26632e-09
3.40581e-07
-1.29362e-06
-3.48717e-07
-1.77707e-06
-1.78666e-06
3.13711e-07
-1.6637e-06
3.09877e-07
1.06412e-06
2.40332e-07
-1.9249e-06
-5.29079e-09
1.44887e-06
3.23281e-07
-1.77215e-06
-1.77827e-06
2.4165e-07
1.53662e-06
1.42651e-06
3.10288e-07
1.47102e-06
3.13166e-07
1.47356e-06
3.09973e-07
1.36388e-06
3.1772e-07
1.45982e-06
3.11065e-07
1.45695e-06
3.03345e-07
1.4462e-06
3.07453e-07
3.103e-07
-1.78443e-06
-2.25241e-06
-1.27242e-09
-2.25367e-06
-3.40061e-09
-1.7036e-06
2.65404e-07
1.4382e-06
-1.43914e-06
-1.38358e-06
2.82273e-06
2.25062e-06
-2.01327e-09
-2.31591e-09
-2.24865e-06
2.25048e-06
-2.26476e-06
2.911e-08
2.23565e-06
-1.41279e-06
-2.05424e-07
2.25161e-06
-2.24938e-06
1.63702e-07
-2.47771e-06
1.40808e-06
3.00912e-07
1.6897e-06
1.59713e-06
2.57622e-07
1.76145e-06
-2.76785e-07
5.23297e-08
-1.61127e-06
1.55894e-06
-1.72291e-06
2.68837e-07
-1.75857e-06
1.48973e-06
-2.29588e-08
1.71218e-06
-3.10091e-08
1.70145e-06
4.77893e-08
1.70207e-06
4.33566e-08
1.67933e-06
3.74281e-08
1.7312e-06
-3.92559e-08
1.72859e-06
-3.80289e-08
1.71459e-06
4.5282e-09
1.66451e-06
-2.65622e-09
-1.70425e-06
1.22566e-08
1.91474e-08
2.25487e-06
-2.25349e-06
-1.70207e-06
1.41009e-08
9.9534e-09
1.44342e-06
-1.7402e-06
2.96777e-07
-1.4927e-06
1.65071e-06
-3.42349e-09
-1.99249e-06
2.68703e-07
1.59106e-06
2.30171e-07
2.24841e-06
-2.25026e-06
1.85549e-09
-2.2498e-06
2.2498e-06
1.76735e-06
-3.37057e-07
-1.72196e-06
3.0267e-08
-1.72989e-06
3.8843e-08
-1.72971e-06
3.76429e-08
-1.70919e-06
2.2256e-08
-1.75359e-06
2.82446e-08
-1.75564e-06
3.11049e-08
-1.73188e-06
2.28844e-08
-1.70999e-06
1.58383e-08
-4.27958e-09
-2.25642e-06
9.21974e-09
2.24795e-06
2.66338e-09
-2.26127e-06
1.67554e-06
-1.64074e-06
1.26747e-06
-3.13337e-07
1.68871e-06
1.39226e-08
-1.54268e-06
1.47731e-06
-1.67375e-06
2.25153e-06
1.56921e-06
-1.28314e-07
1.12481e-06
-1.52635e-06
-1.63436e-06
2.59397e-06
-2.43027e-06
1.47136e-06
-1.77184e-06
3.00483e-07
-1.76203e-06
3.10626e-07
2.24167e-06
-2.25153e-06
-1.75636e-06
3.10467e-07
-1.79099e-06
3.14816e-07
1.46327e-06
2.98176e-07
1.5038e-06
3.07658e-07
1.45348e-06
3.07493e-07
1.51451e-06
3.13074e-07
1.46456e-06
3.28628e-07
-2.49365e-06
2.2521e-06
-2.24938e-06
-2.20279e-07
1.7116e-06
2.24977e-06
-2.25025e-06
-7.32575e-07
3.59507e-09
-4.16112e-07
2.51485e-06
2.24688e-06
-2.24948e-06
2.60059e-09
-1.22718e-06
7.08509e-07
-1.5925e-06
-1.11392e-06
-3.86159e-08
2.28324e-06
3.1729e-07
-1.78556e-06
6.12835e-07
9.0406e-07
1.76051e-06
-1.67216e-06
-2.24711e-06
2.24401e-06
2.24973e-06
-2.2501e-06
-6.90446e-09
-2.25424e-06
2.25253e-06
-1.73621e-06
2.24826e-06
-1.37481e-09
-2.74825e-07
-8.82585e-07
-1.24588e-06
1.64376e-06
-1.72638e-06
-1.5278e-09
-1.602e-06
2.24984e-06
-2.24409e-06
-1.70173e-06
1.32695e-06
1.20793e-06
-1.65683e-06
1.59736e-06
1.70696e-06
-1.70776e-06
1.59996e-06
-1.59736e-06
-2.59709e-09
-1.66037e-06
1.65439e-06
1.62979e-06
-1.65489e-06
1.71051e-06
-1.70492e-06
-1.58365e-06
1.6442e-06
-1.71051e-06
1.71073e-06
-1.65468e-06
1.53175e-06
1.22929e-07
-1.68474e-06
-2.23891e-07
2.24785e-06
-2.24963e-06
1.78213e-09
1.47043e-06
3.16311e-07
4.47039e-09
-2.08394e-07
9.26338e-07
2.25195e-06
-2.24935e-06
-2.60596e-09
2.87122e-09
-2.25654e-06
-6.2687e-10
2.25342e-06
-2.25279e-06
2.24799e-06
-1.66698e-06
-1.95306e-06
1.9532e-06
-2.25256e-06
5.10304e-09
-1.79294e-06
4.04292e-07
1.73394e-06
-1.7612e-06
2.24956e-06
2.28751e-06
-2.23811e-06
-4.93952e-08
2.24922e-06
-2.24881e-06
-1.85405e-06
-1.38439e-07
-2.25596e-06
-1.63246e-06
-1.64149e-06
7.12681e-09
-2.58223e-07
1.66985e-06
2.38822e-07
2.24454e-06
-3.02878e-07
2.24941e-06
-5.54491e-10
-2.16806e-06
-2.76444e-09
2.26185e-06
1.65783e-06
1.7077e-06
1.64376e-06
1.71062e-06
1.65976e-06
1.68206e-06
-1.66253e-06
-1.58365e-06
1.71591e-06
1.71196e-06
1.76051e-06
-1.65468e-06
1.70672e-06
1.61804e-06
-1.71736e-06
1.569e-06
1.57445e-06
1.59996e-06
-1.70382e-06
1.62979e-06
1.70696e-06
1.39532e-06
-1.39532e-06
1.71021e-06
-2.25486e-06
-1.77381e-06
1.78109e-06
-1.4689e-06
1.78619e-06
2.24693e-06
-2.24958e-06
2.65422e-09
-6.9662e-08
-1.83151e-09
-1.74184e-06
5.63376e-09
-1.74336e-07
1.70124e-06
2.00677e-09
-2.23301e-06
2.231e-06
2.32898e-09
6.23787e-09
-2.22496e-06
9.15685e-10
2.22405e-06
1.00859e-07
-2.31938e-06
2.21852e-06
2.24535e-06
2.99379e-09
-2.24835e-06
2.24515e-06
3.11114e-09
-1.61219e-06
1.47202e-06
2.95333e-07
-2.23619e-06
-1.28752e-08
2.24906e-06
2.26269e-06
4.76527e-09
2.23214e-06
5.53691e-08
2.24845e-06
-2.24754e-06
-2.24977e-06
2.24642e-06
2.29242e-09
1.06817e-07
-2.05987e-06
-2.33649e-09
1.77815e-06
-1.45487e-06
1.72887e-06
-1.70267e-06
-2.61959e-08
2.04711e-06
-1.37857e-06
-6.68542e-07
1.93895e-06
-1.6973e-06
1.78281e-06
-1.47253e-06
1.78245e-06
-1.47161e-06
1.78394e-06
-1.47078e-06
1.78379e-06
-1.47382e-06
1.75114e-06
-1.43342e-06
1.7528e-06
-1.43365e-06
-1.82291e-07
-2.29542e-06
1.77599e-06
-1.46492e-06
1.77457e-06
-1.47123e-06
1.77777e-06
-1.47254e-06
1.77969e-06
-1.47224e-06
1.78139e-06
-1.47109e-06
-9.79959e-10
1.37845e-09
-2.23423e-06
2.23285e-06
-4.39258e-09
2.34773e-06
-4.41633e-08
-2.30357e-06
1.76025e-06
-1.43163e-06
1.78472e-06
-1.46991e-06
2.25475e-06
2.04706e-06
-1.4354e-06
-6.1166e-07
1.78434e-06
-1.47387e-06
1.77574e-06
-1.46512e-06
1.73506e-06
-1.46966e-06
1.78371e-06
-1.4736e-06
1.74395e-06
1.77305e-06
-1.47487e-06
2.24843e-06
-3.0785e-09
-1.82188e-06
1.5557e-06
2.66173e-07
-2.04635e-06
1.47557e-06
2.22275e-09
2.24681e-06
-2.24861e-06
1.80025e-09
2.59397e-06
-3.09498e-08
2.2898e-06
1.77617e-06
-1.47526e-06
-2.22269e-06
2.23465e-06
-4.21575e-09
-1.18051e-08
-2.25417e-06
6.79661e-10
-2.8508e-10
-2.2771e-06
2.37796e-06
-1.62386e-06
-1.67216e-06
-1.69311e-06
1.67322e-06
1.69594e-06
-2.09275e-06
2.38705e-07
1.78309e-06
-1.47321e-06
5.41339e-09
-3.028e-07
-2.24306e-06
-1.45547e-09
2.24452e-06
1.31338e-07
-1.72638e-06
-1.71153e-06
1.7189e-06
-7.3616e-09
1.98821e-06
-1.68837e-06
-4.10459e-08
-2.36878e-06
1.8049e-06
-2.00487e-07
1.7381e-06
2.24808e-06
-2.24667e-06
2.24926e-06
2.24797e-06
-2.24739e-06
-1.69203e-06
1.68882e-06
3.21492e-09
-1.60337e-06
-9.80419e-09
1.82443e-06
-1.52765e-06
1.74648e-06
3.97836e-09
-1.46925e-06
1.82792e-06
-1.51838e-06
-1.58128e-06
1.78734e-06
-1.47427e-06
1.78511e-06
-1.47762e-06
1.77535e-06
-1.4677e-06
1.78648e-06
-1.5014e-06
-1.71223e-06
1.73624e-06
-2.4011e-08
1.20763e-08
6.27841e-10
1.64015e-06
-2.88038e-08
1.80254e-06
-1.50205e-06
1.77603e-06
-1.47653e-06
-2.246e-06
2.24899e-06
-2.25954e-06
2.2623e-06
3.75724e-09
3.00584e-06
-2.65784e-06
1.66611e-06
-1.60122e-06
1.85246e-06
-1.87542e-06
1.67185e-06
-1.65101e-06
1.70057e-06
-1.67031e-06
1.83571e-06
-1.86672e-06
1.61072e-06
-1.5783e-06
1.69078e-06
-1.65194e-06
1.78438e-06
-1.7366e-06
2.03393e-06
-2.08128e-06
1.69747e-06
-1.65983e-06
1.78458e-06
-1.74122e-06
2.02055e-06
-2.08816e-06
1.61248e-06
-1.59022e-06
1.64026e-06
-1.60283e-06
1.73614e-06
-1.70237e-06
1.823e-06
-1.79476e-06
1.95997e-06
-1.99923e-06
1.6773e-06
-1.63319e-06
1.81794e-06
-1.78683e-06
1.95038e-06
-1.98841e-06
1.67127e-06
-1.63039e-06
1.7917e-06
-1.76881e-06
1.81675e-06
-1.81222e-06
1.7579e-06
-1.73875e-06
1.77787e-06
-1.76203e-06
1.79749e-06
-1.80015e-06
1.7374e-06
-1.73322e-06
1.70499e-06
-1.69265e-06
1.70244e-06
-1.69018e-06
-3.20136e-09
1.70148e-06
-1.68756e-06
-2.24699e-06
-1.86557e-10
1.70115e-06
-1.68705e-06
2.2486e-06
-2.24631e-06
1.70113e-06
-1.68464e-06
1.69812e-06
-1.68817e-06
2.34773e-06
2.70497e-09
1.69876e-06
-1.69015e-06
-2.24708e-06
-6.32292e-09
-2.24721e-06
2.24721e-06
-2.25945e-06
1.23707e-08
-1.70654e-06
1.7021e-06
-1.68712e-06
2.24847e-06
-1.98594e-06
-8.72384e-08
2.37452e-09
2.24682e-06
-2.24639e-06
-2.32126e-06
2.27966e-06
-2.2666e-06
-2.22922e-06
-3.02267e-08
1.81476e-06
1.70055e-06
-1.69133e-06
6.37256e-09
-1.25086e-08
-1.09014e-08
1.7941e-06
-1.49827e-06
1.06814e-08
-2.24594e-06
2.24854e-06
1.82915e-06
-1.51996e-06
1.69358e-06
-1.69643e-06
2.25337e-06
-2.25426e-06
-2.27286e-06
-6.43424e-07
-2.24642e-06
2.24635e-06
-2.43027e-06
2.25562e-06
1.6247e-06
2.84667e-07
-2.29422e-06
2.31315e-06
6.68608e-07
1.10006e-06
2.65784e-06
-2.44631e-06
2.27966e-06
2.00947e-09
1.42601e-09
-2.25569e-06
5.42686e-09
2.25025e-06
2.24492e-06
3.4153e-09
-2.31315e-06
2.37345e-06
-8.69943e-10
2.24539e-06
3.03898e-09
1.70334e-06
-1.69253e-06
-1.50257e-07
-2.29422e-06
1.10344e-09
-2.22977e-06
2.22866e-06
2.28593e-06
-2.26144e-06
-2.26906e-06
-2.28593e-06
1.79007e-06
-1.47243e-06
2.25681e-06
-8.48361e-09
-3.85356e-09
2.26067e-06
-2.25841e-06
2.94465e-07
-2.25269e-06
2.25236e-06
2.37345e-06
2.44631e-06
2.25269e-06
-2.25605e-06
-2.26589e-06
-7.30069e-09
1.27102e-08
-2.2489e-06
-2.26084e-06
2.25283e-06
2.25236e-06
-2.25289e-06
-2.26397e-06
2.26144e-06
-2.24604e-06
2.24878e-06
2.24608e-06
2.26397e-06
2.25624e-06
-2.25605e-06
-2.26335e-06
-1.33173e-08
2.27126e-06
-2.24744e-06
2.24877e-06
2.05111e-09
-2.25082e-06
2.8208e-09
2.25341e-06
2.25909e-06
-4.69436e-09
-2.27126e-06
2.26335e-06
2.24825e-06
5.14663e-10
2.25486e-06
2.25033e-06
-2.24744e-06
-2.26075e-06
3.68814e-09
-2.24893e-06
2.79672e-09
-2.2488e-06
-2.26945e-06
2.2516e-06
-2.86031e-09
2.23488e-06
-2.23202e-06
2.2499e-06
4.29084e-10
2.24753e-06
2.75251e-09
-2.24869e-06
2.24873e-06
-1.19512e-09
2.56513e-09
-1.54705e-09
2.24943e-06
-2.24789e-06
2.24874e-06
-1.29049e-11
-2.24828e-06
2.24533e-06
2.24619e-06
-2.24739e-06
3.12669e-09
-1.75311e-10
2.23155e-06
-2.23137e-06
2.24979e-06
-2.25203e-06
-9.86057e-10
2.24973e-06
-2.2488e-06
2.24777e-06
-3.26706e-09
2.24764e-06
-2.24437e-06
-2.25107e-06
-2.24574e-06
2.24735e-06
-1.60193e-09
2.25007e-06
3.54701e-09
1.95293e-09
2.25116e-06
-1.0837e-09
2.24715e-06
-2.25367e-06
2.25371e-06
-2.24556e-06
2.24734e-06
2.24668e-06
-2.2487e-06
2.95612e-09
2.24638e-06
-2.24622e-06
2.24638e-06
-2.24493e-06
2.25038e-06
2.9742e-09
2.2443e-06
-2.24608e-06
-1.69624e-09
2.24885e-06
-2.24869e-06
2.25006e-06
-1.26009e-09
2.2449e-06
-2.24599e-06
2.24777e-06
-2.24623e-06
2.24623e-06
-2.24628e-06
1.42362e-09
2.24468e-06
-2.24676e-06
2.75191e-09
-9.33747e-10
2.2491e-06
-1.32765e-09
2.24557e-06
-2.24649e-06
2.90823e-09
2.24529e-06
-2.24703e-06
2.24712e-06
-1.18139e-09
2.24586e-06
-2.24676e-06
2.24873e-06
-1.30665e-09
4.97818e-09
2.24546e-06
-2.24721e-06
2.24852e-06
-1.40095e-09
2.24608e-06
-2.24732e-06
2.25008e-06
-1.18332e-09
-1.20406e-09
2.24761e-06
2.24602e-06
-2.24776e-06
-2.24868e-06
2.24752e-06
2.24674e-06
-2.24782e-06
-1.16536e-09
-1.29526e-09
1.99759e-09
2.24635e-06
-2.24835e-06
6.20855e-09
2.24728e-06
-2.24925e-06
2.2489e-06
-1.28229e-09
2.247e-06
-2.24814e-06
2.24731e-06
4.78482e-09
-2.24863e-06
2.24674e-06
-1.12862e-09
-1.30224e-09
-2.24838e-06
2.24755e-06
-2.2441e-06
2.2441e-06
-2.24475e-06
-1.98627e-11
2.24872e-06
-2.2487e-06
-1.37879e-09
6.38933e-09
-1.01808e-09
-5.3903e-10
2.24624e-06
-3.23004e-11
-1.08303e-09
-1.4043e-09
-1.93843e-09
-5.65439e-09
2.24839e-06
-2.24274e-06
-2.26002e-06
-2.2415e-06
2.2415e-06
-2.24256e-06
-2.24762e-06
2.24703e-06
5.90322e-10
6.91576e-09
-3.1718e-10
-2.25035e-06
2.72898e-09
2.2389e-06
-2.24036e-06
2.2389e-06
4.29055e-09
-2.24939e-06
1.25548e-09
3.5537e-09
2.24386e-06
-2.24239e-06
-1.47223e-09
2.24386e-06
-2.24358e-06
2.24451e-06
-9.29529e-10
2.24358e-06
2.78005e-10
-2.24239e-06
-2.24291e-06
5.26085e-10
2.25049e-06
-2.2465e-06
2.25049e-06
-2.97542e-06
2.2527e-06
-2.24663e-06
-2.24645e-06
2.24645e-06
2.2691e-06
-2.24704e-06
2.2527e-06
2.2691e-06
-2.24614e-06
2.24614e-06
2.24629e-06
-2.24629e-06
2.24704e-06
-2.28201e-06
-2.24696e-06
2.24642e-06
-2.24642e-06
-2.2462e-06
2.2462e-06
-2.24036e-06
2.22621e-06
-2.22621e-06
2.24451e-06
2.24366e-06
-2.24366e-06
2.24635e-06
2.24656e-06
-2.24656e-06
-2.26554e-06
-2.24624e-06
2.24624e-06
-2.26075e-06
-2.24628e-06
-2.24256e-06
-2.24475e-06
2.24127e-06
-2.24127e-06
2.24997e-06
-2.24997e-06
-2.24627e-06
2.24627e-06
-2.24618e-06
2.24618e-06
-2.30357e-06
-2.2598e-06
-2.24624e-06
2.24624e-06
-2.24291e-06
-2.24663e-06
2.2465e-06
-2.2503e-06
-2.24622e-06
2.24611e-06
-2.24611e-06
-2.24598e-06
2.24598e-06
2.25259e-06
-2.24891e-06
-2.25259e-06
2.24891e-06
-2.2503e-06
-2.42211e-09
3.93241e-09
-2.24827e-06
-2.24667e-06
2.24964e-06
-2.06867e-09
2.25384e-06
-2.27763e-09
-2.25156e-06
-2.2466e-06
2.25015e-06
2.25142e-06
2.25535e-06
-2.24951e-06
2.84172e-09
2.2534e-06
3.03874e-09
-2.24381e-06
2.247e-06
2.25529e-06
6.3455e-09
2.25323e-06
1.79423e-09
-1.73445e-09
-2.24074e-06
2.24199e-06
2.25502e-06
2.25319e-06
-2.24012e-06
2.24284e-06
6.25976e-09
2.25473e-06
2.253e-06
-1.87837e-09
2.23392e-06
-2.23204e-06
2.25248e-06
5.22679e-10
3.48949e-09
-2.25484e-06
2.25068e-06
-2.24243e-06
2.24672e-06
-3.15078e-10
4.09831e-10
2.25417e-06
-2.24013e-06
2.24704e-06
2.25386e-06
-2.24533e-06
2.24717e-06
6.59919e-09
2.86956e-09
2.25517e-06
-1.71399e-09
2.23738e-06
-2.23567e-06
2.25723e-06
2.2601e-06
-2.24736e-06
2.24627e-06
2.25159e-06
-6.55696e-09
2.25313e-06
-2.24716e-06
2.24685e-06
2.25409e-06
8.5244e-12
8.86285e-10
-2.24085e-06
2.24724e-06
2.24754e-06
-2.24539e-06
2.2475e-06
5.99155e-09
2.24842e-06
-1.85737e-09
2.24045e-06
-2.23859e-06
-2.24765e-06
2.24571e-06
2.25125e-06
-2.82937e-09
-5.90545e-09
2.25239e-06
2.19858e-09
2.25314e-06
2.25084e-06
-2.24708e-06
2.24704e-06
2.25304e-06
4.20124e-10
2.24713e-06
-2.24139e-06
2.2476e-06
-2.24766e-06
2.24665e-06
2.24787e-06
-2.24497e-06
2.24842e-06
5.65124e-09
2.23147e-09
-2.6326e-09
2.24424e-06
-2.24161e-06
2.25014e-06
-2.26665e-09
2.25237e-06
-4.25009e-09
2.25033e-06
-2.24796e-06
2.24683e-06
-2.17827e-09
-2.24523e-06
2.25001e-06
2.25262e-06
3.18885e-09
2.003e-09
2.24837e-06
-2.24777e-06
2.25118e-06
2.8716e-09
2.68792e-09
-2.2476e-06
2.25038e-06
-2.23811e-09
2.24736e-06
-2.24512e-06
2.24638e-06
-2.24826e-06
2.2471e-06
-2.24664e-06
-2.24955e-06
2.2446e-06
2.24822e-06
9.18061e-10
1.63237e-09
2.24514e-06
3.08113e-09
-2.24198e-06
2.24696e-06
-2.24406e-06
2.24695e-06
2.24606e-06
-2.625e-09
2.2484e-06
-2.24578e-06
2.24875e-06
-2.24449e-06
2.2474e-06
-2.24847e-06
2.24729e-06
2.90113e-09
1.67832e-09
2.25055e-06
2.2488e-06
2.4595e-09
2.25048e-06
-2.24462e-06
2.24743e-06
2.2483e-06
-2.22557e-09
2.24982e-06
-2.24736e-06
2.25016e-06
-2.24861e-06
2.24742e-06
2.77954e-09
-2.24528e-06
2.24803e-06
1.77993e-09
2.24828e-06
-2.24591e-06
2.24864e-06
-2.11031e-09
2.15337e-09
2.24918e-06
-2.24703e-06
2.25006e-06
2.24783e-06
2.12009e-09
-2.24531e-06
2.24673e-06
-2.24831e-06
1.68543e-09
2.24961e-06
-2.24924e-06
-2.24442e-06
2.24738e-06
2.24774e-06
3.33496e-09
2.24943e-06
2.24732e-06
-2.2523e-06
2.25345e-06
-1.14956e-09
5.70966e-10
2.24625e-06
2.31325e-09
2.24834e-06
-2.24603e-06
2.24912e-06
-2.2374e-06
2.24385e-06
-6.4449e-09
2.24766e-06
-2.2444e-06
2.24737e-06
-9.15947e-10
2.9801e-09
2.24532e-06
-2.24819e-06
2.8723e-09
2.24824e-06
-2.24477e-06
2.24832e-06
-2.24685e-06
2.24294e-06
3.9109e-09
2.24732e-06
-2.24624e-06
2.24895e-06
-2.26059e-06
2.26041e-06
2.60038e-09
-3.23552e-09
-2.23417e-06
2.24873e-06
-1.40574e-09
-2.07978e-09
-2.24531e-06
2.13742e-09
2.2453e-06
-2.24744e-06
2.24801e-06
-6.98533e-09
2.24803e-06
-3.11163e-09
2.25091e-06
-2.90347e-09
5.19397e-10
-2.24737e-06
2.24664e-06
-3.30444e-09
2.25085e-06
-2.24504e-06
-3.23658e-09
-2.24634e-06
2.24829e-06
-2.2531e-06
2.24487e-06
8.23211e-09
2.24878e-06
-2.24963e-06
2.24424e-06
5.38969e-09
-3.15284e-09
2.2461e-06
-2.24727e-06
2.24496e-06
2.3178e-09
-2.24636e-06
2.24949e-06
2.24547e-06
-1.94749e-09
2.24728e-06
-3.9899e-09
2.24846e-06
-1.93503e-09
2.24599e-06
-2.24676e-06
2.24941e-06
-2.07167e-09
2.2462e-06
-2.02652e-10
2.24304e-06
2.24238e-06
2.23808e-06
4.29893e-09
-2.2476e-06
2.25017e-06
2.23409e-06
-2.24742e-06
2.25017e-06
-2.75339e-09
-2.24718e-06
2.24772e-06
-5.43398e-10
-1.81261e-09
-2.25435e-06
2.2506e-06
3.75078e-09
2.24087e-06
-6.7785e-09
9.18884e-09
2.21948e-06
-2.22866e-06
-2.24825e-06
2.251e-06
-2.24595e-06
2.24264e-06
3.31182e-09
-2.24959e-06
2.95054e-09
2.24806e-06
-2.25558e-06
7.52023e-09
2.23764e-06
-3.27507e-09
-2.2439e-06
2.24717e-06
2.26995e-06
1.92507e-09
-1.14367e-09
-2.24456e-06
2.24571e-06
2.24682e-06
-2.24617e-06
2.24474e-06
1.42441e-09
2.24488e-06
-2.25139e-06
2.24853e-06
-2.24825e-06
2.25111e-06
-2.85423e-09
2.24605e-06
-1.16867e-09
-2.57651e-09
-2.24275e-06
2.24533e-06
2.24522e-06
8.23314e-10
-2.24915e-06
2.25195e-06
-2.24905e-06
2.25215e-06
-3.10225e-09
-2.24639e-06
2.24314e-06
3.25632e-09
2.24265e-06
2.22753e-06
-8.05705e-09
-1.95855e-09
-7.04856e-09
2.2415e-06
2.24597e-06
-2.30017e-09
-2.24983e-06
2.25352e-06
2.22636e-06
2.23757e-06
3.93461e-09
-1.63843e-08
-2.24127e-06
-1.64586e-09
-2.24127e-06
-2.23213e-06
2.23213e-06
-5.91405e-09
2.2348e-06
2.76957e-09
2.32365e-09
8.62599e-09
2.22203e-06
-2.23066e-06
-2.24613e-06
2.24329e-06
2.84115e-09
-2.24954e-06
2.25296e-06
-2.24415e-06
-2.01389e-09
-1.5223e-09
2.24585e-06
-2.24432e-06
1.68789e-06
-2.24614e-06
2.24299e-06
3.15117e-09
-2.24649e-06
2.24344e-06
3.05733e-09
2.24121e-06
-6.40898e-09
2.23793e-06
-2.25424e-06
2.24656e-06
-2.24462e-06
2.24558e-06
-9.627e-10
5.2326e-10
-2.0873e-09
2.24683e-06
2.24461e-06
1.94308e-09
-2.24157e-06
2.24157e-06
1.96455e-09
-2.24693e-06
2.24497e-06
-2.24662e-06
2.24682e-06
-2.20055e-09
8.34414e-09
2.27332e-06
-2.25394e-06
2.25737e-06
-3.42454e-09
2.24529e-06
-2.24566e-06
2.24308e-06
2.57667e-09
-2.24949e-06
2.86424e-09
2.24726e-06
2.25449e-06
1.69376e-09
2.24653e-06
-2.24434e-06
-2.18792e-09
2.24896e-06
-2.25141e-06
2.44738e-09
-9.44143e-09
2.9831e-10
2.24524e-06
-8.36541e-09
2.23512e-06
-1.30823e-08
-2.25414e-06
2.25921e-06
-5.06901e-09
-2.24337e-06
2.24165e-06
1.71928e-09
2.23292e-06
2.24711e-06
-1.86557e-09
2.01462e-09
-2.24699e-06
2.24498e-06
-1.40183e-08
2.2442e-06
2.3309e-09
-2.24528e-06
2.24335e-06
1.92602e-09
2.24502e-06
2.24603e-06
-2.24414e-06
2.24565e-06
-1.51361e-09
2.24701e-06
-2.03643e-09
-2.24311e-06
2.2457e-06
-2.59508e-09
-1.50663e-08
2.2845e-06
-2.24166e-06
-2.7401e-08
2.24704e-06
2.24484e-06
1.95808e-09
-2.24679e-06
2.24514e-06
-2.24372e-06
2.23775e-06
5.96817e-09
2.48792e-09
6.22222e-07
1.66251e-06
-2.28473e-06
-2.24063e-06
-3.09142e-09
-1.85184e-09
2.24485e-06
-1.89744e-06
-2.28555e-09
2.24648e-06
2.24659e-06
-1.7561e-09
-2.24498e-06
2.24508e-06
-1.02052e-10
-1.47178e-06
2.24681e-06
1.9625e-09
2.24463e-06
-2.25479e-06
2.25953e-06
-4.73838e-09
-1.1211e-11
-9.13691e-09
-2.05733e-06
-2.74317e-07
2.24452e-06
-2.25599e-06
2.26473e-06
-8.73914e-09
-2.25573e-06
2.2587e-06
-2.96727e-09
-2.25348e-06
2.24648e-06
2.24961e-06
2.24961e-06
2.25592e-06
-2.25592e-06
-2.25143e-06
-1.81657e-09
2.25583e-06
-2.24594e-06
2.82822e-09
2.24503e-06
-2.23835e-06
-6.68236e-09
4.16082e-09
-2.25408e-06
1.85059e-09
-2.24533e-06
2.24348e-06
2.24397e-06
2.51451e-09
-3.33079e-09
-2.24467e-06
2.24754e-06
-2.86976e-09
-2.24284e-06
2.24959e-06
-6.74314e-09
2.24342e-06
3.06141e-09
-8.25357e-08
2.24596e-06
-1.98789e-09
8.99307e-09
2.24866e-06
-2.24866e-06
2.24732e-06
-2.24594e-06
5.07245e-09
-2.25181e-06
2.26046e-06
-8.65475e-09
-1.77765e-06
-2.2428e-06
2.25717e-06
-1.43671e-08
2.24248e-06
1.53172e-09
-2.24401e-06
2.24336e-06
-2.25389e-06
1.10567e-09
2.24187e-06
6.07686e-10
2.24604e-06
-1.40742e-09
-4.2065e-09
2.24196e-06
2.24521e-06
-2.24405e-06
-1.27942e-09
2.24665e-06
-2.24665e-06
-2.25562e-06
2.26833e-06
2.25917e-06
8.33556e-09
-2.26209e-06
2.24212e-06
1.70076e-06
-1.69716e-06
2.24952e-06
-2.24821e-06
2.26185e-06
2.2631e-06
-2.28494e-09
-2.26082e-06
1.70766e-06
-4.84741e-09
2.24727e-06
-2.24934e-06
2.0642e-09
7.33119e-10
2.24114e-06
1.7105e-06
-6.78347e-07
-8.03008e-07
-2.39087e-08
6.78882e-09
2.24365e-06
-2.2582e-06
2.24879e-06
-2.25672e-06
2.27857e-06
-2.18528e-08
2.24707e-06
2.84911e-07
-2.34224e-06
-5.32232e-10
2.23945e-06
-4.42965e-09
2.23021e-06
-2.22578e-06
-2.24443e-06
-5.89529e-08
-1.02554e-06
1.0845e-06
1.40965e-06
-1.63927e-06
2.24018e-06
2.23656e-06
3.62114e-09
1.71825e-06
2.24527e-06
-2.24609e-06
2.22514e-06
-2.22377e-06
1.83568e-10
-2.61544e-09
-2.23349e-06
2.23611e-06
2.23586e-06
6.96862e-10
3.08824e-07
2.73996e-07
3.44439e-07
5.60384e-07
3.11034e-07
3.09925e-07
3.12334e-07
3.10483e-07
6.29505e-08
2.82872e-07
3.19384e-07
3.42335e-07
-2.25601e-06
3.13944e-07
3.0611e-07
3.06543e-07
3.07149e-07
3.10522e-07
3.09146e-07
-2.24613e-06
-7.94749e-09
3.10822e-07
3.12619e-07
2.23292e-06
2.93725e-09
3.63505e-07
-2.23402e-06
2.26172e-06
-2.76955e-08
2.99664e-07
3.5294e-09
-2.25461e-06
3.03387e-07
-2.24475e-06
3.24267e-10
2.2384e-06
2.73455e-09
-2.21952e-06
2.23039e-06
2.23031e-06
2.24551e-06
-2.24551e-06
-2.30307e-06
2.05051e-06
3.96291e-07
-2.23631e-06
2.28333e-06
-4.70159e-08
3.17435e-07
3.11238e-07
3.10238e-07
3.12878e-07
3.00074e-07
-2.24644e-06
2.2391e-06
1.76961e-06
-1.47428e-06
-2.5409e-08
2.22588e-06
-2.25342e-06
-3.12573e-09
-5.34032e-07
5.6094e-09
2.24923e-06
-2.16154e-09
2.20279e-06
-6.23888e-09
-2.19655e-06
3.07832e-07
-2.23642e-06
3.01156e-07
-2.25276e-06
-3.20475e-09
-1.71608e-09
-2.25009e-06
1.8785e-09
-2.16649e-06
-7.32551e-09
2.17381e-06
2.24568e-06
-2.23476e-06
-1.26774e-08
-2.24595e-06
-1.2466e-08
-2.20986e-06
2.22233e-06
-2.24265e-06
6.22694e-09
2.21966e-06
6.21763e-09
-2.25488e-06
-2.25444e-06
1.65905e-09
-2.05526e-06
5.05555e-07
2.21431e-06
5.35574e-09
2.25976e-06
-2.26164e-06
2.20184e-06
2.21409e-06
1.61203e-08
-3.82556e-07
3.51219e-07
-2.19808e-06
2.32045e-06
-1.22371e-07
2.24581e-06
3.62965e-08
2.2222e-06
2.24629e-06
-2.24488e-06
-2.24656e-06
-2.05132e-06
8.82328e-08
2.1956e-06
2.29739e-06
-7.51923e-08
-2.24655e-06
-2.2471e-06
2.24433e-06
-2.24884e-06
2.22406e-06
1.2043e-08
-2.21944e-06
2.2895e-08
-3.78931e-08
-2.1455e-06
2.18339e-06
1.61293e-06
-2.23724e-06
2.23724e-06
-2.25781e-06
1.7156e-06
1.68828e-06
-1.70045e-06
3.03907e-07
-1.75944e-06
1.75528e-06
-1.75528e-06
-1.71083e-07
-2.0529e-06
2.22398e-06
-9.93101e-08
2.23028e-06
2.51242e-07
-2.03573e-07
4.95617e-08
1.65407e-07
-2.56004e-07
1.12477e-07
1.32446e-07
-3.83802e-07
1.24744e-07
-4.75679e-07
5.0039e-08
1.20636e-07
-3.21922e-07
1.84743e-07
-3.17138e-07
1.61306e-07
-8.28332e-09
-2.05159e-06
3.91161e-08
-2.82283e-08
2.17326e-06
2.2342e-08
9.78465e-09
2.24849e-06
-2.68001e-09
1.13048e-08
1.35909e-08
1.40761e-08
-2.24873e-06
-1.11667e-10
2.04206e-08
1.34778e-08
2.24589e-06
-2.24421e-06
2.24421e-06
-3.81456e-07
1.05909e-08
-2.23767e-06
-1.69561e-06
-2.0596e-06
-2.25321e-06
1.19451e-08
2.23652e-06
-2.23542e-06
1.55316e-06
-1.55316e-06
-6.12615e-09
-2.25108e-06
2.2535e-06
-2.41655e-09
2.16593e-06
2.24342e-06
2.18508e-06
3.72484e-08
2.12072e-06
5.3091e-08
-2.15702e-06
1.343e-08
-2.11991e-06
6.03083e-08
2.2441e-06
2.15286e-06
-2.24604e-06
1.61939e-06
-4.42548e-07
2.12804e-06
8.1312e-09
-1.98867e-06
2.87122e-07
2.24695e-06
-2.24641e-06
2.25002e-09
2.24702e-06
-3.60148e-09
1.89384e-07
-2.24228e-06
-2.66419e-07
2.20742e-06
1.90004e-06
-2.31616e-06
6.19182e-08
-1.87143e-06
-2.26101e-06
6.64507e-08
2.24535e-06
-2.26107e-06
2.25638e-06
1.1857e-07
-2.37495e-06
-2.12885e-06
7.72629e-08
1.99199e-06
-2.14318e-06
1.51188e-07
2.22819e-06
-2.22819e-06
-1.83501e-06
6.90427e-09
-2.24395e-06
-2.07976e-06
-1.86374e-06
2.24551e-06
2.24578e-06
-2.24578e-06
7.27327e-09
2.08023e-06
2.08287e-06
1.00521e-07
2.16486e-07
1.22292e-07
-4.96002e-07
2.23186e-06
7.82464e-09
-2.23968e-06
1.69685e-06
-1.69733e-06
2.2348e-06
1.7425e-06
2.25807e-06
-2.25542e-06
1.62659e-06
-1.62659e-06
-2.25141e-06
2.24796e-06
-2.24664e-06
8.234e-09
-2.19453e-06
1.14777e-07
-1.94966e-06
2.18837e-06
-1.6422e-06
1.6422e-06
-1.33646e-06
1.33646e-06
1.72133e-06
-1.69481e-06
-1.41751e-06
1.41751e-06
1.81989e-06
-1.81989e-06
-1.54308e-06
-1.6527e-06
1.6527e-06
1.78196e-06
-1.62001e-06
1.62001e-06
-1.59021e-06
1.59021e-06
-1.57002e-06
1.57002e-06
1.86945e-06
-1.86945e-06
1.48003e-06
1.74516e-06
-1.74516e-06
1.74954e-06
1.80712e-06
-1.80712e-06
1.77658e-06
1.74633e-06
-1.60647e-06
1.60647e-06
-1.86082e-06
-1.66962e-06
-1.59239e-06
1.8185e-06
-1.8185e-06
1.6329e-06
-1.6329e-06
1.78998e-06
1.74035e-06
1.76217e-06
1.80487e-06
2.24412e-06
-2.24282e-06
1.76329e-06
-1.45028e-06
2.24882e-06
-3.31427e-09
-2.29735e-06
4.75898e-08
2.24976e-06
2.24408e-06
2.251e-06
-2.00767e-09
2.12751e-06
-2.24988e-06
2.25201e-06
-1.76813e-06
-2.25333e-06
-2.25589e-06
2.24195e-06
-2.24195e-06
2.95244e-07
2.22269e-06
-2.22068e-06
-6.24251e-09
-1.66548e-06
1.67172e-06
2.24424e-06
2.22378e-06
-2.22378e-06
2.2537e-06
-2.25429e-06
-2.24833e-06
-2.24256e-06
2.22968e-06
-2.25119e-06
2.46464e-09
-1.65232e-06
1.5015e-06
2.24471e-06
-2.24471e-06
-1.7812e-06
3.11949e-07
-1.82991e-06
-1.78407e-06
3.09801e-07
-1.79226e-06
3.14638e-07
-1.77551e-06
3.07818e-07
-1.81788e-06
3.16486e-07
2.24814e-06
-4.0568e-09
-2.25014e-06
7.88589e-07
-2.14144e-06
-1.77775e-06
3.01219e-07
-1.73107e-06
-8.882e-09
2.2394e-06
1.4733e-06
4.54455e-07
-1.92776e-06
-1.64001e-06
1.50764e-06
5.78847e-07
-2.05985e-06
1.481e-06
1.72667e-06
-1.79363e-06
-2.24079e-06
2.25844e-06
-1.76471e-08
2.24593e-06
-2.24464e-06
-2.25627e-06
-1.53851e-09
2.2586e-06
-2.26259e-06
2.0752e-06
-1.07326e-06
-1.00194e-06
-1.4632e-06
1.78064e-06
-1.46017e-06
1.77041e-06
-3.19634e-07
2.24462e-06
-5.21889e-09
-1.78853e-06
-2.24284e-06
-1.68909e-06
2.89017e-07
-1.00265e-07
-1.51571e-06
-2.26261e-06
2.24165e-06
-4.06274e-07
-2.24575e-06
4.18825e-07
2.24907e-06
-7.41603e-09
-1.47358e-06
1.58803e-06
2.24353e-06
-2.24353e-06
-1.76113e-06
-2.79947e-07
-1.34506e-06
-1.44389e-09
2.25782e-06
2.24041e-06
2.24571e-06
-2.25127e-06
-2.17545e-06
-7.44301e-08
-3.92315e-08
-1.75484e-06
1.75397e-06
-1.47237e-06
1.61709e-06
-1.27265e-06
-1.51888e-06
-1.3549e-06
1.66723e-06
-1.47358e-06
-2.03941e-06
1.21529e-06
8.24118e-07
-1.50938e-06
-1.36298e-06
1.70532e-06
-1.4694e-06
1.72764e-06
-1.42049e-06
1.78036e-06
-1.46774e-06
-1.45438e-06
-5.89642e-09
-2.23732e-06
2.24322e-06
1.68414e-06
-1.69595e-06
-1.38326e-06
1.68664e-06
1.95191e-06
-1.41748e-06
1.72872e-06
2.23606e-06
-2.17878e-06
2.24493e-06
-2.24373e-06
-2.25064e-06
-3.59291e-09
-1.47767e-06
1.70972e-06
4.12562e-07
1.46927e-06
2.49274e-07
-1.71854e-06
1.49098e-06
1.75838e-07
-1.66682e-06
1.47742e-06
1.2948e-07
-1.6069e-06
1.47659e-06
5.43424e-07
-2.02001e-06
1.47916e-06
2.86553e-07
-1.76572e-06
2.24259e-06
2.1388e-06
9.02125e-09
1.61458e-06
-1.71485e-06
-3.84687e-07
2.24765e-06
-2.22721e-06
-2.04386e-08
-3.06766e-07
2.03343e-06
2.24071e-06
-2.24071e-06
-2.25264e-06
-1.42542e-06
1.47498e-06
1.82859e-06
-1.71611e-06
-1.73246e-06
-1.81695e-06
1.76455e-06
1.7722e-06
8.56115e-09
-2.2568e-06
2.23504e-06
-2.23645e-06
1.41888e-09
-1.77975e-06
5.47045e-10
-2.25388e-06
2.21995e-06
1.70078e-06
-1.68948e-06
-2.15282e-06
1.70709e-06
-1.69302e-06
1.48101e-06
2.215e-06
-2.24523e-06
2.25369e-06
-2.25203e-06
-2.23473e-06
2.24402e-06
1.70811e-06
-1.69617e-06
2.24388e-06
-2.24377e-06
2.24377e-06
-2.20347e-06
-4.71646e-08
2.77419e-07
-1.77569e-06
2.24231e-06
-2.25049e-06
-2.21587e-06
1.78722e-06
1.77708e-06
1.80746e-06
2.25809e-06
-2.2592e-06
2.40284e-07
1.73848e-06
-1.338e-06
1.79245e-06
-1.24958e-06
1.82843e-06
1.78038e-06
1.79301e-06
-1.47838e-06
2.24186e-06
1.50832e-06
1.74165e-07
-1.68248e-06
1.70954e-06
-1.70264e-06
2.24402e-06
-2.24271e-06
6.58204e-09
2.08867e-09
-2.28238e-06
2.13212e-06
2.24489e-06
-2.51204e-09
-1.10704e-06
2.27685e-06
2.24435e-06
-2.25411e-06
-1.77362e-09
-1.38433e-06
-1.6028e-06
1.16383e-07
-1.63874e-06
-1.50708e-06
-2.23738e-06
2.24272e-06
-2.24272e-06
2.24167e-06
2.24135e-06
-2.24135e-06
-3.2402e-07
1.83166e-06
-3.16912e-07
1.79791e-06
-1.74568e-06
3.45651e-07
2.25565e-06
-5.89314e-09
-2.17706e-06
-1.05318e-07
-2.17958e-06
-8.07777e-09
-2.22169e-06
2.244e-06
2.25073e-06
7.70937e-09
-2.22674e-06
2.2431e-06
-2.24184e-06
1.4432e-06
-1.31831e-08
-1.48045e-06
3.75531e-07
-1.58696e-06
2.24039e-06
-2.25071e-06
2.20131e-06
-1.47362e-06
1.77477e-06
-1.70352e-06
1.64246e-06
1.70854e-06
-1.71213e-06
6.49049e-07
-6.49049e-07
-1.684e-06
1.99794e-06
1.77137e-07
-1.35305e-06
1.66357e-06
-1.41258e-06
1.72341e-06
-1.46898e-06
1.74298e-06
-1.41563e-06
1.72217e-06
-1.42503e-06
1.73418e-06
1.65143e-06
-1.35176e-06
-3.05381e-08
1.77282e-06
-1.46499e-06
-2.23369e-06
-3.6979e-09
2.2363e-06
-3.94126e-10
-2.25282e-06
2.24346e-06
2.24269e-06
-2.24546e-06
1.06749e-06
-1.06749e-06
1.66051e-06
-1.69506e-06
-2.20385e-06
-1.74461e-09
-2.25254e-06
-2.2643e-06
2.24014e-06
-2.2384e-06
2.24297e-06
-1.2201e-06
1.6062e-07
-1.6062e-07
-2.24467e-06
1.10489e-09
-1.93634e-06
2.23891e-06
2.25377e-06
-2.25323e-06
1.71742e-06
-1.70764e-06
-2.24324e-07
1.72733e-06
-1.50301e-06
-2.21466e-06
-3.60487e-08
2.21826e-06
-2.2387e-06
-2.75685e-07
1.71572e-06
-1.44003e-06
-2.23341e-06
2.23999e-06
4.5435e-09
2.24399e-06
1.72596e-06
-1.45733e-06
-2.68632e-07
-4.3859e-07
-2.24995e-06
2.24995e-06
9.66402e-08
3.57825e-07
2.23877e-06
-2.25011e-06
2.23438e-06
-2.24242e-06
2.24473e-06
-2.42672e-07
2.07669e-09
-2.25432e-06
3.75669e-07
3.91518e-07
6.43043e-07
1.89989e-07
1.48105e-07
2.70607e-07
3.55325e-07
3.12009e-07
2.52769e-07
3.13686e-07
6.97885e-07
1.97048e-07
3.34881e-07
-8.48446e-09
2.26303e-06
2.95148e-07
6.73811e-07
-3.54422e-08
-1.41691e-06
-1.46577e-06
-1.46977e-06
-1.7494e-06
-1.47057e-06
-2.25427e-06
2.61881e-09
-2.22758e-06
1.09571e-06
-2.23567e-06
2.26042e-09
-1.36458e-06
-2.02143e-07
-1.48034e-06
2.25019e-06
-2.25309e-06
1.81905e-06
-2.2625e-07
-2.246e-06
-1.4662e-07
1.82607e-06
1.20087e-06
-1.48082e-06
-1.0118e-08
-1.62803e-06
2.5039e-07
1.50133e-06
-2.24206e-06
1.68259e-06
-1.39357e-06
1.04865e-06
1.02655e-06
-1.89017e-07
1.79603e-06
-1.60702e-06
-2.23714e-06
1.66233e-06
-1.60835e-07
2.24686e-06
-2.24686e-06
2.25465e-06
-2.25609e-06
-1.23549e-06
1.59485e-06
5.26e-08
-1.73765e-06
1.68505e-06
-2.57847e-07
1.65442e-06
-1.39657e-06
-8.89387e-08
1.71517e-06
-1.48789e-06
-2.25837e-06
-2.92316e-08
-2.23553e-06
-2.23444e-06
-2.7043e-09
-2.23636e-06
2.22199e-06
2.25917e-06
2.24965e-06
-2.25128e-06
1.08235e-06
3.8838e-07
2.24703e-06
-6.29847e-08
-1.37752e-07
-1.15433e-06
-3.37025e-07
1.68755e-06
-2.22577e-06
-1.05913e-08
3.22144e-07
-2.23391e-06
2.24488e-06
-2.24488e-06
-1.59128e-06
-2.245e-06
9.58234e-09
-5.75418e-07
-4.11156e-07
1.549e-06
8.67442e-08
-1.63574e-06
8.2329e-10
-1.72609e-06
1.61674e-06
-2.00676e-08
2.23053e-06
-5.30368e-08
-2.17749e-06
-2.23251e-06
-2.23509e-06
1.17675e-09
-1.70954e-07
2.24758e-06
-2.25077e-06
-1.57785e-06
-1.37001e-07
2.39441e-07
-1.27624e-06
-3.63036e-07
2.03596e-07
-1.7066e-06
-1.43722e-07
2.14385e-07
-1.42075e-06
-2.23673e-06
-1.73868e-06
2.2363e-06
2.24391e-06
-2.24391e-06
-2.23311e-06
2.22757e-06
-2.23044e-06
-2.55092e-07
-3.37458e-07
2.2384e-06
-4.9437e-09
2.65645e-07
-2.20198e-06
1.61688e-06
-1.92154e-06
-2.23233e-06
-4.40146e-09
-2.2396e-06
1.64362e-06
-2.22861e-06
-1.82461e-09
1.65903e-06
1.75259e-06
2.23192e-06
-1.52946e-06
-1.30781e-08
-2.22871e-06
-1.69975e-06
-2.25453e-06
2.2786e-06
-2.40682e-08
1.40919e-06
2.58037e-07
-1.71912e-06
-2.23203e-06
-1.86746e-06
2.24314e-06
2.22342e-06
4.77148e-09
-1.61688e-06
-1.38405e-07
-2.24247e-06
1.20691e-09
2.18224e-08
2.2087e-06
-1.61326e-06
-2.22893e-06
2.17491e-10
-2.21906e-06
-1.29735e-08
2.2426e-06
-2.2426e-06
-1.72964e-06
-2.23028e-06
-2.22721e-06
2.04128e-09
1.41859e-06
-1.78162e-06
1.47034e-06
2.22156e-06
2.21893e-09
-1.25076e-06
2.23358e-06
-2.23212e-06
-2.23652e-06
-2.22857e-06
1.35305e-09
-1.78322e-06
-2.22664e-06
1.0929e-06
9.29846e-07
-1.69496e-06
1.68137e-06
1.46354e-06
-1.4909e-06
2.24065e-06
2.25193e-06
2.38745e-09
-2.25561e-06
-2.22842e-06
1.77971e-09
2.26303e-06
-2.22584e-06
-2.23754e-06
2.22946e-06
-2.05079e-06
-9.69849e-10
2.24011e-06
-2.24011e-06
-2.22804e-06
2.1931e-09
-2.26878e-06
1.70314e-06
-2.23141e-06
-2.26464e-06
-2.23363e-06
-2.22519e-06
-1.38851e-06
-2.01944e-07
-4.18292e-10
2.23766e-06
2.29468e-07
-1.83648e-06
-1.75189e-06
1.50922e-06
-2.22765e-06
2.45542e-09
2.23752e-06
-1.7463e-06
3.49728e-07
1.62066e-06
1.13278e-07
-1.50686e-06
-2.2245e-06
-2.66051e-07
-1.46009e-06
1.69673e-06
-2.23766e-06
-2.23888e-06
-2.22697e-06
2.46703e-09
-2.45737e-07
1.86248e-06
1.64673e-06
-1.52444e-06
-2.22391e-06
1.34476e-06
-1.43352e-06
-3.43076e-09
-2.22861e-06
2.24753e-06
1.21167e-07
-2.3687e-06
-1.69503e-06
-2.25524e-06
-2.22651e-06
2.60249e-09
-2.13492e-06
-3.33302e-07
-2.22325e-06
-1.1727e-07
-1.51847e-06
-8.24388e-07
-2.22794e-06
4.69025e-09
1.73851e-06
-1.70618e-06
-2.22175e-06
-2.22463e-06
-2.23242e-06
7.79198e-09
2.22156e-06
2.22342e-06
-4.21883e-09
-2.22644e-06
2.12123e-06
-2.22654e-06
1.69318e-06
1.19173e-07
1.55979e-06
-1.9447e-08
1.57267e-06
1.76592e-09
9.62203e-07
-2.23029e-06
2.2302e-06
-1.68188e-06
2.23576e-06
3.10116e-09
-1.69791e-06
-2.16462e-06
-1.92841e-06
-4.58545e-07
1.39127e-06
-1.40139e-06
-2.23394e-06
1.691e-06
-4.44172e-09
-2.22422e-06
-2.22966e-06
2.22911e-06
-2.24356e-06
-2.22871e-06
-2.2312e-06
1.53932e-09
-2.22761e-06
-1.55607e-06
-1.70773e-07
-2.22888e-06
-2.19036e-06
-1.73377e-06
-2.22641e-06
1.67163e-06
-2.23303e-06
4.14953e-09
-2.23277e-06
1.70314e-06
8.94924e-07
-7.36802e-08
-2.20599e-06
1.40532e-06
-1.78185e-06
1.06462e-06
1.04055e-06
1.68949e-06
-2.2253e-06
1.26746e-09
-2.20506e-06
-5.64139e-07
-2.21879e-07
-3.25752e-07
-2.22606e-06
-2.2266e-06
-2.23053e-06
-2.21401e-06
6.47345e-07
-1.98534e-06
-2.22461e-06
-2.2292e-06
2.22805e-06
-2.24065e-06
-1.6763e-06
-2.22137e-06
1.64528e-06
-1.64528e-06
-2.23339e-06
4.19275e-09
-2.23052e-06
-2.219e-06
-2.23321e-06
2.69033e-09
2.23965e-06
-4.001e-09
1.30754e-06
-2.22394e-06
-2.2212e-06
-2.83735e-07
9.96292e-08
1.54565e-06
-9.50777e-07
-7.56681e-07
-8.9797e-07
-8.59343e-07
1.79794e-06
-2.20196e-06
-1.6927e-06
-2.22303e-06
1.68397e-06
-2.22691e-06
2.05249e-08
1.42433e-06
-2.22703e-06
2.12035e-07
-2.22242e-06
2.23128e-06
-8.68361e-07
-9.06525e-07
-7.3543e-07
-9.85657e-07
-2.23793e-06
2.21458e-06
-2.2222e-06
-8.92346e-07
-8.81043e-07
-9.58812e-07
-7.92259e-07
-9.42595e-07
-8.26939e-07
-8.95182e-07
-7.80486e-07
-8.82595e-07
-8.79419e-07
-6.79833e-07
-1.05513e-06
1.69791e-06
-2.22274e-06
-2.22138e-06
-1.60763e-06
5.44722e-08
-2.22266e-06
1.11412e-06
-4.14978e-07
-1.43796e-06
1.85294e-06
-1.21595e-06
-2.22088e-06
1.60763e-06
-5.03025e-07
-2.22229e-06
-1.66534e-06
-1.52804e-06
6.29684e-07
1.47417e-06
-2.2201e-06
-2.22235e-06
-2.22396e-06
-1.87866e-09
2.2253e-06
-2.22185e-06
-5.04324e-09
2.2266e-06
-2.23477e-06
-1.70159e-06
-2.24364e-07
-2.22093e-06
-2.2194e-06
-1.66927e-06
-2.21459e-06
-2.22121e-06
-1.7713e-06
-2.21875e-06
2.96519e-07
-2.21828e-06
-2.2206e-06
1.75821e-06
-2.21524e-06
-2.218e-06
1.68234e-06
-2.22003e-06
-1.69168e-06
-2.21298e-06
-2.32588e-07
-2.21534e-06
-2.22936e-06
-2.21014e-06
-2.22157e-06
1.70242e-06
-2.21285e-06
1.59263e-06
7.33005e-09
1.67734e-07
1.49968e-06
1.58662e-06
-2.2099e-06
1.25807e-06
8.05315e-07
-2.2299e-06
-2.20872e-06
-2.90686e-09
-1.44717e-06
2.09451e-06
2.23751e-06
1.50314e-08
-2.20585e-06
-2.21026e-06
1.37696e-06
-1.61024e-06
-2.2101e-06
2.21164e-06
-2.20781e-06
-3.32603e-09
-2.22649e-06
1.64809e-06
-1.64809e-06
-1.84818e-06
9.09648e-07
-2.22234e-06
-2.22078e-06
1.08993e-07
-1.70367e-06
-1.76058e-06
-4.99137e-07
1.7387e-08
-2.23015e-06
-1.66287e-06
-1.77954e-06
1.77954e-06
-1.49453e-06
-1.69599e-06
-2.20243e-06
2.20662e-06
1.69599e-06
1.55693e-06
-5.53263e-09
-2.19852e-06
-1.09677e-06
-9.53801e-07
-2.19583e-06
2.1979e-06
-2.2019e-06
1.79741e-06
1.15577e-07
-1.67883e-06
-1.59263e-06
1.72647e-06
6.95234e-08
-5.21916e-08
1.70091e-06
-1.64872e-06
2.2403e-06
-1.68622e-06
2.00624e-06
-2.20196e-06
-1.74867e-06
1.26334e-06
-2.07113e-06
8.07789e-07
2.24257e-06
-2.11994e-08
-1.54565e-06
1.28138e-07
3.97592e-07
-1.62795e-06
7.02466e-08
1.64124e-06
-1.73801e-06
-1.65711e-06
-1.78912e-06
-1.66549e-06
1.29881e-06
-2.22667e-06
6.1508e-07
-1.83494e-06
-1.85399e-06
-1.69877e-06
6.10124e-09
-1.79515e-06
1.72913e-06
-1.67346e-06
1.66698e-06
-2.22401e-06
-1.70486e-06
-4.17509e-07
-1.27212e-06
1.66363e-06
-6.14604e-09
2.17119e-06
-2.17119e-06
2.16478e-06
-2.16478e-06
1.66721e-06
-1.66721e-06
-1.73801e-06
-1.53031e-06
-4.34263e-07
-1.55108e-06
-1.56242e-06
1.91215e-06
-1.90458e-06
1.57127e-06
-1.20126e-06
-8.22959e-07
1.03737e-06
1.83692e-07
1.58662e-06
-1.71132e-06
-1.56585e-06
-1.74867e-06
-1.61504e-06
1.56585e-06
-3.98096e-07
-3.26437e-07
-7.11721e-07
-1.18703e-06
-8.20248e-07
-2.17928e-07
-1.14665e-06
-1.76562e-06
-1.76058e-06
1.0322e-06
1.04349e-06
1.1435e-06
-2.15544e-07
-2.38475e-08
-1.39185e-07
1.64051e-06
-1.38659e-06
1.16866e-06
3.7742e-07
-1.7713e-06
1.45466e-06
2.97422e-07
1.67099e-06
-1.40236e-06
1.55409e-06
-2.65211e-07
1.8722e-06
-1.678e-06
1.4231e-06
-1.27362e-06
1.03838e-06
-5.68082e-07
-4.70832e-07
-8.38391e-07
-9.24156e-07
-8.5326e-07
-8.51785e-07
-1.78185e-06
-1.55331e-06
1.71943e-06
-1.04312e-06
-6.76309e-07
4.6195e-08
1.48057e-06
-1.60073e-06
5.5005e-07
-1.38004e-07
2.73482e-07
1.28344e-06
1.09571e-06
-1.51187e-06
8.65272e-07
-1.62195e-06
8.38461e-07
-1.6978e-06
-1.64552e-06
1.70945e-06
-4.20183e-08
2.64346e-07
-1.37727e-06
1.99235e-06
-8.57374e-07
-9.26235e-07
1.44427e-06
-1.76366e-06
1.74103e-06
1.0173e-07
1.46727e-06
-1.46727e-06
1.63664e-06
1.35414e-06
1.97968e-06
1.54912e-06
1.99282e-06
7.61318e-07
1.58731e-06
-5.13551e-07
-1.7796e-06
-1.69053e-06
1.25404e-06
-1.13492e-06
-1.34739e-06
-6.26454e-08
1.64567e-06
3.95771e-07
6.42606e-07
-1.53012e-07
-1.33066e-06
-1.68348e-06
-5.4721e-08
-1.45879e-06
1.43083e-06
-1.63654e-06
-1.07524e-06
-1.69877e-06
1.41837e-06
1.63188e-06
1.37126e-06
1.35625e-06
3.92145e-07
1.27149e-06
-2.54154e-06
1.14665e-06
-1.62371e-06
-8.39427e-07
-1.06261e-06
7.14085e-07
-7.87765e-07
3.71773e-08
-1.77639e-06
1.36569e-06
5.69631e-07
1.22227e-06
-1.16031e-06
-8.79099e-07
1.76344e-06
-4.0102e-07
-2.01578e-07
1.56254e-07
1.50154e-06
-1.13726e-06
-1.4414e-06
-1.73634e-07
1.72567e-06
7.31967e-08
-6.54462e-07
8.65922e-08
-1.64177e-06
-1.34986e-07
-1.67954e-06
1.38465e-06
-8.97162e-07
-1.00398e-06
-1.78963e-06
-1.73663e-07
-1.52173e-06
-1.38074e-06
1.07524e-06
7.43587e-07
1.02049e-06
1.39308e-06
-1.26174e-06
-1.80251e-06
3.22536e-08
-6.63808e-07
-6.77733e-07
-1.28825e-06
1.64687e-06
6.00904e-07
1.24176e-06
1.5553e-06
1.61205e-07
-1.3435e-06
-1.51175e-06
1.61348e-06
-1.69683e-06
-1.45748e-06
1.82891e-06
-4.99601e-07
-1.33467e-06
-1.21459e-06
-1.48279e-06
-1.34514e-06
1.82382e-06
-1.34328e-06
1.38946e-06
2.87303e-07
1.32388e-06
-1.35018e-06
1.89289e-06
7.7518e-07
1.90909e-06
7.58189e-07
-1.35127e-06
1.89289e-06
1.90909e-06
-1.44409e-06
-1.43462e-06
-1.52758e-06
1.58205e-06
1.37116e-06
1.23519e-06
-1.24975e-07
8.3906e-07
1.85388e-06
4.00988e-07
1.4005e-06
-1.29662e-06
-1.50823e-06
1.37845e-07
1.34219e-06
1.18546e-06
-1.61673e-06
-1.41473e-07
1.56457e-06
1.39051e-06
1.51037e-06
-1.35411e-06
3.66829e-07
1.35514e-06
1.38069e-06
6.00253e-07
-1.24566e-06
1.48368e-06
-1.22338e-06
1.81208e-06
-1.44717e-06
-2.03449e-07
-1.42945e-06
1.16666e-06
-1.48941e-06
1.84529e-06
3.30321e-07
4.60286e-07
1.42126e-06
-7.96966e-08
1.31433e-06
4.25383e-07
1.31765e-06
-1.31765e-06
-1.45241e-06
1.34113e-06
-2.52856e-07
-1.14341e-06
-1.0967e-06
-1.00821e-06
1.0967e-06
-1.45362e-06
3.50978e-07
1.19503e-06
-2.13784e-09
-1.51633e-06
1.01912e-07
-1.37456e-06
1.52049e-06
-1.25205e-06
-1.43166e-06
-5.1384e-07
-1.14869e-06
2.15519e-07
-1.67561e-06
6.20095e-07
1.18703e-06
-1.37727e-06
1.44525e-06
-1.38643e-06
-2.03529e-06
9.92169e-07
1.06261e-06
1.42426e-06
6.17245e-07
1.20126e-06
1.42318e-06
1.41037e-06
-1.36394e-06
1.36394e-06
-1.4544e-06
-4.49073e-07
-1.31213e-06
2.39688e-07
1.09677e-06
1.18919e-06
4.12281e-07
1.41631e-06
-1.32712e-06
-1.45684e-06
-1.2167e-06
-4.71394e-07
-1.28345e-06
-5.50103e-08
2.15341e-07
5.6468e-08
6.88296e-08
-1.48574e-06
1.44777e-06
-1.60637e-06
-3.15365e-07
1.04725e-06
8.05689e-07
1.49976e-06
1.53251e-06
8.0049e-07
1.11166e-06
7.43946e-07
-1.38229e-09
1.36707e-06
8.1186e-07
1.30838e-06
4.6006e-07
1.21166e-06
1.04832e-07
-1.63188e-06
1.48456e-06
1.26902e-06
-1.26902e-06
1.22919e-06
-1.22919e-06
1.70979e-07
1.2444e-06
-1.2444e-06
1.26673e-06
-1.26673e-06
-1.62456e-06
-1.5864e-07
-1.24275e-06
1.22338e-06
1.74327e-06
-4.25624e-07
-2.11735e-07
-3.34469e-07
-1.45482e-06
-1.34807e-06
-1.02178e-06
-1.04935e-06
3.7933e-07
-1.5049e-06
-1.45121e-06
-4.59516e-07
-1.34929e-06
-1.39147e-06
-2.55368e-07
1.17735e-06
-1.37954e-06
1.36899e-06
1.20528e-06
8.89236e-07
8.57942e-07
-1.29865e-06
-1.29209e-06
1.55013e-06
8.83058e-07
-1.51702e-06
8.97874e-07
1.44058e-06
-5.11881e-07
-5.33389e-07
-1.38457e-06
1.37495e-06
-1.3824e-06
1.52536e-06
-1.49894e-06
1.41636e-06
1.48076e-06
-1.42951e-06
-5.38111e-07
-5.21217e-07
-5.22242e-07
-1.27386e-06
1.31935e-06
1.74475e-06
1.35915e-06
1.25404e-06
-1.32453e-06
1.53269e-06
1.19588e-06
-1.31342e-06
-7.11472e-08
-5.23887e-07
-1.58805e-07
1.06142e-06
9.25955e-07
1.43083e-06
1.42502e-06
-2.52586e-08
-1.58085e-06
-1.35052e-06
-1.00688e-07
1.5917e-06
-4.81938e-07
1.30219e-06
-4.89819e-07
-1.4516e-06
1.27121e-06
1.46304e-07
9.58057e-07
1.30979e-06
-1.29106e-06
-4.86826e-07
1.47927e-06
-1.20125e-07
7.46266e-07
1.06743e-06
1.68984e-06
-1.32402e-06
1.32065e-06
1.41713e-06
-4.63326e-07
4.80361e-07
1.33641e-06
-1.17051e-07
-1.09305e-06
1.22007e-06
-1.49817e-06
-4.48635e-07
1.24566e-06
1.22862e-06
1.14869e-06
8.43657e-07
1.40135e-06
-1.00858e-06
1.42945e-06
4.11662e-07
-2.56109e-08
-1.30886e-06
-1.35296e-06
3.05571e-07
4.70099e-07
-1.39716e-06
-1.38194e-06
1.16914e-06
-1.3656e-06
1.48975e-06
-1.3943e-07
-1.09579e-06
1.23522e-06
-8.99254e-07
9.44818e-07
7.99929e-07
-1.43804e-06
-1.53092e-06
1.8867e-07
-1.2735e-06
-1.20528e-06
-1.90046e-07
1.63921e-06
-1.50903e-07
1.37952e-06
5.14805e-07
2.0011e-07
4.60478e-07
1.04293e-06
-1.18236e-06
1.4384e-06
1.28122e-06
5.37741e-08
-1.3803e-06
1.32652e-06
-4.99181e-08
1.07811e-07
-3.25599e-07
1.26673e-06
-1.21296e-06
-7.06002e-07
2.92886e-07
-1.68808e-06
3.05684e-07
-1.18448e-06
-4.47269e-08
4.95828e-07
2.65377e-07
8.26298e-07
-1.13148e-06
-1.34211e-06
4.50513e-07
-1.43275e-06
1.82623e-07
1.23979e-06
1.36886e-06
8.79471e-07
-1.21218e-06
3.01562e-07
-2.62095e-07
-2.71889e-07
-1.28517e-06
-8.40224e-07
-9.40513e-07
-1.81997e-07
2.264e-06
-8.14589e-07
2.27104e-06
-1.32604e-06
1.21796e-06
4.33258e-08
-1.36846e-06
-1.36985e-06
-3.4097e-07
1.02348e-06
-1.11007e-06
1.25706e-06
2.3358e-07
-7.60137e-08
1.42521e-06
1.16544e-06
1.373e-06
1.46227e-06
-4.76972e-07
-1.18122e-06
-1.25933e-06
-1.15152e-06
-3.62088e-07
1.36925e-06
1.45962e-06
1.401e-07
4.00703e-07
8.86502e-07
-1.38506e-06
1.33352e-06
1.42314e-06
-5.88571e-08
)
;

boundaryField
{
    front
    {
        type            empty;
    }
    back
    {
        type            empty;
    }
    wall
    {
        type            calculated;
        value           uniform 0;
    }
    inlet
    {
        type            calculated;
        value           nonuniform List<scalar> 
12
(
-2.55669e-06
-2.56008e-06
-2.56395e-06
-2.53488e-06
-2.64649e-06
-2.5715e-06
-2.64005e-06
-2.66807e-06
-2.66728e-06
-2.69737e-06
-2.69532e-06
-2.69456e-06
)
;
    }
    outletLeft
    {
        type            calculated;
        value           nonuniform List<scalar> 9(1.75731e-06 1.77489e-06 1.77339e-06 1.76953e-06 1.76201e-06 1.76255e-06 1.7647e-06 1.80012e-06 1.80713e-06);
    }
    aneurysm
    {
        type            calculated;
        value           uniform 0;
    }
    outletRight
    {
        type            calculated;
        value           nonuniform List<scalar> 9(1.70746e-06 1.72109e-06 1.75107e-06 1.67567e-06 1.73496e-06 1.70505e-06 1.72265e-06 1.75629e-06 1.75041e-06);
    }
}


// ************************************************************************* //
