/*--------------------------------*- C++ -*----------------------------------*\
  =========                 |
  \\      /  F ield         | OpenFOAM: The Open Source CFD Toolbox
   \\    /   O peration     | Website:  https://openfoam.org
    \\  /    A nd           | Version:  12
     \\/     M anipulation  |
\*---------------------------------------------------------------------------*/
FoamFile
{
    format      ascii;
    class       surfaceScalarField;
    location    "0.21";
    object      phi;
}
// * * * * * * * * * * * * * * * * * * * * * * * * * * * * * * * * * * * * * //

dimensions      [0 3 -1 0 0 0 0];

internalField   nonuniform List<scalar> 
6438
(
-3.41467e-08
4.2607e-06
-4.22656e-06
-3.7013e-08
4.94975e-06
-4.91274e-06
-4.64363e-06
-7.89579e-07
5.43321e-06
4.40535e-06
-4.836e-06
4.3065e-07
6.76764e-06
-5.28754e-06
-1.48009e-06
1.53144e-06
5.23619e-06
-5.27975e-06
6.36119e-07
-4.57472e-06
4.53771e-06
4.94492e-06
-5.90193e-06
9.57009e-07
4.59379e-06
-5.38839e-06
7.94609e-07
-4.44195e-06
5.4057e-06
-9.63743e-07
1.06569e-06
-4.86732e-06
3.80163e-06
-5.50441e-06
1.06246e-06
4.22155e-06
1.9387e-06
-6.16025e-06
3.9671e-06
-4.00125e-06
-2.24373e-07
4.6495e-06
-4.42513e-06
-5.85777e-06
5.68143e-06
1.76341e-07
-4.43505e-06
5.38789e-06
-9.52838e-07
-5.50271e-06
1.06766e-06
1.7466e-06
3.6895e-06
-5.4361e-06
-1.27179e-06
-8.30921e-07
2.10271e-06
-2.70421e-07
4.86903e-06
-4.59861e-06
-4.51746e-06
-7.31518e-07
5.24897e-06
-5.53199e-06
2.42536e-06
3.10663e-06
-4.79664e-06
4.52622e-06
-4.25981e-06
5.17804e-06
-9.18231e-07
-5.21311e-06
6.95654e-07
4.9365e-06
-3.87081e-06
-4.4844e-06
-8.42061e-07
5.32646e-06
-5.42724e-06
1.16743e-06
4.15177e-06
-5.22285e-06
1.07108e-06
2.29897e-08
-5.08397e-06
5.06098e-06
4.9758e-06
-5.00632e-06
3.05202e-08
-4.93003e-06
8.27886e-07
4.10214e-06
-6.65623e-06
1.07782e-06
5.57841e-06
4.68131e-06
-4.65832e-06
4.72418e-06
-3.18832e-07
3.0647e-06
4.2933e-06
-7.358e-06
-1.52066e-06
5.74221e-06
-4.39641e-06
4.83079e-06
-4.34386e-07
-5.09417e-06
5.04803e-06
4.6135e-08
-2.1146e-06
3.8612e-06
4.55422e-06
3.95689e-08
-5.47521e-06
5.36346e-06
1.11747e-07
4.90167e-06
-7.49909e-07
-3.69038e-06
3.46601e-06
-6.36529e-06
1.07775e-06
4.84052e-06
4.65375e-07
-5.3059e-06
-3.75637e-06
-1.17365e-06
-6.91466e-07
-4.52718e-06
5.13683e-06
-6.09654e-07
-3.36623e-06
4.86168e-06
-1.49545e-06
4.88388e-06
-4.88388e-06
1.53545e-06
3.70372e-06
4.86996e-07
-4.19072e-06
2.17389e-06
1.05806e-06
-3.23196e-06
4.1351e-06
8.72552e-07
-5.00765e-06
3.99377e-06
-1.56841e-06
-2.31553e-06
-4.04976e-06
-4.8271e-08
4.30597e-06
-4.2577e-06
-5.31024e-06
5.31024e-06
-5.50194e-06
5.55914e-06
-5.71986e-08
2.22541e-07
4.08901e-06
-4.31155e-06
1.51422e-08
-5.01057e-06
4.99543e-06
4.65008e-06
-4.63494e-06
-5.07056e-06
5.86167e-07
-5.08348e-06
-3.91729e-07
-4.37292e-06
4.80708e-06
-4.34156e-07
4.8355e-07
4.18655e-06
-4.6701e-06
-5.14195e-06
4.94489e-06
1.97052e-07
5.01204e-06
-5.01204e-06
4.65693e-06
2.87991e-07
-3.06017e-06
-2.32823e-06
4.36562e-06
9.20131e-07
-5.28576e-06
-4.28194e-06
-8.12223e-07
3.80413e-06
2.9387e-06
-6.74283e-06
-5.89055e-06
3.77595e-06
-3.75814e-06
-2.13241e-06
5.19192e-06
-8.26291e-07
3.09259e-06
-9.18696e-07
4.20202e-06
4.81344e-07
-4.68336e-06
-5.18166e-06
-3.20282e-07
-7.32225e-07
-1.26212e-06
-4.04813e-06
5.61762e-06
-5.61762e-06
-3.71267e-06
-1.42927e-06
-3.36358e-07
-6.31987e-06
-4.84704e-06
4.82746e-06
1.95839e-08
1.74515e-07
-4.9086e-06
4.73408e-06
-5.39571e-07
4.74159e-06
4.8517e-06
1.24094e-07
-5.06808e-06
-7.89692e-07
-5.11825e-06
5.24923e-06
-1.30975e-07
5.33994e-06
-2.98883e-06
-2.35111e-06
4.7922e-06
-4.61769e-06
9.78534e-08
5.37311e-06
-2.73446e-06
-2.63865e-06
3.05731e-06
2.28263e-06
4.93238e-06
-4.93238e-06
-3.783e-06
5.42758e-06
-1.64457e-06
-4.75474e-06
2.27562e-07
-6.50081e-07
-3.85135e-06
4.50143e-06
-4.4561e-06
1.7416e-07
-4.77551e-06
9.9251e-07
4.12075e-06
9.09591e-07
-5.03034e-06
-2.86128e-07
4.40687e-06
-4.30341e-06
4.97218e-06
-6.68776e-07
-4.57279e-06
1.76383e-07
3.15133e-06
2.22178e-06
4.76177e-06
-9.60138e-07
2.04592e-07
4.67929e-06
-4.11026e-06
-3.45845e-07
4.29772e-06
9.14383e-07
-5.2121e-06
-2.37568e-06
-2.04999e-06
4.42568e-06
3.12832e-06
-3.93879e-07
-2.73444e-06
-5.08397e-06
1.03119e-06
5.09801e-06
-6.1292e-06
-2.36283e-06
1.09104e-06
5.0854e-06
9.2647e-08
5.51146e-06
-2.85222e-06
-2.65924e-06
1.84505e-06
3.66641e-06
5.14786e-06
-8.50138e-07
6.27886e-06
-3.21417e-06
-4.65257e-06
1.26781e-08
4.63989e-06
-6.65351e-06
6.80118e-07
5.97339e-06
-7.61031e-08
-4.61867e-06
4.69477e-06
5.08076e-06
2.82701e-07
-3.91847e-06
3.8702e-06
-4.67547e-06
4.76953e-06
-9.40628e-08
4.73421e-06
-4.81032e-06
4.88496e-06
-4.88496e-06
4.81153e-06
1.38221e-07
4.8207e-06
-1.11698e-06
4.75563e-06
-4.53309e-06
-4.18908e-06
3.539e-06
4.29671e-08
4.61621e-06
-4.65918e-06
5.42758e-06
-3.8039e-06
-1.62368e-06
-5.01057e-06
-7.19217e-08
5.61793e-08
-4.6309e-06
-4.6416e-06
2.6868e-07
5.34723e-08
4.62784e-06
4.47858e-06
-3.99502e-06
-4.61878e-06
3.15372e-07
4.68625e-06
-1.32032e-07
-1.67153e-07
4.07793e-06
-3.91078e-06
3.20773e-06
2.21986e-06
-4.80309e-06
1.03084e-06
3.77225e-06
4.89546e-06
-3.37821e-08
-6.47448e-06
5.89536e-07
5.88495e-06
-6.53434e-08
-4.59431e-06
4.65965e-06
3.05396e-06
7.43623e-08
2.91818e-07
4.60364e-06
4.55651e-06
3.79988e-07
4.70652e-06
-4.77186e-06
-4.9047e-06
-1.63378e-07
5.00258e-06
-5.37438e-06
3.71806e-07
-4.4733e-06
-1.79267e-07
-5.44392e-06
2.36018e-06
3.08374e-06
1.92167e-09
4.70669e-06
1.6234e-07
-4.42949e-06
5.15095e-06
-7.21461e-07
-4.88386e-06
4.20608e-06
6.77784e-07
-6.60219e-07
1.70636e-06
-1.04614e-06
-1.53062e-06
-3.89663e-06
-4.9086e-06
-3.87106e-08
4.6888e-06
1.43672e-06
3.99085e-06
-7.81905e-08
-4.77407e-06
-2.25723e-08
-1.00901e-07
-5.21948e-06
4.41079e-06
8.08694e-07
-3.0672e-07
3.88975e-06
7.67172e-07
7.63034e-06
-3.33704e-06
-1.61475e-06
-3.88797e-06
4.7862e-06
6.55049e-08
-4.10976e-06
1.73408e-06
-1.84423e-06
-2.91269e-06
4.75692e-06
-1.64712e-06
-3.85729e-06
-2.68014e-06
6.48426e-06
-4.93537e-06
1.61298e-07
-4.6596e-06
4.67745e-06
-1.7847e-08
-3.85048e-06
3.68333e-06
-5.59694e-08
-4.56686e-06
4.62283e-06
-5.02092e-06
8.55512e-08
4.18765e-06
-4.98281e-06
7.95154e-07
4.66553e-06
-4.7215e-06
4.16951e-06
-1.57871e-06
-2.5908e-06
-6.30597e-06
2.23271e-06
4.07326e-06
4.2755e-06
4.10746e-07
3.53154e-06
2.14989e-06
1.03201e-06
4.58561e-06
-1.22438e-06
-4.39324e-06
-5.08113e-06
5.03603e-06
4.51009e-08
-5.06735e-06
-1.37818e-08
-5.04145e-06
-2.58983e-08
1.51126e-08
1.3116e-06
-7.34101e-06
6.02941e-06
-5.45215e-06
6.48334e-06
4.30522e-06
-4.26226e-06
4.60017e-06
1.92035e-07
3.75151e-07
3.79436e-06
-4.61867e-06
-4.18747e-06
4.16775e-06
5.19597e-07
-4.68735e-06
-2.36373e-08
-9.93982e-07
7.329e-06
-6.33502e-06
6.95235e-06
-5.01365e-06
-2.109e-06
3.16706e-06
-1.33712e-06
-4.10681e-06
-3.64872e-06
-2.65725e-06
-4.61749e-06
-2.8721e-07
-4.64975e-06
4.64906e-06
6.90848e-10
-7.34607e-07
4.36539e-06
-3.63079e-06
-4.99181e-06
5.02699e-06
-3.51794e-08
-4.93965e-06
-5.21582e-08
-6.34854e-06
3.95546e-07
5.95299e-06
-4.43701e-06
-2.87829e-07
4.72484e-06
4.97351e-06
5.3479e-08
-8.84011e-07
-5.43485e-06
1.98029e-06
3.45456e-06
3.12148e-08
-2.87744e-06
-2.55741e-06
-6.79458e-08
-5.06869e-08
-4.54086e-06
4.59154e-06
-4.66977e-06
2.32762e-07
4.22029e-06
5.65906e-07
4.86389e-06
-4.65929e-06
4.62148e-06
-4.67217e-06
4.60179e-06
1.32427e-07
2.26207e-06
4.69028e-06
4.80243e-06
-9.12672e-07
-3.77247e-07
-6.27626e-06
-2.74804e-07
3.79316e-06
-3.51836e-06
-4.91606e-06
-2.3584e-08
-4.91535e-06
-7.14893e-10
4.95477e-06
-4.91939e-06
-3.5384e-08
4.9009e-06
5.3876e-08
-4.59431e-06
1.13486e-06
-1.55855e-06
4.23684e-07
-5.55079e-06
3.24809e-06
2.3027e-06
2.48544e-06
-4.98313e-06
2.4977e-06
-4.35007e-06
-4.04671e-07
-4.63422e-06
4.61126e-06
2.29576e-08
-4.82122e-06
4.64999e-06
1.71232e-07
-3.85027e-07
4.93387e-06
-4.54884e-06
-4.78673e-06
1.16958e-07
-5.31481e-06
6.62641e-06
-4.93189e-07
-4.3099e-06
-4.99681e-06
4.61178e-06
-3.91509e-06
-3.60283e-07
4.27538e-06
-3.66922e-06
4.86933e-06
3.15618e-08
-3.33497e-06
-8.92565e-07
9.89613e-07
-9.70476e-08
-4.6016e-08
1.78969e-07
-6.34081e-06
6.16184e-06
-3.55441e-06
-1.72533e-06
-4.93849e-06
4.83758e-06
1.00909e-07
-4.86274e-06
-7.57478e-08
-1.74858e-06
1.08836e-06
4.5934e-06
1.13119e-07
4.90514e-06
-8.16136e-07
4.85814e-06
-4.85255e-06
-5.58627e-09
-1.30992e-08
-4.50592e-06
4.51902e-06
5.08549e-06
-3.64876e-06
-6.12488e-08
5.04322e-06
2.84691e-06
-7.89013e-06
4.99719e-06
-4.99719e-06
7.73066e-07
4.53718e-06
-1.7635e-06
-3.12038e-06
-3.98339e-06
4.80131e-06
-8.17924e-07
-5.30964e-07
-4.29026e-06
4.59819e-06
-4.61129e-06
-4.40348e-06
7.46811e-08
4.3288e-06
8.45037e-07
-4.46306e-06
3.61803e-06
-4.62094e-06
4.57315e-06
4.77947e-08
2.95183e-06
2.13366e-06
-1.44556e-07
-7.48009e-07
-2.77611e-06
-2.77467e-06
-1.06224e-06
-4.93362e-06
5.04131e-07
-4.56686e-06
4.13841e-06
8.64166e-07
-3.84294e-06
-4.31643e-06
4.01331e-07
-4.40413e-06
2.5599e-06
4.99696e-06
-4.0624e-06
-9.34556e-07
8.53595e-07
4.01029e-06
-3.53711e-06
-1.676e-06
-4.88816e-06
4.88816e-06
4.89015e-06
-4.70256e-06
-1.87589e-07
2.81811e-07
-4.63188e-06
-3.9126e-06
4.42356e-06
-5.10952e-07
-1.55003e-06
7.19109e-07
4.55553e-06
-4.57774e-06
2.2217e-08
4.78592e-06
5.16606e-08
4.83531e-06
5.48337e-08
7.30529e-06
-4.66141e-06
-1.25317e-07
-4.09024e-06
3.35564e-06
4.58704e-06
7.84879e-08
4.82092e-06
-4.79376e-06
-2.71685e-08
-4.18181e-08
-6.66316e-08
5.0344e-07
-4.13405e-06
3.63061e-06
-1.44894e-07
-6.32959e-06
1.51388e-06
3.40302e-07
-4.25291e-06
-4.61093e-06
4.54062e-06
7.03113e-08
4.60061e-06
-4.12952e-07
-2.14842e-06
-2.8579e-06
-6.44613e-06
4.77737e-07
-2.58674e-06
-7.65875e-07
2.00768e-08
4.73883e-06
-4.21924e-06
-4.54086e-06
-4.54804e-06
1.18492e-07
4.42955e-06
6.42045e-06
9.08552e-07
3.70127e-06
1.85787e-06
4.47805e-06
-1.99261e-06
4.67631e-06
-2.65524e-07
1.07289e-05
-7.88198e-06
-7.34101e-06
-2.35256e-06
-2.5313e-06
-5.94316e-08
4.98603e-06
-4.67148e-06
-3.14551e-07
4.72672e-06
1.08592e-07
5.4655e-07
-4.52994e-06
-3.36158e-06
3.86502e-06
4.58163e-06
3.98544e-08
3.59809e-06
1.59382e-06
4.80697e-06
1.79065e-07
4.80295e-06
-4.73409e-06
-6.88586e-08
-2.16342e-06
-3.05943e-06
-2.16608e-07
4.42268e-06
8.22807e-08
-5.09433e-06
3.98238e-06
-3.13735e-06
-6.70326e-08
1.00391e-07
3.88608e-06
-4.21848e-06
3.32402e-07
7.1012e-07
4.09119e-06
6.51673e-06
-6.33776e-06
2.26738e-06
2.86945e-06
-4.59876e-06
4.54499e-06
5.3763e-08
-1.05881e-07
-2.6739e-06
1.46507e-06
1.20883e-06
-4.79604e-08
4.99647e-06
-4.99647e-06
5.64757e-06
-3.27486e-06
-2.37271e-06
-4.13958e-06
-6.96415e-07
3.49236e-06
1.6555e-06
4.77998e-06
2.69869e-08
-4.50592e-06
4.47063e-06
2.84666e-08
-4.4991e-06
3.65985e-06
5.09433e-06
-5.06098e-06
1.28597e-07
5.94782e-06
-5.26771e-06
4.60546e-06
-4.90454e-06
4.57397e-06
-1.03343e-07
4.12918e-06
-4.46817e-06
4.44467e-06
2.34914e-08
2.08736e-07
3.58581e-06
-3.79455e-06
-4.06539e-06
3.3585e-06
-3.04539e-07
4.25176e-06
5.79033e-07
-4.08185e-08
-3.93246e-06
-6.86319e-07
-5.88935e-06
3.72593e-06
6.71499e-09
-4.48002e-06
-4.77045e-06
-2.26359e-07
6.38905e-06
-3.45035e-06
4.58897e-08
-8.26281e-07
5.08063e-06
-4.25435e-06
-2.17088e-06
-5.03014e-07
4.4505e-06
-4.49832e-06
4.78217e-08
-4.60546e-06
4.56788e-06
1.98116e-06
2.82969e-06
-4.81085e-06
4.78768e-06
-9.01594e-07
3.97493e-07
4.25201e-06
4.69483e-06
4.56122e-07
5.12398e-07
6.22464e-07
-4.99543e-06
1.10469e-07
-3.96518e-06
4.51173e-06
-2.29688e-06
2.77462e-06
4.23511e-07
-4.16609e-06
3.74257e-06
-3.39028e-08
8.74869e-08
-4.15525e-06
-4.7272e-06
4.64048e-06
8.67167e-08
-4.53443e-06
4.7203e-07
2.96016e-06
2.68741e-06
-2.5522e-06
5.23212e-06
-2.67992e-06
5.24392e-06
-4.89541e-06
-3.4851e-07
1.31028e-07
3.22747e-06
-4.49994e-06
-4.80998e-08
4.56736e-06
6.61587e-09
2.25807e-06
-7.93007e-07
5.81375e-06
-5.22421e-06
4.16719e-06
6.39886e-07
2.62383e-07
-4.63715e-06
7.0469e-07
7.05245e-08
-4.0357e-06
5.17796e-06
-4.18545e-06
4.22175e-06
-2.56923e-07
-4.01909e-06
4.27601e-06
-4.54529e-06
4.73343e-06
-5.59838e-08
-6.88591e-06
5.50891e-07
-2.93075e-08
4.45891e-06
8.60869e-08
-4.20974e-06
-4.62045e-06
4.60129e-06
1.91608e-08
5.53188e-06
-3.21352e-06
-2.31836e-06
-3.87735e-06
-3.48599e-07
4.22595e-06
-1.03878e-08
-4.56882e-06
9.82449e-08
-4.9427e-07
4.8804e-06
-4.38613e-06
-4.474e-06
4.49621e-06
-6.49343e-06
-9.47647e-07
-6.28085e-06
6.12342e-06
1.57436e-07
3.58466e-06
1.82104e-06
4.1953e-06
3.76511e-07
-4.57181e-06
4.45867e-06
-1.8317e-07
3.59462e-06
1.79327e-06
-3.18389e-06
1.01301e-06
-4.50688e-06
3.91493e-06
-4.4545e-06
-6.05061e-06
6.02866e-06
2.19425e-08
5.46472e-06
-4.38691e-06
4.45822e-06
-1.35431e-08
2.74157e-07
-4.15774e-06
3.88358e-06
-6.72178e-08
-5.98339e-06
5.40262e-06
-5.40262e-06
-2.45922e-06
4.63538e-06
-2.17617e-06
-4.46156e-06
4.46156e-06
4.56307e-06
-4.03396e-06
-5.29116e-07
4.24166e-06
1.00757e-06
4.75421e-06
-3.90061e-06
4.70156e-06
-5.25006e-08
-3.6801e-06
-5.89421e-07
4.26952e-06
-5.97692e-06
5.99724e-06
-2.03187e-08
5.516e-06
-3.32073e-06
-2.19527e-06
8.05792e-07
3.94842e-06
-6.03948e-06
6.00923e-06
3.02502e-08
-1.2806e-09
-4.40244e-08
5.95986e-06
-5.91584e-06
-6.01658e-06
6.01658e-06
-7.15754e-08
4.52208e-06
6.45674e-06
-6.01882e-06
-4.37914e-07
-6.04326e-06
5.99924e-06
6.03798e-06
-6.00723e-06
-3.07422e-08
-4.39914e-06
-9.91894e-08
5.14631e-06
-6.87232e-08
5.99794e-06
-5.92921e-06
5.9998e-06
-6.0111e-06
1.13016e-08
-4.53516e-06
5.96857e-06
-8.71063e-09
-4.61516e-06
4.57398e-06
4.11803e-08
-5.96745e-06
5.98898e-06
-2.15376e-08
4.57067e-06
-4.45218e-06
-6.02728e-06
5.95856e-06
4.62264e-06
-1.46969e-06
2.20187e-06
2.87876e-06
-3.34183e-06
-2.54752e-06
-6.00638e-06
6.00638e-06
-6.03389e-06
-9.36716e-09
5.58564e-06
-1.02387e-06
-4.56177e-06
-3.93681e-06
2.67469e-06
1.50446e-07
5.97819e-06
-5.99672e-06
1.85213e-08
4.39999e-06
-4.39623e-06
-3.75891e-09
6.16445e-06
-6.00432e-06
-1.60125e-07
5.94708e-06
3.1116e-08
5.93613e-06
6.1805e-08
-1.22381e-08
-4.44932e-06
-5.50616e-06
3.0297e-06
2.47646e-06
-4.44308e-06
4.47155e-06
5.96595e-06
-1.88681e-08
6.26212e-07
4.0501e-06
3.20882e-06
-1.22765e-06
-6.01862e-06
-8.66735e-09
4.90835e-06
2.9127e-06
-4.96269e-06
-7.56207e-07
-6.1297e-06
4.47842e-06
-4.50465e-06
2.62239e-08
-2.07639e-07
-6.07322e-06
4.66323e-06
-5.19688e-08
5.18449e-06
-3.54674e-06
-1.63775e-06
-4.48802e-06
5.97505e-06
-5.97505e-06
4.27602e-06
5.59663e-08
-4.33199e-06
4.60198e-06
-5.98761e-06
5.97975e-06
7.85998e-09
5.94522e-06
-6.00255e-06
5.73208e-08
3.78358e-06
-5.00796e-06
-1.59706e-08
-5.94547e-06
5.96144e-06
5.93175e-06
-5.94772e-06
-1.98335e-07
6.32175e-06
-4.74858e-06
5.14412e-06
-5.37556e-06
3.72844e-06
-9.45014e-08
6.12316e-06
5.14856e-07
2.65221e-06
5.09044e-08
5.53474e-06
-1.64167e-08
4.79026e-06
-4.77384e-06
-4.07867e-08
-6.00193e-06
-3.75477e-08
4.92713e-06
-4.93361e-07
-4.43377e-06
-5.96203e-06
5.96203e-06
3.5004e-06
-3.0134e-06
-6.01142e-06
5.99566e-06
1.57592e-08
4.59105e-06
-4.59105e-06
4.46932e-06
-6.9328e-08
5.97019e-06
-5.97978e-06
9.59024e-09
-5.76387e-06
1.5764e-06
5.74549e-09
-4.43464e-06
4.42889e-06
4.80973e-06
-4.01919e-08
5.98269e-06
5.52918e-08
3.62937e-06
6.19403e-07
-4.24877e-06
6.001e-06
-3.24318e-08
4.66223e-06
-4.66223e-06
5.96287e-06
-5.94212e-06
-2.07448e-08
-4.55984e-06
4.5259e-06
3.39381e-08
6.00843e-06
-5.99022e-06
-1.82075e-08
-5.97193e-06
5.97193e-06
8.90234e-07
4.18167e-06
1.41253e-07
-4.32293e-06
-6.01191e-06
5.99626e-06
1.56523e-08
-2.22215e-08
-4.50204e-06
4.47595e-06
2.47101e-09
5.58768e-06
-1.05561e-06
-4.53208e-06
3.86052e-06
5.94773e-06
-5.96415e-06
1.64204e-08
4.59694e-06
4.90974e-06
6.92127e-08
4.20681e-06
6.09887e-06
-1.1618e-07
5.92816e-06
1.95655e-08
4.36265e-06
-4.36265e-06
-2.29688e-06
6.03165e-06
-5.98423e-06
-1.83149e-08
5.98118e-06
-5.95866e-06
-2.25171e-08
1.17047e-07
-6.09469e-06
5.97764e-06
6.26794e-07
-6.02941e-06
-6.00104e-06
5.99069e-06
1.03502e-08
4.33259e-06
-4.33005e-06
-2.53804e-09
4.56307e-06
-4.0269e-06
4.0269e-06
5.94021e-06
-1.20441e-08
-4.45374e-06
-4.15774e-06
4.1953e-06
4.62122e-06
-4.80743e-08
-1.35277e-08
4.73465e-07
-5.89953e-06
5.98016e-06
-5.98208e-06
1.92637e-09
1.42935e-07
4.18965e-06
1.38027e-07
4.78911e-06
4.504e-06
-3.46767e-08
-5.98768e-06
5.98071e-06
6.97087e-09
5.93489e-06
-5.95151e-06
1.66201e-08
-5.98227e-06
-2.91557e-08
5.96606e-06
-5.95036e-06
-1.56991e-08
4.50488e-06
8.61616e-08
5.96972e-06
2.5943e-08
-7.52532e-09
5.95638e-06
2.43278e-08
-9.04604e-10
-4.41265e-06
-6.04715e-06
6.37597e-08
-4.47538e-06
4.47538e-06
5.56768e-08
5.53201e-06
-4.54793e-06
8.6783e-07
3.13603e-08
5.96844e-06
2.48765e-07
-4.30186e-06
4.0531e-06
4.15581e-08
5.97502e-06
5.70053e-06
-6.21716e-06
4.50092e-06
1.61306e-07
5.93175e-06
-4.58806e-08
4.22755e-06
-4.35158e-06
2.15274e-08
4.28792e-06
-6.58554e-07
-5.94657e-06
5.94657e-06
-5.97841e-06
-3.35e-08
4.03396e-06
-4.17995e-06
1.45991e-07
-5.97502e-06
4.40356e-06
-4.39782e-06
5.96679e-06
2.9465e-08
-5.96955e-06
-5.3099e-06
3.69515e-06
-5.99508e-06
5.98509e-06
9.98586e-09
4.07533e-06
3.83342e-07
4.43464e-06
2.69202e-08
-5.9273e-06
5.96799e-06
-4.06842e-08
-4.50313e-06
4.46319e-06
3.99482e-08
-5.94627e-06
1.89719e-08
4.48493e-06
-8.97767e-09
2.48028e-07
-4.63632e-06
4.38829e-06
5.94491e-06
-5.97125e-06
2.63415e-08
4.83585e-06
-5.06221e-06
5.94425e-06
-5.9436e-06
-6.51291e-10
-3.79827e-06
3.79827e-06
-4.67692e-06
4.67692e-06
-5.93741e-06
-8.86539e-09
-2.77462e-06
3.28948e-06
-5.95442e-06
5.94565e-06
8.76336e-09
4.64922e-08
5.95989e-06
3.71299e-06
-3.28948e-06
-3.71299e-06
3.92172e-06
3.94165e-06
-4.53108e-06
5.43797e-06
-3.222e-06
-2.21598e-06
-5.97572e-06
-2.53207e-08
-8.60992e-07
-3.92172e-06
4.78272e-06
5.96823e-06
2.24637e-08
-4.52183e-06
4.19042e-06
5.98538e-06
-5.97328e-06
-1.20996e-08
-5.95022e-06
-4.48135e-06
4.50211e-06
-1.39464e-07
-1.59519e-08
5.9819e-06
5.95681e-06
-4.42889e-06
-6.09882e-06
-3.57901e-06
4.57181e-06
-9.92802e-07
-5.92403e-06
-2.1445e-08
5.94912e-06
7.26319e-09
3.4694e-06
-3.54441e-06
7.50161e-08
6.83828e-09
4.17995e-06
-4.34811e-06
1.68166e-07
2.7442e-06
2.78768e-06
-5.97303e-06
-2.20494e-08
-4.5242e-06
5.92296e-06
-5.91801e-06
-4.95274e-09
5.96588e-06
1.92148e-08
-5.98316e-06
5.97673e-06
6.43322e-09
4.57369e-06
4.50488e-06
-5.93816e-06
5.92515e-06
1.30094e-08
5.98007e-06
-5.97743e-06
-2.63819e-09
-4.44746e-06
4.50092e-06
5.93536e-06
-5.93536e-06
2.3648e-08
5.98558e-06
-3.74769e-06
-8.00241e-07
5.94779e-06
-2.88108e-09
-7.64219e-07
4.06261e-06
-3.2984e-06
5.93255e-06
-5.92741e-06
-5.1348e-09
1.81683e-08
5.95688e-06
5.92176e-06
-5.92704e-06
5.27668e-09
-5.991e-06
-5.96945e-06
-3.59545e-06
5.15006e-09
5.9746e-06
-6.28675e-09
-5.95339e-06
5.95968e-06
-5.93575e-06
5.92278e-06
1.29617e-08
-5.97278e-06
-1.03802e-08
-4.52126e-06
-4.36656e-06
1.49882e-08
5.96668e-06
1.00485e-08
-5.93036e-06
5.92786e-06
2.50568e-09
-5.93443e-06
2.23264e-08
5.91211e-06
5.97101e-06
1.43679e-08
-5.95253e-06
-2.07504e-08
-4.3421e-06
-2.05514e-08
5.96808e-06
-5.97175e-06
3.6702e-09
5.93274e-06
-5.93903e-06
-5.94489e-06
5.93668e-06
8.2029e-09
5.93007e-06
-5.92527e-06
-4.8039e-09
4.47148e-06
3.8993e-09
5.97005e-06
1.002e-08
-5.96171e-06
-1.57189e-08
-5.98359e-06
4.50211e-06
-5.93326e-06
5.92142e-06
1.18356e-08
3.93817e-06
-4.1951e-06
-5.91652e-06
5.93872e-06
-2.21981e-08
5.93487e-06
-5.94373e-06
8.86147e-09
-1.45099e-08
-5.96704e-06
-5.74397e-09
-1.54756e-08
-5.26773e-06
3.73711e-06
-1.01833e-08
5.93274e-06
-9.84244e-09
-6.3454e-09
-5.97206e-06
5.02432e-09
2.28414e-06
5.01697e-06
-7.30111e-06
-1.23618e-06
5.96811e-06
-2.9856e-11
-5.95688e-06
1.10103e-08
5.95102e-06
-5.96047e-06
-1.12835e-08
-4.48623e-06
-5.978e-06
5.93976e-09
2.0903e-08
5.94928e-06
-9.27657e-10
2.82719e-08
-5.87688e-06
5.84861e-06
5.97635e-06
-5.9733e-06
-3.04327e-09
-4.56641e-06
8.1872e-07
5.96484e-06
-5.95439e-06
-1.04444e-08
-5.96877e-06
-4.42582e-06
-2.3336e-07
5.92882e-06
-5.92413e-06
-4.68625e-09
3.11618e-08
-5.88247e-06
5.85131e-06
-5.97485e-06
5.96372e-06
1.11318e-08
-4.51756e-06
4.48018e-06
3.73853e-08
5.23691e-09
-5.97479e-06
-3.2134e-09
-4.54323e-06
9.42578e-07
3.60065e-06
-5.967e-06
-7.8524e-09
5.97437e-06
1.97164e-09
-5.96459e-06
-8.7091e-09
-2.37715e-08
-5.97519e-06
3.95105e-10
-4.29678e-06
-5.00523e-07
4.7973e-06
3.43382e-06
2.50946e-08
-5.95102e-06
4.48114e-06
-1.7952e-08
-5.92852e-06
5.92852e-06
-1.14649e-08
5.97151e-06
2.86056e-09
-4.7339e-09
9.298e-09
9.5813e-09
5.97377e-06
-2.25815e-09
3.51554e-09
5.97221e-06
-5.97227e-06
5.35189e-11
4.3106e-06
-4.3106e-06
-5.95988e-06
5.94707e-06
1.28105e-08
5.93844e-06
-5.93235e-06
-6.08884e-09
-8.38294e-09
5.97004e-06
3.73406e-09
5.97032e-06
1.89186e-09
-2.22909e-09
5.97088e-06
5.96508e-06
-5.96838e-06
3.29651e-09
-6.02265e-06
-5.94601e-06
-1.3874e-08
4.59694e-06
-5.63184e-08
5.95975e-06
5.3326e-09
4.99496e-08
5.96427e-06
-5.95774e-06
-6.53405e-09
-4.26008e-06
4.26008e-06
3.342e-08
5.93851e-06
-5.92754e-06
5.93707e-06
-9.52545e-09
5.96301e-06
1.26142e-09
4.56238e-08
4.45837e-06
5.95595e-06
-5.95369e-06
-2.25506e-09
-5.90898e-06
-1.85641e-08
5.93915e-06
-5.944e-06
4.85867e-09
5.9521e-06
3.85236e-09
5.9631e-06
7.21745e-09
-5.91052e-08
-5.89428e-06
-9.64132e-09
-5.25285e-07
-4.00465e-06
5.9298e-06
-5.93555e-06
5.75017e-09
1.77665e-07
4.13294e-06
5.95519e-06
-5.9496e-06
-5.58793e-09
-5.27179e-09
-1.01982e-07
-4.95322e-06
5.05521e-06
-4.31354e-06
4.36267e-06
-4.91269e-08
-5.90198e-06
5.90388e-06
-1.89844e-09
5.94832e-06
6.86954e-09
-5.93073e-06
-3.7072e-06
5.99135e-06
5.95066e-06
-5.9422e-06
-8.45609e-09
-5.95643e-06
5.95658e-06
-1.50048e-10
5.93933e-06
-5.93395e-06
-5.38024e-09
-5.77596e-07
-5.09428e-06
5.67187e-06
5.94454e-06
6.11674e-09
-5.90651e-06
4.5304e-09
5.95152e-06
-5.94389e-06
-7.62176e-09
4.47148e-06
-4.57941e-06
4.57941e-06
5.9493e-06
-5.9381e-06
-1.12034e-08
-1.14979e-08
5.9517e-06
-9.35431e-09
-4.47771e-06
5.94091e-06
8.3948e-09
-5.95588e-06
-1.11222e-08
-5.89744e-06
5.90058e-06
-3.13946e-09
5.95651e-06
3.23787e-09
1.00658e-07
5.89658e-06
-1.22704e-09
5.95095e-06
1.5101e-08
4.45733e-06
2.38023e-08
6.98051e-10
-5.90327e-06
5.83444e-09
4.54581e-07
1.65215e-08
1.92053e-07
5.93377e-06
-5.93934e-06
5.56347e-09
-5.89118e-06
5.89804e-06
-6.85854e-09
1.05716e-07
-4.46378e-06
4.35807e-06
7.97896e-07
-4.64958e-06
3.85169e-06
1.70429e-06
4.21558e-06
-4.21558e-06
5.92967e-06
-5.92967e-06
-4.88117e-06
2.72556e-09
-5.94089e-06
4.55049e-06
5.94962e-06
1.33834e-08
-1.12204e-06
-2.08672e-06
3.20876e-06
-5.89979e-06
8.60536e-09
-5.9031e-06
-1.91592e-07
2.52275e-06
-4.16253e-06
1.63978e-06
-4.06963e-09
4.03242e-08
5.8984e-06
1.54814e-08
4.46945e-06
-5.95807e-06
1.25373e-08
5.93404e-06
3.78538e-06
-4.61882e-06
8.33438e-07
3.85184e-06
-1.32908e-06
-7.41858e-09
-5.92833e-06
5.95895e-06
-5.91863e-06
-5.94188e-06
-5.8834e-06
5.87781e-06
5.58662e-09
1.31988e-09
5.94433e-06
5.92351e-06
6.15743e-09
5.41274e-06
-3.59245e-06
-1.82029e-06
-2.09102e-08
4.52183e-06
5.94271e-06
9.39168e-09
5.41072e-06
-5.98831e-06
4.02004e-08
5.89824e-06
-7.00927e-09
-5.92625e-06
-5.89029e-06
6.88776e-09
-4.32675e-06
1.32148e-08
4.54625e-06
-3.64519e-06
-9.01056e-07
5.91294e-06
-5.91345e-06
5.09764e-10
-6.89925e-09
1.70636e-06
-2.39825e-06
-2.24671e-06
4.64496e-06
5.92396e-06
-5.93307e-06
9.11444e-09
4.7191e-06
-4.66313e-06
-1.63734e-08
4.52126e-06
-3.88256e-06
2.76052e-06
5.91799e-06
-5.92393e-06
5.947e-09
5.95201e-06
-5.91181e-06
-4.45868e-06
1.48073e-07
-4.47584e-06
4.47023e-06
5.61299e-09
4.34811e-06
-4.4501e-06
9.43575e-08
5.89463e-06
-4.51615e-06
4.37983e-06
-1.59538e-07
5.94279e-06
-5.93559e-06
-7.20227e-09
4.6271e-06
-4.41984e-06
-2.0726e-07
5.92351e-06
-3.57758e-09
-5.92679e-06
-4.38102e-06
1.44535e-08
5.49343e-07
3.3654e-06
-3.91474e-06
-5.87589e-06
5.86951e-06
6.3755e-09
5.91416e-06
2.07139e-08
-3.74549e-06
-7.85582e-07
4.30615e-08
5.89627e-06
5.93296e-06
-5.94681e-06
1.38562e-08
5.92568e-06
-1.09447e-08
-5.90706e-06
-4.63294e-06
-7.81023e-07
5.93599e-06
1.23298e-08
6.3112e-06
-1.29423e-06
-3.59598e-08
5.93011e-06
-5.89415e-06
5.92747e-06
5.4856e-09
-5.88426e-06
8.37295e-09
-5.90131e-06
-4.22844e-08
-1.13165e-08
5.85087e-06
-5.83955e-06
7.7005e-09
5.92766e-06
5.95279e-06
-5.90973e-06
-5.93404e-06
-2.20899e-08
4.5242e-06
-6.21082e-09
4.48741e-06
-2.3146e-07
-4.25595e-06
6.0426e-08
4.42698e-06
-5.85922e-06
5.84791e-06
-5.93316e-06
-1.28446e-08
3.76639e-06
7.79863e-07
-2.24807e-08
4.58908e-06
-4.5666e-06
-3.80187e-06
-3.18013e-06
3.72947e-06
-4.95923e-06
6.13316e-07
4.34591e-06
5.92513e-06
4.5233e-09
-5.93194e-06
5.89019e-08
5.90005e-06
5.91624e-06
-5.91712e-06
8.74655e-10
5.92918e-06
-5.91153e-06
-1.76494e-08
-5.93719e-06
3.90189e-09
-8.5539e-09
-4.4801e-06
4.48866e-06
8.67493e-10
5.93582e-06
-4.11825e-06
1.20556e-06
-5.92942e-06
5.9261e-06
3.32365e-09
-5.86763e-06
5.86064e-06
6.99436e-09
5.78486e-08
4.84942e-06
-4.70817e-06
3.55469e-06
-8.52969e-08
-3.08036e-08
5.93343e-06
-5.90263e-06
-5.29069e-06
2.89244e-06
5.92306e-06
5.24585e-09
-5.93051e-06
5.92923e-06
1.53128e-08
-5.54167e-06
5.55541e-08
5.48612e-06
9.28294e-09
-5.87691e-06
5.91752e-06
-5.9113e-06
-6.21905e-09
-1.87531e-07
5.95253e-06
-5.765e-06
-8.86988e-09
-1.21692e-06
5.57051e-06
-4.35359e-06
-4.45868e-06
-4.94357e-06
5.92125e-06
-3.25946e-09
5.19952e-08
5.90002e-06
5.77311e-06
5.97718e-06
-5.97268e-06
-4.50169e-09
8.87018e-11
-4.48743e-06
4.48734e-06
-5.92465e-06
5.92063e-06
4.02227e-09
1.19693e-07
-4.46179e-06
4.3421e-06
5.93249e-06
-5.93002e-06
-2.46979e-09
-4.59347e-06
4.57099e-06
5.91504e-06
-5.91048e-06
-4.55485e-09
1.65975e-08
5.91258e-06
-6.47821e-08
5.94652e-06
-5.92845e-06
6.13409e-08
-4.37289e-06
5.92814e-06
-5.92712e-06
-1.01965e-09
5.92524e-06
3.46115e-09
-5.92759e-06
5.89491e-06
1.25158e-08
-5.90742e-06
1.41363e-09
5.9289e-06
-5.9123e-06
-1.40958e-08
-4.48952e-06
4.50361e-06
3.18354e-06
-4.68435e-06
1.50081e-06
-9.97671e-07
-4.544e-06
-4.3529e-06
-9.78991e-07
-3.82093e-06
-5.92162e-06
3.41426e-08
5.88748e-06
-4.51688e-06
4.48952e-06
2.73661e-08
-1.37457e-06
-3.63339e-06
-5.91856e-06
5.28367e-06
-5.90632e-06
5.91672e-06
-1.04041e-08
-4.93631e-06
4.90603e-07
4.44571e-06
4.71249e-06
-3.62123e-06
-1.09126e-06
-5.92701e-06
1.18836e-08
5.91512e-06
4.49676e-06
-4.44058e-06
1.23984e-08
5.90512e-06
-5.92766e-06
6.02049e-09
5.9225e-06
5.92165e-06
1.92631e-08
-9.83466e-10
-5.92605e-06
-1.91704e-08
-5.91025e-06
-5.91225e-06
4.49147e-06
-4.43591e-06
-2.51675e-08
1.26601e-06
3.91848e-06
-4.05629e-06
4.05629e-06
5.1425e-08
5.90137e-06
-6.71805e-06
-5.46557e-06
5.46566e-06
5.92968e-06
4.48821e-06
-4.45586e-06
-5.92056e-06
5.90139e-06
-5.0042e-06
5.12389e-06
5.91643e-06
-5.91127e-06
-5.16856e-09
7.16472e-09
5.92264e-06
-5.99186e-06
4.5086e-06
-4.5227e-06
-5.91889e-06
9.9137e-09
2.2291e-06
5.93339e-06
-5.92618e-06
-7.20754e-09
-5.92953e-06
5.91672e-06
-5.91178e-06
-4.93469e-09
-5.91572e-06
-5.90664e-09
5.90319e-06
-5.8851e-06
-4.52588e-06
5.44026e-06
5.91161e-06
-5.90967e-06
-1.93995e-09
-1.04327e-08
5.90534e-06
-4.51688e-06
3.91477e-06
-4.24271e-06
3.27939e-07
-7.28254e-06
7.28254e-06
5.92687e-06
5.92803e-06
-1.50137e-08
9.92548e-09
-5.92636e-06
5.94693e-06
-2.05658e-08
5.91493e-06
-5.90998e-06
-4.949e-09
-4.90835e-06
4.67499e-06
1.82567e-08
5.91186e-06
-5.92693e-06
1.60002e-08
5.91093e-06
-5.90959e-06
5.92236e-06
-5.91443e-06
-4.53883e-06
-5.92202e-06
1.97722e-08
5.90225e-06
-4.54544e-06
-1.27788e-08
4.4361e-06
-4.46973e-06
3.36359e-08
5.90717e-06
-5.91215e-06
4.97903e-09
1.09342e-07
-5.92193e-06
5.91211e-06
9.81608e-09
5.91808e-06
-4.3393e-06
-4.30877e-06
-7.22469e-08
5.92576e-06
-5.92576e-06
-3.02902e-08
4.50177e-06
-5.9225e-06
5.91383e-06
-5.90889e-06
-4.93833e-09
5.92489e-06
-3.30045e-08
-5.91735e-06
-4.40517e-06
-5.48059e-07
-4.51659e-06
3.53985e-06
-3.95382e-06
4.13967e-07
-8.86503e-07
-3.82305e-06
4.70955e-06
5.90297e-06
-5.88734e-06
3.82599e-06
-4.46378e-06
-1.27504e-08
-5.91426e-06
5.91701e-06
-5.9121e-06
-4.908e-09
4.54577e-06
-4.56834e-06
-1.2503e-06
-8.25542e-07
2.07584e-06
-4.71548e-06
4.75505e-06
4.56219e-06
-4.50177e-06
-1.78663e-08
-4.42416e-06
4.44203e-06
-2.10925e-08
-4.39036e-06
4.41145e-06
1.48326e-08
-4.60044e-06
4.58561e-06
4.20854e-08
-4.61897e-06
4.57688e-06
2.1272e-08
-4.5262e-06
4.50493e-06
-8.7604e-09
-4.42982e-06
4.43858e-06
-1.01551e-08
-4.42612e-06
4.43627e-06
2.66452e-06
-1.79534e-06
-8.69174e-07
3.92985e-06
2.88305e-08
5.9046e-06
4.3323e-06
-4.35697e-06
2.46712e-08
1.39144e-08
-5.91468e-06
5.90076e-06
5.92998e-06
-5.92998e-06
5.85145e-06
-1.41695e-09
-5.85003e-06
-1.97018e-08
-5.90086e-06
5.91339e-06
-5.90824e-06
-5.14892e-09
-3.6754e-06
-4.82589e-06
-1.10422e-07
3.87512e-06
7.51976e-07
5.92524e-06
-5.91728e-06
-7.96225e-09
-4.51033e-06
4.68667e-06
1.96213e-08
5.90928e-06
-3.25086e-06
-2.03983e-06
4.38335e-08
4.24554e-06
-4.28937e-06
-3.03151e-06
-5.12905e-07
-1.01715e-06
-6.29931e-07
1.64708e-06
4.44875e-06
4.44946e-06
4.64391e-06
4.64407e-06
4.61177e-06
4.5526e-06
-2.07402e-08
-4.46076e-06
4.48151e-06
4.46323e-06
-5.89608e-09
-1.75807e-06
5.9153e-06
-5.90138e-06
-1.46106e-07
4.75789e-06
-5.93323e-06
-4.05062e-06
5.00763e-06
5.84363e-06
5.08922e-09
-5.84872e-06
5.93776e-06
-1.19973e-08
-5.925e-06
2.12473e-08
5.90375e-06
-4.46863e-06
-4.4801e-06
4.47945e-06
-4.5002e-06
-4.07704e-06
4.92532e-06
-8.48281e-07
-1.05794e-08
-5.91144e-06
3.08857e-06
-3.85279e-06
9.76749e-09
-5.92106e-06
-5.91409e-06
-1.57327e-06
-2.30929e-06
-5.9035e-06
-1.11787e-08
4.53262e-06
1.41422e-06
3.44635e-06
5.90766e-06
-5.90311e-06
-4.55142e-09
4.50364e-06
-2.98291e-06
-1.52073e-06
-2.14426e-06
1.12711e-06
-2.48521e-06
5.37765e-06
-2.15504e-06
4.48e-06
-2.32497e-06
1.83201e-09
5.92213e-06
-5.88165e-06
5.91177e-06
-5.91522e-06
3.45167e-09
-3.34845e-06
1.42825e-06
1.9202e-06
-1.97676e-08
-4.45947e-06
4.47923e-06
6.19241e-06
-2.74189e-06
-3.45053e-06
4.40694e-09
5.84704e-06
-1.28702e-06
-2.06144e-06
-4.32056e-06
4.36439e-06
3.68565e-06
2.44198e-07
-4.29932e-06
-9.09025e-09
-4.4657e-06
4.47479e-06
4.61324e-06
-4.4703e-06
-2.74686e-06
-1.04119e-06
3.78805e-06
-5.90275e-06
5.90446e-06
-1.71266e-09
-4.3647e-06
4.42604e-06
5.90929e-06
-5.91312e-06
-3.95063e-06
-1.05661e-07
-5.9532e-06
5.93069e-06
-3.08236e-06
4.46393e-09
5.91226e-06
5.15707e-06
-2.85016e-06
-2.3069e-06
4.36578e-06
-8.25933e-07
4.87661e-06
-6.31065e-07
4.47232e-06
-4.49209e-06
5.90123e-06
-5.90151e-06
2.81926e-10
4.47737e-06
-4.48646e-06
5.42743e-09
-5.89822e-06
5.89279e-06
-2.48815e-06
-5.94209e-07
1.08022e-08
-4.53668e-06
-5.91486e-06
8.35494e-09
3.95063e-06
-4.18085e-06
2.30227e-07
-6.42056e-07
4.83171e-06
-2.32566e-08
-4.38191e-06
4.44559e-06
4.58755e-08
5.90778e-06
-5.90394e-06
-3.84253e-09
7.14706e-09
5.91636e-06
3.00203e-06
-4.46664e-06
4.47744e-06
2.90673e-06
-1.69197e-08
-5.90808e-06
-2.25693e-06
-1.72661e-06
3.98354e-06
-4.26953e-06
-3.92371e-08
4.02422e-06
-3.62821e-06
-3.9601e-07
-8.03746e-07
4.67889e-06
-3.87514e-06
5.9116e-06
-5.90703e-06
-4.56292e-09
7.90109e-09
5.90853e-06
3.96231e-08
4.50476e-06
-4.54438e-06
3.86771e-09
-5.91513e-06
-4.42325e-06
4.4377e-06
5.90945e-06
-5.91603e-06
6.57929e-09
5.93776e-06
-2.49346e-08
-4.13338e-06
-1.81208e-07
4.31458e-06
-5.94927e-06
-2.24468e-09
5.86987e-08
-4.53454e-06
-6.06433e-06
5.90704e-06
-5.90161e-06
-3.79307e-06
8.11523e-09
-1.42874e-08
-5.90512e-06
5.90807e-06
6.86322e-09
-6.16021e-06
9.58779e-10
-5.91094e-06
-2.68169e-07
-3.32375e-06
1.23703e-06
-5.9236e-06
5.9236e-06
-3.73353e-06
4.55657e-06
-8.23044e-07
5.93498e-06
-3.54015e-06
4.41284e-06
-8.72698e-07
-3.81634e-06
4.61942e-06
-8.03089e-07
-4.43363e-06
-6.51511e-08
4.56821e-06
-4.50306e-06
-3.85476e-06
3.74008e-06
-9.79564e-07
5.91589e-06
-5.92368e-06
7.7851e-09
5.9149e-06
-5.92269e-06
7.78383e-09
5.91085e-06
-5.91922e-06
8.36848e-09
-6.45303e-09
-5.91547e-06
-3.55292e-06
4.4853e-06
-9.32377e-07
5.91269e-06
-5.90814e-06
-4.54201e-09
5.91104e-06
8.3583e-07
-4.73644e-06
5.90755e-06
6.27561e-09
-5.91027e-06
1.38652e-09
1.38698e-06
5.91001e-06
-5.91494e-06
4.93436e-09
1.21939e-07
4.44025e-06
-4.56219e-06
-4.34353e-06
-2.1167e-08
4.3647e-06
-5.92275e-06
-5.90986e-06
5.90223e-06
7.63219e-09
4.50387e-06
-4.44517e-06
-5.91426e-06
5.90689e-06
7.36136e-09
-4.37633e-06
4.19688e-06
1.79453e-07
-5.91494e-06
5.90778e-06
7.1614e-09
5.92427e-06
-5.91705e-06
-7.2181e-09
-4.43174e-06
4.47136e-06
-4.78095e-06
-2.57705e-06
-4.85437e-06
-1.00687e-06
4.87871e-06
-3.87184e-06
5.90229e-06
-1.64391e-08
-5.89404e-06
-4.46179e-06
4.80343e-09
-5.91705e-06
5.91225e-06
-4.72845e-06
4.49699e-06
9.3988e-09
5.91874e-06
5.90613e-06
7.26437e-09
-5.90977e-06
1.52922e-09
-4.66477e-07
-1.67778e-06
-4.51827e-06
4.45312e-06
-4.70262e-06
8.1663e-07
3.88599e-06
-1.58085e-06
-1.7429e-06
-4.48743e-06
4.68764e-06
7.25102e-07
1.48006e-09
5.9042e-06
-5.90568e-06
4.4501e-06
-4.47335e-06
-5.91998e-06
5.94807e-06
-5.93145e-06
-1.48134e-06
-1.2476e-06
2.72894e-06
-4.21329e-06
-1.59592e-07
-5.95162e-06
9.49537e-09
-1.54578e-07
-4.46715e-06
4.45947e-06
7.68671e-09
4.89545e-06
-4.68463e-07
5.91328e-06
-5.90789e-06
-5.38881e-09
5.90547e-06
2.19831e-09
-5.90897e-06
5.85758e-09
5.90993e-06
-5.91188e-06
1.9556e-09
-5.13476e-09
2.82135e-09
-5.93427e-06
-4.36439e-06
-9.42843e-08
1.69073e-07
-4.8943e-06
-3.09847e-08
5.93222e-06
-5.99275e-06
-1.7649e-09
-5.89645e-06
-4.83585e-06
4.68974e-06
5.46582e-10
4.33176e-06
-4.46934e-06
4.4657e-06
3.64334e-09
-3.85102e-06
-7.98565e-07
4.52022e-06
4.24393e-06
-4.42514e-06
5.90807e-06
-5.90697e-06
-4.57453e-06
4.47363e-06
-3.97213e-06
-2.0922e-06
5.90614e-06
-3.80591e-09
-5.90798e-06
5.41072e-06
-4.50574e-06
5.97976e-07
3.90777e-06
9.29275e-07
-4.52172e-06
7.08573e-07
5.82443e-08
7.69073e-07
-4.69202e-06
3.92294e-06
8.95616e-07
-5.51633e-06
4.62071e-06
5.90648e-06
5.11371e-09
-5.69153e-09
-5.90776e-06
7.34363e-07
-4.63262e-06
3.89825e-06
-5.90874e-06
1.70347e-09
6.27037e-08
4.40752e-06
-5.02274e-06
-4.96319e-06
6.93659e-07
-4.0844e-06
4.46076e-06
-4.47552e-06
1.47573e-08
-1.89768e-08
-5.90496e-06
2.06673e-08
5.89463e-06
-3.44887e-06
-3.29396e-06
4.48751e-06
-4.48751e-06
-4.34353e-06
-4.23446e-06
-4.51033e-06
-5.87718e-06
-1.34463e-08
5.89063e-06
-4.11068e-06
-4.05468e-07
8.34648e-07
3.89068e-06
-4.72533e-06
8.8307e-07
3.69876e-06
-4.58183e-06
8.10357e-07
-4.81173e-06
4.00138e-06
4.32541e-06
4.69034e-06
-3.85451e-06
4.67499e-06
4.90894e-06
-4.32277e-06
4.3491e-06
-4.50368e-06
5.91243e-06
-5.90782e-06
-4.61059e-09
-5.72235e-06
-4.47287e-06
5.9056e-06
7.08386e-09
-5.90884e-06
7.00917e-10
5.90554e-06
-2.61534e-07
5.90684e-06
-5.9129e-06
6.0529e-09
5.91694e-06
-5.89253e-06
9.75253e-08
-3.66572e-06
3.5682e-06
4.4486e-09
4.54132e-06
4.30721e-08
4.86586e-06
5.01739e-06
-4.26759e-06
-3.57924e-06
-9.26505e-07
2.99506e-07
4.06628e-06
-4.57622e-06
-5.91095e-06
5.91166e-06
-7.10336e-10
4.59347e-06
-4.68974e-06
9.62748e-08
-4.68149e-06
8.30469e-07
-6.40265e-06
8.9084e-07
5.51181e-06
5.91388e-06
2.82744e-06
3.94037e-06
5.9179e-06
-5.9179e-06
-2.06172e-06
7.40631e-09
4.44025e-06
-4.52532e-06
2.00071e-08
4.50531e-06
-5.90817e-06
-5.91636e-06
5.90558e-06
7.70104e-09
-5.90803e-06
1.43878e-10
5.90009e-06
-1.37896e-10
-5.91196e-06
-4.61651e-06
4.19796e-08
4.60252e-06
-3.86816e-06
-3.52934e-06
4.33182e-06
-5.92426e-06
4.79646e-06
-3.86718e-06
4.62202e-06
-3.85294e-06
4.7515e-06
-3.85588e-06
-6.27464e-09
5.90923e-06
-5.93286e-06
4.51405e-06
-4.45134e-06
-4.34556e-06
4.34611e-06
-5.89577e-06
-2.74463e-09
5.89851e-06
9.74195e-07
4.49147e-06
-1.20459e-08
-5.90507e-06
7.83866e-08
4.40982e-06
-2.84247e-06
2.17677e-06
6.65704e-07
-4.46715e-06
4.64619e-06
-3.81154e-06
4.67907e-06
-3.796e-06
4.68422e-06
-3.87387e-06
4.48143e-06
5.41369e-08
-5.01733e-06
5.98831e-06
-5.74099e-06
-6.61659e-07
4.49195e-06
-4.49195e-06
3.96673e-06
-6.01332e-07
-2.75193e-06
2.15772e-06
3.89755e-06
7.81339e-07
5.90666e-06
5.76874e-09
5.96445e-06
-5.9239e-06
-4.05557e-08
-5.90844e-06
6.19174e-10
-5.91248e-06
5.90483e-06
-5.90965e-06
4.81577e-09
-4.47998e-06
5.58193e-08
-4.47205e-06
8.16941e-08
-4.48052e-06
-1.19923e-07
-4.44337e-06
-1.75602e-07
-4.61391e-06
8.77144e-08
-4.54727e-06
1.17457e-07
-4.53755e-06
1.11428e-07
-8.13369e-09
5.9029e-06
-5.89477e-06
-5.91268e-06
9.41048e-09
-1.28131e-08
5.95057e-06
5.90534e-06
-5.91246e-06
7.12454e-09
-5.38106e-06
1.02816e-06
-3.02034e-09
3.77897e-06
1.53805e-07
-4.75794e-06
4.60413e-06
-5.15364e-06
3.27754e-07
5.91564e-06
-5.91076e-06
-3.99436e-06
4.23856e-06
4.21416e-09
-5.91517e-06
5.89848e-06
8.55695e-09
4.47831e-06
-4.47831e-06
-4.32056e-06
2.77335e-06
4.00274e-06
1.07499e-09
-5.90259e-06
-4.46934e-06
-2.6255e-08
-2.87572e-06
1.0678e-05
-7.80232e-06
-3.49428e-06
-4.34298e-06
7.83725e-06
-5.90198e-06
5.90196e-06
2.08014e-11
4.49302e-06
-4.48857e-06
4.35661e-06
-4.31354e-06
-4.47479e-06
4.47532e-06
-5.29341e-10
4.11589e-06
-4.01837e-06
1.52249e-06
-1.45687e-06
-6.56103e-08
-4.83703e-06
3.8117e-07
-8.27504e-07
4.41514e-06
-3.90921e-07
1.04044e-09
-5.15468e-06
5.90133e-06
1.67134e-09
-5.90561e-06
4.57229e-06
4.6161e-06
4.47387e-06
-3.18066e-06
2.78678e-06
-4.07103e-06
5.91041e-06
-5.90813e-06
-8.27402e-07
-3.85409e-06
-1.46401e-08
-6.07534e-06
6.96618e-06
3.7559e-06
8.19751e-07
-4.57565e-06
-7.65667e-06
5.91555e-06
4.4716e-06
-4.35335e-06
-5.89826e-06
-5.90301e-06
5.91074e-06
-7.72233e-09
4.68667e-06
4.16671e-06
-4.25201e-06
-3.83782e-06
4.50771e-06
-6.69896e-07
-2.70076e-08
5.87064e-06
5.90451e-06
-5.90922e-06
4.7129e-09
-1.17845e-08
-4.82892e-06
4.89616e-07
-4.44197e-06
-2.77621e-08
-2.87616e-09
-2.40583e-09
-2.20781e-09
-2.22232e-09
-2.84202e-09
-3.27116e-09
-2.36173e-09
-2.43233e-09
-2.86192e-09
4.68565e-09
5.93031e-06
3.41434e-08
-4.57347e-06
5.68714e-08
-4.47552e-06
4.42514e-06
-4.54246e-06
-5.90923e-06
5.90788e-06
-1.43476e-08
5.90712e-06
4.10258e-06
7.76137e-07
-1.05097e-07
4.63132e-06
-3.48467e-06
-4.57099e-06
5.41075e-08
9.31302e-07
-5.5906e-06
6.52609e-07
-3.89512e-06
3.24251e-06
6.86218e-07
-4.56728e-06
3.88106e-06
6.55971e-07
-4.42119e-06
3.76522e-06
1.11308e-06
-5.32282e-06
5.4816e-07
-4.1825e-06
3.63433e-06
1.69414e-06
-4.75358e-06
3.01595e-08
-4.54843e-06
8.14907e-07
-1.34901e-09
5.91724e-06
-4.37865e-06
8.38499e-07
-1.77913e-09
5.91668e-06
-5.90973e-06
-4.61773e-06
8.01398e-07
-5.91067e-06
1.90054e-09
5.90895e-06
-5.90738e-06
8.12847e-07
-4.63589e-06
-4.44259e-06
-4.43812e-06
-4.43934e-06
-4.42421e-06
-4.5272e-06
-4.52378e-06
-4.48378e-06
5.10039e-06
-3.59958e-06
5.91139e-06
-5.90808e-06
4.47109e-06
1.15852e-06
-4.82774e-06
4.36054e-06
-4.36356e-06
-5.89798e-06
-9.51665e-07
4.44403e-06
-9.39199e-07
4.93005e-06
-5.09429e-08
-5.82687e-08
-7.03061e-08
-7.68871e-08
1.44395e-07
-4.76208e-06
1.29389e-07
-4.76433e-06
1.85109e-07
-4.84343e-06
-5.89448e-06
-5.89369e-06
1.22035e-10
5.90211e-06
5.97065e-09
5.90092e-06
-3.89014e-06
-4.50166e-06
2.39483e-08
-4.5535e-06
7.21532e-08
-4.57376e-06
7.17189e-08
-4.56702e-06
7.89984e-08
-4.59385e-06
5.86872e-08
-4.57814e-06
7.12657e-08
-4.59263e-06
4.73471e-08
4.51496e-06
1.19573e-07
-4.63453e-06
5.90222e-06
-5.90701e-06
1.00481e-08
5.89773e-06
-1.6227e-07
5.01163e-10
-4.56885e-06
-4.39665e-06
-5.90746e-06
4.44616e-09
5.90354e-06
7.19766e-09
1.27465e-08
4.48329e-06
-4.49604e-06
1.55806e-07
-1.56039e-07
4.35291e-06
5.44023e-06
3.61168e-11
-4.34447e-06
-1.25025e-08
-4.41924e-06
-6.33053e-08
4.48255e-06
5.01712e-06
-9.1807e-08
5.89848e-06
-5.91735e-06
1.88667e-08
8.92555e-07
-3.39501e-06
-9.06851e-07
-4.66522e-06
-4.69854e-06
8.27728e-07
-4.36662e-06
8.13695e-07
2.79348e-06
6.27332e-07
-5.05246e-06
-9.11976e-09
3.80514e-06
8.46961e-07
-4.6521e-06
-4.67413e-06
6.37344e-07
4.03679e-06
3.74324e-06
8.13332e-07
3.86222e-06
8.22009e-07
3.86575e-06
8.13321e-07
3.57894e-06
8.33906e-07
3.83048e-06
8.15703e-07
3.82219e-06
7.97236e-07
3.79531e-06
8.07216e-07
8.16317e-07
-4.68448e-06
-5.91329e-06
-3.76171e-09
-5.91732e-06
-9.04446e-09
-4.4722e-06
6.97084e-07
3.77512e-06
-3.79621e-06
-3.63251e-06
7.42871e-06
5.90884e-06
-5.30137e-09
-5.94657e-09
-5.90373e-06
5.90858e-06
-5.94571e-06
7.61409e-08
5.86957e-06
-3.70915e-06
-5.39621e-07
5.91146e-06
-5.90561e-06
4.28024e-07
-6.50337e-06
3.69584e-06
7.89459e-07
4.43623e-06
4.19797e-06
6.67892e-07
4.6199e-06
-7.22345e-07
1.35326e-07
-4.2308e-06
4.09547e-06
-4.52313e-06
7.04444e-07
-4.61711e-06
3.91266e-06
-6.10316e-08
4.49474e-06
-8.32858e-08
4.46385e-06
1.21759e-07
4.46695e-06
1.09936e-07
4.40741e-06
9.75158e-08
4.54117e-06
-1.02595e-07
4.53404e-06
-9.77693e-08
4.49916e-06
1.48856e-08
4.36845e-06
-5.78421e-09
-4.47541e-06
3.34396e-08
5.25252e-08
5.91924e-06
-5.91642e-06
-4.47101e-06
3.92773e-08
2.7319e-08
3.7888e-06
-4.56739e-06
7.78585e-07
-3.91757e-06
4.33154e-06
-8.98042e-09
-5.23205e-06
7.06725e-07
4.18001e-06
6.10251e-07
5.90303e-06
-5.90788e-06
4.85343e-09
-5.90659e-06
5.90659e-06
4.63622e-06
-8.80314e-07
-4.51869e-06
7.60937e-08
-4.536e-06
9.78845e-08
-4.53867e-06
9.93295e-08
-4.48641e-06
6.22045e-08
-4.59986e-06
7.26626e-08
-4.60531e-06
8.15251e-08
-4.54651e-06
6.27238e-08
-4.48802e-06
4.28554e-08
-1.04111e-08
-5.92386e-06
2.1992e-08
5.90186e-06
6.97722e-09
-5.93671e-06
4.39585e-06
-4.30893e-06
3.32937e-06
-8.22425e-07
4.43343e-06
3.79278e-08
-4.04889e-06
3.8802e-06
-4.39311e-06
5.91132e-06
4.11406e-06
-3.35092e-07
2.98507e-06
-4.0064e-06
-4.28624e-06
6.80688e-06
-6.37885e-06
3.86294e-06
-4.65126e-06
7.88321e-07
-4.6259e-06
8.14363e-07
5.88511e-06
-5.91212e-06
-4.61038e-06
8.14373e-07
-4.70014e-06
8.26272e-07
3.84487e-06
7.75024e-07
3.94497e-06
8.06525e-07
3.81513e-06
8.06883e-07
3.97504e-06
8.21418e-07
3.8464e-06
8.63149e-07
-6.54918e-06
5.9127e-06
-5.90563e-06
-5.77818e-07
4.48856e-06
5.90662e-06
-5.90788e-06
-1.92335e-06
4.6294e-09
-1.09072e-06
6.60253e-06
5.89903e-06
-5.90587e-06
6.84225e-09
-3.22424e-06
1.86214e-06
-4.19037e-06
-2.92538e-06
-1.05391e-07
5.99034e-06
8.3333e-07
-4.68741e-06
1.60969e-06
2.37385e-06
4.61924e-06
-4.39168e-06
-5.89964e-06
5.8915e-06
5.90654e-06
-5.90745e-06
-2.54235e-08
-5.91851e-06
5.91337e-06
-4.54989e-06
5.90265e-06
-3.61952e-09
-7.22432e-07
-2.31821e-06
-3.27239e-06
4.31745e-06
-4.53406e-06
-4.00997e-09
-4.20636e-06
5.90682e-06
-5.89179e-06
-4.46664e-06
3.51602e-06
3.20343e-06
-4.3491e-06
4.19306e-06
4.47748e-06
-4.47744e-06
4.20026e-06
-4.19306e-06
-7.19947e-09
-4.35807e-06
4.34556e-06
4.2828e-06
-4.34611e-06
4.48807e-06
-4.47532e-06
-4.15773e-06
4.31354e-06
-4.48807e-06
4.48857e-06
-4.33684e-06
4.01837e-06
3.18475e-07
-4.42104e-06
-5.96285e-07
5.90154e-06
-5.90621e-06
4.66437e-09
3.85943e-06
8.30916e-07
1.13935e-08
-5.48688e-07
2.46015e-06
5.91232e-06
-5.90546e-06
-6.8588e-09
8.33409e-09
-5.92565e-06
-7.31056e-10
5.91574e-06
-5.91501e-06
5.90211e-06
-4.37322e-06
-5.1277e-06
5.12875e-06
-5.91463e-06
1.33159e-08
-4.70954e-06
1.06435e-06
4.56179e-06
-4.63404e-06
5.90616e-06
6.00527e-06
-5.87597e-06
-1.29299e-07
5.90521e-06
-5.90411e-06
-4.86876e-06
-3.63288e-07
-5.92367e-06
-4.28529e-06
-4.31451e-06
2.82648e-08
-6.80928e-07
4.38196e-06
6.35163e-07
5.89344e-06
-7.95242e-07
5.90569e-06
-1.49067e-09
-5.69178e-06
-7.55901e-09
5.93825e-06
4.36054e-06
4.48151e-06
4.31745e-06
4.48734e-06
4.35661e-06
4.42604e-06
-4.36356e-06
-4.15773e-06
4.50361e-06
4.49302e-06
4.61924e-06
-4.33684e-06
4.47923e-06
4.24393e-06
-4.50368e-06
4.11589e-06
4.13294e-06
4.20026e-06
-4.47335e-06
4.2828e-06
4.47748e-06
3.66874e-06
-3.66874e-06
4.48866e-06
-5.92003e-06
-4.65503e-06
4.67504e-06
-3.856e-06
4.68932e-06
5.89912e-06
-5.90612e-06
6.99454e-09
-1.86825e-07
-5.78238e-09
-4.56122e-06
1.13215e-08
-4.5786e-07
4.46815e-06
5.4731e-09
-5.86273e-06
5.85725e-06
5.50922e-09
1.30804e-08
-5.84165e-06
2.55668e-09
5.83909e-06
2.64052e-07
-6.08874e-06
5.82468e-06
5.89502e-06
7.86914e-09
-5.90289e-06
5.89451e-06
8.1413e-09
-4.2281e-06
3.86021e-06
7.76009e-07
-5.87103e-06
-3.38616e-08
5.90489e-06
5.94017e-06
1.24521e-08
5.86032e-06
1.44951e-07
5.90317e-06
-5.9008e-06
-5.90662e-06
5.89788e-06
5.89989e-09
2.81319e-07
-5.40902e-06
-6.65961e-09
4.66383e-06
-3.81687e-06
4.53417e-06
-4.47074e-06
-6.34315e-08
5.37398e-06
-3.61644e-06
-1.75754e-06
5.09535e-06
-4.458e-06
4.67798e-06
-3.86465e-06
4.67732e-06
-3.86241e-06
4.68238e-06
-3.86037e-06
4.68126e-06
-3.86794e-06
4.59545e-06
-3.76155e-06
4.60063e-06
-3.76213e-06
-4.77215e-07
-6.02615e-06
4.66073e-06
-3.84503e-06
4.65795e-06
-3.86072e-06
4.66525e-06
-3.86385e-06
4.66994e-06
-3.86272e-06
4.67453e-06
-3.85821e-06
-2.613e-09
3.75864e-09
-5.86587e-06
5.86211e-06
-1.36386e-08
6.16288e-06
-1.15604e-07
-6.04728e-06
4.6215e-06
-3.75835e-06
4.68425e-06
-3.85798e-06
5.91995e-06
5.37437e-06
-3.75917e-06
-1.6152e-06
4.68278e-06
-3.86841e-06
4.66003e-06
-3.84566e-06
4.5486e-06
-3.85152e-06
4.68202e-06
-3.86539e-06
4.571e-06
4.64599e-06
-3.87096e-06
5.90307e-06
-8.05031e-09
-4.78232e-06
4.08702e-06
6.95299e-07
-5.38893e-06
3.86827e-06
5.83889e-09
5.8988e-06
-5.90353e-06
4.73381e-09
6.80688e-06
-8.0973e-08
6.01128e-06
4.6604e-06
-3.87095e-06
-5.83556e-06
5.86672e-06
-1.10526e-08
-3.06877e-08
-5.91702e-06
6.05313e-10
-4.60447e-09
-5.97807e-06
6.24212e-06
-4.25689e-06
-4.39168e-06
-4.44586e-06
4.38867e-06
4.45147e-06
-5.4951e-06
6.26346e-07
4.68025e-06
-3.86656e-06
1.43524e-08
-7.98484e-07
-5.88889e-06
-3.76804e-09
5.89266e-06
3.38519e-07
-4.53406e-06
-4.48686e-06
4.50867e-06
-2.18048e-08
5.21976e-06
-4.43184e-06
-1.04841e-07
-6.2182e-06
4.74275e-06
-5.35947e-07
4.56788e-06
5.90216e-06
-5.89851e-06
5.90542e-06
5.90194e-06
-5.90044e-06
-4.44174e-06
4.43318e-06
8.55862e-09
-4.21105e-06
-2.34091e-08
4.78794e-06
-4.00935e-06
4.57917e-06
9.89021e-09
-3.8565e-06
4.797e-06
-3.98415e-06
-4.15405e-06
4.69224e-06
-3.87082e-06
4.68577e-06
-3.87888e-06
4.65869e-06
-3.85217e-06
4.69028e-06
-3.93831e-06
-4.48772e-06
4.55456e-06
-6.68356e-08
3.99823e-08
-8.35063e-10
4.31061e-06
-8.30526e-08
4.73081e-06
-3.94249e-06
4.65705e-06
-3.87572e-06
-5.8967e-06
5.90457e-06
-5.93221e-06
5.93918e-06
9.82501e-09
7.88198e-06
-6.97343e-06
4.3692e-06
-4.20013e-06
4.86757e-06
-4.9286e-06
4.39024e-06
-4.33442e-06
4.46128e-06
-4.38519e-06
4.82106e-06
-4.90434e-06
4.22442e-06
-4.14273e-06
4.4327e-06
-4.33481e-06
4.67437e-06
-4.55261e-06
5.34219e-06
-5.46212e-06
4.4501e-06
-4.35077e-06
4.68348e-06
-4.57354e-06
5.30506e-06
-5.48066e-06
4.22782e-06
-4.16561e-06
4.3029e-06
-4.20539e-06
4.55398e-06
-4.46627e-06
4.78332e-06
-4.71066e-06
5.14505e-06
-5.24764e-06
4.39932e-06
-4.28187e-06
4.76825e-06
-4.68673e-06
5.12088e-06
-5.21865e-06
4.38549e-06
-4.27406e-06
4.70181e-06
-4.63909e-06
4.77006e-06
-4.75517e-06
4.61695e-06
-4.56443e-06
4.66744e-06
-4.62459e-06
4.71865e-06
-4.72443e-06
4.56209e-06
-4.54888e-06
4.47734e-06
-4.4437e-06
4.47085e-06
-4.43741e-06
-8.38524e-09
4.46817e-06
-4.43024e-06
-5.89929e-06
-4.96982e-10
4.46663e-06
-4.42735e-06
5.90357e-06
-5.89756e-06
4.46542e-06
-4.41955e-06
4.45615e-06
-4.42883e-06
6.16288e-06
7.1466e-09
4.45735e-06
-4.43355e-06
-5.89425e-06
-2.30942e-08
-5.89985e-06
5.89985e-06
-5.9288e-06
3.45493e-08
-4.47962e-06
4.46557e-06
-4.42562e-06
5.90303e-06
-5.21378e-06
-2.28413e-07
6.28615e-09
5.89882e-06
-5.89777e-06
-6.09367e-06
5.98472e-06
-5.95057e-06
-5.8476e-06
-8.11995e-08
4.76546e-06
4.46009e-06
-4.4381e-06
1.64291e-08
-3.30988e-08
-2.82516e-08
4.70836e-06
-3.93223e-06
2.80901e-08
-5.89656e-06
5.9034e-06
4.80489e-06
-3.99619e-06
4.44224e-06
-4.45122e-06
5.91593e-06
-5.9184e-06
-5.97073e-06
-1.68594e-06
-5.89788e-06
5.89759e-06
-6.37885e-06
5.92188e-06
4.2612e-06
7.56183e-07
-6.0231e-06
6.07305e-06
1.75522e-06
2.88974e-06
6.97343e-06
-6.42254e-06
5.98472e-06
5.17088e-09
3.56772e-09
-5.92197e-06
1.41184e-08
5.9079e-06
5.89389e-06
9.00983e-09
-6.07305e-06
6.23048e-06
-4.02384e-09
5.89509e-06
7.98419e-09
4.46816e-06
-4.44193e-06
-3.93521e-07
-6.0231e-06
2.7512e-09
-5.85409e-06
5.85134e-06
6.00116e-06
-5.9374e-06
-5.95695e-06
-6.00116e-06
4.69803e-06
-3.86459e-06
5.92516e-06
-2.20171e-08
-9.8211e-09
5.93498e-06
-5.92951e-06
7.74613e-07
-5.91435e-06
5.91342e-06
6.23048e-06
6.42254e-06
5.91435e-06
-5.92306e-06
-5.94872e-06
-1.92589e-08
3.3309e-08
-5.90434e-06
-5.93549e-06
5.91475e-06
5.91342e-06
-5.9147e-06
-5.94367e-06
5.9374e-06
-5.89683e-06
5.90403e-06
5.8971e-06
5.94367e-06
5.92344e-06
-5.92306e-06
-5.94232e-06
-3.45868e-08
5.96264e-06
-5.90083e-06
5.90403e-06
5.29997e-09
-5.90933e-06
7.32507e-09
5.91611e-06
5.93094e-06
-1.21964e-08
-5.96264e-06
5.94232e-06
5.90264e-06
1.3934e-09
5.9199e-06
5.90812e-06
-5.90083e-06
-5.93542e-06
9.62812e-09
-5.9044e-06
7.35145e-09
-5.90405e-06
-5.95807e-06
5.91138e-06
-7.59116e-09
5.86753e-06
-5.85994e-06
5.90697e-06
1.15329e-09
5.90075e-06
7.21927e-09
-5.90378e-06
5.90392e-06
-3.17057e-09
6.73462e-09
-4.08349e-09
5.90575e-06
-5.90167e-06
5.90396e-06
-4.64756e-11
-5.90269e-06
5.89497e-06
5.89726e-06
-5.90043e-06
8.19224e-09
-5.40722e-10
5.85882e-06
-5.85828e-06
5.90656e-06
-5.91253e-06
-2.49711e-09
5.90646e-06
-5.90406e-06
5.90142e-06
-8.65219e-09
5.9011e-06
-5.89245e-06
-5.91003e-06
-5.89602e-06
5.90026e-06
-4.24467e-09
5.90734e-06
9.30482e-09
5.14748e-09
5.9102e-06
-2.86074e-09
5.89979e-06
-5.91673e-06
5.91702e-06
-5.89556e-06
5.90024e-06
5.89856e-06
-5.90379e-06
7.76963e-09
5.89762e-06
-5.89722e-06
5.89762e-06
-5.89397e-06
5.90814e-06
7.81813e-09
5.89235e-06
-5.89696e-06
-4.42479e-09
5.90422e-06
-5.90372e-06
5.90739e-06
-3.20383e-09
5.89381e-06
-5.89667e-06
5.90134e-06
-5.89721e-06
5.89721e-06
-5.89736e-06
3.75475e-09
5.89333e-06
-5.89872e-06
7.23436e-09
-2.34669e-09
5.90487e-06
-3.52536e-09
5.89555e-06
-5.89799e-06
7.62672e-09
5.8949e-06
-5.89945e-06
5.8997e-06
-3.15561e-09
5.89633e-06
-5.89869e-06
5.90386e-06
-3.34257e-09
1.29531e-08
5.89536e-06
-5.89992e-06
5.90331e-06
-3.61061e-09
5.89692e-06
-5.90019e-06
5.90738e-06
-3.16257e-09
-3.0832e-09
5.9009e-06
5.8968e-06
-5.90135e-06
-5.90377e-06
5.90073e-06
5.89864e-06
-5.90148e-06
-3.11962e-09
-3.32792e-09
5.12891e-09
5.89786e-06
-5.90298e-06
1.62063e-08
5.90013e-06
-5.90527e-06
5.90433e-06
-3.42263e-09
5.89938e-06
-5.90234e-06
5.90012e-06
1.25395e-08
-5.90363e-06
5.89869e-06
-3.00255e-09
-3.39094e-09
-5.90298e-06
5.90077e-06
-5.89164e-06
5.89164e-06
-5.89335e-06
-4.371e-11
5.90403e-06
-5.90399e-06
-3.59923e-09
1.66872e-08
-2.71401e-09
-1.35434e-09
5.8973e-06
-1.41775e-11
-2.86097e-09
-3.64926e-09
-5.15615e-09
-1.4988e-08
5.90325e-06
-5.88826e-06
-5.93362e-06
-5.88486e-06
5.88486e-06
-5.8876e-06
-5.90096e-06
5.89946e-06
1.50711e-09
1.81481e-08
-7.99365e-10
-5.90811e-06
7.15044e-09
5.87806e-06
-5.88183e-06
5.87806e-06
1.11943e-08
-5.90561e-06
3.33991e-09
9.30104e-09
5.89106e-06
-5.88719e-06
-3.86609e-09
5.89106e-06
-5.89029e-06
5.8927e-06
-2.41356e-09
5.89029e-06
7.70235e-10
-5.88719e-06
-5.88858e-06
1.38168e-09
5.90839e-06
-5.89804e-06
5.90839e-06
-7.80232e-06
5.91415e-06
-5.89839e-06
-5.8979e-06
5.8979e-06
5.95696e-06
-5.89964e-06
5.91415e-06
5.95696e-06
-5.89701e-06
5.89701e-06
5.8974e-06
-5.8974e-06
5.89964e-06
-5.991e-06
-5.89953e-06
5.89781e-06
-5.89781e-06
-5.89713e-06
5.89713e-06
-5.88183e-06
5.84482e-06
-5.84482e-06
5.8927e-06
5.89055e-06
-5.89055e-06
5.89759e-06
5.89821e-06
-5.89821e-06
-5.94772e-06
-5.89732e-06
5.89732e-06
-5.93542e-06
-5.89736e-06
-5.8876e-06
-5.89335e-06
5.88428e-06
-5.88428e-06
5.90673e-06
-5.90673e-06
-5.89735e-06
5.89735e-06
-5.8971e-06
5.8971e-06
-6.04728e-06
-5.93286e-06
-5.89725e-06
5.89725e-06
-5.88858e-06
-5.89839e-06
5.89804e-06
-5.90789e-06
-5.89722e-06
5.89701e-06
-5.89701e-06
-5.89653e-06
5.89653e-06
5.91386e-06
-5.90424e-06
-5.91386e-06
5.90424e-06
-5.90789e-06
-6.25346e-09
1.0225e-08
-5.90276e-06
-5.89853e-06
5.90631e-06
-5.38477e-09
5.91729e-06
-5.93863e-09
-5.91135e-06
-5.89825e-06
5.90755e-06
5.91104e-06
5.92126e-06
-5.90595e-06
7.41799e-09
5.91613e-06
8.06528e-09
-5.89097e-06
5.89934e-06
5.92111e-06
1.65763e-08
5.91572e-06
4.68541e-09
-4.53073e-09
-5.88296e-06
5.8863e-06
5.92041e-06
5.9156e-06
-5.8813e-06
5.88845e-06
1.63833e-08
5.91963e-06
5.9151e-06
-5.00014e-09
5.86501e-06
-5.86001e-06
5.91376e-06
1.33013e-09
9.07928e-09
-5.91984e-06
5.90908e-06
-5.88733e-06
5.89853e-06
-8.1018e-10
1.11645e-09
5.91816e-06
-5.88137e-06
5.89952e-06
5.91735e-06
-5.89492e-06
5.89978e-06
1.71574e-08
7.51576e-09
5.9208e-06
-4.59445e-09
5.87414e-06
-5.86955e-06
5.92608e-06
5.93359e-06
-5.9003e-06
5.89744e-06
5.91139e-06
-1.70991e-08
5.91549e-06
-5.89972e-06
5.89892e-06
5.91797e-06
6.1682e-11
2.32861e-09
-5.88335e-06
5.90003e-06
5.90087e-06
-5.89508e-06
5.90064e-06
1.55727e-08
5.9032e-06
-4.95759e-09
5.88217e-06
-5.87721e-06
-5.90106e-06
5.8959e-06
5.9105e-06
-7.30135e-09
-1.53562e-08
5.91359e-06
5.78447e-09
5.91544e-06
5.90935e-06
-5.89946e-06
5.89945e-06
5.91513e-06
1.17775e-09
5.89978e-06
-5.88476e-06
5.90097e-06
-5.90108e-06
5.89837e-06
5.90173e-06
-5.894e-06
5.90312e-06
1.46872e-08
5.82401e-09
-6.96539e-09
5.89213e-06
-5.88516e-06
5.90759e-06
-5.85936e-09
5.91342e-06
-1.11518e-08
5.90804e-06
-5.90183e-06
5.89883e-06
-5.68939e-09
-5.89468e-06
5.90722e-06
5.91409e-06
8.43443e-09
5.25025e-09
5.90294e-06
-5.90139e-06
5.91025e-06
7.51556e-09
6.91804e-09
-5.90096e-06
5.90819e-06
-5.82897e-09
5.90035e-06
-5.89453e-06
5.89776e-06
-5.90263e-06
5.89951e-06
-5.89843e-06
-5.90592e-06
5.89314e-06
5.90257e-06
2.43209e-09
4.33701e-09
5.89454e-06
8.03016e-09
-5.88631e-06
5.89926e-06
-5.8916e-06
5.89923e-06
5.89697e-06
-6.82898e-09
5.90307e-06
-5.89624e-06
5.90389e-06
-5.89276e-06
5.90039e-06
-5.90317e-06
5.90001e-06
7.6662e-09
4.41047e-09
5.9086e-06
5.90405e-06
6.46625e-09
5.90846e-06
-5.89309e-06
5.90045e-06
5.90277e-06
-5.82284e-09
5.90672e-06
-5.90025e-06
5.90762e-06
-5.90353e-06
5.90037e-06
7.30179e-09
-5.89485e-06
5.90208e-06
4.66589e-09
5.90269e-06
-5.89644e-06
5.9036e-06
-5.52512e-09
5.60169e-09
5.90496e-06
-5.89936e-06
5.90735e-06
5.90153e-06
5.64324e-09
-5.89488e-06
5.89864e-06
-5.90288e-06
4.39565e-09
5.9062e-06
-5.90523e-06
-5.89261e-06
5.90038e-06
5.90129e-06
8.71463e-09
5.90568e-06
5.90016e-06
-5.91323e-06
5.91628e-06
-3.04927e-09
1.56179e-09
5.89726e-06
6.02503e-09
5.90281e-06
-5.89679e-06
5.90489e-06
-5.87424e-06
5.89111e-06
-1.68726e-08
5.90105e-06
-5.89248e-06
5.9003e-06
-2.39577e-09
7.90382e-09
5.89501e-06
-5.90242e-06
7.40534e-09
5.90261e-06
-5.8935e-06
5.9028e-06
-5.8989e-06
5.88857e-06
1.03258e-08
5.90022e-06
-5.89735e-06
5.90447e-06
-5.9348e-06
5.93426e-06
6.80096e-09
-8.09514e-09
-5.86615e-06
5.90389e-06
-3.6713e-09
-5.45176e-09
-5.89498e-06
5.65221e-09
5.89476e-06
-5.90041e-06
5.90195e-06
-1.82201e-08
5.90203e-06
-8.13284e-09
5.90957e-06
-7.62191e-09
1.35946e-09
-5.90026e-06
5.89839e-06
-8.69477e-09
5.90946e-06
-5.89417e-06
-8.52386e-09
-5.89762e-06
5.90276e-06
-5.91539e-06
5.89391e-06
2.14849e-08
5.90404e-06
-5.90636e-06
5.89217e-06
1.41849e-08
-8.20521e-09
5.89678e-06
-5.90003e-06
5.89401e-06
6.02674e-09
-5.8977e-06
5.90589e-06
5.89535e-06
-5.11061e-09
5.90008e-06
-1.03611e-08
5.90315e-06
-5.06569e-09
5.89671e-06
-5.89867e-06
5.90567e-06
-5.49973e-09
5.89717e-06
-4.62873e-10
5.88897e-06
5.8872e-06
5.87609e-06
1.11147e-08
-5.90092e-06
5.90766e-06
5.86572e-06
-5.90045e-06
5.90768e-06
-7.23191e-09
-5.89985e-06
5.90129e-06
-1.44391e-09
-4.74245e-09
-5.91856e-06
5.90868e-06
9.87966e-09
5.88331e-06
-1.75884e-08
2.39907e-08
5.82726e-06
-5.85125e-06
-5.90263e-06
5.90985e-06
-5.89664e-06
5.88798e-06
8.65838e-09
-5.9062e-06
7.76985e-09
5.90214e-06
-5.92184e-06
1.97044e-08
5.87479e-06
-8.61917e-09
-5.89117e-06
5.89979e-06
5.95989e-06
5.05701e-09
-3.00467e-09
-5.89298e-06
5.89598e-06
5.89878e-06
-5.89716e-06
5.8934e-06
3.75501e-09
5.89367e-06
-5.91088e-06
5.90329e-06
-5.90264e-06
5.91013e-06
-7.48761e-09
5.89677e-06
-3.0971e-09
-6.65206e-09
-5.88787e-06
5.89452e-06
5.89456e-06
2.21075e-09
-5.90499e-06
5.91234e-06
-5.90472e-06
5.91288e-06
-8.15823e-09
-5.8978e-06
5.88924e-06
8.56234e-09
5.8879e-06
5.84844e-06
-2.11782e-08
-5.14022e-09
-1.8554e-08
5.8849e-06
5.8967e-06
-6.05651e-09
-5.90679e-06
5.91642e-06
5.84534e-06
5.87471e-06
1.01845e-08
-4.25218e-08
-5.88421e-06
-4.36516e-09
-5.88421e-06
-5.86033e-06
5.86033e-06
-1.55089e-08
5.86752e-06
7.19243e-09
6.09014e-09
2.25526e-08
5.83402e-06
-5.85657e-06
-5.89703e-06
5.88955e-06
7.47917e-09
-5.90597e-06
5.91498e-06
-5.89188e-06
-5.2739e-09
-4.0232e-09
5.89633e-06
-5.8923e-06
4.43326e-06
-5.89711e-06
5.88883e-06
8.27942e-09
-5.898e-06
5.88996e-06
8.04236e-09
5.88417e-06
-1.66438e-08
5.87555e-06
-5.91836e-06
5.8981e-06
-5.89322e-06
5.89572e-06
-2.49902e-09
1.43747e-09
-5.48799e-09
5.89889e-06
5.89299e-06
5.1104e-09
-5.885e-06
5.885e-06
5.17886e-09
-5.89901e-06
5.89383e-06
-5.89842e-06
5.89884e-06
-5.8552e-09
2.17593e-08
5.96828e-06
-5.91752e-06
5.92659e-06
-9.06528e-09
5.89482e-06
-5.89584e-06
5.88905e-06
6.7867e-09
-5.9059e-06
7.48735e-09
5.9e-06
5.91894e-06
4.4459e-09
5.89813e-06
-5.89235e-06
-5.77934e-09
5.90447e-06
-5.91073e-06
6.26268e-09
-2.46704e-08
7.93097e-10
5.89473e-06
-2.18012e-08
5.86825e-06
-3.4234e-08
-5.91792e-06
5.93124e-06
-1.33149e-08
-5.88983e-06
5.88528e-06
4.54398e-09
5.8624e-06
5.89964e-06
-4.91599e-09
5.29965e-09
-5.89932e-06
5.89402e-06
-3.66119e-08
5.89197e-06
6.16585e-09
-5.8948e-06
5.88973e-06
5.07387e-09
5.89415e-06
5.8968e-06
-5.89208e-06
5.89606e-06
-3.97862e-09
5.89935e-06
-5.5188e-09
-5.8891e-06
5.89594e-06
-6.84134e-09
-3.91578e-08
5.99772e-06
-5.88527e-06
-7.16745e-08
5.89945e-06
5.89365e-06
5.16168e-09
-5.89881e-06
5.89443e-06
-5.89079e-06
5.87511e-06
1.56791e-08
6.53465e-09
1.63259e-06
4.36647e-06
-5.99906e-06
-5.88261e-06
-8.17143e-09
-4.8883e-09
5.89367e-06
-4.9765e-06
-6.01411e-09
5.89798e-06
5.89829e-06
-4.64538e-09
-5.894e-06
5.8942e-06
-2.02143e-10
-3.86128e-06
5.89884e-06
5.18889e-09
5.8931e-06
-5.91975e-06
5.93226e-06
-1.25065e-08
-9.87919e-11
-2.36986e-08
-5.40417e-06
-7.25037e-07
5.89282e-06
-5.92289e-06
5.94574e-06
-2.28431e-08
-5.92232e-06
5.93024e-06
-7.91432e-09
-5.91631e-06
5.89801e-06
5.90582e-06
5.90582e-06
5.92263e-06
-5.92263e-06
-5.91101e-06
-4.78464e-09
5.92254e-06
-5.89658e-06
7.47975e-09
5.89421e-06
-5.8769e-06
-1.73118e-08
1.0844e-08
-5.9179e-06
4.89742e-09
-5.89497e-06
5.89007e-06
5.89138e-06
6.63346e-09
-8.71834e-09
-5.89318e-06
5.90063e-06
-7.44781e-09
-5.88844e-06
5.90605e-06
-1.76101e-08
5.88994e-06
8.03935e-09
-2.15969e-07
5.89662e-06
-5.23895e-09
2.34164e-08
5.90356e-06
-5.90356e-06
5.90016e-06
-5.89657e-06
1.33227e-08
-5.91203e-06
5.93472e-06
-2.26967e-08
-4.6822e-06
-5.88828e-06
5.92583e-06
-3.75518e-08
5.88745e-06
4.06878e-09
-5.89151e-06
5.88977e-06
-5.91663e-06
1.62669e-09
5.88591e-06
1.53166e-09
5.89682e-06
-3.71282e-09
-1.10469e-08
5.88615e-06
5.89467e-06
-5.89158e-06
-3.39395e-09
5.8983e-06
-5.8983e-06
-5.92202e-06
5.95533e-06
5.9305e-06
2.18357e-08
-5.93919e-06
5.8865e-06
4.46104e-06
-4.45641e-06
5.90596e-06
-5.90263e-06
5.93851e-06
5.94168e-06
-5.84226e-09
-5.93584e-06
4.48149e-06
-1.27073e-08
5.90016e-06
-5.90563e-06
5.46669e-09
1.99147e-09
5.88392e-06
4.48822e-06
-1.78185e-06
-2.10829e-06
-6.25636e-08
1.77681e-08
5.89057e-06
-5.92869e-06
5.90464e-06
-5.92458e-06
5.98194e-06
-5.73606e-08
5.89953e-06
7.45597e-07
-6.14976e-06
-1.44192e-09
5.87952e-06
-1.17387e-08
5.85538e-06
-5.84365e-06
-5.89259e-06
-1.56921e-07
-2.6987e-06
2.85562e-06
3.70227e-06
-4.3036e-06
5.88151e-06
5.87194e-06
9.57483e-09
4.50952e-06
5.89478e-06
-5.89699e-06
5.8419e-06
-5.83814e-06
3.30316e-10
-6.75005e-09
-5.86395e-06
5.8707e-06
5.87021e-06
1.73025e-09
8.09318e-07
7.17298e-07
9.03238e-07
1.47891e-06
8.16699e-07
8.1267e-07
8.19969e-07
8.14076e-07
1.63499e-07
7.42511e-07
8.39084e-07
8.98597e-07
-5.92281e-06
8.23878e-07
8.0207e-07
8.04535e-07
8.06081e-07
8.14843e-07
8.11809e-07
-5.89733e-06
-2.05776e-08
8.15e-07
8.2381e-07
5.86239e-06
7.82032e-09
9.54534e-07
-5.86576e-06
5.93851e-06
-7.27438e-08
7.89432e-07
9.02826e-09
-5.91928e-06
7.94468e-07
-5.89344e-06
8.45446e-10
5.87683e-06
7.08859e-09
-5.8273e-06
5.85557e-06
5.85564e-06
5.89536e-06
-5.89536e-06
-6.04619e-06
5.38453e-06
1.03864e-06
-5.87133e-06
5.99459e-06
-1.2326e-07
8.34261e-07
8.17362e-07
8.13029e-07
8.24891e-07
7.85263e-07
-5.89794e-06
5.87856e-06
4.64621e-06
-3.8702e-06
-6.71768e-08
5.8439e-06
-5.91686e-06
-8.7922e-09
-1.4022e-06
1.46185e-08
5.90526e-06
-5.72843e-09
5.78365e-06
-1.66039e-08
-5.76704e-06
8.09306e-07
-5.8716e-06
7.86092e-07
-5.91543e-06
-8.23938e-09
-4.5474e-09
-5.9075e-06
4.86609e-09
-5.68826e-06
-1.95847e-08
5.70784e-06
5.89591e-06
-5.86738e-06
-3.30251e-08
-5.897e-06
-3.24654e-08
-5.80204e-06
5.8345e-06
-5.88794e-06
1.63343e-08
5.82777e-06
1.61343e-08
-5.92022e-06
-5.91864e-06
3.47519e-09
-5.39634e-06
1.32531e-06
5.81355e-06
1.42128e-08
5.93281e-06
-5.93768e-06
5.78109e-06
5.81303e-06
4.23528e-08
-1.00389e-06
9.21378e-07
-5.77122e-06
6.0915e-06
-3.20286e-07
5.89619e-06
9.53901e-08
5.83447e-06
5.89749e-06
-5.89384e-06
-5.89847e-06
-5.38558e-06
2.30899e-07
5.76448e-06
6.03157e-06
-1.97103e-07
-5.8982e-06
-5.89956e-06
5.89236e-06
-5.90431e-06
5.83928e-06
3.14159e-08
-5.82724e-06
6.02026e-08
-9.89468e-08
-5.63333e-06
5.73228e-06
4.23509e-06
-5.87377e-06
5.87377e-06
-5.9305e-06
4.49801e-06
4.42999e-06
-4.46466e-06
7.9781e-07
-4.61874e-06
4.61653e-06
-4.61653e-06
-4.50969e-07
-5.39216e-06
5.84313e-06
-2.60352e-07
5.85541e-06
6.67442e-07
-5.38358e-07
1.2686e-07
4.35868e-07
-6.79922e-07
2.89972e-07
3.39561e-07
-1.01202e-06
3.32705e-07
-1.25284e-06
1.37288e-07
3.17054e-07
-8.48318e-07
4.86386e-07
-8.33166e-07
4.2775e-07
-2.25563e-08
-5.38647e-06
1.03013e-07
-7.15404e-08
5.7062e-06
5.82788e-08
2.7149e-08
5.90327e-06
-7.08135e-09
3.0759e-08
3.63829e-08
3.80757e-08
-5.9043e-06
-1.29135e-11
5.33765e-08
3.65959e-08
5.89641e-06
-5.89198e-06
5.89198e-06
-9.95446e-07
2.85274e-08
-5.87501e-06
-4.45094e-06
-5.40814e-06
-5.91603e-06
3.20214e-08
5.87195e-06
-5.8692e-06
4.07714e-06
-4.07714e-06
-1.59859e-08
-5.91102e-06
5.91696e-06
-5.93893e-09
5.68662e-06
5.88996e-06
5.7371e-06
9.74066e-08
5.56816e-06
1.39677e-07
-5.66475e-06
3.44679e-08
-5.56574e-06
1.57607e-07
5.89174e-06
5.65359e-06
-5.89685e-06
4.26562e-06
-1.15899e-06
5.58767e-06
2.19296e-08
-5.22053e-06
7.51909e-07
5.8992e-06
-5.89785e-06
4.13746e-09
5.8994e-06
-9.43894e-09
4.96175e-07
-5.88834e-06
-6.97891e-07
5.79538e-06
4.99028e-06
-6.081e-06
1.62044e-07
-4.91659e-06
-5.9362e-06
1.7235e-07
5.89496e-06
-5.93649e-06
5.92531e-06
3.11525e-07
-6.23684e-06
-5.59009e-06
2.03625e-07
5.23037e-06
-5.62667e-06
3.96293e-07
5.84946e-06
-5.84946e-06
-4.8237e-06
1.69399e-08
-5.8914e-06
-5.46113e-06
-4.89278e-06
5.89542e-06
5.89609e-06
-5.89609e-06
1.89371e-08
5.46127e-06
5.46906e-06
2.63218e-07
5.68493e-07
3.20991e-07
-1.30247e-06
5.85965e-06
2.05673e-08
-5.88022e-06
4.45351e-06
-4.45727e-06
5.86747e-06
4.57433e-06
5.92838e-06
-5.92139e-06
4.27257e-06
-4.27257e-06
-5.91098e-06
5.90192e-06
-5.8984e-06
1.91107e-08
-5.76249e-06
3.01367e-07
-5.11809e-06
5.74444e-06
-4.31256e-06
4.31256e-06
-3.51101e-06
3.51101e-06
4.51902e-06
-4.44932e-06
-3.72498e-06
3.72498e-06
4.79702e-06
-4.79702e-06
-4.04813e-06
-4.36125e-06
4.36125e-06
4.67929e-06
-4.2614e-06
4.2614e-06
-4.17239e-06
4.17239e-06
-4.12423e-06
4.12423e-06
4.90485e-06
-4.90485e-06
3.88358e-06
4.58777e-06
-4.58777e-06
4.59154e-06
4.76282e-06
-4.76282e-06
4.65965e-06
4.58561e-06
-4.21852e-06
4.21852e-06
-4.90454e-06
-4.39324e-06
-4.18085e-06
4.7909e-06
-4.7909e-06
4.28204e-06
-4.28204e-06
4.69477e-06
4.56788e-06
4.62283e-06
4.73408e-06
5.89184e-06
-5.88844e-06
4.62802e-06
-3.80827e-06
5.90413e-06
-8.71746e-09
-6.03511e-06
1.24896e-07
5.91022e-06
5.89163e-06
5.90991e-06
-5.13712e-09
5.58697e-06
-5.90726e-06
5.91259e-06
-4.64443e-06
-5.91702e-06
-5.92423e-06
5.88609e-06
-5.88609e-06
7.74368e-07
5.83546e-06
-5.82999e-06
-1.54672e-08
-4.37975e-06
4.39522e-06
5.89212e-06
5.83656e-06
-5.83656e-06
5.91695e-06
-5.91926e-06
-5.90286e-06
-5.88774e-06
5.85388e-06
-5.91051e-06
6.21203e-09
-4.33834e-06
3.94233e-06
5.89328e-06
-5.89328e-06
-4.67476e-06
8.18261e-07
-4.80208e-06
-4.68084e-06
8.1002e-07
-4.70307e-06
8.2419e-07
-4.65773e-06
8.05562e-07
-4.76906e-06
8.30751e-07
5.90233e-06
-1.06992e-08
-5.90789e-06
2.06999e-06
-5.62282e-06
-4.66074e-06
7.85019e-07
-4.54574e-06
-2.64251e-08
5.87948e-06
3.87004e-06
1.19973e-06
-5.06977e-06
-4.30732e-06
3.96148e-06
1.52232e-06
-5.41073e-06
3.88841e-06
4.5341e-06
-4.71336e-06
-5.88521e-06
5.92869e-06
-4.3481e-08
5.89657e-06
-5.89324e-06
-5.9254e-06
-5.09655e-09
5.93028e-06
-5.94849e-06
5.43542e-06
-2.79833e-06
-2.63709e-06
-3.84322e-06
4.67748e-06
-3.83212e-06
4.64515e-06
-8.395e-07
5.89324e-06
-1.37524e-08
-4.69549e-06
-5.88845e-06
-4.43298e-06
7.57819e-07
-2.62915e-07
-3.97979e-06
-5.93903e-06
5.88532e-06
-1.06374e-06
-5.89609e-06
1.10552e-06
5.90473e-06
-1.94051e-08
-3.86826e-06
4.16776e-06
5.89023e-06
-5.89023e-06
-4.62391e-06
-7.31562e-07
-3.53603e-06
-2.12589e-09
5.92744e-06
5.88203e-06
5.89595e-06
-5.91122e-06
-5.712e-06
-1.95252e-07
-1.03719e-07
-4.61794e-06
4.61392e-06
-3.86544e-06
4.24619e-06
-3.34295e-06
-3.98538e-06
-3.55721e-06
4.37718e-06
-3.86677e-06
-5.34742e-06
3.19128e-06
2.15614e-06
-3.96056e-06
-3.57798e-06
4.47657e-06
-3.85566e-06
4.53327e-06
-3.72719e-06
4.66655e-06
-3.84274e-06
-3.81452e-06
-1.55126e-08
-5.87397e-06
5.88948e-06
4.42156e-06
-4.45224e-06
-3.62841e-06
4.42287e-06
5.12984e-06
-3.72034e-06
4.5377e-06
5.87064e-06
-5.72359e-06
5.89393e-06
-5.89084e-06
-5.90911e-06
-1.11529e-08
-3.87547e-06
4.48943e-06
1.08108e-06
3.85648e-06
6.55097e-07
-4.51157e-06
3.91317e-06
4.6206e-07
-4.37523e-06
3.88162e-06
3.40219e-07
-4.22184e-06
3.87723e-06
1.42341e-06
-5.30064e-06
3.88471e-06
7.54293e-07
-4.639e-06
5.88782e-06
5.61621e-06
2.38228e-08
4.23959e-06
-4.5025e-06
-1.00878e-06
5.90119e-06
-5.84753e-06
-5.36534e-08
-8.01874e-07
5.33597e-06
5.88079e-06
-5.88079e-06
-5.9144e-06
-3.74583e-06
3.87269e-06
4.81413e-06
-4.52415e-06
-4.56643e-06
-4.78995e-06
4.65358e-06
4.66941e-06
2.26798e-08
-5.92578e-06
5.868e-06
-5.87167e-06
3.66954e-09
-4.67015e-06
-2.09537e-10
-5.91681e-06
5.82844e-06
4.46659e-06
-4.43583e-06
-5.65322e-06
4.48117e-06
-4.4431e-06
3.88551e-06
5.8236e-06
-5.9048e-06
5.91716e-06
-5.91369e-06
-5.86717e-06
5.89157e-06
4.48275e-06
-4.45073e-06
5.89108e-06
-5.89089e-06
5.89089e-06
-5.78535e-06
-1.23755e-07
7.28949e-07
-4.66118e-06
5.88694e-06
-5.90861e-06
-5.81807e-06
4.69164e-06
4.66204e-06
4.74393e-06
5.92703e-06
-5.93153e-06
6.31523e-07
4.5642e-06
-3.50993e-06
4.70966e-06
-3.2969e-06
4.81922e-06
4.66973e-06
4.70734e-06
-3.88315e-06
5.88584e-06
3.9584e-06
4.58263e-07
-4.41666e-06
4.48613e-06
-4.46919e-06
5.89155e-06
-5.88821e-06
1.11676e-08
4.22398e-09
-5.99177e-06
5.59825e-06
5.89398e-06
-6.50242e-09
-2.90885e-06
5.97501e-06
5.89238e-06
-5.92013e-06
-4.0965e-09
-3.64636e-06
-4.20804e-06
3.09044e-07
-4.30407e-06
-3.95907e-06
-5.87409e-06
5.88814e-06
-5.88814e-06
5.8853e-06
5.88455e-06
-5.88455e-06
-8.48418e-07
4.8099e-06
-8.29914e-07
4.71833e-06
-4.58219e-06
9.06795e-07
5.92523e-06
-1.50066e-08
-5.71597e-06
-2.75807e-07
-5.72268e-06
-2.06947e-08
-5.8334e-06
5.89146e-06
5.90866e-06
2.0024e-08
-5.84643e-06
5.88917e-06
-5.88596e-06
3.78827e-06
-3.57146e-08
-3.88681e-06
9.87002e-07
-4.16564e-06
5.88202e-06
-5.90881e-06
5.77951e-06
-3.86786e-06
4.65395e-06
-4.47438e-06
4.31211e-06
4.48445e-06
-4.4956e-06
1.70872e-06
-1.70872e-06
-4.42081e-06
5.24469e-06
4.63279e-07
-3.5505e-06
4.36534e-06
-3.71062e-06
4.52563e-06
-3.85694e-06
4.57424e-06
-3.71476e-06
4.5193e-06
-3.73876e-06
4.55057e-06
4.33518e-06
-3.54575e-06
-8.01685e-08
4.64832e-06
-3.83901e-06
-5.86453e-06
-9.5524e-09
5.87137e-06
-3.13999e-09
-5.91289e-06
5.89006e-06
5.88815e-06
-5.89545e-06
2.80182e-06
-2.80182e-06
4.35813e-06
-4.44994e-06
-5.78623e-06
-4.07801e-09
-5.91518e-06
-5.94438e-06
5.88135e-06
-5.87685e-06
5.88883e-06
-3.20171e-06
4.23674e-07
-4.23674e-07
-5.89319e-06
2.90425e-09
-5.08472e-06
5.87813e-06
5.91777e-06
-5.91798e-06
4.50885e-06
-4.4817e-06
-5.88526e-07
4.53346e-06
-3.94493e-06
-5.8145e-06
-9.43143e-08
5.82405e-06
-5.8777e-06
-7.22414e-07
4.50381e-06
-3.7814e-06
-5.86376e-06
5.8809e-06
1.25387e-08
5.89145e-06
4.53069e-06
-3.827e-06
-7.0369e-07
-1.15425e-06
-5.90692e-06
5.90692e-06
2.56676e-07
9.34529e-07
5.8777e-06
-5.90746e-06
5.8664e-06
-5.88737e-06
5.89338e-06
-6.36064e-07
5.32037e-09
-5.91928e-06
9.87204e-07
1.02554e-06
1.68748e-06
4.98576e-07
3.89248e-07
7.08794e-07
9.27792e-07
8.18504e-07
6.63637e-07
8.23385e-07
1.83091e-06
5.20657e-07
8.77126e-07
-2.23101e-08
5.94125e-06
7.72848e-07
1.77719e-06
-9.4109e-08
-3.72326e-06
-3.84794e-06
-3.85458e-06
-4.59185e-06
-3.86616e-06
-5.91995e-06
6.67021e-09
-5.84832e-06
2.87618e-06
-5.86957e-06
5.80194e-09
-3.57901e-06
-5.30761e-07
-3.8859e-06
5.9076e-06
-5.91526e-06
4.78272e-06
-5.88163e-07
-5.89673e-06
-3.84068e-07
4.79921e-06
3.15478e-06
-3.88634e-06
-1.90758e-08
-4.28024e-06
6.58976e-07
3.94163e-06
-5.88617e-06
4.41757e-06
-3.65975e-06
2.74727e-06
2.68815e-06
-4.95268e-07
4.71538e-06
-4.22011e-06
-5.87343e-06
4.36386e-06
-4.21532e-07
5.89891e-06
-5.89891e-06
5.92769e-06
-5.92981e-06
-3.24625e-06
4.18883e-06
1.37828e-07
-4.56214e-06
4.42431e-06
-6.75893e-07
4.34235e-06
-3.66645e-06
-2.34793e-07
4.50289e-06
-3.90491e-06
-5.92936e-06
-7.63828e-08
-5.86933e-06
-5.86644e-06
-6.99114e-09
-5.87126e-06
5.83371e-06
5.9305e-06
5.90619e-06
-5.91053e-06
2.83784e-06
1.02268e-06
5.89943e-06
-1.64868e-07
-3.63869e-07
-3.03131e-06
-8.8343e-07
4.42934e-06
-5.84361e-06
-2.7655e-08
8.44059e-07
-5.86506e-06
5.89369e-06
-5.89369e-06
-4.18059e-06
-5.89392e-06
2.47208e-08
-1.51455e-06
-1.07219e-06
4.06841e-06
2.28326e-07
-4.29673e-06
1.69528e-09
-4.53355e-06
4.24634e-06
-5.24603e-08
5.85544e-06
-1.38649e-07
-5.71679e-06
-5.86122e-06
-5.86803e-06
2.9714e-09
-4.47932e-07
5.90073e-06
-5.90917e-06
-4.14261e-06
-3.59899e-07
6.28543e-07
-3.35185e-06
-9.51755e-07
5.33034e-07
-4.47796e-06
-3.74557e-07
5.6095e-07
-3.72921e-06
-5.8724e-06
-4.56414e-06
5.87137e-06
5.89114e-06
-5.89114e-06
-5.86276e-06
5.84834e-06
-5.85578e-06
-6.72458e-07
-8.86088e-07
5.87685e-06
-1.28818e-08
6.96468e-07
-5.78119e-06
4.24461e-06
-5.04411e-06
-5.86085e-06
-1.15438e-08
-5.87999e-06
4.31076e-06
-5.85107e-06
-4.71414e-09
4.35548e-06
4.60144e-06
5.86034e-06
-4.01468e-06
-3.35834e-08
-5.85127e-06
-4.46052e-06
-5.91871e-06
5.9816e-06
-6.28855e-08
3.69799e-06
6.7919e-07
-4.51066e-06
-5.86006e-06
-4.90668e-06
5.88906e-06
5.8373e-06
1.21607e-08
-4.24461e-06
-3.71912e-07
-5.88743e-06
3.16466e-09
5.83853e-08
5.79705e-06
-4.23528e-06
-5.8519e-06
6.31033e-10
-5.8262e-06
-3.38602e-08
5.88776e-06
-5.88776e-06
-4.53961e-06
-5.8554e-06
-5.84736e-06
5.22878e-09
3.7255e-06
-4.67725e-06
3.85991e-06
5.83152e-06
5.04117e-09
-3.28341e-06
5.86356e-06
-5.85847e-06
-5.87189e-06
-5.85094e-06
3.57806e-09
-4.6848e-06
-5.84586e-06
2.8847e-06
2.44175e-06
-4.44961e-06
4.41323e-06
3.85042e-06
-3.9152e-06
5.88251e-06
5.91243e-06
6.84975e-09
-5.92483e-06
-5.85057e-06
4.70454e-09
5.94125e-06
-5.84378e-06
-5.87399e-06
5.85329e-06
-5.3849e-06
2.86086e-09
5.88123e-06
-5.88123e-06
-5.84956e-06
5.77631e-09
-5.95693e-06
4.47092e-06
-5.85838e-06
-5.94606e-06
-5.86432e-06
-5.84208e-06
-3.64728e-06
-5.29336e-07
-1.06913e-09
5.87483e-06
6.00949e-07
-4.82106e-06
-4.59925e-06
3.96319e-06
-5.84854e-06
6.4606e-09
5.8743e-06
-4.58291e-06
9.16461e-07
4.26525e-06
2.96539e-07
-3.95437e-06
-5.84026e-06
-6.99607e-07
-3.83483e-06
4.45284e-06
-5.87483e-06
-5.87798e-06
-5.84677e-06
6.50821e-09
-6.47068e-07
4.89341e-06
4.32016e-06
-3.99917e-06
-5.83872e-06
3.52989e-06
-3.76347e-06
-8.95946e-09
-5.85105e-06
5.89706e-06
3.12876e-07
-6.20994e-06
-4.44853e-06
-5.91708e-06
-5.84558e-06
6.85335e-09
-5.61694e-06
-8.73756e-07
-5.83702e-06
-3.05476e-07
-3.99126e-06
-2.16121e-06
-5.84934e-06
1.2323e-08
4.56664e-06
-4.47828e-06
-5.83283e-06
-5.84068e-06
-5.86119e-06
2.05049e-08
5.83152e-06
5.8373e-06
-1.11032e-08
-5.84547e-06
5.56961e-06
-5.84542e-06
4.44334e-06
3.11592e-07
4.0844e-06
-2.81142e-08
4.12908e-06
4.76835e-09
2.526e-06
-5.85569e-06
5.85169e-06
-4.41411e-06
5.86923e-06
8.07166e-09
-4.45739e-06
-5.68337e-06
-5.06221e-06
-1.20321e-06
3.65278e-06
-3.67185e-06
-5.8653e-06
4.43674e-06
-1.15884e-08
-5.83966e-06
-5.85383e-06
5.85239e-06
-5.89024e-06
-5.85161e-06
-5.85784e-06
4.00583e-09
-5.84824e-06
-4.08361e-06
-4.4948e-07
-5.85181e-06
-5.75084e-06
-4.55137e-06
-5.84515e-06
4.38674e-06
-5.8628e-06
1.09817e-08
-5.86182e-06
4.47092e-06
2.34695e-06
-1.89228e-07
-5.79177e-06
3.69007e-06
-4.67465e-06
2.77976e-06
2.73624e-06
4.43378e-06
-5.84227e-06
3.42174e-09
-5.79001e-06
-1.47777e-06
-5.8395e-07
-8.55667e-07
-5.84423e-06
-5.84505e-06
-5.85632e-06
-5.81282e-06
1.69825e-06
-5.20819e-06
-5.84047e-06
-5.85268e-06
5.84963e-06
-5.88258e-06
-4.39686e-06
-5.82986e-06
4.32009e-06
-4.32009e-06
-5.86363e-06
1.09591e-08
-5.85623e-06
-5.82586e-06
-5.86324e-06
7.0101e-09
5.88011e-06
-1.05384e-08
3.43225e-06
-5.83874e-06
-5.83165e-06
-7.4834e-07
2.60714e-07
4.05937e-06
-2.49585e-06
-1.99293e-06
-2.35618e-06
-2.26772e-06
4.72066e-06
-5.77818e-06
-4.44168e-06
-5.83636e-06
4.4195e-06
-5.84666e-06
5.1971e-08
3.74239e-06
-5.84716e-06
5.67132e-07
-5.83483e-06
5.85801e-06
-2.27921e-06
-2.38128e-06
-1.92983e-06
-2.59305e-06
-5.87541e-06
5.81425e-06
-5.8342e-06
-2.34546e-06
-2.31588e-06
-2.51013e-06
-2.08065e-06
-2.47917e-06
-2.16885e-06
-2.36664e-06
-2.05942e-06
-2.32401e-06
-2.3092e-06
-1.78416e-06
-2.76128e-06
4.45739e-06
-5.83564e-06
-5.83206e-06
-4.22143e-06
1.44296e-07
-5.83546e-06
2.92587e-06
-1.08903e-06
-3.77978e-06
4.86881e-06
-3.18988e-06
-5.83075e-06
4.22143e-06
-1.32039e-06
-5.83447e-06
-4.36828e-06
-4.01083e-06
1.65826e-06
3.87081e-06
-5.82869e-06
-5.83467e-06
-5.83889e-06
-4.97116e-09
5.84227e-06
-5.83334e-06
-1.35283e-08
5.84505e-06
-5.86698e-06
-4.46527e-06
-5.90067e-07
-5.831e-06
-5.82687e-06
-4.38307e-06
-5.81442e-06
-5.83166e-06
-4.64681e-06
-5.82515e-06
7.76466e-07
-5.82398e-06
-5.83004e-06
4.61787e-06
-5.81591e-06
-5.82319e-06
4.41742e-06
-5.82871e-06
-4.44077e-06
-5.81011e-06
-6.04116e-07
-5.81638e-06
-5.85299e-06
-5.80269e-06
-5.83249e-06
4.4702e-06
-5.80968e-06
4.17827e-06
2.19905e-08
4.39805e-07
3.94002e-06
4.17263e-06
-5.80191e-06
3.31592e-06
2.11728e-06
-5.85343e-06
-5.79894e-06
-7.54945e-09
-3.79689e-06
5.49514e-06
5.87435e-06
3.88306e-08
-5.79145e-06
-5.803e-06
3.62112e-06
-4.23303e-06
-5.80285e-06
5.80686e-06
-5.79674e-06
-8.65227e-09
-5.84537e-06
4.32416e-06
-4.32416e-06
-4.84974e-06
2.39052e-06
-5.83439e-06
-5.8306e-06
2.85512e-07
-4.47096e-06
-4.61883e-06
-1.30941e-06
4.51642e-08
-5.85506e-06
-4.36239e-06
-4.67371e-06
4.67371e-06
-3.92285e-06
-4.45574e-06
-5.78252e-06
5.79348e-06
4.45574e-06
4.0865e-06
-1.47811e-08
-5.77219e-06
-2.87898e-06
-2.49659e-06
-5.76518e-06
5.77068e-06
-5.78122e-06
4.7181e-06
3.03395e-07
-4.4102e-06
-4.17827e-06
4.53718e-06
1.82826e-07
-1.34067e-07
4.46873e-06
-4.33466e-06
5.88176e-06
-4.42364e-06
5.2659e-06
-5.77818e-06
-4.58893e-06
3.30741e-06
-5.43177e-06
2.12436e-06
5.88624e-06
-5.63793e-08
-4.05937e-06
3.3439e-07
1.04761e-06
-4.27601e-06
1.86202e-07
4.31081e-06
-4.56224e-06
-4.34917e-06
-4.70529e-06
-4.37721e-06
3.41125e-06
-5.84569e-06
1.60824e-06
-4.82463e-06
-4.87677e-06
-4.45754e-06
1.59695e-08
-4.72687e-06
4.55256e-06
-4.39099e-06
4.37609e-06
-5.83864e-06
-4.47648e-06
-1.09546e-06
-3.33591e-06
4.36145e-06
-1.14043e-08
5.69796e-06
-5.69796e-06
5.68122e-06
-5.68122e-06
4.37806e-06
-4.37806e-06
-4.56224e-06
-4.01909e-06
-1.14132e-06
-4.06687e-06
-4.10371e-06
5.02018e-06
-4.99957e-06
4.12581e-06
-3.15328e-06
-2.15662e-06
2.7259e-06
4.82856e-07
4.17263e-06
-4.50157e-06
-4.10986e-06
-4.58893e-06
-4.2432e-06
4.10986e-06
-1.04614e-06
-8.61955e-07
-1.87249e-06
-3.11671e-06
-2.15101e-06
-5.71796e-07
-3.00721e-06
-4.64587e-06
-4.61883e-06
2.69263e-06
2.74535e-06
2.99885e-06
-5.69248e-07
-5.73347e-08
-3.69683e-07
4.31131e-06
-3.64292e-06
3.07112e-06
9.89613e-07
-4.64681e-06
3.8233e-06
7.80344e-07
4.38911e-06
-3.68542e-06
4.07793e-06
-6.95254e-07
4.91535e-06
-4.40649e-06
3.73659e-06
-3.34778e-06
2.73025e-06
-1.49322e-06
-1.23572e-06
-2.19534e-06
-2.44175e-06
-2.23843e-06
-2.25234e-06
-4.67465e-06
-4.08171e-06
4.51123e-06
-2.73602e-06
-1.77521e-06
1.24976e-07
3.88325e-06
-4.20453e-06
1.44156e-06
-3.65143e-07
7.15602e-07
3.3709e-06
2.87618e-06
-3.96589e-06
2.2659e-06
-4.25883e-06
2.19768e-06
-4.4654e-06
-4.31908e-06
4.4866e-06
-1.13508e-07
6.97023e-07
-3.6099e-06
5.21814e-06
-2.26681e-06
-2.44626e-06
3.79026e-06
-4.62934e-06
4.57064e-06
2.67206e-07
3.84869e-06
-3.84869e-06
4.29601e-06
3.55612e-06
5.21125e-06
4.07326e-06
5.23113e-06
2.00007e-06
4.17261e-06
-1.34614e-06
-4.67109e-06
-4.43748e-06
3.30157e-06
-2.97897e-06
-3.53493e-06
-1.63154e-07
4.32087e-06
1.03689e-06
1.69335e-06
-3.97293e-07
-3.49782e-06
-4.41677e-06
-1.44556e-07
-3.82893e-06
3.75454e-06
-4.29742e-06
-2.82134e-06
-4.45754e-06
3.71846e-06
4.28338e-06
3.60594e-06
3.5623e-06
1.02371e-06
3.33774e-06
-6.67412e-06
3.00721e-06
-4.25945e-06
-2.21321e-06
-2.78326e-06
1.87339e-06
-2.06261e-06
9.69603e-08
-4.66253e-06
3.58888e-06
1.51437e-06
3.20473e-06
-3.0364e-06
-2.31102e-06
4.63331e-06
-1.05201e-06
-5.24329e-07
4.13606e-07
3.93931e-06
-2.9861e-06
-3.78882e-06
-4.54389e-07
4.53269e-06
1.92145e-07
-1.71655e-06
2.16754e-07
-4.30938e-06
-3.50348e-07
-4.41084e-06
3.64153e-06
-2.35967e-06
-2.64798e-06
-4.71271e-06
-4.58073e-07
-3.99767e-06
-3.64248e-06
2.82134e-06
1.95951e-06
2.68039e-06
3.65254e-06
-3.31402e-06
-4.74867e-06
8.06564e-08
-1.74344e-06
-1.78461e-06
-3.37976e-06
4.32152e-06
1.59664e-06
3.25278e-06
4.08332e-06
4.21989e-07
-3.52611e-06
-3.96953e-06
4.23673e-06
-4.45321e-06
-3.82292e-06
4.79926e-06
-1.32633e-06
-3.50141e-06
-3.15809e-06
-3.85972e-06
-3.50214e-06
4.78572e-06
-3.50291e-06
3.65715e-06
7.60673e-07
3.47422e-06
-3.50836e-06
4.9474e-06
2.01765e-06
4.98826e-06
1.97467e-06
-3.51462e-06
4.9474e-06
4.98826e-06
-3.78919e-06
-3.76137e-06
-4.01008e-06
4.15437e-06
3.60297e-06
3.2473e-06
-3.34721e-07
2.20811e-06
4.88526e-06
1.04913e-06
3.67945e-06
-3.39872e-06
-3.96871e-06
3.65218e-07
3.51836e-06
3.11826e-06
-4.24777e-06
-3.71292e-07
4.10789e-06
3.65549e-06
3.96863e-06
-3.55503e-06
9.59903e-07
3.55548e-06
3.62715e-06
1.5857e-06
-3.26779e-06
3.90878e-06
-3.21249e-06
4.75644e-06
-3.79689e-06
-5.3215e-07
-3.74989e-06
3.06696e-06
-3.91078e-06
4.84252e-06
8.69059e-07
1.20678e-06
3.72593e-06
-2.08417e-07
3.45093e-06
1.11396e-06
3.44858e-06
-3.44858e-06
-3.80981e-06
3.52083e-06
-6.6686e-07
-2.99886e-06
-2.8758e-06
-2.64813e-06
2.8758e-06
-3.81122e-06
9.33619e-07
3.13266e-06
-7.18865e-09
-3.98407e-06
2.69619e-07
-3.61257e-06
3.99705e-06
-3.29271e-06
-3.76036e-06
-1.35484e-06
-3.00872e-06
5.63062e-07
-4.39789e-06
1.6461e-06
3.11671e-06
-3.6099e-06
3.79316e-06
-3.64872e-06
-5.33473e-06
2.59872e-06
2.78326e-06
3.73711e-06
1.63762e-06
3.15328e-06
3.72844e-06
3.69515e-06
-3.56306e-06
3.56306e-06
-3.81927e-06
-1.19618e-06
-3.43786e-06
6.3203e-07
2.87898e-06
3.12038e-06
1.09781e-06
3.71632e-06
-3.48526e-06
-3.82729e-06
-3.20425e-06
-1.25787e-06
-3.36007e-06
-1.44546e-07
5.6823e-07
1.52213e-07
1.77759e-07
-3.90102e-06
3.79702e-06
-4.21486e-06
-8.26926e-07
2.75787e-06
2.11093e-06
3.93729e-06
4.02701e-06
2.10301e-06
2.91716e-06
1.95742e-06
-4.6571e-09
3.59354e-06
2.12794e-06
3.43448e-06
1.22498e-06
3.17025e-06
2.72786e-07
-4.28338e-06
3.90422e-06
3.32157e-06
-3.32157e-06
3.21657e-06
-3.21657e-06
4.46333e-07
3.26163e-06
-3.26163e-06
3.31423e-06
-3.31423e-06
-4.26944e-06
-4.1515e-07
-3.2567e-06
3.21249e-06
4.56063e-06
-1.11205e-06
-5.54957e-07
-8.90591e-07
-3.82349e-06
-3.54139e-06
-2.66878e-06
-2.76298e-06
9.97566e-07
-3.95957e-06
-3.81222e-06
-1.22199e-06
-3.53594e-06
-3.64885e-06
-6.78186e-07
3.09419e-06
-3.6233e-06
3.59013e-06
3.17189e-06
2.32325e-06
2.24055e-06
-3.4142e-06
-3.39253e-06
4.07172e-06
2.32693e-06
-3.98358e-06
2.35652e-06
3.78308e-06
-1.33057e-06
-1.38799e-06
-3.63729e-06
3.63165e-06
-3.63203e-06
4.00263e-06
-3.93211e-06
3.71819e-06
3.88935e-06
-3.75585e-06
-1.39847e-06
-1.35479e-06
-1.3887e-06
-3.33975e-06
3.47491e-06
4.58044e-06
3.56827e-06
3.30157e-06
-3.47891e-06
4.02462e-06
3.1554e-06
-3.45317e-06
-1.84117e-07
-1.37638e-06
-4.15452e-07
2.80204e-06
2.43416e-06
3.75454e-06
3.75278e-06
-6.73362e-08
-4.15498e-06
-3.5526e-06
-2.59629e-07
4.18902e-06
-1.28836e-06
3.43937e-06
-1.28553e-06
-3.81486e-06
3.34183e-06
3.83151e-07
2.51578e-06
3.45866e-06
-3.39005e-06
-1.30204e-06
3.884e-06
-3.15731e-07
1.96013e-06
2.79679e-06
4.43379e-06
-3.48725e-06
3.46458e-06
3.7206e-06
-1.22402e-06
1.27783e-06
3.52768e-06
-3.07748e-07
-2.8708e-06
3.22217e-06
-3.9333e-06
-1.19127e-06
3.26779e-06
3.22544e-06
3.00872e-06
2.20942e-06
3.67936e-06
-2.64313e-06
3.74989e-06
1.08932e-06
-6.70703e-08
-3.45315e-06
-3.56889e-06
8.10331e-07
1.2415e-06
-3.67247e-06
-3.62439e-06
3.06074e-06
-3.58242e-06
3.91036e-06
-3.62624e-07
-2.87234e-06
3.23497e-06
-2.35895e-06
2.47156e-06
2.10888e-06
-3.77673e-06
-4.01641e-06
4.96814e-07
-3.34391e-06
-3.17189e-06
-4.96855e-07
4.30738e-06
-3.95243e-07
3.62068e-06
1.36269e-06
5.36645e-07
1.21679e-06
2.73033e-06
-3.09296e-06
3.7766e-06
3.36363e-06
1.41755e-07
-3.6341e-06
3.49234e-06
-1.30893e-07
2.85965e-07
-8.68669e-07
3.31148e-06
-3.16973e-06
-1.85779e-06
7.81209e-07
-4.46357e-06
8.30181e-07
-3.10992e-06
-1.1868e-07
1.31095e-06
7.07799e-07
2.17621e-06
-2.96716e-06
-3.54035e-06
1.17543e-06
-3.76011e-06
4.85916e-07
3.2609e-06
3.59386e-06
2.31477e-06
-3.18688e-06
8.04112e-07
-7.09704e-07
-7.33815e-07
-3.36954e-06
-2.20615e-06
-2.47721e-06
-4.81381e-07
5.95803e-06
-2.13927e-06
5.97741e-06
-3.47811e-06
3.19862e-06
1.12332e-07
-3.58095e-06
-3.60468e-06
-9.11149e-07
2.70222e-06
-2.91382e-06
3.29832e-06
6.12684e-07
-2.03491e-07
3.73879e-06
3.05821e-06
3.60713e-06
3.84022e-06
-1.25641e-06
-3.09794e-06
-3.30401e-06
-3.01805e-06
-9.51699e-07
3.59738e-06
3.83425e-06
3.74151e-07
1.05575e-06
2.32812e-06
-3.6342e-06
3.49943e-06
3.73533e-06
-1.53302e-07
)
;

boundaryField
{
    front
    {
        type            empty;
    }
    back
    {
        type            empty;
    }
    wall
    {
        type            calculated;
        value           uniform 0;
    }
    inlet
    {
        type            calculated;
        value           nonuniform List<scalar> 
12
(
-6.76782e-06
-6.77608e-06
-6.78128e-06
-6.71946e-06
-6.94315e-06
-6.80313e-06
-6.92646e-06
-6.96505e-06
-6.96293e-06
-7.01781e-06
-7.01051e-06
-7.01753e-06
)
;
    }
    outletLeft
    {
        type            calculated;
        value           nonuniform List<scalar> 9(4.6239e-06 4.66049e-06 4.66134e-06 4.64802e-06 4.6332e-06 4.63709e-06 4.64394e-06 4.70222e-06 4.72004e-06);
    }
    aneurysm
    {
        type            calculated;
        value           uniform 0;
    }
    outletRight
    {
        type            calculated;
        value           nonuniform List<scalar> 9(4.48878e-06 4.52288e-06 4.59078e-06 4.42605e-06 4.54544e-06 4.49077e-06 4.53271e-06 4.5922e-06 4.57136e-06);
    }
}


// ************************************************************************* //
