/*--------------------------------*- C++ -*----------------------------------*\
  =========                 |
  \\      /  F ield         | OpenFOAM: The Open Source CFD Toolbox
   \\    /   O peration     | Website:  https://openfoam.org
    \\  /    A nd           | Version:  12
     \\/     M anipulation  |
\*---------------------------------------------------------------------------*/
FoamFile
{
    format      ascii;
    class       surfaceScalarField;
    location    "0.29";
    object      phi;
}
// * * * * * * * * * * * * * * * * * * * * * * * * * * * * * * * * * * * * * //

dimensions      [0 3 -1 0 0 0 0];

internalField   nonuniform List<scalar> 
6438
(
-4.67501e-08
5.88312e-06
-5.83637e-06
-5.03485e-08
6.83489e-06
-6.78454e-06
-6.41384e-06
-1.09506e-06
7.50889e-06
6.0827e-06
-6.68037e-06
5.97667e-07
9.34199e-06
-7.30053e-06
-2.04146e-06
2.10596e-06
7.23603e-06
-7.29693e-06
8.83091e-07
-6.31772e-06
6.26737e-06
6.83519e-06
-8.15482e-06
1.31962e-06
6.34143e-06
-7.44217e-06
1.10074e-06
-6.13231e-06
7.46946e-06
-1.33715e-06
1.47064e-06
-6.71648e-06
5.24584e-06
-7.60549e-06
1.47318e-06
5.82827e-06
2.67696e-06
-8.50523e-06
5.4795e-06
-5.52625e-06
-3.09951e-07
6.42049e-06
-6.11054e-06
-8.09006e-06
7.84781e-06
2.42248e-07
-6.12574e-06
7.44582e-06
-1.32008e-06
-7.60667e-06
1.48092e-06
2.41477e-06
5.09519e-06
-7.50996e-06
-1.75696e-06
-1.14636e-06
2.90332e-06
-3.72504e-07
6.72322e-06
-6.35071e-06
-6.24105e-06
-1.01073e-06
7.25178e-06
-7.64327e-06
3.34793e-06
4.29534e-06
-6.62219e-06
6.24969e-06
-5.88118e-06
7.14973e-06
-1.26855e-06
-7.20541e-06
9.6436e-07
6.81627e-06
-5.34563e-06
-6.19238e-06
-1.16772e-06
7.3601e-06
-7.49991e-06
1.61874e-06
5.72651e-06
-7.21432e-06
1.48781e-06
3.14251e-08
-7.01958e-06
6.98815e-06
6.87052e-06
-6.91588e-06
4.53594e-08
-6.80795e-06
1.14081e-06
5.66715e-06
-9.18987e-06
1.49088e-06
7.69899e-06
6.46448e-06
-6.43305e-06
6.52482e-06
-4.42114e-07
4.23263e-06
5.93138e-06
-1.0164e-05
-2.10906e-06
7.93733e-06
-6.06879e-06
6.67104e-06
-6.02244e-07
-7.03491e-06
6.97263e-06
6.22871e-08
-2.91606e-06
5.33083e-06
6.28729e-06
5.41421e-08
-7.56038e-06
7.40553e-06
1.54847e-07
6.76068e-06
-1.03417e-06
-5.10601e-06
4.79606e-06
-8.7922e-06
1.49167e-06
6.68695e-06
6.42492e-07
-7.32944e-06
-5.18284e-06
-1.62511e-06
-9.56324e-07
-6.25374e-06
7.0976e-06
-8.43859e-07
-4.63825e-06
6.70486e-06
-2.06661e-06
6.74422e-06
-6.74422e-06
2.12243e-06
5.11473e-06
6.72111e-07
-5.78684e-06
3.0012e-06
1.46537e-06
-4.46657e-06
5.70774e-06
1.21198e-06
-6.91971e-06
5.51566e-06
-2.16773e-06
-3.19708e-06
-5.59511e-06
-6.64672e-08
5.94656e-06
-5.8801e-06
-7.3323e-06
7.3323e-06
-7.59978e-06
7.68106e-06
-8.12802e-08
3.09124e-07
5.64324e-06
-5.95236e-06
2.10203e-08
-6.9181e-06
6.89708e-06
6.42086e-06
-6.39984e-06
-7.00168e-06
8.09307e-07
-7.018e-06
-5.42382e-07
-6.03695e-06
6.63979e-06
-6.02838e-07
6.68295e-07
5.78155e-06
-6.44984e-06
-7.10206e-06
6.82891e-06
2.73151e-07
6.92057e-06
-6.92057e-06
6.42727e-06
4.07927e-07
-4.2251e-06
-3.21707e-06
6.02937e-06
1.2716e-06
-7.30097e-06
-5.91197e-06
-1.12294e-06
5.25395e-06
4.05595e-06
-9.30991e-06
-8.13161e-06
5.21554e-06
-5.18175e-06
-2.94986e-06
7.17438e-06
-1.14501e-06
4.27064e-06
-1.26944e-06
5.80108e-06
6.68292e-07
-6.46937e-06
-7.15454e-06
-4.45242e-07
-1.00874e-06
-1.74494e-06
-5.58737e-06
7.75934e-06
-7.75934e-06
-5.12394e-06
-1.97812e-06
-4.6401e-07
-8.72586e-06
-6.6949e-06
6.668e-06
2.69058e-08
2.41387e-07
-6.77731e-06
6.53592e-06
-7.44454e-07
6.54553e-06
6.69905e-06
1.71471e-07
-6.99831e-06
-1.09175e-06
-7.071e-06
7.25323e-06
-1.82233e-07
7.36639e-06
-4.12392e-06
-3.24247e-06
6.61745e-06
-6.37606e-06
1.34007e-07
7.41256e-06
-3.77215e-06
-3.64041e-06
4.21988e-06
3.14651e-06
6.80949e-06
-6.80949e-06
-5.22259e-06
7.49437e-06
-2.27178e-06
-6.56572e-06
3.11976e-07
-8.96685e-07
-5.31981e-06
6.21649e-06
-6.15261e-06
2.40631e-07
-6.59563e-06
1.37305e-06
5.69292e-06
1.2611e-06
-6.95402e-06
-3.88064e-07
6.08098e-06
-5.94372e-06
6.86791e-06
-9.24189e-07
-6.31615e-06
2.47357e-07
4.34244e-06
3.07012e-06
6.57235e-06
-1.32651e-06
2.81994e-07
6.46223e-06
-5.67514e-06
-4.77462e-07
5.93506e-06
1.26355e-06
-7.19861e-06
-3.27934e-06
-2.8324e-06
6.11174e-06
4.31946e-06
-5.40545e-07
-3.77892e-06
-7.01958e-06
1.42244e-06
7.04282e-06
-8.46527e-06
-3.26312e-06
1.50616e-06
7.02479e-06
1.24942e-07
7.60516e-06
-3.9384e-06
-3.66676e-06
2.54766e-06
5.0575e-06
7.11253e-06
-1.17746e-06
8.67218e-06
-4.43955e-06
-6.42502e-06
1.48961e-08
6.41012e-06
-9.18834e-06
9.42819e-07
8.24552e-06
-1.05431e-07
-6.37659e-06
6.48202e-06
7.01578e-06
3.89751e-07
-5.40987e-06
5.3434e-06
-6.45624e-06
6.58623e-06
-1.29987e-07
6.53719e-06
-6.64262e-06
6.74366e-06
-6.74366e-06
6.64556e-06
1.89334e-07
6.6585e-06
-1.54377e-06
6.57034e-06
-6.26121e-06
-5.78557e-06
4.88889e-06
5.93555e-08
6.37441e-06
-6.43377e-06
7.48504e-06
-5.24673e-06
-2.23831e-06
-6.9181e-06
-9.90101e-08
7.7066e-08
-6.39479e-06
-6.41096e-06
3.74003e-07
7.4304e-08
6.39017e-06
6.18393e-06
-5.51564e-06
-6.37768e-06
4.33957e-07
6.47207e-06
-1.8478e-07
-2.30718e-07
5.63118e-06
-5.40047e-06
4.42484e-06
3.0602e-06
-6.63427e-06
1.42188e-06
5.21239e-06
6.75787e-06
-5.30122e-08
-8.94021e-06
8.17103e-07
8.12311e-06
-9.05832e-08
-6.34292e-06
6.4335e-06
4.21677e-06
1.02691e-07
4.01636e-07
6.35624e-06
6.29286e-06
5.23412e-07
6.49853e-06
-6.58911e-06
-6.77183e-06
-2.26484e-07
6.9061e-06
-7.41681e-06
5.10707e-07
-6.17738e-06
-2.47633e-07
-7.51701e-06
3.25948e-06
4.25753e-06
6.78665e-09
6.5002e-06
2.23021e-07
-6.11555e-06
7.11075e-06
-9.952e-07
-6.74908e-06
5.80914e-06
9.39943e-07
-9.11921e-07
2.35564e-06
-1.44372e-06
-2.11264e-06
-5.38727e-06
-6.77731e-06
-5.36506e-08
6.47451e-06
1.9807e-06
5.51366e-06
-1.08609e-07
-6.59165e-06
-3.05434e-08
-1.38755e-07
-7.20901e-06
6.09294e-06
1.11606e-06
-4.25446e-07
5.36873e-06
1.05854e-06
1.05372e-05
-4.60578e-06
-2.22976e-06
-5.37691e-06
6.61022e-06
8.88343e-08
-5.67782e-06
2.39848e-06
-2.54635e-06
-4.02338e-06
6.56973e-06
-2.27355e-06
-5.33194e-06
-3.70397e-06
8.95793e-06
-6.81225e-06
2.20602e-07
-6.43365e-06
6.45855e-06
-2.49036e-08
-5.32005e-06
5.08933e-06
-7.76936e-08
-6.30536e-06
6.38305e-06
-6.93011e-06
1.17862e-07
5.78264e-06
-6.88011e-06
1.09748e-06
6.44194e-06
-6.51964e-06
5.75733e-06
-2.18061e-06
-3.57672e-06
-8.70503e-06
3.0824e-06
5.62263e-06
5.90521e-06
5.6686e-07
4.87826e-06
2.96956e-06
1.42723e-06
6.33212e-06
-1.69039e-06
-6.06896e-06
-7.0103e-06
6.94952e-06
6.07855e-08
-6.99197e-06
-1.8336e-08
-6.95518e-06
-3.67916e-08
1.94068e-08
1.80752e-06
-1.01331e-05
8.32561e-06
-7.52998e-06
8.95242e-06
5.94627e-06
-5.88692e-06
6.35202e-06
2.65431e-07
5.18804e-07
5.23853e-06
-6.37659e-06
-5.78178e-06
5.75343e-06
7.19178e-07
-6.47261e-06
-3.36488e-08
-1.37091e-06
1.01203e-05
-8.74934e-06
9.60102e-06
-6.92406e-06
-2.91007e-06
4.37544e-06
-1.84502e-06
-5.67199e-06
-5.04153e-06
-3.6635e-06
-6.37567e-06
-3.96157e-07
-6.41971e-06
6.41882e-06
8.91281e-10
-1.01623e-06
6.02957e-06
-5.01334e-06
-6.88761e-06
6.93611e-06
-4.84972e-08
-6.81583e-06
-7.1778e-08
-8.76459e-06
5.4468e-07
8.21991e-06
-6.12839e-06
-3.97562e-07
6.52595e-06
6.86148e-06
7.46316e-08
-1.22013e-06
-7.49913e-06
2.72947e-06
4.76966e-06
4.39543e-08
-3.97285e-06
-3.52628e-06
-9.36974e-08
-7.02307e-08
-6.27039e-06
6.34062e-06
-6.45001e-06
3.21615e-07
5.82879e-06
7.81423e-07
6.71768e-06
-6.43568e-06
6.3821e-06
-6.45233e-06
6.35358e-06
1.83606e-07
3.12143e-06
6.47959e-06
6.64012e-06
-1.27139e-06
-5.20602e-07
-8.66774e-06
-3.8109e-07
5.23831e-06
-4.85722e-06
-6.78347e-06
-3.23626e-08
-6.78256e-06
-9.12758e-10
6.83774e-06
-6.78896e-06
-4.87754e-08
6.76245e-06
7.52885e-08
-6.34292e-06
1.56497e-06
-2.14996e-06
5.84989e-07
-7.65694e-06
4.4778e-06
3.17914e-06
3.43379e-06
-6.88202e-06
3.44822e-06
-6.00679e-06
-5.58923e-07
-6.39835e-06
6.3666e-06
3.17445e-08
-6.65847e-06
6.42068e-06
2.37791e-07
-5.31377e-07
6.8137e-06
-6.28232e-06
-6.61107e-06
1.61065e-07
-7.34007e-06
9.14759e-06
-6.83818e-07
-5.95045e-06
-6.90035e-06
6.36897e-06
-5.40792e-06
-4.98156e-07
5.90607e-06
-5.07241e-06
6.71859e-06
4.38603e-08
-4.60619e-06
-1.23167e-06
1.3658e-06
-1.34133e-07
-6.39678e-08
2.46317e-07
-8.75625e-06
8.50993e-06
-4.91073e-06
-2.3862e-06
-6.81673e-06
6.6761e-06
1.40634e-07
-6.71181e-06
-1.04919e-07
-2.41546e-06
1.50354e-06
6.34226e-06
1.56263e-07
6.77519e-06
-1.13195e-06
6.70471e-06
-6.69646e-06
-8.24836e-09
-1.82143e-08
-6.22264e-06
6.24086e-06
7.01634e-06
-5.03564e-06
-8.42581e-08
6.96783e-06
3.92782e-06
-1.08956e-05
6.90462e-06
-6.90462e-06
1.06502e-06
6.26729e-06
-2.4361e-06
-4.30812e-06
-5.50147e-06
6.62941e-06
-1.12794e-06
-7.36684e-07
-5.92179e-06
6.35007e-06
-6.36828e-06
-6.07958e-06
1.04672e-07
5.97491e-06
1.16732e-06
-6.16282e-06
4.99549e-06
-6.38032e-06
6.31491e-06
6.5411e-08
4.07492e-06
2.94143e-06
-1.99079e-07
-1.03259e-06
-3.82796e-06
-3.82898e-06
-1.46241e-06
-6.81037e-06
6.94812e-07
-6.30536e-06
5.71323e-06
1.19287e-06
-5.31084e-06
-5.9605e-06
5.52581e-07
-6.0825e-06
3.53615e-06
6.90079e-06
-5.61062e-06
-1.29017e-06
1.1796e-06
5.53808e-06
-4.88972e-06
-2.31569e-06
-6.75199e-06
6.75199e-06
6.75179e-06
-6.49191e-06
-2.59882e-07
3.89467e-07
-6.39626e-06
-5.40148e-06
6.10571e-06
-7.04232e-07
-2.14151e-06
9.95151e-07
6.29126e-06
-6.32188e-06
3.0622e-08
6.60447e-06
7.16274e-08
6.67544e-06
7.63561e-08
1.00893e-05
-6.43799e-06
-1.73085e-07
-5.64819e-06
4.63197e-06
6.33405e-06
1.07896e-07
6.65485e-06
-6.61657e-06
-3.82795e-08
-5.69662e-08
-9.19876e-08
6.94786e-07
-5.70612e-06
5.01133e-06
-2.01079e-07
-8.73913e-06
2.09003e-06
4.72651e-07
-5.87413e-06
-6.36736e-06
6.27033e-06
9.70314e-08
6.35392e-06
-5.71284e-07
-2.96839e-06
-3.94749e-06
-8.90089e-06
6.59835e-07
-3.56991e-06
-1.05693e-06
2.61289e-08
6.54599e-06
-5.82681e-06
-6.27039e-06
-6.28082e-06
1.63474e-07
6.11735e-06
8.86729e-06
1.25297e-06
5.10941e-06
2.57165e-06
6.18398e-06
-2.75019e-06
6.45944e-06
-3.66491e-07
1.48096e-05
-1.08818e-05
-1.01331e-05
-3.24728e-06
-3.5018e-06
-8.16309e-08
6.88465e-06
-6.44999e-06
-4.34661e-07
6.52456e-06
1.50881e-07
7.55131e-07
-6.2566e-06
-4.64189e-06
5.33668e-06
6.32725e-06
5.48553e-08
4.97036e-06
2.20402e-06
6.63762e-06
2.47026e-07
6.63123e-06
-6.53612e-06
-9.51127e-08
-2.98436e-06
-4.22996e-06
-2.98464e-07
6.1076e-06
1.13715e-07
-7.03428e-06
5.49877e-06
-4.33145e-06
-9.20104e-08
1.39323e-07
5.36131e-06
-5.82373e-06
4.62413e-07
9.79683e-07
5.64973e-06
9.00021e-06
-8.75389e-06
3.13197e-06
3.96563e-06
-6.35117e-06
6.27647e-06
7.47024e-08
-1.4673e-07
-3.69009e-06
2.01888e-06
1.67121e-06
-6.6126e-08
6.90028e-06
-6.90028e-06
7.78963e-06
-4.51564e-06
-3.27399e-06
-5.72188e-06
-9.5849e-07
4.82366e-06
2.28887e-06
6.59956e-06
3.80626e-08
-6.22264e-06
6.17398e-06
3.91534e-08
-6.21313e-06
5.05576e-06
7.03428e-06
-6.98815e-06
1.78668e-07
8.21524e-06
-7.27242e-06
6.36224e-06
-6.77968e-06
6.31671e-06
-1.42732e-07
5.70213e-06
-6.16992e-06
6.13738e-06
3.25409e-08
2.89079e-07
4.94941e-06
-5.23849e-06
-5.61595e-06
4.63767e-06
-4.209e-07
5.87447e-06
7.96563e-07
-5.60858e-08
-5.42927e-06
-9.48409e-07
-8.12798e-06
5.14362e-06
8.52288e-09
-6.18591e-06
-6.58793e-06
-3.1242e-07
8.82526e-06
-4.76931e-06
6.34391e-08
-1.14153e-06
7.01681e-06
-5.87528e-06
-2.9977e-06
-6.9239e-07
6.14588e-06
-6.21255e-06
6.66699e-08
-6.36224e-06
6.30675e-06
2.73524e-06
3.90918e-06
-6.64442e-06
6.61382e-06
-1.2525e-06
5.49858e-07
5.87064e-06
6.48649e-06
6.24263e-07
7.07407e-07
8.57566e-07
-6.89708e-06
1.5342e-07
-5.47647e-06
6.2316e-06
-3.17158e-06
3.83141e-06
5.86037e-07
-5.75423e-06
5.16819e-06
-4.62719e-08
1.22835e-07
-5.74121e-06
-6.52744e-06
6.40807e-06
1.19372e-07
-6.26257e-06
6.51946e-07
4.08478e-06
3.70485e-06
-3.52392e-06
7.22687e-06
-3.70295e-06
7.24144e-06
-6.76055e-06
-4.80896e-07
1.79419e-07
4.45825e-06
-6.21437e-06
-6.64486e-08
6.30741e-06
9.29884e-09
3.11944e-06
-1.10056e-06
8.0292e-06
-7.21209e-06
5.75908e-06
8.80714e-07
3.63712e-07
-6.40445e-06
9.75184e-07
9.86318e-08
-5.5751e-06
7.15217e-06
-5.77912e-06
5.8311e-06
-3.54982e-07
-5.55045e-06
5.90543e-06
-6.27687e-06
6.53625e-06
-7.76995e-08
-9.50885e-06
7.59513e-07
-4.0113e-08
6.15708e-06
1.19387e-07
-5.8151e-06
-6.38033e-06
6.35335e-06
2.69761e-08
7.63218e-06
-4.43109e-06
-3.20109e-06
-5.35472e-06
-4.81858e-07
5.83658e-06
-1.44647e-08
-6.31104e-06
1.35693e-07
-6.81892e-07
6.73946e-06
-6.05757e-06
-6.17872e-06
6.20934e-06
-8.96567e-06
-1.30926e-06
-8.67343e-06
8.45625e-06
2.17185e-07
4.95128e-06
2.51817e-06
5.79631e-06
5.19445e-07
-6.31575e-06
6.15877e-06
-2.53562e-07
4.9662e-06
2.47962e-06
-4.39499e-06
1.39729e-06
-6.22357e-06
5.40718e-06
-6.15163e-06
-8.3558e-06
8.32544e-06
3.036e-08
7.5501e-06
-6.05922e-06
6.1558e-06
-1.84153e-08
3.78395e-07
-5.74087e-06
5.36248e-06
-9.28202e-08
-8.26298e-06
7.46068e-06
-7.46068e-06
-3.39411e-06
6.40047e-06
-3.00636e-06
-6.16149e-06
6.16149e-06
6.29924e-06
-5.56906e-06
-7.3018e-07
5.86089e-06
1.39235e-06
6.56542e-06
-5.38582e-06
6.49179e-06
-7.29737e-08
-5.08256e-06
-8.14408e-07
5.89696e-06
-8.25388e-06
8.28179e-06
-2.7905e-08
7.6105e-06
-4.58103e-06
-3.02947e-06
1.11286e-06
5.45256e-06
-8.34029e-06
8.29856e-06
4.17281e-08
-1.25894e-09
-6.06674e-08
8.23037e-06
-8.1697e-06
-8.30839e-06
8.30839e-06
-9.90025e-08
6.24489e-06
8.91527e-06
-8.31125e-06
-6.04021e-07
-8.34544e-06
8.28477e-06
8.33835e-06
-8.29577e-06
-4.25798e-08
-6.07572e-06
-1.3683e-07
7.10613e-06
-9.47251e-08
8.28279e-06
-8.18806e-06
8.2854e-06
-8.30097e-06
1.55702e-08
-6.26201e-06
8.24239e-06
-1.20238e-08
-6.3726e-06
6.31558e-06
5.7026e-08
-8.24079e-06
8.2704e-06
-2.96116e-08
6.31214e-06
-6.14866e-06
-8.32339e-06
8.22867e-06
6.38317e-06
-2.02836e-06
3.03973e-06
3.97708e-06
-4.61541e-06
-3.51257e-06
-8.29444e-06
8.29444e-06
-8.33248e-06
-1.29592e-08
7.71381e-06
-1.41402e-06
-6.29979e-06
-5.43889e-06
3.69395e-06
2.07974e-07
8.25561e-06
-8.28112e-06
2.55137e-08
6.07691e-06
-6.07046e-06
-6.4471e-09
8.51282e-06
-8.29181e-06
-2.21005e-07
8.21281e-06
4.28023e-08
8.1977e-06
8.50901e-08
-1.68184e-08
-6.14467e-06
-7.60312e-06
4.18467e-06
3.41846e-06
-6.13599e-06
6.17514e-06
8.23876e-06
-2.59498e-08
8.6549e-07
5.59394e-06
4.43016e-06
-1.69492e-06
-8.31133e-06
-1.20588e-08
6.77879e-06
4.0229e-06
-6.8553e-06
-1.04366e-06
-8.46519e-06
6.18322e-06
-6.21866e-06
3.54386e-08
-2.86526e-07
-8.38691e-06
6.43866e-06
-7.20602e-08
7.15966e-06
-4.89912e-06
-2.26055e-06
-6.19672e-06
8.25126e-06
-8.25126e-06
5.90209e-06
7.48067e-08
-5.97689e-06
6.35424e-06
-8.26861e-06
8.25779e-06
1.08189e-08
8.21027e-06
-8.28927e-06
7.90032e-08
5.22777e-06
-6.91816e-06
-2.20182e-08
-8.21039e-06
8.23241e-06
8.19148e-06
-8.2135e-06
-2.74436e-07
8.73068e-06
-6.56126e-06
7.10594e-06
-7.42068e-06
5.14714e-06
-1.3049e-07
8.45593e-06
7.11243e-07
3.6642e-06
6.75529e-08
7.64625e-06
-2.1931e-08
6.61838e-06
-6.59645e-06
-5.61866e-08
-8.28849e-06
-5.1803e-08
6.80234e-06
-6.80167e-07
-6.12218e-06
-8.23328e-06
8.23328e-06
4.83634e-06
-4.16422e-06
-8.30155e-06
8.27984e-06
2.17135e-08
6.33971e-06
-6.33971e-06
6.17321e-06
-9.63036e-08
8.24456e-06
-8.2578e-06
1.32386e-08
-7.95724e-06
2.17546e-06
8.40066e-09
-6.12414e-06
6.11573e-06
6.64176e-06
-5.55294e-08
8.26201e-06
7.63434e-08
5.01163e-06
8.55673e-07
-5.8673e-06
8.28716e-06
-4.4767e-08
6.43699e-06
-6.43699e-06
8.23444e-06
-8.20585e-06
-2.85936e-08
-6.29606e-06
6.25004e-06
4.60186e-08
8.29746e-06
-8.27227e-06
-2.51925e-08
-8.24689e-06
8.24689e-06
1.22572e-06
5.77341e-06
1.94511e-07
-5.96792e-06
-8.30223e-06
8.28065e-06
2.15744e-08
-3.0516e-08
-6.21634e-06
6.18101e-06
2.21542e-09
7.71681e-06
-1.45999e-06
-6.25682e-06
5.33105e-06
8.21355e-06
-8.23619e-06
2.26363e-08
6.34732e-06
6.78171e-06
9.56055e-08
5.80648e-06
8.42219e-06
-1.60187e-07
8.18665e-06
2.68966e-08
6.0237e-06
-6.0237e-06
-3.17158e-06
8.32937e-06
-8.264e-06
-2.52771e-08
8.25966e-06
-8.22854e-06
-3.11207e-08
1.61365e-07
-8.41644e-06
8.25507e-06
8.64929e-07
-8.32561e-06
-8.2872e-06
8.27295e-06
1.42547e-08
5.98276e-06
-5.97994e-06
-2.82408e-09
6.29924e-06
-5.55974e-06
5.55974e-06
8.20323e-06
-1.65735e-08
-6.15111e-06
-5.74087e-06
5.79631e-06
6.3813e-06
-6.63886e-08
-1.86378e-08
6.53516e-07
-8.14703e-06
8.25834e-06
-8.26092e-06
2.5829e-09
1.97933e-07
5.78483e-06
1.90529e-07
6.61182e-06
6.22222e-06
-4.9009e-08
-8.26865e-06
8.25912e-06
9.53332e-09
8.1958e-06
-8.21858e-06
2.27823e-08
-8.26133e-06
-4.02278e-08
8.23884e-06
-8.21722e-06
-2.16172e-08
6.22063e-06
1.19081e-07
8.24405e-06
3.57915e-08
-1.03177e-08
8.22549e-06
3.3631e-08
-1.26088e-09
-6.09239e-06
-8.35088e-06
8.78955e-08
-6.18045e-06
6.18045e-06
7.55904e-08
7.64122e-06
-6.28007e-06
1.19751e-06
4.31366e-08
8.24226e-06
3.42451e-07
-5.93666e-06
5.59421e-06
5.7089e-08
8.25131e-06
7.87161e-06
-8.58569e-06
6.21444e-06
2.22549e-07
8.19148e-06
-6.37608e-08
5.83717e-06
-6.01055e-06
3.06107e-08
5.92115e-06
-9.09516e-07
-8.21194e-06
8.21194e-06
-8.25598e-06
-4.62431e-08
5.56906e-06
-5.77341e-06
2.04349e-07
-8.25131e-06
6.08201e-06
-6.07361e-06
8.23999e-06
4.06623e-08
-8.24388e-06
-7.33113e-06
5.10137e-06
-8.27898e-06
8.26524e-06
1.37445e-08
5.63036e-06
5.28411e-07
6.12414e-06
3.73529e-08
-8.18547e-06
8.24149e-06
-5.60182e-08
-6.2167e-06
6.16131e-06
5.53875e-08
-8.21168e-06
2.62052e-08
6.19418e-06
-1.3173e-08
3.44447e-07
-6.40363e-06
6.05918e-06
8.20971e-06
-8.246e-06
3.62959e-08
6.67842e-06
-6.99083e-06
8.20881e-06
-8.20791e-06
-8.9335e-10
-5.24759e-06
5.24759e-06
-6.46018e-06
6.46018e-06
-8.19941e-06
-1.22722e-08
-3.83141e-06
4.54266e-06
-8.2228e-06
8.21071e-06
1.20878e-08
6.40019e-08
8.23044e-06
5.12869e-06
-4.54266e-06
-5.12869e-06
5.41777e-06
5.44488e-06
-6.25929e-06
7.50202e-06
-4.44639e-06
-3.05563e-06
-8.25225e-06
-3.49465e-08
-1.19131e-06
-5.41777e-06
6.60908e-06
8.24194e-06
3.10075e-08
-6.2441e-06
5.78733e-06
8.26556e-06
-8.24888e-06
-1.66841e-08
-8.21712e-06
-6.18816e-06
6.21527e-06
-1.91576e-07
-2.19804e-08
8.26074e-06
8.22629e-06
-6.11573e-06
-8.4223e-06
-4.94044e-06
6.31575e-06
-1.37531e-06
-8.18086e-06
-2.95325e-08
8.2155e-06
9.9893e-09
4.79161e-06
-4.89409e-06
1.02479e-07
9.40038e-09
5.77341e-06
-6.0048e-06
2.31393e-07
3.78001e-06
3.85217e-06
-8.24855e-06
-3.04297e-08
-6.24646e-06
8.17938e-06
-8.17257e-06
-6.81002e-09
8.23872e-06
2.65164e-08
-8.26252e-06
8.25363e-06
8.88866e-09
6.31545e-06
6.22063e-06
-8.20034e-06
8.18245e-06
1.78869e-08
8.25822e-06
-8.25462e-06
-3.60446e-09
-6.14111e-06
6.21444e-06
8.19644e-06
-8.19644e-06
3.25767e-08
8.26599e-06
-5.17539e-06
-1.10468e-06
8.21371e-06
-3.99827e-09
-1.05708e-06
5.61155e-06
-4.55447e-06
8.19262e-06
-8.18553e-06
-7.09427e-09
2.50435e-08
8.22622e-06
8.17776e-06
-8.185e-06
7.2387e-09
-8.27324e-06
-8.24356e-06
-4.96346e-06
7.06581e-09
8.25072e-06
-8.62556e-09
-8.22108e-06
8.22971e-06
-8.19702e-06
8.17917e-06
1.78551e-08
-8.24821e-06
-1.43103e-08
-6.24421e-06
-6.03016e-06
1.96066e-08
8.23984e-06
1.37992e-08
-8.18961e-06
8.18615e-06
3.45719e-09
-8.19524e-06
3.07566e-08
8.16449e-06
8.24574e-06
1.98288e-08
-8.22023e-06
-2.86488e-08
-5.99575e-06
-2.79443e-08
8.24169e-06
-8.24678e-06
5.09283e-09
8.19262e-06
-8.20125e-06
-8.20965e-06
8.19833e-06
1.13176e-08
8.18921e-06
-8.18257e-06
-6.63712e-09
6.17496e-06
5.49645e-09
8.24443e-06
1.37906e-08
-8.23296e-06
-2.16522e-08
-8.26319e-06
6.21527e-06
-8.19359e-06
8.17729e-06
1.63052e-08
5.43825e-06
-5.79323e-06
-8.17048e-06
8.20109e-06
-3.06078e-08
8.19577e-06
-8.20798e-06
1.22138e-08
-1.99492e-08
-8.24026e-06
-7.95656e-09
-2.13368e-08
-7.27358e-06
5.16094e-06
-1.40434e-08
8.19262e-06
-1.35354e-08
-8.71462e-09
-8.24722e-06
6.96163e-09
3.1527e-06
6.93042e-06
-1.00831e-05
-1.70806e-06
8.24176e-06
-7.84611e-11
-8.22622e-06
1.51398e-08
8.21814e-06
-8.23128e-06
-1.5499e-08
-6.19554e-06
-8.25543e-06
8.21067e-09
2.87412e-08
8.21582e-06
-1.32639e-09
3.89415e-08
-8.11569e-06
8.07674e-06
8.25312e-06
-8.24889e-06
-4.22556e-09
-6.30603e-06
1.13064e-06
8.23722e-06
-8.22278e-06
-1.44402e-08
-8.24266e-06
-6.11147e-06
-3.22301e-07
8.18747e-06
-8.18101e-06
-6.46095e-09
4.29437e-08
-8.12341e-06
8.08047e-06
-8.25106e-06
8.23567e-06
1.53861e-08
-6.23871e-06
6.18739e-06
5.13226e-08
7.28098e-09
-8.251e-06
-4.4249e-09
-6.27261e-06
1.30092e-06
4.97168e-06
-8.2402e-06
-1.08576e-08
8.25042e-06
2.70116e-09
-8.23689e-06
-1.20053e-08
-3.27403e-08
-8.25151e-06
5.0453e-10
-5.93327e-06
-6.94324e-07
6.6276e-06
4.73932e-06
3.46385e-08
-8.21814e-06
6.1886e-06
-2.72924e-08
-8.18701e-06
8.18701e-06
-1.58339e-08
8.24645e-06
3.9694e-09
-6.52504e-09
1.27719e-08
1.31504e-08
8.24957e-06
-3.1245e-09
4.87826e-09
8.24744e-06
-8.2475e-06
5.95556e-11
5.95331e-06
-5.95331e-06
-8.23042e-06
8.21273e-06
1.7685e-08
8.2007e-06
-8.19227e-06
-8.42732e-09
-1.15645e-08
8.2444e-06
5.16692e-09
8.24481e-06
2.62567e-09
-3.09445e-09
8.24566e-06
8.23757e-06
-8.24214e-06
4.56808e-09
-8.31704e-06
-8.21124e-06
-1.91746e-08
6.34819e-06
-7.78645e-08
8.23017e-06
7.40357e-09
6.90219e-08
8.23645e-06
-8.22741e-06
-9.04353e-09
-5.88384e-06
5.88384e-06
4.6004e-08
8.20088e-06
-8.18573e-06
8.19886e-06
-1.31241e-08
8.23469e-06
1.75568e-09
6.64196e-08
6.1558e-06
8.22494e-06
-8.22187e-06
-3.07547e-09
-8.16013e-06
-2.56047e-08
8.20161e-06
-8.20832e-06
6.7104e-09
8.21963e-06
5.31301e-09
8.23484e-06
9.97689e-09
-8.16019e-08
-8.13948e-06
-1.40472e-08
-7.2513e-07
-5.53147e-06
8.18881e-06
-8.19675e-06
7.93803e-09
2.46863e-07
5.70645e-06
8.22389e-06
-8.21619e-06
-7.703e-09
-7.3025e-09
-1.40015e-07
-6.84505e-06
6.98506e-06
-5.957e-06
6.0246e-06
-6.75955e-08
-8.15044e-06
8.15305e-06
-2.60358e-09
8.21444e-06
9.44602e-09
-8.19018e-06
-5.12123e-06
8.27393e-06
8.21764e-06
-8.20595e-06
-1.16843e-08
-8.2256e-06
8.22582e-06
-2.20721e-10
8.2019e-06
-8.19445e-06
-7.44453e-09
-7.96784e-07
-7.03486e-06
7.83165e-06
8.20922e-06
8.41419e-09
-8.15665e-06
6.20753e-09
8.21882e-06
-8.20828e-06
-1.05404e-08
6.17496e-06
-6.32364e-06
6.32364e-06
8.21577e-06
-8.2003e-06
-1.5475e-08
-1.58355e-08
8.21906e-06
-1.28718e-08
-6.18385e-06
8.20421e-06
1.15636e-08
-8.22486e-06
-1.53392e-08
-8.14418e-06
8.14849e-06
-4.30669e-09
8.22567e-06
4.49731e-09
1.38691e-07
8.1431e-06
-1.73636e-09
8.21801e-06
2.08332e-08
6.15552e-06
3.30825e-08
9.60044e-10
-8.15219e-06
8.00882e-09
6.27991e-07
2.27622e-08
2.65494e-07
8.19421e-06
-8.20189e-06
7.68677e-09
-8.13554e-06
8.14499e-06
-9.44299e-09
1.45114e-07
-6.16405e-06
6.01894e-06
1.10176e-06
-6.42073e-06
5.31897e-06
2.35446e-06
5.81954e-06
-5.81954e-06
8.18856e-06
-8.18856e-06
-6.74596e-06
3.77592e-09
-8.20412e-06
6.28442e-06
8.21623e-06
1.84661e-08
-1.55086e-06
-2.88138e-06
4.43224e-06
-8.14738e-06
1.18332e-08
-8.15211e-06
-2.64329e-07
3.48378e-06
-5.7492e-06
2.26541e-06
-5.63829e-09
5.55638e-08
8.14552e-06
2.37539e-08
6.17043e-06
-8.22778e-06
1.72921e-08
8.19465e-06
5.22736e-06
-6.37817e-06
1.15081e-06
5.32063e-06
-1.83685e-06
-1.02222e-08
-8.1868e-06
8.22898e-06
-8.17341e-06
-8.20551e-06
-8.1248e-06
8.11708e-06
7.71461e-09
1.7924e-09
8.20892e-06
8.18008e-06
8.48629e-09
7.47453e-06
-4.95964e-06
-2.51489e-06
-2.96644e-08
6.2441e-06
8.20672e-06
1.29043e-08
7.47173e-06
-8.26851e-06
5.53612e-08
8.14533e-06
-9.66471e-09
-8.18393e-06
-8.13425e-06
9.45505e-09
-5.97632e-06
1.9321e-08
6.27824e-06
-5.03339e-06
-1.24485e-06
8.16554e-06
-8.16626e-06
7.17851e-10
-9.46402e-09
2.35564e-06
-3.31166e-06
-3.10356e-06
6.41522e-06
8.18069e-06
-8.19329e-06
1.26032e-08
6.52199e-06
-6.44718e-06
-2.35849e-08
6.24421e-06
-5.36255e-06
3.81169e-06
8.17247e-06
-8.18069e-06
8.22433e-09
8.2194e-06
-8.16404e-06
-6.15708e-06
2.03761e-07
-6.18052e-06
6.17326e-06
7.2662e-09
6.0048e-06
-6.14481e-06
1.29972e-07
8.14043e-06
-6.23337e-06
6.04887e-06
-2.20078e-07
8.20677e-06
-8.19682e-06
-9.95447e-09
6.39067e-06
-6.10604e-06
-2.84633e-07
8.18008e-06
-4.93197e-09
-8.18467e-06
-6.05044e-06
2.028e-08
7.58147e-07
4.64749e-06
-5.40564e-06
-8.11443e-06
8.10562e-06
8.8014e-09
8.16727e-06
2.85039e-08
-5.1732e-06
-1.08609e-06
5.93005e-08
8.1426e-06
8.1933e-06
-8.21237e-06
1.90678e-08
8.18316e-06
-1.51314e-08
-8.15744e-06
-6.40205e-06
-1.07866e-06
8.19742e-06
1.70201e-08
8.71368e-06
-1.78326e-06
-4.94513e-08
8.18918e-06
-8.13973e-06
8.18571e-06
7.59819e-09
-8.12593e-06
1.15037e-08
-8.14973e-06
-5.81813e-08
-1.56701e-08
8.07986e-06
-8.06419e-06
1.06133e-08
8.18583e-06
8.22047e-06
-8.16117e-06
-8.19465e-06
-3.11845e-08
6.24646e-06
-8.52895e-09
6.19634e-06
-3.21384e-07
-5.87496e-06
8.30336e-08
6.11331e-06
-8.09137e-06
8.0757e-06
-8.19352e-06
-1.77268e-08
5.20132e-06
1.07692e-06
-3.11334e-08
6.33814e-06
-6.30701e-06
-5.24867e-06
-4.39249e-06
5.15064e-06
-6.84894e-06
8.45672e-07
6.00327e-06
8.1824e-06
6.22704e-09
-8.19176e-06
8.11317e-08
8.14784e-06
8.17008e-06
-8.17128e-06
1.19883e-09
8.18795e-06
-8.1636e-06
-2.4355e-08
-8.19903e-06
5.34089e-09
-1.18868e-08
-6.18633e-06
6.19822e-06
1.17705e-09
8.19715e-06
-5.6877e-06
1.66432e-06
-8.18823e-06
8.18369e-06
4.54323e-09
-8.10303e-06
8.09338e-06
9.64834e-09
7.86719e-08
6.70117e-06
-6.50666e-06
4.9087e-06
-1.17088e-07
-4.23557e-08
8.19376e-06
-8.15141e-06
-7.30746e-06
3.9958e-06
8.17955e-06
7.24371e-09
-8.18982e-06
8.18808e-06
2.1148e-08
-7.65411e-06
7.72691e-08
7.57684e-06
1.27666e-08
-8.11579e-06
8.17186e-06
-8.16327e-06
-8.59647e-09
-2.57944e-07
8.22046e-06
-7.96252e-06
-1.22212e-08
-1.67882e-06
7.6922e-06
-6.01339e-06
-6.15708e-06
-6.8369e-06
8.17701e-06
-4.54021e-09
7.16093e-08
8.14779e-06
7.97106e-06
8.25398e-06
-8.24762e-06
-6.35738e-09
-9.98859e-10
-6.19522e-06
6.19622e-06
-8.18168e-06
8.17614e-06
5.5433e-09
1.6531e-07
-6.16106e-06
5.99575e-06
8.19251e-06
-8.18907e-06
-3.43881e-09
-6.34378e-06
6.31264e-06
8.1684e-06
-8.16212e-06
-6.2805e-09
2.2894e-08
8.16506e-06
-8.75294e-08
8.21194e-06
-8.18699e-06
8.78008e-08
-6.04016e-06
8.18648e-06
-8.1851e-06
-1.37761e-09
8.18254e-06
4.78224e-09
-8.18579e-06
8.14068e-06
1.73198e-08
-8.15799e-06
1.94848e-09
8.18756e-06
-8.16466e-06
-1.9389e-08
-6.20017e-06
6.21956e-06
4.39526e-06
-6.4687e-06
2.07343e-06
-1.38129e-06
-6.27282e-06
-6.00656e-06
-1.35393e-06
-5.27641e-06
-8.1775e-06
4.7016e-08
8.13048e-06
-6.23809e-06
6.20017e-06
3.79238e-08
-1.89778e-06
-5.02038e-06
-8.17336e-06
7.29728e-06
-8.15644e-06
8.17076e-06
-1.43206e-08
-6.81727e-06
6.78271e-07
6.139e-06
6.50419e-06
-4.99849e-06
-1.50571e-06
-8.18492e-06
1.63543e-08
8.16856e-06
6.20925e-06
-6.13219e-06
1.70728e-08
8.15479e-06
-8.18583e-06
8.29251e-09
8.17871e-06
8.17764e-06
2.6568e-08
-1.34754e-09
-8.18365e-06
-2.63318e-08
-8.1619e-06
-8.16461e-06
6.20197e-06
-6.1247e-06
-3.47306e-08
1.74743e-06
5.41223e-06
-5.60683e-06
5.60683e-06
7.0859e-08
8.14961e-06
-9.27685e-06
-7.54858e-06
7.54758e-06
8.18868e-06
6.19737e-06
-6.15336e-06
-8.17599e-06
8.14966e-06
-6.91007e-06
7.07538e-06
8.17036e-06
-8.16323e-06
-7.13389e-09
9.84657e-09
8.17896e-06
-8.27453e-06
6.22711e-06
-6.2465e-06
-8.17377e-06
1.36386e-08
3.07707e-06
8.19379e-06
-8.18382e-06
-9.96339e-09
-8.18845e-06
8.17074e-06
-8.16393e-06
-6.81436e-09
-8.16934e-06
-8.15879e-09
8.15216e-06
-8.12719e-06
-6.24985e-06
7.5134e-06
8.16371e-06
-8.161e-06
-2.70711e-09
-1.43852e-08
8.15506e-06
-6.23809e-06
5.40561e-06
-5.85919e-06
4.53586e-07
-1.00518e-05
1.00518e-05
8.1848e-06
8.18641e-06
-2.07189e-08
1.3648e-08
-8.18427e-06
8.21247e-06
-2.82007e-08
8.16828e-06
-8.16146e-06
-6.82058e-09
-6.77879e-06
6.45649e-06
2.509e-08
8.16409e-06
-8.18485e-06
2.20473e-08
8.1628e-06
-8.16097e-06
8.17859e-06
-8.16761e-06
-6.26757e-06
-8.17806e-06
2.72371e-08
8.15082e-06
-6.27698e-06
-1.75839e-08
6.12714e-06
-6.17425e-06
4.71075e-08
8.15758e-06
-8.16445e-06
6.87499e-09
1.50821e-07
-8.17792e-06
8.16439e-06
1.35258e-08
8.17237e-06
-5.99151e-06
-5.94881e-06
-1.01629e-07
8.18316e-06
-8.18316e-06
-4.22108e-08
6.21717e-06
-8.17871e-06
8.16676e-06
-8.15995e-06
-6.80612e-09
8.18207e-06
-4.54932e-08
-8.17173e-06
-6.0821e-06
-7.62943e-07
-6.23307e-06
4.88906e-06
-5.46086e-06
5.71796e-07
-1.22506e-06
-5.2792e-06
6.50426e-06
8.15185e-06
-8.13028e-06
5.27914e-06
-6.16405e-06
-1.75453e-08
-8.16737e-06
8.17114e-06
-8.16436e-06
-6.77577e-09
6.27751e-06
-6.30805e-06
-1.72898e-06
-1.13835e-06
2.86733e-06
-6.51234e-06
6.56648e-06
6.3002e-06
-6.21717e-06
-2.48541e-08
-6.10932e-06
6.13417e-06
-2.80645e-08
-6.06341e-06
6.09147e-06
2.05344e-08
-6.3512e-06
6.33066e-06
5.80569e-08
-6.37673e-06
6.31867e-06
2.939e-08
-6.24997e-06
6.22058e-06
-1.25005e-08
-6.11631e-06
6.12881e-06
-1.48524e-08
-6.11124e-06
6.12609e-06
3.6812e-06
-2.47982e-06
-1.20138e-06
5.42751e-06
3.96433e-08
8.15412e-06
5.98411e-06
-6.01572e-06
3.16118e-08
1.92195e-08
-8.16794e-06
8.14872e-06
8.189e-06
-8.189e-06
8.08058e-06
-2.13089e-09
-8.07845e-06
-2.70658e-08
-8.14893e-06
8.16617e-06
-8.15906e-06
-7.10409e-09
-5.07509e-06
-6.66471e-06
-1.52559e-07
5.35149e-06
1.03918e-06
8.18242e-06
-8.17153e-06
-1.08904e-08
-6.22875e-06
6.47099e-06
2.70273e-08
8.16053e-06
-4.48817e-06
-2.8193e-06
5.92888e-08
5.86401e-06
-5.9233e-06
-4.18698e-06
-7.0711e-07
-1.40468e-06
-8.70965e-07
2.27564e-06
6.14223e-06
6.1433e-06
6.41256e-06
6.4123e-06
6.36786e-06
6.28738e-06
-2.85493e-08
-6.16022e-06
6.18877e-06
6.16252e-06
-6.99878e-09
-2.42822e-06
8.16878e-06
-8.14956e-06
-2.01439e-07
6.57041e-06
-8.19379e-06
-5.59479e-06
6.91442e-06
8.06953e-06
7.33628e-09
-8.07686e-06
8.19968e-06
-1.65268e-08
-8.18215e-06
2.92603e-08
8.15289e-06
-6.17067e-06
-6.18633e-06
6.18633e-06
-6.21488e-06
-5.63049e-06
6.80525e-06
-1.17476e-06
-1.4581e-08
-8.16348e-06
4.26197e-06
-5.31905e-06
1.3493e-08
-8.17676e-06
-8.16718e-06
-2.17315e-06
-3.1894e-06
-8.15252e-06
-1.54245e-08
6.25956e-06
1.95222e-06
4.75782e-06
8.15827e-06
-8.152e-06
-6.2757e-09
6.22088e-06
-4.12148e-06
-2.09939e-06
-2.96076e-06
1.55609e-06
-3.43111e-06
7.42691e-06
-2.97631e-06
6.1878e-06
-3.21149e-06
2.40941e-09
8.17828e-06
-8.12243e-06
8.16394e-06
-8.16871e-06
4.77113e-09
-4.62475e-06
1.97364e-06
2.65111e-06
-2.7305e-08
-6.15839e-06
6.18569e-06
8.55234e-06
-3.78838e-06
-4.76396e-06
6.15711e-09
8.07442e-06
-1.7772e-06
-2.84755e-06
-5.96717e-06
6.02646e-06
5.08946e-06
3.38042e-07
-5.9361e-06
-1.24915e-08
-6.16733e-06
6.17982e-06
6.37189e-06
-6.17396e-06
-3.79444e-06
-1.43749e-06
5.23194e-06
-8.15142e-06
8.15381e-06
-2.3899e-09
-6.02724e-06
6.11505e-06
8.16053e-06
-8.16581e-06
-5.45477e-06
-1.52062e-07
-8.22105e-06
8.18993e-06
-4.25702e-06
6.17213e-09
8.16458e-06
7.12313e-06
-3.93677e-06
-3.18636e-06
6.03144e-06
-1.14238e-06
6.73479e-06
-8.70784e-07
6.17625e-06
-6.20355e-06
8.14933e-06
-8.1498e-06
4.65256e-10
6.18406e-06
-6.19655e-06
7.49886e-09
-8.14525e-06
8.13775e-06
-3.43666e-06
-8.20361e-07
1.31254e-08
-6.26298e-06
-8.16817e-06
1.15237e-08
5.45477e-06
-5.77416e-06
3.19395e-07
-8.86388e-07
6.67122e-06
-3.33362e-08
-6.04877e-06
6.13793e-06
6.40436e-08
8.15843e-06
-8.15311e-06
-5.31789e-09
9.85297e-09
8.17022e-06
4.14683e-06
-6.16828e-06
6.1814e-06
4.01464e-06
-2.3317e-08
-8.15883e-06
-3.11732e-06
-2.38439e-06
5.50171e-06
-5.89422e-06
-5.45908e-08
5.55926e-06
-5.01279e-06
-5.46471e-07
-1.10848e-06
6.45994e-06
-5.35146e-06
8.16368e-06
-8.15739e-06
-6.29289e-09
1.08963e-08
8.15947e-06
5.55811e-08
6.22196e-06
-6.27755e-06
5.34532e-09
-8.16857e-06
-6.10873e-06
6.12901e-06
8.16072e-06
-8.1698e-06
9.0866e-09
8.19968e-06
-3.43427e-08
-5.7121e-06
-2.50444e-07
5.96255e-06
-8.21551e-06
-3.07073e-09
8.2035e-08
-6.26256e-06
-8.37632e-06
8.1574e-06
-8.1499e-06
-5.23945e-06
1.1193e-08
-1.96883e-08
-8.15481e-06
8.15882e-06
9.45841e-09
-8.50556e-06
1.33856e-09
-8.1628e-06
-3.71393e-07
-4.591e-06
1.70962e-06
-8.18018e-06
8.18018e-06
-5.15612e-06
6.29126e-06
-1.13514e-06
8.196e-06
-4.88892e-06
6.09314e-06
-1.20423e-06
-5.2694e-06
6.3786e-06
-1.1092e-06
-6.1232e-06
-8.96779e-08
6.30873e-06
-6.21905e-06
-5.3253e-06
5.16438e-06
-1.35269e-06
8.16963e-06
-8.18037e-06
1.0747e-08
8.16825e-06
-8.179e-06
1.07444e-08
8.16265e-06
-8.17421e-06
1.15528e-08
-8.89487e-09
-8.16903e-06
-4.90592e-06
6.19417e-06
-1.28826e-06
8.16518e-06
-8.15892e-06
-6.25672e-09
8.16298e-06
1.15508e-06
-6.5409e-06
8.1581e-06
8.65365e-09
-8.16188e-06
1.9316e-09
1.9135e-06
8.16149e-06
-8.1683e-06
6.80585e-09
1.67968e-07
6.13223e-06
-6.3002e-06
-5.99927e-06
-2.79722e-08
6.02724e-06
-8.17908e-06
-8.1613e-06
8.15076e-06
1.05467e-08
6.21991e-06
-6.13787e-06
-8.16732e-06
8.15717e-06
1.01575e-08
-6.04221e-06
5.79622e-06
2.45991e-07
-8.16825e-06
8.15837e-06
9.87566e-09
8.1812e-06
-8.17119e-06
-1.00092e-08
-6.12048e-06
6.17606e-06
-6.60535e-06
-3.55866e-06
-6.70327e-06
-1.38895e-06
6.73683e-06
-5.34788e-06
8.15086e-06
-2.26043e-08
-8.13952e-06
-6.16106e-06
6.72192e-09
-8.17126e-06
8.16454e-06
-6.53521e-06
6.21382e-06
1.29334e-08
8.17355e-06
8.15614e-06
1.00266e-08
-8.16119e-06
2.13011e-09
-6.43087e-07
-2.31768e-06
-6.23948e-06
6.1498e-06
-6.49279e-06
1.12778e-06
5.365e-06
-2.18338e-06
-2.40762e-06
-6.19522e-06
6.47366e-06
1.00087e-06
2.07471e-09
8.15348e-06
-8.15555e-06
6.14481e-06
-6.17815e-06
-8.17525e-06
8.21377e-06
-8.19099e-06
-2.04622e-06
-1.72286e-06
3.76908e-06
-5.81894e-06
-2.21223e-07
-8.21892e-06
1.30771e-08
-2.11119e-07
-6.16876e-06
6.15839e-06
1.0378e-08
6.76383e-06
-6.50516e-07
8.16599e-06
-8.15858e-06
-7.41559e-09
8.15523e-06
3.04405e-09
-8.16008e-06
8.0808e-09
8.16138e-06
-8.16408e-06
2.70506e-09
-7.28001e-09
3.6956e-09
-8.19469e-06
-6.02646e-06
-1.30619e-07
2.33003e-07
-6.76856e-06
-4.27538e-08
8.19209e-06
-8.27655e-06
-2.45336e-09
-8.14279e-06
-6.67842e-06
6.47698e-06
9.30042e-10
5.98318e-06
-6.17219e-06
6.16733e-06
4.86222e-09
-5.31804e-06
-1.10269e-06
6.24303e-06
5.85935e-06
-6.1098e-06
8.15884e-06
-8.15731e-06
-6.31856e-06
6.1798e-06
-5.48663e-06
-2.88968e-06
8.15616e-06
-5.22427e-09
-8.1587e-06
7.47173e-06
-6.22078e-06
8.26396e-07
5.39438e-06
1.28349e-06
-6.24313e-06
9.77395e-07
8.09856e-08
1.06209e-06
-6.47969e-06
5.41759e-06
1.23576e-06
-7.61594e-06
6.38018e-06
8.15664e-06
7.04843e-09
-7.85643e-09
-8.1584e-06
1.01447e-06
-6.39725e-06
5.38279e-06
-8.15975e-06
2.35683e-09
8.75307e-08
6.08573e-06
-6.94078e-06
-6.85691e-06
9.62694e-07
-5.63565e-06
6.16022e-06
-6.18054e-06
2.03139e-08
-2.61596e-08
-8.15453e-06
2.84842e-08
8.1403e-06
-4.76342e-06
-4.54649e-06
6.19671e-06
-6.19671e-06
-5.99927e-06
-5.84691e-06
-6.22875e-06
-8.11609e-06
-1.85292e-08
8.13461e-06
-5.67647e-06
-5.56903e-07
1.15161e-06
5.37551e-06
-6.52712e-06
1.2186e-06
5.10838e-06
-6.32698e-06
1.11918e-06
-6.64513e-06
5.52595e-06
5.97433e-06
6.47714e-06
-5.32206e-06
6.45649e-06
6.77948e-06
-5.97017e-06
6.00622e-06
-6.21734e-06
8.16482e-06
-8.15848e-06
-6.34076e-09
-7.90129e-06
-6.17779e-06
8.15542e-06
9.76358e-09
-8.1599e-06
9.76725e-10
8.15536e-06
-3.61197e-07
8.15713e-06
-8.1655e-06
8.36973e-09
8.17107e-06
-8.13743e-06
1.35645e-07
-5.06343e-06
4.92779e-06
6.4526e-09
6.27105e-06
6.02831e-08
6.7192e-06
6.93179e-06
-5.89384e-06
-4.94192e-06
-1.27886e-06
4.12343e-07
5.61909e-06
-6.32052e-06
-8.16276e-06
8.16391e-06
-1.15438e-09
6.34378e-06
-6.47698e-06
1.33198e-07
-6.46498e-06
1.14694e-06
-8.84145e-06
1.22912e-06
7.61232e-06
8.16693e-06
3.91484e-06
5.45316e-06
8.17232e-06
-8.17232e-06
-2.84641e-06
1.03784e-08
6.13223e-06
-6.24946e-06
2.75978e-08
6.22187e-06
-8.15884e-06
-8.17022e-06
8.15538e-06
1.06105e-08
-8.15878e-06
2.04007e-10
8.14782e-06
-1.71824e-10
-8.16419e-06
-6.37681e-06
5.82544e-08
6.3554e-06
-5.34094e-06
-4.87416e-06
5.98228e-06
-8.18136e-06
6.62375e-06
-5.34026e-06
6.38242e-06
-5.32033e-06
6.56119e-06
-5.32542e-06
-8.5471e-09
8.16035e-06
-8.193e-06
6.23406e-06
-6.14653e-06
-6.00288e-06
6.00381e-06
-8.14178e-06
-3.80701e-09
8.14559e-06
1.34739e-06
6.20019e-06
-1.65678e-08
-8.15472e-06
1.07898e-07
6.08947e-06
-3.92586e-06
3.00478e-06
9.21078e-07
-6.16876e-06
6.41649e-06
-5.26488e-06
6.46059e-06
-5.24199e-06
6.46896e-06
-5.34978e-06
6.18883e-06
7.56329e-08
-6.93254e-06
8.26851e-06
-7.92831e-06
-9.13139e-07
6.20334e-06
-6.20334e-06
5.47647e-06
-8.28979e-07
-3.80087e-06
2.98051e-06
5.38216e-06
1.07778e-06
8.15688e-06
7.9388e-09
8.23656e-06
-8.18062e-06
-5.59461e-08
-8.15934e-06
8.60527e-10
-8.16481e-06
8.15436e-06
-8.16101e-06
6.64595e-09
-6.1873e-06
7.79798e-08
-6.17458e-06
1.11173e-07
-6.18688e-06
-1.64318e-07
-6.13512e-06
-2.41611e-07
-6.37052e-06
1.20547e-07
-6.27857e-06
1.62255e-07
-6.26578e-06
1.54546e-07
-1.12328e-08
8.1517e-06
-8.14047e-06
-8.16516e-06
1.2967e-08
-1.76984e-08
8.21738e-06
8.15502e-06
-8.16486e-06
9.83857e-09
-7.43203e-06
1.42547e-06
-5.20761e-11
5.2156e-06
2.12344e-07
-6.57438e-06
6.36204e-06
-7.11713e-06
4.52414e-07
8.16928e-06
-8.16254e-06
-5.51511e-06
5.85315e-06
6.06341e-09
-8.16882e-06
8.1456e-06
1.18007e-08
6.18444e-06
-6.18444e-06
-5.96717e-06
3.84017e-06
5.53895e-06
1.41199e-09
-8.15121e-06
-6.17219e-06
-3.61588e-08
-3.96826e-06
1.47389e-05
-1.07707e-05
-4.82024e-06
-6.00828e-06
1.08285e-05
-8.1504e-06
8.15037e-06
2.52176e-11
6.20414e-06
-6.19769e-06
6.0167e-06
-5.95642e-06
-6.17982e-06
6.18022e-06
-3.94397e-10
5.68381e-06
-5.54816e-06
2.1038e-06
-2.01169e-06
-9.21053e-08
-6.67987e-06
5.26505e-07
-1.14129e-06
6.10048e-06
-5.41225e-07
1.58279e-09
-7.11871e-06
8.14953e-06
2.33526e-09
-8.15544e-06
6.31775e-06
6.37527e-06
6.17808e-06
-4.39074e-06
3.85019e-06
-5.62302e-06
8.16206e-06
-8.15891e-06
-1.1427e-06
-5.32228e-06
-2.01676e-08
-8.38987e-06
9.61899e-06
5.18619e-06
1.13149e-06
-6.31768e-06
-1.05736e-05
8.16915e-06
6.17534e-06
-6.01289e-06
-8.14533e-06
-8.15184e-06
8.1625e-06
-1.06586e-08
6.47099e-06
5.75318e-06
-5.87027e-06
-5.29982e-06
6.22503e-06
-9.25212e-07
-3.7623e-08
8.10715e-06
8.1539e-06
-8.1604e-06
6.50115e-09
-1.62287e-08
-6.67093e-06
6.7942e-07
-6.13459e-06
-3.96641e-08
-3.98932e-09
-3.3326e-09
-3.06004e-09
-3.08765e-09
-3.93957e-09
-4.51836e-09
-3.2663e-09
-3.36533e-09
-3.95755e-09
6.48383e-09
8.18947e-06
4.7093e-08
-6.31132e-06
7.82552e-08
-6.18054e-06
6.1098e-06
-6.27076e-06
-8.16035e-06
8.15853e-06
-2.00864e-08
8.15753e-06
5.66553e-06
1.0713e-06
-1.44872e-07
6.39456e-06
-4.81339e-06
-6.31264e-06
7.45502e-08
1.28629e-06
-7.72197e-06
9.01124e-07
-5.37952e-06
4.47839e-06
9.47009e-07
-6.30737e-06
5.36036e-06
9.05809e-07
-6.1063e-06
5.20049e-06
1.53736e-06
-7.35246e-06
7.56211e-07
-5.77715e-06
5.02094e-06
2.33938e-06
-6.56934e-06
4.22781e-08
-6.28103e-06
1.12492e-06
-1.88283e-09
8.17151e-06
-6.04669e-06
1.15777e-06
-2.48065e-09
8.17073e-06
-8.16114e-06
-6.37643e-06
1.10704e-06
-8.16249e-06
2.60412e-09
8.16005e-06
-8.1579e-06
1.12275e-06
-6.40195e-06
-6.13597e-06
-6.12856e-06
-6.12985e-06
-6.10814e-06
-6.25115e-06
-6.24603e-06
-6.19108e-06
7.0442e-06
-4.97077e-06
8.16342e-06
-8.15884e-06
6.17464e-06
1.59963e-06
-6.67205e-06
6.02509e-06
-6.02515e-06
-8.14495e-06
-1.31706e-06
6.14072e-06
-1.29762e-06
6.81128e-06
-7.10382e-08
-8.09715e-08
-9.73172e-08
-1.06371e-07
1.99807e-07
-6.57587e-06
1.79779e-07
-6.57962e-06
2.56914e-07
-6.68997e-06
-8.14009e-06
-8.13899e-06
1.37442e-10
8.15062e-06
8.18277e-09
8.14898e-06
-5.37278e-06
-6.21635e-06
3.24921e-08
-6.28688e-06
9.8724e-08
-6.31498e-06
9.8642e-08
-6.30619e-06
1.09466e-07
-6.3431e-06
8.1089e-08
-6.32201e-06
9.84374e-08
-6.34264e-06
6.57725e-08
6.23565e-06
1.65052e-07
-6.40071e-06
8.15077e-06
-8.15739e-06
1.38017e-08
8.14457e-06
-2.24881e-07
9.59899e-10
-6.30901e-06
-6.07296e-06
-8.158e-06
6.15709e-09
8.15255e-06
9.94311e-09
1.65111e-08
6.19115e-06
-6.20766e-06
2.1376e-07
-2.16008e-07
6.01223e-06
7.51241e-06
9.89715e-10
-5.99966e-06
-1.60531e-08
-6.10601e-06
-8.62894e-08
6.1923e-06
6.93284e-06
-1.27595e-07
8.14507e-06
-8.17177e-06
2.67019e-08
1.23283e-06
-4.68891e-06
-1.24775e-06
-6.44252e-06
-6.49111e-06
1.14548e-06
-6.03035e-06
1.12443e-06
3.85784e-06
8.66129e-07
-6.97667e-06
-1.07835e-08
5.25461e-06
1.16722e-06
-6.42183e-06
-6.45729e-06
8.83031e-07
5.57426e-06
5.16832e-06
1.12293e-06
5.33403e-06
1.13494e-06
5.33732e-06
1.12327e-06
4.94232e-06
1.15082e-06
5.29048e-06
1.126e-06
5.27656e-06
1.10203e-06
5.2406e-06
1.1148e-06
1.12757e-06
-6.46851e-06
-8.16592e-06
-5.33992e-09
-8.17174e-06
-1.25376e-08
-6.17619e-06
9.63084e-07
5.21311e-06
-5.25051e-06
-5.01473e-06
1.02652e-05
8.15988e-06
-7.32729e-09
-8.16785e-09
-8.15283e-06
8.15957e-06
-8.21071e-06
1.05015e-07
8.1057e-06
-5.12234e-06
-7.44961e-07
8.16351e-06
-8.15543e-06
5.90324e-07
-8.9802e-06
5.10364e-06
1.09053e-06
6.12618e-06
5.79823e-06
9.20966e-07
6.37845e-06
-9.96285e-07
1.86216e-07
-5.84246e-06
5.65624e-06
-6.2467e-06
9.72234e-07
-6.37601e-06
5.40377e-06
-8.48783e-08
6.2075e-06
-1.16029e-07
6.16332e-06
1.67339e-07
6.16818e-06
1.50495e-07
6.08676e-06
1.3382e-07
6.27057e-06
-1.41758e-07
6.26066e-06
-1.34571e-07
6.21225e-06
2.18186e-08
6.03216e-06
-7.56729e-09
-6.18129e-06
4.67086e-08
7.33746e-08
8.17397e-06
-8.17027e-06
-6.17546e-06
5.49805e-08
3.7816e-08
5.23243e-06
-6.30704e-06
1.0746e-06
-5.40983e-06
5.98162e-06
-1.23989e-08
-7.22601e-06
9.76547e-07
5.77277e-06
8.45609e-07
8.15186e-06
-8.15855e-06
6.69231e-09
-8.15674e-06
8.15674e-06
6.40076e-06
-1.21457e-06
-6.23999e-06
1.04018e-07
-6.26205e-06
1.33485e-07
-6.26682e-06
1.3697e-07
-6.19623e-06
8.80844e-08
-6.35166e-06
1.00514e-07
-6.3591e-06
1.13071e-07
-6.27802e-06
8.69363e-08
-6.19722e-06
5.93424e-08
-1.41966e-08
-8.18049e-06
2.93209e-08
8.15025e-06
9.62848e-09
-8.19832e-06
6.06945e-06
-5.95114e-06
4.59845e-06
-1.13583e-06
6.12304e-06
5.30215e-08
-5.5895e-06
5.35956e-06
-6.06667e-06
8.16334e-06
5.67915e-06
-4.63558e-07
4.13625e-06
-5.53176e-06
-5.91717e-06
9.39851e-06
-8.80819e-06
5.3348e-06
-6.42287e-06
1.08806e-06
-6.38899e-06
1.12411e-06
8.12701e-06
-8.16463e-06
-6.36647e-06
1.12448e-06
-6.49042e-06
1.14063e-06
5.31006e-06
1.06838e-06
5.44768e-06
1.11351e-06
5.26848e-06
1.11394e-06
5.48954e-06
1.13421e-06
5.31181e-06
1.19245e-06
-9.04529e-06
8.16521e-06
-8.15547e-06
-7.97912e-07
6.19535e-06
8.15682e-06
-8.15853e-06
-2.65478e-06
4.69055e-09
-1.50552e-06
9.11785e-06
8.14634e-06
-8.15579e-06
9.45486e-09
-4.45384e-06
2.57282e-06
-5.78989e-06
-4.04053e-06
-1.47673e-07
8.27078e-06
1.15094e-06
-6.47323e-06
2.22324e-06
3.27847e-06
6.37721e-06
-6.06523e-06
-8.14718e-06
8.13595e-06
8.15672e-06
-8.15796e-06
-3.75337e-08
-8.17325e-06
8.16597e-06
-6.27982e-06
8.15134e-06
-5.00161e-09
-9.97914e-07
-3.20236e-06
-4.51961e-06
5.96344e-06
-6.2619e-06
-5.53859e-09
-5.80915e-06
8.1571e-06
-8.13638e-06
-6.16828e-06
4.86977e-06
4.43781e-06
-6.00622e-06
5.79022e-06
6.18239e-06
-6.1814e-06
5.80084e-06
-5.79022e-06
-1.06252e-08
-6.01894e-06
6.00288e-06
5.91753e-06
-6.00381e-06
6.19673e-06
-6.18022e-06
-5.74266e-06
5.95642e-06
-6.19673e-06
6.19769e-06
-5.98686e-06
5.54816e-06
4.38693e-07
-6.10405e-06
-8.28488e-07
8.1498e-06
-8.15623e-06
6.43339e-09
5.32966e-06
1.14748e-06
1.56125e-08
-7.57334e-07
3.40972e-06
8.16472e-06
-8.15523e-06
-9.48705e-09
1.17768e-08
-8.18351e-06
-7.20861e-10
8.16922e-06
-8.1685e-06
8.15065e-06
-6.03739e-06
-7.08112e-06
7.0827e-06
-8.16811e-06
1.83746e-08
-6.50476e-06
1.47137e-06
6.3027e-06
-6.40433e-06
8.15623e-06
8.29287e-06
-8.11448e-06
-1.78392e-07
8.15488e-06
-8.15336e-06
-6.72414e-06
-5.01875e-07
-8.18064e-06
-5.91813e-06
-5.9604e-06
4.32252e-08
-9.41316e-07
6.04982e-06
8.83027e-07
8.13879e-06
-1.09799e-06
8.15555e-06
-2.07224e-09
-7.86045e-06
-1.05184e-08
8.20045e-06
6.02509e-06
6.18877e-06
5.96344e-06
6.19622e-06
6.0167e-06
6.11505e-06
-6.02515e-06
-5.74266e-06
6.21956e-06
6.20414e-06
6.37721e-06
-5.98686e-06
6.18569e-06
5.85935e-06
-6.21734e-06
5.68381e-06
5.70645e-06
5.80084e-06
-6.17815e-06
5.91753e-06
6.18239e-06
5.0686e-06
-5.0686e-06
6.19822e-06
-8.17533e-06
-6.42827e-06
6.45587e-06
-5.3251e-06
6.47604e-06
8.14645e-06
-8.15612e-06
9.67081e-09
-2.60044e-07
-8.1145e-09
-6.29385e-06
1.4034e-08
-6.3272e-07
6.1708e-06
7.61786e-09
-8.09624e-06
8.08862e-06
7.43237e-09
1.74321e-08
-8.06715e-06
3.57484e-09
8.06358e-06
3.64323e-07
-8.40803e-06
8.04371e-06
8.14081e-06
1.08705e-08
-8.15168e-06
8.14011e-06
1.12324e-08
-5.83642e-06
5.32848e-06
1.07228e-06
-8.10771e-06
-4.68061e-08
8.15451e-06
8.20303e-06
1.71724e-08
8.09288e-06
1.99993e-07
8.15206e-06
-8.14879e-06
-8.15682e-06
8.14473e-06
8.11953e-09
3.8896e-07
-7.47008e-06
-9.3604e-09
6.43823e-06
-5.27101e-06
6.25999e-06
-6.17781e-06
-8.21762e-08
7.42492e-06
-4.994e-06
-2.43092e-06
7.04261e-06
-6.15958e-06
6.45885e-06
-5.33591e-06
6.45862e-06
-5.3337e-06
6.46611e-06
-5.33117e-06
6.46416e-06
-5.34089e-06
6.3454e-06
-5.19458e-06
6.35342e-06
-5.19564e-06
-6.5843e-07
-8.32177e-06
6.4366e-06
-5.3106e-06
6.4329e-06
-5.33087e-06
6.44222e-06
-5.33518e-06
6.44838e-06
-5.33357e-06
6.45466e-06
-5.32709e-06
-3.61528e-09
5.23542e-09
-8.10057e-06
8.09533e-06
-1.95658e-08
8.51027e-06
-1.59491e-07
-8.35078e-06
6.38329e-06
-5.19084e-06
6.46842e-06
-5.32779e-06
8.17528e-06
7.42435e-06
-5.18766e-06
-2.23668e-06
6.46638e-06
-5.3419e-06
6.43538e-06
-5.31127e-06
6.27966e-06
-5.31658e-06
6.46503e-06
-5.33725e-06
6.30911e-06
6.41363e-06
-5.34525e-06
8.15191e-06
-1.11019e-08
-6.60417e-06
5.64471e-06
9.59466e-07
-7.44799e-06
5.33894e-06
8.06517e-09
8.146e-06
-8.15254e-06
6.53771e-09
9.39851e-06
-1.11692e-07
8.30116e-06
6.43622e-06
-5.34568e-06
-8.0587e-06
8.10164e-06
-1.52546e-08
-4.25753e-08
-8.17077e-06
4.94288e-10
-7.12397e-09
-8.25536e-06
8.61969e-06
-5.87717e-06
-6.06523e-06
-6.14014e-06
6.05886e-06
6.14727e-06
-7.58911e-06
8.64978e-07
6.46415e-06
-5.33972e-06
2.00106e-08
-1.1035e-06
-8.13228e-06
-5.22028e-09
8.1375e-06
4.63687e-07
-6.2619e-06
-6.19307e-06
6.2253e-06
-3.223e-08
7.20948e-06
-6.11941e-06
-1.43566e-07
-8.58674e-06
6.55185e-06
-7.45366e-07
6.30829e-06
8.15066e-06
-8.14562e-06
8.15522e-06
8.15041e-06
-8.14827e-06
-6.13362e-06
6.12181e-06
1.18061e-08
-5.81566e-06
-3.12487e-08
6.61177e-06
-5.53717e-06
6.32115e-06
1.34986e-08
-5.32575e-06
6.62483e-06
-5.50208e-06
-5.73708e-06
6.48008e-06
-5.34587e-06
6.47088e-06
-5.35694e-06
6.4334e-06
-5.31989e-06
6.4776e-06
-5.43842e-06
-6.1933e-06
6.28776e-06
-9.4459e-08
5.79259e-08
-2.04556e-09
5.9549e-06
-1.17725e-07
6.53237e-06
-5.44431e-06
6.42957e-06
-5.3518e-06
-8.14312e-06
8.15399e-06
-8.19214e-06
8.20168e-06
1.35573e-08
1.08818e-05
-9.62881e-06
6.03103e-06
-5.79803e-06
6.72465e-06
-6.80953e-06
6.06313e-06
-5.98515e-06
6.15936e-06
-6.05534e-06
6.65951e-06
-6.77553e-06
5.83124e-06
-5.72007e-06
6.1185e-06
-5.98502e-06
6.45118e-06
-6.28384e-06
7.3789e-06
-7.54322e-06
6.14208e-06
-6.00511e-06
6.4658e-06
-6.31531e-06
7.32604e-06
-7.56765e-06
5.83677e-06
-5.74868e-06
5.94032e-06
-5.8065e-06
6.28836e-06
-6.16781e-06
6.60438e-06
-6.50386e-06
7.10611e-06
-7.24787e-06
6.07279e-06
-5.91054e-06
6.58367e-06
-6.4706e-06
7.07344e-06
-7.20801e-06
6.05466e-06
-5.90011e-06
6.49213e-06
-6.40519e-06
6.58742e-06
-6.5656e-06
6.37627e-06
-6.3029e-06
6.44568e-06
-6.38634e-06
6.51632e-06
-6.52389e-06
6.30087e-06
-6.28155e-06
6.18408e-06
-6.13697e-06
6.17531e-06
-6.1286e-06
-1.1575e-08
6.17152e-06
-6.1185e-06
-8.1467e-06
-6.79245e-10
6.16893e-06
-6.11395e-06
8.15261e-06
-8.14432e-06
6.16659e-06
-6.10255e-06
6.15328e-06
-6.11547e-06
8.51027e-06
9.88445e-09
6.15501e-06
-6.12193e-06
-8.13819e-06
-3.35809e-08
-8.14743e-06
8.14743e-06
-8.18649e-06
4.8303e-08
-6.18624e-06
6.1662e-06
-6.11081e-06
8.15179e-06
-7.20015e-06
-3.15159e-07
8.69899e-09
8.14603e-06
-8.1446e-06
-8.41485e-06
8.26447e-06
-8.21738e-06
-8.07223e-06
-1.14257e-07
6.58083e-06
6.15783e-06
-6.12851e-06
2.25916e-08
-4.59198e-08
-3.89035e-08
6.50124e-06
-5.42994e-06
3.9022e-08
-8.14293e-06
8.15238e-06
6.63526e-06
-5.5192e-06
6.13359e-06
-6.14676e-06
8.16964e-06
-8.17308e-06
-8.24686e-06
-2.32676e-06
-8.14473e-06
8.14431e-06
-8.80819e-06
8.17786e-06
5.88234e-06
1.04945e-06
-8.31759e-06
8.38661e-06
2.42375e-06
3.99147e-06
9.62881e-06
-8.86929e-06
8.26447e-06
7.11487e-09
4.86984e-09
-8.17795e-06
1.94595e-08
8.15857e-06
8.13925e-06
1.24561e-08
-8.38661e-06
8.6038e-06
-6.35221e-09
8.14089e-06
1.10274e-08
6.1696e-06
-6.13416e-06
-5.43027e-07
-8.31759e-06
3.75157e-09
-8.08429e-06
8.08054e-06
8.28723e-06
-8.19934e-06
-8.22617e-06
-8.28723e-06
6.48738e-06
-5.33657e-06
8.18244e-06
-2.99407e-08
-1.34895e-08
8.19593e-06
-8.18849e-06
1.07096e-06
-8.16748e-06
8.16616e-06
8.6038e-06
8.86929e-06
8.16748e-06
-8.17951e-06
-8.21486e-06
-2.6605e-08
4.5983e-08
-8.15369e-06
-8.19665e-06
8.16805e-06
8.16616e-06
-8.16793e-06
-8.20788e-06
8.19934e-06
-8.14331e-06
8.15325e-06
8.1437e-06
8.20788e-06
8.17999e-06
-8.17951e-06
-8.20611e-06
-4.7636e-08
8.23402e-06
-8.14893e-06
8.15326e-06
7.29451e-09
-8.16055e-06
1.00873e-08
8.16991e-06
8.19034e-06
-1.6789e-08
-8.23402e-06
8.20611e-06
8.15132e-06
1.93731e-09
8.17514e-06
8.15891e-06
-8.14893e-06
-8.19656e-06
1.3278e-08
-8.15375e-06
1.01572e-08
-8.15328e-06
-8.22778e-06
8.16338e-06
-1.05094e-08
8.10284e-06
-8.09233e-06
8.15731e-06
1.60682e-09
8.14871e-06
9.96655e-09
-8.15289e-06
8.1531e-06
-4.39355e-09
9.30397e-09
-5.65086e-09
8.15563e-06
-8.14998e-06
8.15318e-06
-7.49297e-11
-8.15139e-06
8.14073e-06
8.14391e-06
-8.1483e-06
1.13111e-08
-7.73887e-10
8.09082e-06
-8.09005e-06
8.15668e-06
-8.16499e-06
-3.40602e-09
8.15659e-06
-8.15328e-06
8.14967e-06
-1.19787e-08
8.14922e-06
-8.13725e-06
-8.16154e-06
-8.14217e-06
8.14805e-06
-5.87795e-09
8.15778e-06
1.28469e-08
7.11431e-09
8.16173e-06
-3.9494e-09
8.14741e-06
-8.17077e-06
8.17124e-06
-8.14155e-06
8.14803e-06
8.14572e-06
-8.15291e-06
1.07358e-08
8.14432e-06
-8.14382e-06
8.14432e-06
-8.13938e-06
8.15887e-06
1.08021e-08
8.13716e-06
-8.1435e-06
-6.08254e-09
8.1535e-06
-8.15279e-06
8.15788e-06
-4.38772e-09
8.13911e-06
-8.14307e-06
8.14951e-06
-8.14377e-06
8.14377e-06
-8.14399e-06
5.18801e-09
8.13849e-06
-8.14591e-06
9.99842e-09
-3.17636e-09
8.15441e-06
-4.90081e-09
8.14152e-06
-8.14488e-06
1.05323e-08
8.14066e-06
-8.14692e-06
8.14727e-06
-4.39008e-09
8.14259e-06
-8.14586e-06
8.15298e-06
-4.57703e-09
1.78535e-08
8.1413e-06
-8.14759e-06
8.15224e-06
-4.9697e-09
8.14342e-06
-8.14793e-06
8.15786e-06
-4.38999e-09
-4.22198e-09
8.14891e-06
8.14328e-06
-8.14955e-06
-8.15289e-06
8.14867e-06
8.14579e-06
-8.14973e-06
-4.32946e-09
-4.55672e-09
7.05154e-09
8.14478e-06
-8.15184e-06
2.23495e-08
8.14787e-06
-8.15497e-06
8.15365e-06
-4.73624e-09
8.14683e-06
-8.15091e-06
8.14782e-06
1.73137e-08
-8.15268e-06
8.14588e-06
-4.17636e-09
-4.65748e-09
-8.15179e-06
8.14873e-06
-8.13606e-06
8.13606e-06
-8.13845e-06
-4.76814e-11
8.1533e-06
-8.15325e-06
-4.96574e-09
2.30164e-08
-3.76418e-09
-1.8582e-09
8.14393e-06
1.39463e-11
-3.95207e-09
-5.0287e-09
-7.15416e-09
-2.0742e-08
8.15225e-06
-8.13151e-06
-8.19415e-06
-8.12671e-06
8.12671e-06
-8.13051e-06
-8.14901e-06
8.14694e-06
2.07139e-09
2.50608e-08
-1.08877e-09
-8.15888e-06
9.87131e-09
8.11733e-06
-8.12255e-06
8.11733e-06
1.54268e-08
-8.15542e-06
4.62639e-09
1.28305e-08
8.13529e-06
-8.12995e-06
-5.34068e-09
8.13529e-06
-8.13422e-06
8.13754e-06
-3.32292e-09
8.13422e-06
1.07233e-09
-8.12995e-06
-8.13186e-06
1.91228e-09
8.15921e-06
-8.14496e-06
8.15921e-06
-1.07707e-05
8.16712e-06
-8.14541e-06
-8.14475e-06
8.14475e-06
8.22617e-06
-8.14717e-06
8.16712e-06
8.22617e-06
-8.1435e-06
8.1435e-06
8.14403e-06
-8.14403e-06
8.14717e-06
-8.27324e-06
-8.14703e-06
8.14457e-06
-8.14457e-06
-8.14364e-06
8.14364e-06
-8.12255e-06
8.07148e-06
-8.07148e-06
8.13754e-06
8.1346e-06
-8.1346e-06
8.14431e-06
8.14517e-06
-8.14517e-06
-8.2135e-06
-8.14394e-06
8.14394e-06
-8.19656e-06
-8.14399e-06
-8.13051e-06
-8.13845e-06
8.12594e-06
-8.12594e-06
8.15681e-06
-8.15681e-06
-8.14396e-06
8.14396e-06
-8.14362e-06
8.14362e-06
-8.35078e-06
-8.193e-06
-8.14384e-06
8.14384e-06
-8.13186e-06
-8.14541e-06
8.14496e-06
-8.15849e-06
-8.14382e-06
8.14352e-06
-8.14352e-06
-8.14285e-06
8.14285e-06
8.16674e-06
-8.15346e-06
-8.16674e-06
8.15346e-06
-8.15849e-06
-8.59822e-09
1.40836e-08
-8.15151e-06
-8.14567e-06
8.15641e-06
-7.41593e-09
8.17155e-06
-8.1852e-09
-8.16337e-06
-8.14525e-06
8.15808e-06
8.16295e-06
8.17704e-06
-8.1559e-06
1.02294e-08
8.16994e-06
1.11643e-08
-8.13522e-06
8.14677e-06
8.17682e-06
2.28616e-08
8.1694e-06
6.46159e-09
-6.24535e-09
-8.12415e-06
8.12878e-06
8.17586e-06
8.16923e-06
-8.12185e-06
8.13172e-06
2.26141e-08
8.17477e-06
8.16853e-06
-6.9279e-09
8.09938e-06
-8.09245e-06
8.1667e-06
1.82292e-09
1.25057e-08
-8.17504e-06
8.16024e-06
-8.13019e-06
8.14561e-06
-1.11291e-09
1.53709e-09
8.17275e-06
-8.12197e-06
8.14703e-06
8.17163e-06
-8.14066e-06
8.14737e-06
2.36453e-08
1.03746e-08
8.17641e-06
-6.37138e-09
8.11198e-06
-8.10561e-06
8.18364e-06
8.19402e-06
-8.1481e-06
8.14415e-06
8.16341e-06
-2.35675e-08
8.16909e-06
-8.14728e-06
8.14619e-06
8.1725e-06
8.6776e-11
3.21619e-09
-8.12472e-06
8.14774e-06
8.14893e-06
-8.14087e-06
8.14856e-06
2.14689e-08
8.15215e-06
-6.8689e-09
8.12307e-06
-8.1162e-06
-8.14916e-06
8.142e-06
8.16218e-06
-1.00332e-08
-2.11468e-08
8.16648e-06
7.99447e-09
8.16899e-06
8.16056e-06
-8.14691e-06
8.14693e-06
8.16855e-06
1.64463e-09
8.14741e-06
-8.12668e-06
8.14903e-06
-8.14921e-06
8.14544e-06
8.15011e-06
-8.1394e-06
8.152e-06
2.02464e-08
8.03544e-09
-9.63349e-09
8.13682e-06
-8.12718e-06
8.15817e-06
-8.05449e-09
8.1662e-06
-1.53966e-08
8.15876e-06
-8.15021e-06
8.14603e-06
-7.84334e-09
-8.14033e-06
8.15764e-06
8.16713e-06
1.16717e-08
7.24691e-09
8.15173e-06
-8.14961e-06
8.16182e-06
1.03676e-08
9.50799e-09
-8.14903e-06
8.15898e-06
-8.03161e-09
8.14819e-06
-8.14016e-06
8.14459e-06
-8.15131e-06
8.14698e-06
-8.14553e-06
-8.15582e-06
8.13824e-06
8.15124e-06
3.36346e-09
6.00353e-09
8.14017e-06
1.10685e-08
-8.12882e-06
8.14667e-06
-8.13607e-06
8.14662e-06
8.14353e-06
-9.41908e-09
8.15193e-06
-8.14251e-06
8.15304e-06
-8.1377e-06
8.14823e-06
-8.15207e-06
8.14768e-06
1.06001e-08
6.09157e-09
8.15954e-06
8.15326e-06
8.92281e-09
8.15935e-06
-8.13812e-06
8.14828e-06
8.15151e-06
-8.02958e-09
8.15694e-06
-8.14802e-06
8.1582e-06
-8.15257e-06
8.14818e-06
1.01078e-08
-8.14056e-06
8.15056e-06
6.44148e-09
8.15139e-06
-8.14274e-06
8.15261e-06
-7.62255e-09
7.71913e-09
8.1545e-06
-8.14679e-06
8.15783e-06
8.1498e-06
7.81737e-09
-8.14061e-06
8.1458e-06
-8.15171e-06
6.05688e-09
8.15623e-06
-8.15488e-06
-8.1375e-06
8.14823e-06
8.14946e-06
1.20004e-08
8.15551e-06
8.14789e-06
-8.16594e-06
8.17016e-06
-4.21531e-09
2.17638e-09
8.14385e-06
8.30704e-09
8.15154e-06
-8.14324e-06
8.15443e-06
-8.11214e-06
8.13544e-06
-2.32998e-08
8.14911e-06
-8.13728e-06
8.14809e-06
-3.3044e-09
1.09462e-08
8.14081e-06
-8.15101e-06
1.02023e-08
8.15129e-06
-8.13868e-06
8.15153e-06
-8.14614e-06
8.13186e-06
1.42836e-08
8.14798e-06
-8.14404e-06
8.15388e-06
-8.19567e-06
8.1949e-06
9.40315e-09
-1.11947e-08
-8.10094e-06
8.15305e-06
-5.06483e-09
-7.49148e-09
-8.14078e-06
7.82229e-09
8.14041e-06
-8.14823e-06
8.15034e-06
-2.51379e-08
8.15046e-06
-1.1217e-08
8.16088e-06
-1.05439e-08
1.87505e-09
-8.14802e-06
8.14546e-06
-1.20162e-08
8.16074e-06
-8.13962e-06
-1.1778e-08
-8.14439e-06
8.15151e-06
-8.16895e-06
8.13933e-06
2.96228e-08
8.15328e-06
-8.1565e-06
8.1369e-06
1.96042e-08
-1.13135e-08
8.14317e-06
-8.14771e-06
8.13941e-06
8.3055e-09
-8.14452e-06
8.15583e-06
8.14127e-06
-7.05486e-09
8.14779e-06
-1.42671e-08
8.15201e-06
-6.9818e-09
8.14314e-06
-8.14583e-06
8.1555e-06
-7.60366e-09
8.14376e-06
-6.18644e-10
8.13245e-06
8.12999e-06
8.1147e-06
1.52917e-08
-8.14895e-06
8.15826e-06
8.10043e-06
-8.1483e-06
8.15828e-06
-9.98616e-09
-8.14747e-06
8.14948e-06
-2.00258e-09
-6.54096e-09
-8.17328e-06
8.15962e-06
1.3656e-08
8.12466e-06
-2.42235e-08
3.30821e-08
8.0473e-06
-8.08038e-06
-8.15131e-06
8.16128e-06
-8.14305e-06
8.1311e-06
1.19479e-08
-8.15626e-06
1.07301e-08
8.15064e-06
-8.17784e-06
2.7199e-08
8.11288e-06
-1.19085e-08
-8.13548e-06
8.14738e-06
8.23044e-06
6.96748e-09
-4.15541e-09
-8.13799e-06
8.14215e-06
8.14596e-06
-8.14375e-06
8.13856e-06
5.195e-09
8.13891e-06
-8.16272e-06
8.15221e-06
-8.15133e-06
8.16166e-06
-1.03362e-08
8.14319e-06
-4.28079e-09
-9.15351e-09
-8.13084e-06
8.13999e-06
8.14012e-06
3.06948e-09
-8.15458e-06
8.16473e-06
-8.15419e-06
8.16546e-06
-1.12685e-08
-8.14466e-06
8.13283e-06
1.18285e-08
8.13096e-06
8.07655e-06
-2.92473e-08
-7.08708e-09
-2.56352e-08
8.12681e-06
8.14314e-06
-8.37335e-09
-8.15706e-06
8.17034e-06
8.07226e-06
8.1128e-06
1.40062e-08
-5.85739e-08
-8.12581e-06
-6.05034e-09
-8.12581e-06
-8.09289e-06
8.09289e-06
-2.14178e-08
8.1029e-06
9.90367e-09
8.39863e-09
3.11065e-08
8.05665e-06
-8.08775e-06
-8.14357e-06
8.13323e-06
1.03374e-08
-8.1559e-06
8.16836e-06
-8.13647e-06
-7.28025e-09
-5.56649e-09
8.14261e-06
-8.13705e-06
6.12325e-06
-8.14369e-06
8.13225e-06
1.1436e-08
-8.14492e-06
8.13381e-06
1.11122e-08
8.12583e-06
-2.29281e-08
8.11392e-06
-8.17304e-06
8.14503e-06
-8.13837e-06
8.1418e-06
-3.4362e-09
2.00173e-09
-7.58416e-09
8.14614e-06
8.13797e-06
7.05901e-09
-8.12696e-06
8.12696e-06
7.16072e-09
-8.14626e-06
8.1391e-06
-8.14551e-06
8.14607e-06
-8.10745e-09
2.99878e-08
8.24193e-06
-8.17186e-06
8.18442e-06
-1.25635e-08
8.14051e-06
-8.14193e-06
8.13255e-06
9.38109e-09
-8.15584e-06
1.03313e-08
8.14767e-06
8.17381e-06
6.14092e-09
8.14511e-06
-8.13711e-06
-7.99978e-09
8.15384e-06
-8.16244e-06
8.60072e-09
-3.40631e-08
1.14701e-09
8.14039e-06
-3.00517e-08
8.10387e-06
-4.72249e-08
-8.17236e-06
8.19075e-06
-1.83932e-08
-8.13363e-06
8.12734e-06
6.29099e-09
8.09576e-06
8.14719e-06
-6.80353e-09
7.32484e-09
-8.14675e-06
8.13942e-06
-5.04998e-08
8.13658e-06
8.53715e-09
-8.14049e-06
8.13347e-06
7.01865e-09
8.13961e-06
8.14326e-06
-8.13683e-06
8.14232e-06
-5.48733e-09
8.14679e-06
-7.68524e-09
-8.1326e-06
8.14207e-06
-9.46365e-09
-5.39195e-08
8.28259e-06
-8.12731e-06
-9.88603e-08
8.14693e-06
8.1389e-06
7.13823e-09
-8.14604e-06
8.13998e-06
-8.13498e-06
8.11332e-06
2.16576e-08
9.02739e-09
2.2542e-06
6.03063e-06
-8.28483e-06
-8.12366e-06
-1.13114e-08
-6.76177e-09
8.13893e-06
-6.87144e-06
-8.31181e-09
8.14489e-06
8.14533e-06
-6.43097e-09
-8.13938e-06
8.13963e-06
-2.4893e-10
-5.33099e-06
8.14607e-06
7.18432e-09
8.13814e-06
-8.17493e-06
8.19225e-06
-1.73139e-08
-1.63223e-10
-3.26097e-08
-7.46326e-06
-1.002e-06
8.13776e-06
-8.17929e-06
8.21079e-06
-3.15079e-08
-8.17853e-06
8.1895e-06
-1.09727e-08
-8.17018e-06
8.14494e-06
8.15555e-06
8.15555e-06
8.17886e-06
-8.17886e-06
-8.16288e-06
-6.61451e-09
8.1788e-06
-8.14296e-06
1.0357e-08
8.13968e-06
-8.11583e-06
-2.38476e-08
1.49492e-08
-8.17239e-06
6.78303e-09
-8.14074e-06
8.13396e-06
8.13577e-06
9.17731e-09
-1.20349e-08
-8.13825e-06
8.14849e-06
-1.0244e-08
-8.1317e-06
8.15598e-06
-2.42755e-08
8.13378e-06
1.11047e-08
-2.9792e-07
8.14301e-06
-7.24532e-09
3.22635e-08
8.15253e-06
-8.15253e-06
8.1479e-06
-8.14293e-06
1.84029e-08
-8.16431e-06
8.19564e-06
-3.13334e-08
-6.47144e-06
-8.13147e-06
8.18325e-06
-5.17825e-08
8.13033e-06
5.6426e-09
-8.13597e-06
8.13355e-06
-8.17028e-06
1.78342e-09
8.12824e-06
2.08568e-09
8.14328e-06
-5.13782e-09
-1.52585e-08
8.12858e-06
8.14033e-06
-8.13604e-06
-4.70431e-09
8.14523e-06
-8.14523e-06
-8.17811e-06
8.22409e-06
8.18955e-06
3.01316e-08
-8.20186e-06
8.12902e-06
6.15951e-06
-6.15482e-06
8.15589e-06
-8.15135e-06
8.20088e-06
8.20525e-06
-8.00624e-09
-8.19725e-06
6.18884e-06
-1.75339e-08
8.14793e-06
-8.1555e-06
7.56256e-09
2.78222e-09
8.12546e-06
6.19809e-06
-2.46101e-06
-2.91176e-06
-8.6303e-08
2.45081e-08
8.13466e-06
-8.18728e-06
8.15429e-06
-8.18151e-06
8.26075e-06
-7.92328e-08
8.14703e-06
1.02928e-06
-8.49255e-06
-2.01284e-09
8.1194e-06
-1.62653e-08
8.08612e-06
-8.06986e-06
-8.13745e-06
-2.16892e-07
-3.72836e-06
3.94525e-06
5.11385e-06
-5.94283e-06
8.12218e-06
8.10893e-06
1.32592e-08
6.22786e-06
8.14046e-06
-8.14353e-06
8.06742e-06
-8.06218e-06
3.97844e-10
-9.26482e-09
-8.09792e-06
8.10718e-06
8.10659e-06
2.33938e-09
1.11617e-06
9.88977e-07
1.24711e-06
2.04861e-06
1.12786e-06
1.12271e-06
1.13241e-06
1.1239e-06
2.23702e-07
1.02507e-06
1.15884e-06
1.24096e-06
-8.17888e-06
1.13725e-06
1.10748e-06
1.11135e-06
1.11319e-06
1.12549e-06
1.12109e-06
-8.14405e-06
-2.83396e-08
1.12478e-06
1.13794e-06
8.09573e-06
1.08561e-08
1.31831e-06
-8.10056e-06
8.20105e-06
-1.0049e-07
1.092e-06
1.23913e-08
-8.17429e-06
1.09705e-06
-8.13861e-06
1.15898e-09
8.11571e-06
9.74547e-09
-8.04731e-06
8.08625e-06
8.08647e-06
8.14122e-06
-8.14122e-06
-8.34939e-06
7.43625e-06
1.43399e-06
-8.10812e-06
8.27826e-06
-1.70144e-07
1.15229e-06
1.12899e-06
1.12213e-06
1.14035e-06
1.08476e-06
-8.14486e-06
8.11805e-06
6.41692e-06
-5.34464e-06
-9.29287e-08
8.0702e-06
-8.17111e-06
-1.24046e-08
-1.93649e-06
2.01354e-08
8.15497e-06
-7.94044e-09
7.98716e-06
-2.30398e-08
-7.96412e-06
1.11847e-06
-8.10848e-06
1.08432e-06
-8.16935e-06
-1.12921e-08
-6.29523e-09
-8.15804e-06
6.69228e-09
-7.85538e-06
-2.72187e-08
7.8826e-06
8.14204e-06
-8.10266e-06
-4.55733e-08
-8.14365e-06
-4.47094e-08
-8.01248e-06
8.05719e-06
-8.13102e-06
2.25448e-08
8.04801e-06
2.21906e-08
-8.17566e-06
-8.17329e-06
4.46482e-09
-7.45285e-06
1.82983e-06
8.02831e-06
1.9703e-08
8.19298e-06
-8.19967e-06
7.9836e-06
8.02761e-06
5.85076e-08
-1.38596e-06
1.27205e-06
-7.96993e-06
8.41177e-06
-4.41835e-07
8.14241e-06
1.31779e-07
8.05726e-06
8.14421e-06
-8.13918e-06
-8.14565e-06
-7.43722e-06
3.18507e-07
7.96056e-06
8.32933e-06
-2.72067e-07
-8.1452e-06
-8.14705e-06
8.13715e-06
-8.15366e-06
8.06389e-06
4.32883e-08
-8.04732e-06
8.31945e-08
-1.36387e-07
-7.77961e-06
7.916e-06
5.84847e-06
-8.11142e-06
8.11142e-06
-8.19067e-06
6.20968e-06
6.1171e-06
-6.16611e-06
1.10172e-06
-6.37813e-06
6.37985e-06
-6.37985e-06
-6.23499e-07
-7.44738e-06
8.07088e-06
-3.59392e-07
8.08609e-06
9.26621e-07
-7.46403e-07
1.74211e-07
6.04165e-07
-9.4429e-07
3.9843e-07
4.66167e-07
-1.40114e-06
4.60691e-07
-1.73088e-06
1.91636e-07
4.36567e-07
-1.17507e-06
6.73132e-07
-1.15335e-06
5.92012e-07
-3.15589e-08
-7.43852e-06
1.42784e-07
-9.74684e-08
7.88025e-06
8.03038e-08
3.8334e-08
8.15221e-06
-9.80058e-09
4.29237e-08
5.04247e-08
5.26456e-08
-8.15376e-06
1.06111e-10
7.36064e-08
5.07342e-08
8.14272e-06
-8.13654e-06
8.13654e-06
-1.37214e-06
3.95433e-08
-8.11321e-06
-6.14687e-06
-7.46878e-06
-8.16979e-06
4.4272e-08
8.109e-06
-8.10524e-06
5.6296e-06
-5.6296e-06
-2.20246e-08
-8.16325e-06
8.17128e-06
-8.03468e-09
7.85303e-06
8.13381e-06
7.92285e-06
1.34337e-07
7.68956e-06
1.9304e-07
-7.82365e-06
4.70203e-08
-7.68607e-06
2.17294e-07
8.13628e-06
7.80775e-06
-8.14334e-06
5.89459e-06
-1.59925e-06
7.71665e-06
3.05771e-08
-7.20886e-06
1.03819e-06
8.14657e-06
-8.14471e-06
5.07437e-09
8.14684e-06
-1.30262e-08
6.848e-07
-8.13218e-06
-9.63195e-07
8.00315e-06
6.89215e-06
-8.39767e-06
2.23544e-07
-6.79109e-06
-8.19768e-06
2.38069e-07
8.14069e-06
-8.19814e-06
8.18151e-06
4.30603e-07
-8.61211e-06
-7.72014e-06
2.81617e-07
7.22312e-06
-7.77011e-06
5.46995e-07
8.07771e-06
-8.07771e-06
-6.66049e-06
2.28373e-08
-8.1358e-06
-7.54203e-06
-6.75645e-06
8.14135e-06
8.14221e-06
-8.14221e-06
2.61203e-08
7.54162e-06
7.55282e-06
3.6318e-07
7.85177e-07
4.43325e-07
-1.79697e-06
8.09197e-06
2.84208e-08
-8.12039e-06
6.1498e-06
-6.15625e-06
8.10283e-06
6.31758e-06
8.18687e-06
-8.17721e-06
5.90071e-06
-5.90071e-06
-8.16287e-06
8.15035e-06
-8.14548e-06
2.5354e-08
-7.95821e-06
4.16171e-07
-7.06888e-06
7.93385e-06
-5.95718e-06
5.95718e-06
-4.85003e-06
4.85003e-06
6.24086e-06
-6.14467e-06
-5.14499e-06
5.14499e-06
6.63143e-06
-6.63143e-06
-5.58737e-06
-6.03056e-06
6.03056e-06
6.46223e-06
-5.88711e-06
5.88711e-06
-5.76192e-06
5.76192e-06
-5.696e-06
5.696e-06
6.77349e-06
-6.77349e-06
5.36248e-06
6.33905e-06
-6.33905e-06
6.34062e-06
6.58229e-06
-6.58229e-06
6.4335e-06
6.33212e-06
-5.82594e-06
5.82594e-06
-6.77968e-06
-6.06896e-06
-5.77416e-06
6.62032e-06
-6.62032e-06
5.91182e-06
-5.91182e-06
6.48202e-06
6.30675e-06
6.38305e-06
6.53592e-06
8.1364e-06
-8.13174e-06
6.39105e-06
-5.25957e-06
8.1534e-06
-1.20521e-08
-8.33537e-06
1.71313e-07
8.16405e-06
8.13609e-06
8.16139e-06
-7.05273e-09
7.71601e-06
-8.15784e-06
8.16509e-06
-6.41466e-06
-8.1715e-06
-8.18176e-06
8.12843e-06
-8.12843e-06
1.06903e-06
8.05854e-06
-8.05092e-06
-2.27279e-08
-6.05058e-06
6.07331e-06
8.1368e-06
8.05954e-06
-8.05954e-06
8.17109e-06
-8.17454e-06
-8.15163e-06
-8.13078e-06
8.08398e-06
-8.16225e-06
8.48339e-09
-5.99147e-06
5.445e-06
8.13832e-06
-8.13832e-06
-6.4558e-06
1.13005e-06
-6.63002e-06
-6.46354e-06
1.11767e-06
-6.49398e-06
1.13704e-06
-6.43141e-06
1.11152e-06
-6.58538e-06
1.14696e-06
8.15089e-06
-1.47979e-08
-8.15868e-06
2.85962e-06
-7.76517e-06
-6.43426e-06
1.08247e-06
-6.27788e-06
-3.77182e-08
8.11938e-06
5.34556e-06
1.65904e-06
-7.0046e-06
-5.9492e-06
5.47174e-06
2.10551e-06
-7.47494e-06
5.36943e-06
6.26206e-06
-6.50969e-06
-8.12709e-06
8.18607e-06
-5.89804e-08
8.14296e-06
-8.1384e-06
-8.18258e-06
-8.09219e-09
8.18966e-06
-8.21616e-06
7.49808e-06
-3.85427e-06
-3.64381e-06
-5.30754e-06
6.45983e-06
-5.29209e-06
6.41422e-06
-1.1592e-06
8.13839e-06
-1.90136e-08
-6.4843e-06
-8.13173e-06
-6.12192e-06
1.04642e-06
-3.62316e-07
-5.49688e-06
-8.20125e-06
8.12742e-06
-1.46822e-06
-8.14228e-06
1.52982e-06
8.15419e-06
-2.67714e-08
-5.34234e-06
5.75468e-06
8.13417e-06
-8.13417e-06
-6.38574e-06
-1.01025e-06
-4.88358e-06
-3.91508e-09
8.18542e-06
8.12286e-06
8.14209e-06
-8.1634e-06
-7.88828e-06
-2.69567e-07
-1.44563e-07
-6.38145e-06
6.37509e-06
-5.33963e-06
5.865e-06
-4.61789e-06
-5.50217e-06
-4.91204e-06
6.04445e-06
-5.33964e-06
-7.37859e-06
4.40558e-06
2.97301e-06
-5.46891e-06
-4.94171e-06
6.18267e-06
-5.32393e-06
6.26015e-06
-5.14696e-06
6.44155e-06
-5.30361e-06
-5.26707e-06
-2.14434e-08
-8.11175e-06
8.13319e-06
6.10654e-06
-6.14912e-06
-5.00927e-06
6.10632e-06
7.08372e-06
-5.13776e-06
6.26674e-06
8.10713e-06
-7.90477e-06
8.13927e-06
-8.13505e-06
-8.16034e-06
-1.63063e-08
-5.3495e-06
6.20043e-06
1.49177e-06
5.32602e-06
9.04605e-07
-6.23063e-06
5.40416e-06
6.37896e-07
-6.04205e-06
5.36167e-06
4.697e-07
-5.83137e-06
5.35425e-06
1.96591e-06
-7.32016e-06
5.3645e-06
1.0421e-06
-6.40659e-06
8.13087e-06
7.75855e-06
3.29713e-08
5.85571e-06
-6.21802e-06
-1.39268e-06
8.14938e-06
-8.07528e-06
-7.40965e-08
-1.10548e-06
7.36754e-06
8.12026e-06
-8.12026e-06
-8.16766e-06
-5.17363e-06
5.34784e-06
6.65296e-06
-6.25453e-06
-6.31186e-06
-6.6206e-06
6.43221e-06
6.4529e-06
3.13164e-08
-8.18342e-06
8.10352e-06
-8.10857e-06
5.05493e-09
-6.44818e-06
-9.62372e-10
-8.17054e-06
8.04889e-06
6.16984e-06
-6.12691e-06
-7.80735e-06
6.18852e-06
-6.13588e-06
5.36478e-06
8.04485e-06
-8.15911e-06
8.17144e-06
-8.16697e-06
-8.10236e-06
8.13607e-06
6.19043e-06
-6.14615e-06
8.13533e-06
-8.13509e-06
8.13509e-06
-7.98946e-06
-1.7088e-07
1.00675e-06
-6.43669e-06
8.12964e-06
-8.15961e-06
-8.03473e-06
6.47934e-06
6.43754e-06
6.55111e-06
8.18455e-06
-8.19091e-06
8.73111e-07
6.30304e-06
-4.84575e-06
6.50478e-06
-4.5564e-06
6.66191e-06
6.44696e-06
6.49987e-06
-5.36283e-06
8.12813e-06
5.46586e-06
6.34822e-07
-6.10068e-06
6.19502e-06
-6.17218e-06
8.136e-06
-8.13142e-06
1.35938e-08
5.66793e-09
-8.27421e-06
7.73119e-06
8.13943e-06
-8.9425e-09
-4.01776e-06
8.24989e-06
8.13715e-06
-8.17637e-06
-5.38423e-09
-5.03869e-06
-5.81195e-06
4.28884e-07
-5.94452e-06
-5.46759e-06
-8.11189e-06
8.13128e-06
-8.13128e-06
8.12735e-06
8.1263e-06
-8.1263e-06
-1.1718e-06
6.64353e-06
-1.14546e-06
6.51489e-06
-6.32786e-06
1.25276e-06
8.18447e-06
-2.04102e-08
-7.89363e-06
-3.80578e-07
-7.90295e-06
-2.84087e-08
-8.05588e-06
8.13589e-06
8.15898e-06
2.70964e-08
-8.07383e-06
8.1327e-06
-8.12831e-06
5.23119e-06
-4.97101e-08
-5.36766e-06
1.36211e-06
-5.75091e-06
8.12286e-06
-8.15973e-06
7.98133e-06
-5.34148e-06
6.4258e-06
-6.18045e-06
5.95557e-06
6.19289e-06
-6.20919e-06
2.36096e-06
-2.36096e-06
-6.10515e-06
7.2424e-06
6.39287e-07
-4.90192e-06
6.02741e-06
-5.12619e-06
6.25097e-06
-5.32825e-06
6.31723e-06
-5.12934e-06
6.24069e-06
-5.16251e-06
6.2836e-06
5.98741e-06
-4.89541e-06
-1.10719e-07
6.41715e-06
-5.29868e-06
-8.09874e-06
-1.31533e-08
8.10812e-06
-5.14236e-09
-8.16465e-06
8.13397e-06
8.13134e-06
-8.14144e-06
3.86868e-06
-3.86868e-06
6.01842e-06
-6.14601e-06
-7.99064e-06
-5.38843e-09
-8.16915e-06
-8.20879e-06
8.12192e-06
-8.11571e-06
8.13227e-06
-4.42075e-06
5.86152e-07
-5.86152e-07
-8.13828e-06
4.02664e-09
-7.02217e-06
8.11748e-06
8.17236e-06
-8.17332e-06
6.22758e-06
-6.18924e-06
-8.12761e-07
6.26014e-06
-5.44738e-06
-8.02963e-06
-1.301e-07
8.04285e-06
-8.11695e-06
-9.97238e-07
6.22055e-06
-5.22331e-06
-8.09767e-06
8.12129e-06
1.75018e-08
8.13588e-06
6.25681e-06
-5.28609e-06
-9.70719e-07
-1.59422e-06
-8.15716e-06
8.15716e-06
3.54685e-07
1.28803e-06
8.11687e-06
-8.15797e-06
8.10136e-06
-8.13028e-06
8.13852e-06
-8.77619e-07
7.31265e-09
-8.17453e-06
1.36482e-06
1.41653e-06
2.33036e-06
6.87768e-07
5.36748e-07
9.77601e-07
1.27904e-06
1.13081e-06
9.16766e-07
1.13663e-06
2.52779e-06
7.2034e-07
1.21092e-06
-3.08326e-08
8.20456e-06
1.06765e-06
2.45986e-06
-1.30699e-07
-5.14361e-06
-5.31386e-06
-5.32171e-06
-6.34256e-06
-5.33894e-06
-8.17568e-06
9.16052e-09
-8.07631e-06
3.97137e-06
-8.10566e-06
7.98985e-09
-4.94044e-06
-7.32869e-07
-5.36781e-06
8.15814e-06
-8.16874e-06
6.60908e-06
-8.10622e-07
-8.14315e-06
-5.29914e-07
6.6304e-06
4.35758e-06
-5.36784e-06
-2.31528e-08
-5.91295e-06
9.09904e-07
5.44402e-06
-8.12849e-06
6.10053e-06
-5.05411e-06
3.78922e-06
3.70886e-06
-6.83208e-07
6.51201e-06
-5.8288e-06
-8.111e-06
6.02679e-06
-5.8179e-07
8.14612e-06
-8.14612e-06
8.1886e-06
-8.19251e-06
-4.48356e-06
5.78448e-06
1.90444e-07
-6.30093e-06
6.11048e-06
-9.32758e-07
5.99644e-06
-5.06368e-06
-3.24745e-07
6.21885e-06
-5.39245e-06
-8.18828e-06
-1.05363e-07
-8.10535e-06
-8.10136e-06
-9.63618e-09
-8.10793e-06
8.05614e-06
8.18955e-06
8.1562e-06
-8.1622e-06
3.91754e-06
1.41352e-06
8.1469e-06
-2.27459e-07
-5.03208e-07
-4.18641e-06
-1.21923e-06
6.11706e-06
-8.06981e-06
-3.812e-08
1.16644e-06
-8.09945e-06
8.1389e-06
-8.1389e-06
-5.775e-06
-8.13923e-06
3.39872e-08
-2.09269e-06
-1.47721e-06
5.6193e-06
3.15053e-07
-5.93436e-06
2.28206e-09
-6.26132e-06
5.86517e-06
-7.23434e-08
8.08696e-06
-1.91166e-07
-7.89579e-06
-8.09408e-06
-8.10355e-06
4.09675e-09
-6.18202e-07
8.14865e-06
-8.16032e-06
-5.72094e-06
-4.97077e-07
8.67688e-07
-4.62944e-06
-1.31339e-06
7.35647e-07
-6.18302e-06
-5.16574e-07
7.73129e-07
-5.14961e-06
-8.1096e-06
-6.30273e-06
8.10812e-06
8.13538e-06
-8.13538e-06
-8.09621e-06
8.07634e-06
-8.08658e-06
-9.27756e-07
-1.22221e-06
8.11571e-06
-1.77438e-08
9.61419e-07
-7.98359e-06
5.86111e-06
-6.96553e-06
-8.09365e-06
-1.59516e-08
-8.12007e-06
5.9513e-06
-8.08011e-06
-6.47377e-09
6.01494e-06
6.35495e-06
8.09308e-06
-5.54374e-06
-4.61473e-08
-8.08036e-06
-6.15969e-06
-8.17352e-06
8.26026e-06
-8.67374e-08
5.10459e-06
9.3986e-07
-6.2273e-06
-8.0925e-06
-6.77907e-06
8.13252e-06
8.06102e-06
1.66993e-08
-5.86111e-06
-5.18747e-07
-8.13031e-06
4.38354e-09
8.15872e-08
8.00537e-06
-5.84867e-06
-8.08126e-06
8.99574e-10
-8.0458e-06
-4.66987e-08
8.13073e-06
-8.13073e-06
-6.26895e-06
-8.08606e-06
-8.07497e-06
7.18908e-09
5.14564e-06
-6.45903e-06
5.33098e-06
8.0528e-06
6.74303e-09
-4.53433e-06
8.0972e-06
-8.08987e-06
-8.10888e-06
-8.07992e-06
4.95473e-09
-6.47133e-06
-8.0729e-06
3.98696e-06
3.37313e-06
-6.14525e-06
6.09482e-06
5.3188e-06
-5.40633e-06
8.12349e-06
8.16501e-06
9.52097e-09
-8.18284e-06
-8.07942e-06
6.51398e-09
8.20456e-06
-8.07003e-06
-8.11161e-06
8.0832e-06
-7.43659e-06
5.75523e-09
8.12171e-06
-8.12171e-06
-8.07802e-06
7.98468e-09
-8.2264e-06
6.17441e-06
-8.09021e-06
-8.21141e-06
-8.09842e-06
-8.06768e-06
-5.03754e-06
-7.31782e-07
-1.48174e-09
8.1129e-06
8.28913e-07
-6.65772e-06
-6.35144e-06
5.47382e-06
-8.07661e-06
8.92789e-09
8.11214e-06
-6.32842e-06
1.26474e-06
5.89334e-06
4.09365e-07
-5.46073e-06
-8.06517e-06
-9.66468e-07
-5.2961e-06
6.14932e-06
-8.1129e-06
-8.11727e-06
-8.07418e-06
9.0019e-09
-8.94218e-07
6.75939e-06
5.96455e-06
-5.52123e-06
-8.06306e-06
4.87434e-06
-5.19722e-06
-1.23609e-08
-8.08009e-06
8.14283e-06
4.29267e-07
-8.5721e-06
-6.14325e-06
-8.16993e-06
-8.07253e-06
9.47056e-09
-7.76325e-06
-1.2058e-06
-8.06071e-06
-4.20816e-07
-5.51354e-06
-2.98148e-06
-8.07773e-06
1.70238e-08
6.30853e-06
-6.18437e-06
-8.0548e-06
-8.06578e-06
-8.09412e-06
2.83405e-08
8.0528e-06
8.06102e-06
-1.53485e-08
-8.0724e-06
7.69161e-06
-8.07219e-06
6.13575e-06
4.30069e-07
5.63565e-06
-2.88215e-08
5.70222e-06
6.63264e-09
3.48838e-06
-8.08656e-06
8.07961e-06
-6.09562e-06
8.10502e-06
1.11007e-08
-6.15577e-06
-7.84865e-06
-6.99083e-06
-1.66123e-06
5.04429e-06
-5.06745e-06
-8.09982e-06
6.12646e-06
-1.59833e-08
-8.0644e-06
-8.08394e-06
8.08194e-06
-8.13417e-06
-8.08095e-06
-8.08946e-06
5.52489e-09
-8.07611e-06
-5.63938e-06
-6.21839e-07
-8.08116e-06
-7.94177e-06
-6.28549e-06
-8.07187e-06
6.0577e-06
-8.09635e-06
1.51889e-08
-8.09491e-06
6.17441e-06
3.24114e-06
-2.60631e-07
-7.99826e-06
5.09598e-06
-6.45429e-06
3.82938e-06
3.78112e-06
6.12294e-06
-8.0679e-06
4.75915e-09
-7.99593e-06
-2.03976e-06
-8.06648e-07
-1.1819e-06
-8.07061e-06
-8.07156e-06
-8.08742e-06
-8.02732e-06
2.34487e-06
-7.19062e-06
-8.06544e-06
-8.08234e-06
8.07813e-06
-8.12357e-06
-6.07087e-06
-8.05016e-06
5.96562e-06
-5.96562e-06
-8.09748e-06
1.51349e-08
-8.08728e-06
-8.0453e-06
-8.09694e-06
9.6642e-09
8.12024e-06
-1.45444e-08
4.73924e-06
-8.06305e-06
-8.0533e-06
-1.03576e-06
3.59785e-07
5.60584e-06
-3.44657e-06
-2.75526e-06
-3.25404e-06
-3.13757e-06
6.51926e-06
-7.97796e-06
-6.13364e-06
-8.05978e-06
6.10303e-06
-8.07405e-06
7.03007e-08
5.16823e-06
-8.07478e-06
7.8954e-07
-8.05769e-06
8.0897e-06
-3.14643e-06
-3.28855e-06
-2.66517e-06
-3.58212e-06
-8.11368e-06
8.02925e-06
-8.05679e-06
-3.23951e-06
-3.19958e-06
-3.46155e-06
-2.87295e-06
-3.42494e-06
-2.99465e-06
-3.27544e-06
-2.84941e-06
-3.2127e-06
-3.18933e-06
-2.46392e-06
-3.80908e-06
6.15577e-06
-8.0588e-06
-8.05385e-06
-5.82951e-06
1.99909e-07
-8.05855e-06
4.041e-06
-1.50508e-06
-5.21942e-06
6.7245e-06
-4.40469e-06
-8.05204e-06
5.82951e-06
-1.82497e-06
-8.05718e-06
-6.03155e-06
-5.53948e-06
2.2922e-06
5.34601e-06
-8.04919e-06
-8.05748e-06
-8.0633e-06
-6.8862e-09
8.0679e-06
-8.05562e-06
-1.87574e-08
8.07156e-06
-8.10203e-06
-6.166e-06
-8.15155e-07
-8.05242e-06
-8.04669e-06
-6.0539e-06
-8.02956e-06
-8.05331e-06
-6.41589e-06
-8.04431e-06
1.0711e-06
-8.04271e-06
-8.05107e-06
6.37865e-06
-8.03155e-06
-8.0416e-06
6.10088e-06
-8.04928e-06
-6.13284e-06
-8.02356e-06
-8.32874e-07
-8.03226e-06
-8.08276e-06
-8.01333e-06
-8.05442e-06
6.17392e-06
-8.02296e-06
5.76915e-06
3.16908e-08
6.06621e-07
5.44225e-06
5.76475e-06
-8.01223e-06
4.5828e-06
2.92609e-06
-8.08312e-06
-8.00814e-06
-1.03964e-08
-5.24184e-06
7.58671e-06
8.11225e-06
5.34311e-08
-7.99781e-06
-8.01376e-06
5.00193e-06
-5.84848e-06
-8.01362e-06
8.01915e-06
-8.00516e-06
-1.19186e-08
-8.0722e-06
5.97196e-06
-5.97196e-06
-6.6956e-06
3.30149e-06
-8.05701e-06
-8.05186e-06
3.949e-07
-6.17402e-06
-6.37742e-06
-1.80767e-06
6.22245e-08
-8.08561e-06
-6.02385e-06
-6.45523e-06
6.45523e-06
-5.41708e-06
-6.15427e-06
-7.98548e-06
8.00061e-06
6.15427e-06
5.64395e-06
-2.04883e-08
-7.97119e-06
-3.97473e-06
-3.44595e-06
-7.96153e-06
7.96913e-06
-7.98368e-06
6.51507e-06
4.18209e-07
-6.0902e-06
-5.76915e-06
6.26729e-06
2.52717e-07
-1.83586e-07
6.17226e-06
-5.98868e-06
8.12252e-06
-6.1081e-06
7.27153e-06
-7.97796e-06
-6.33678e-06
4.56102e-06
-7.49715e-06
2.93613e-06
8.12792e-06
-7.77566e-08
-5.60584e-06
4.60853e-07
1.44868e-06
-5.90543e-06
2.58963e-07
5.95373e-06
-6.30051e-06
-6.00619e-06
-6.50125e-06
-6.04604e-06
4.71159e-06
-8.07258e-06
2.21879e-06
-6.66445e-06
-6.73699e-06
-6.15506e-06
2.20323e-08
-6.53288e-06
6.29329e-06
-6.06316e-06
6.04322e-06
-8.06284e-06
-6.18255e-06
-1.51304e-06
-4.60399e-06
6.02053e-06
-1.45282e-08
7.86754e-06
-7.86754e-06
7.84455e-06
-7.84455e-06
6.04602e-06
-6.04602e-06
-6.30051e-06
-5.55045e-06
-1.57513e-06
-5.61549e-06
-5.66764e-06
6.93238e-06
-6.904e-06
5.6982e-06
-4.35187e-06
-2.97926e-06
3.76629e-06
6.65953e-07
5.76475e-06
-6.22193e-06
-5.67577e-06
-6.33678e-06
-5.8606e-06
5.67577e-06
-1.44372e-06
-1.19165e-06
-2.58727e-06
-4.30166e-06
-2.97192e-06
-7.89653e-07
-4.15079e-06
-6.42026e-06
-6.37742e-06
3.70794e-06
3.79408e-06
4.13862e-06
-7.87959e-07
-7.83064e-08
-5.11935e-07
5.95595e-06
-5.03225e-06
4.2426e-06
1.3658e-06
-6.41589e-06
5.28068e-06
1.07556e-06
6.06267e-06
-5.09196e-06
5.63118e-06
-9.59519e-07
6.78898e-06
-6.08559e-06
5.16038e-06
-4.62246e-06
3.77167e-06
-2.06204e-06
-1.70703e-06
-3.02899e-06
-3.37703e-06
-3.09045e-06
-3.11748e-06
-6.45429e-06
-5.63847e-06
6.22857e-06
-3.77765e-06
-2.45092e-06
1.74852e-07
5.36083e-06
-5.80626e-06
1.99174e-06
-5.05416e-07
9.88085e-07
4.65587e-06
3.97137e-06
-5.47472e-06
3.12648e-06
-5.88174e-06
3.03263e-06
-6.1702e-06
-5.96339e-06
6.19515e-06
-1.58208e-07
9.62799e-07
-4.98309e-06
7.20188e-06
-3.13485e-06
-3.38415e-06
5.23426e-06
-6.3931e-06
6.31201e-06
3.70029e-07
5.31378e-06
-5.31378e-06
5.93218e-06
4.91118e-06
7.20064e-06
5.62263e-06
7.2239e-06
2.76354e-06
5.76297e-06
-1.85884e-06
-6.45032e-06
-6.12755e-06
4.56482e-06
-4.11213e-06
-4.8797e-06
-2.23997e-07
5.96698e-06
1.43096e-06
2.3407e-06
-5.47673e-07
-4.83184e-06
-6.09768e-06
-1.99079e-07
-5.2874e-06
5.18407e-06
-5.9357e-06
-3.89542e-06
-6.15506e-06
5.13198e-06
5.91443e-06
4.98023e-06
4.92037e-06
1.41158e-06
4.60895e-06
-9.2179e-06
4.15079e-06
-5.88015e-06
-3.05984e-06
-3.84044e-06
2.58406e-06
-2.84469e-06
1.33407e-07
-6.43851e-06
4.95804e-06
2.09895e-06
4.42304e-06
-4.18572e-06
-3.19287e-06
6.39694e-06
-1.4538e-06
-7.21269e-07
5.73553e-07
5.43868e-06
-4.12209e-06
-5.23367e-06
-6.26926e-07
6.26135e-06
2.64602e-07
-2.36932e-06
2.92958e-07
-5.94982e-06
-4.81856e-07
-6.0902e-06
5.02954e-06
-3.25936e-06
-3.66035e-06
-6.51472e-06
-6.33035e-07
-5.52059e-06
-5.03795e-06
3.89542e-06
2.70783e-06
3.70229e-06
5.04033e-06
-4.57664e-06
-6.56511e-06
1.09517e-07
-2.40751e-06
-2.46631e-06
-4.66514e-06
5.96612e-06
2.21284e-06
4.48832e-06
5.63901e-06
5.82855e-07
-4.86727e-06
-5.48037e-06
5.8504e-06
-6.14917e-06
-5.27859e-06
6.62793e-06
-1.83795e-06
-4.8341e-06
-4.34813e-06
-5.31614e-06
-4.82429e-06
6.60952e-06
-4.82757e-06
5.05465e-06
1.05316e-06
4.79684e-06
-4.82942e-06
6.82524e-06
2.77825e-06
6.88179e-06
2.71922e-06
-4.83904e-06
6.82524e-06
6.88179e-06
-5.23155e-06
-5.19298e-06
-5.53776e-06
5.73767e-06
4.97532e-06
4.48503e-06
-4.64654e-07
3.04872e-06
6.75398e-06
1.44651e-06
5.08181e-06
-4.69144e-06
-5.48328e-06
5.05255e-07
4.85722e-06
4.30836e-06
-5.86773e-06
-5.12506e-07
5.67289e-06
5.04897e-06
5.48332e-06
-4.90977e-06
1.32369e-06
4.90765e-06
5.00974e-06
2.19164e-06
-4.51181e-06
5.40368e-06
-4.43823e-06
6.56884e-06
-5.24184e-06
-7.34811e-07
-5.17701e-06
4.23733e-06
-5.40047e-06
6.68823e-06
1.20114e-06
1.66619e-06
5.14362e-06
-2.86681e-07
4.76507e-06
1.5371e-06
4.75917e-06
-4.75917e-06
-5.25958e-06
4.86273e-06
-9.22447e-07
-4.14099e-06
-3.9697e-06
-3.65851e-06
3.9697e-06
-5.26314e-06
1.29458e-06
4.32451e-06
-1.05075e-08
-5.50304e-06
3.72149e-07
-4.99004e-06
5.52006e-06
-4.54892e-06
-5.1928e-06
-1.87372e-06
-4.15142e-06
7.76317e-07
-6.07242e-06
2.28063e-06
4.30166e-06
-4.98309e-06
5.23831e-06
-5.04153e-06
-7.36419e-06
3.58654e-06
3.84044e-06
5.16094e-06
2.26845e-06
4.35187e-06
5.14714e-06
5.10137e-06
-4.91455e-06
4.91455e-06
-5.27543e-06
-1.66163e-06
-4.7427e-06
8.75302e-07
3.97473e-06
4.30812e-06
1.52295e-06
5.13001e-06
-4.81194e-06
-5.2872e-06
-4.42896e-06
-1.74688e-06
-4.63456e-06
-2.00242e-07
7.85231e-07
2.13149e-07
2.44955e-07
-5.38856e-06
5.24044e-06
-5.81987e-06
-1.1423e-06
3.80934e-06
2.91515e-06
5.43769e-06
5.56409e-06
2.90457e-06
4.0278e-06
2.70469e-06
-7.05515e-09
4.96509e-06
2.93713e-06
4.74368e-06
1.7003e-06
4.37302e-06
3.75182e-07
-5.91443e-06
5.39414e-06
4.58308e-06
-4.58308e-06
4.43854e-06
-4.43854e-06
6.15645e-07
4.50222e-06
-4.50222e-06
4.57254e-06
-4.57254e-06
-5.89742e-06
-5.73296e-07
-4.49415e-06
4.43823e-06
6.29327e-06
-1.53411e-06
-7.66388e-07
-1.23562e-06
-5.28129e-06
-4.88879e-06
-3.67768e-06
-3.81948e-06
1.37872e-06
-5.47137e-06
-5.26492e-06
-1.69554e-06
-4.87884e-06
-5.03772e-06
-9.40983e-07
4.27358e-06
-5.00376e-06
4.95519e-06
4.38258e-06
3.20413e-06
3.09061e-06
-4.71572e-06
-4.68339e-06
5.62325e-06
3.21622e-06
-5.50145e-06
3.25499e-06
5.22516e-06
-1.83266e-06
-1.91207e-06
-5.02233e-06
5.02504e-06
-5.01691e-06
5.52668e-06
-5.42805e-06
5.13427e-06
5.37008e-06
-5.18734e-06
-1.92567e-06
-1.86581e-06
-1.92567e-06
-4.60953e-06
4.80265e-06
6.32378e-06
4.92793e-06
4.56482e-06
-4.80489e-06
5.55838e-06
4.3647e-06
-4.76881e-06
-2.53521e-07
-1.90065e-06
-5.73997e-07
3.8739e-06
3.36213e-06
5.18407e-06
5.18585e-06
-9.41234e-08
-5.74011e-06
-4.90793e-06
-3.56993e-07
5.7874e-06
-1.78833e-06
4.76025e-06
-1.77448e-06
-5.26943e-06
4.61541e-06
5.29573e-07
3.47424e-06
4.78662e-06
-4.6823e-06
-1.80736e-06
5.36394e-06
-4.36011e-07
2.70764e-06
3.86209e-06
6.12236e-06
-4.82358e-06
4.78279e-06
5.13727e-06
-1.69131e-06
1.77312e-06
4.87944e-06
-4.25475e-07
-3.96354e-06
4.45908e-06
-5.43182e-06
-1.64897e-06
4.51181e-06
4.45442e-06
4.15142e-06
3.05046e-06
5.0806e-06
-3.64756e-06
5.17701e-06
1.51034e-06
-9.1774e-08
-4.77635e-06
-4.93562e-06
1.1212e-06
1.71616e-06
-5.07297e-06
-5.00272e-06
4.22214e-06
-4.94535e-06
5.39893e-06
-5.00469e-07
-3.96387e-06
4.46433e-06
-3.25575e-06
3.40858e-06
2.91521e-06
-5.21519e-06
-5.5459e-06
6.86698e-07
-4.61778e-06
-4.38258e-06
-6.86017e-07
5.94995e-06
-5.45202e-07
4.99962e-06
1.88764e-06
7.4537e-07
1.68505e-06
3.76625e-06
-4.26672e-06
5.21568e-06
4.64459e-06
1.95706e-07
-5.02196e-06
4.82625e-06
-1.81118e-07
3.96215e-07
-1.20556e-06
4.56631e-06
-4.3706e-06
-2.56625e-06
1.08345e-06
-6.17478e-06
1.1544e-06
-4.29518e-06
-1.6389e-07
1.81334e-06
9.82274e-07
3.00666e-06
-4.0967e-06
-4.89663e-06
1.62025e-06
-5.19133e-06
6.7569e-07
4.5038e-06
4.96399e-06
3.19976e-06
-4.4031e-06
1.11551e-06
-9.85753e-07
-1.01931e-06
-4.65217e-06
-3.04565e-06
-3.42372e-06
-6.6701e-07
8.2314e-06
-2.95442e-06
8.25817e-06
-4.80093e-06
4.41878e-06
1.55047e-07
-4.9398e-06
-4.9813e-06
-1.26622e-06
3.73743e-06
-4.02374e-06
4.555e-06
8.4558e-07
-2.82791e-07
5.16154e-06
4.22307e-06
4.98329e-06
5.30271e-06
-1.7344e-06
-4.27727e-06
-4.56076e-06
-4.16455e-06
-1.31431e-06
4.96751e-06
5.29621e-06
5.17963e-07
1.45991e-06
3.21659e-06
-5.01747e-06
4.83156e-06
5.15641e-06
-2.11915e-07
)
;

boundaryField
{
    front
    {
        type            empty;
    }
    back
    {
        type            empty;
    }
    wall
    {
        type            calculated;
        value           uniform 0;
    }
    inlet
    {
        type            calculated;
        value           nonuniform List<scalar> 
12
(
-9.368e-06
-9.37912e-06
-9.38675e-06
-9.30758e-06
-9.58366e-06
-9.418e-06
-9.56122e-06
-9.60349e-06
-9.60101e-06
-9.66427e-06
-9.65371e-06
-9.66661e-06
)
;
    }
    outletLeft
    {
        type            calculated;
        value           nonuniform List<scalar> 9(6.3916e-06 6.43498e-06 6.43909e-06 6.41959e-06 6.40203e-06 6.40602e-06 6.41678e-06 6.48461e-06 6.50875e-06);
    }
    aneurysm
    {
        type            calculated;
        value           uniform 0;
    }
    outletRight
    {
        type            calculated;
        value           nonuniform List<scalar> 9(6.20183e-06 6.24729e-06 6.33449e-06 6.12486e-06 6.273e-06 6.20793e-06 6.26133e-06 6.33488e-06 6.30435e-06);
    }
}


// ************************************************************************* //
